-8.255688916678566303e-01
-1.000448427881907021e+00
-1.158902476188840014e+00
-9.674644705513179010e-01
-9.867184964695148164e-01
-1.096925886438637532e+00
-8.416959281393570080e-01
-9.703176470481427174e-01
-9.192186266207500456e-01
-8.256288768030310976e-01
-1.057691553536302953e+00
-8.687001518597675664e-01
-8.337868782408455193e-01
-9.996851331950586950e-01
-9.078215454309046528e-01
-8.643507485930883583e-01
-8.759955420680866078e-01
-8.913712342264002997e-01
-9.526493907209103718e-01
-9.919827524314784872e-01
-7.445061530827132845e-01
-9.178867802225521011e-01
-9.549932886562139123e-01
-1.011420909832645210e+00
-9.291348405094662644e-01
-9.555743562023765181e-01
-1.033525840061518597e+00
-8.008430621914847114e-01
-9.160447769234734139e-01
-9.777104806311253116e-01
-1.094766185578734508e+00
-9.374340345695592047e-01
-9.758293704119734846e-01
-8.430659147939796316e-01
-1.070444270737129333e+00
-9.183780394406344527e-01
-8.269676674411605699e-01
-9.005849670329356682e-01
-9.322915401817666314e-01
-6.570725557124046379e-01
-9.882706299341881273e-01
-8.915624500767015403e-01
-8.832766176822579585e-01
-9.305879428371146567e-01
-9.050208540854606243e-01
-9.303418147936387550e-01
-9.784477329773663135e-01
-9.471070077925479724e-01
-9.712978132820490051e-01
-9.590630434115838820e-01
-9.545286247711409766e-01
-9.352325639381615652e-01
-7.621361550269027951e-01
-8.932821663334435947e-01
-9.212532807748228247e-01
-9.836575212350221475e-01
-1.041811675301935747e+00
-7.531346129910030385e-01
-9.099069763129129518e-01
-9.063723749411201069e-01
-9.115809485141438406e-01
-8.742085177868464951e-01
-9.019822373906978275e-01
-7.729159287362606934e-01
-1.040436644422747303e+00
-9.321195787321301385e-01
-8.952666098634866065e-01
-8.880496585087637174e-01
-8.325368457339694661e-01
-6.053591066392723929e-01
-7.963752491058541105e-01
-7.271366647168585606e-01
-8.469020695799596155e-01
-8.446816561322004757e-01
-7.675041837660606658e-01
-8.190862524539288536e-01
-9.976209244291235345e-01
-7.157001285568733717e-01
-8.475295200172140442e-01
-6.560088112188129372e-01
-8.468960487349986854e-01
-8.281792194582898725e-01
-7.620278677495027075e-01
-8.840620111352249788e-01
-8.933753442198951733e-01
-5.909081711226704670e-01
-8.813236784827953585e-01
-7.632566912874877429e-01
-8.405299100783468758e-01
-6.773769877059360178e-01
-8.596507980743464117e-01
-7.628203200728945754e-01
-7.543445634928435117e-01
-7.185464303897300953e-01
-7.589813306074035815e-01
-7.844048886300055701e-01
-8.744934368189788421e-01
-8.472495933321759765e-01
-8.202588730647407678e-01
-7.301418246405478873e-01
-8.876026096415534639e-01
-8.106911272412556935e-01
-8.708528993293247478e-01
-9.008655681452092390e-01
-6.867305319130949659e-01
-8.087038602065850235e-01
-8.103192182894495277e-01
-6.551880794426021559e-01
-6.032590851479391336e-01
-8.907491977801419436e-01
-9.131754852769266018e-01
-6.898816762781462275e-01
-8.102940273054518583e-01
-6.935266327234712591e-01
-6.605955804126116826e-01
-8.341814166537546704e-01
-7.287045512187979579e-01
-7.155977700500315564e-01
-6.349216883341581852e-01
-7.043465280141391061e-01
-7.525088704332064671e-01
-8.409455029347329136e-01
-7.955787704828530815e-01
-6.646717909197094043e-01
-8.449195273227203540e-01
-8.391042679650625447e-01
-6.675280765924582749e-01
-8.015184605505308868e-01
-8.845880189997938903e-01
-7.524420283149939603e-01
-8.144252286015549736e-01
-6.832397531411004143e-01
-6.733132760896882729e-01
-6.017916860038129423e-01
-6.185810418211571404e-01
-7.052061349152044523e-01
-8.340814106510281434e-01
-6.774880324836078938e-01
-7.045807762648330641e-01
-6.841683634647377499e-01
-7.169068349414866592e-01
-6.887384130940106264e-01
-7.357377203945908439e-01
-7.654878752381281126e-01
-6.657423426717702375e-01
-6.233981305632110281e-01
-6.872183185675440065e-01
-6.666632007358312961e-01
-6.728359258319149827e-01
-6.003813988640127608e-01
-6.195754910109964042e-01
-6.319459324633867059e-01
-7.886125131946456479e-01
-7.532529939414345233e-01
-7.329996915011395275e-01
-5.588706677115858890e-01
-6.238760429743894775e-01
-6.865817220214817107e-01
-6.787552834598594709e-01
-8.956568094917614076e-01
-6.299401012865003535e-01
-6.706235902374689806e-01
-6.432274000896053279e-01
-6.317171430754415784e-01
-6.372111802655447965e-01
-6.417615670511966908e-01
-6.177325650054367179e-01
-5.801969204997154961e-01
-7.128531406093799871e-01
-6.263230963594157430e-01
-7.903343453423116172e-01
-6.876392290767421311e-01
-8.140160079795273340e-01
-7.357192700009702602e-01
-6.946330655869926707e-01
-6.988886188830477630e-01
-6.606468750675961177e-01
-6.453437275135552875e-01
-7.102291567791959581e-01
-7.560490132193685708e-01
-5.931595886738332268e-01
-5.580584511383011037e-01
-7.117329823048772486e-01
-6.164335070273693207e-01
-7.083856345870164217e-01
-6.347211677493921345e-01
-6.696434189569380191e-01
-6.248871494761522039e-01
-6.953237413324703242e-01
-7.905524236495096169e-01
-6.182357995212519608e-01
-5.344827568160651632e-01
-6.885948839369827601e-01
-5.532735092890593842e-01
-6.786428018749143254e-01
-5.606033448105023353e-01
-7.819424871648409381e-01
-5.427900914523990927e-01
-6.795344839474583010e-01
-7.121955728644339123e-01
-5.572192775809020615e-01
-5.039869651469641720e-01
-6.516621386639704916e-01
-4.763979360642946470e-01
-5.712802858435430675e-01
-6.745529417290151430e-01
-5.656304509694012328e-01
-6.424758024203195417e-01
-5.316927585056788752e-01
-6.300749442987380045e-01
-6.499592359018127041e-01
-6.402678265929495627e-01
-6.701017351092851682e-01
-6.962182033467373410e-01
-6.146727570715287969e-01
-7.420528287088596908e-01
-6.629854412047344603e-01
-5.016308596259109187e-01
-4.481664932524603850e-01
-5.057816182988125187e-01
-6.598129909947820781e-01
-5.583283604609722284e-01
-3.045995578468538301e-01
-6.021942199832225340e-01
-4.688552207957963902e-01
-4.226879640378155556e-01
-6.286728267135437420e-01
-4.683738561709918646e-01
-4.363741396097238212e-01
-6.871058958531769401e-01
-4.989537921444878732e-01
-5.937088550090173777e-01
-4.074539978520251848e-01
-5.506915117753179434e-01
-5.561084650281807873e-01
-4.604683560142799892e-01
-5.159287838937960391e-01
-6.042677413694178545e-01
-4.737276018646322528e-01
-5.022015360299040276e-01
-4.879699994007759556e-01
-5.934790737433776053e-01
-4.361630202757700303e-01
-6.251349321175689866e-01
-7.789499019386167955e-01
-3.660652927551855118e-01
-4.139699513049887036e-01
-5.167996036607171995e-01
-4.240882553412206879e-01
-5.053156258435791415e-01
-5.677302592941207982e-01
-3.638781401329542753e-01
-5.625885470088926033e-01
-4.055699292037533987e-01
-6.189011689421443085e-01
-5.921289712465599431e-01
-4.338271857822915134e-01
-4.065444660940246147e-01
-4.342234430790163913e-01
-5.624921853196056531e-01
-3.953488581556170445e-01
-4.919810444849683218e-01
-4.084352245049289731e-01
-6.075782746038285165e-01
-5.898990403128651083e-01
-4.983110668796737475e-01
-5.468223473967513959e-01
-3.650722295683545560e-01
-6.060149586406819999e-01
-3.868649961388821445e-01
-5.031734292904070927e-01
-4.303046613174521529e-01
-5.302410788005472719e-01
-4.474915093013882572e-01
-3.644784700821922518e-01
-5.177893362021237511e-01
-5.867468540027481749e-01
-4.138977997068832848e-01
-5.150716625273500382e-01
-5.279600847821964704e-01
-3.701916148598471401e-01
-3.661130134872913056e-01
-4.459199234017835467e-01
-6.169964359535085041e-01
-4.398506258284326509e-01
-4.238974658656888272e-01
-5.258394353137558763e-01
-3.916790681093891280e-01
-4.671589846896437859e-01
-4.584079305092488288e-01
-4.423413207557072013e-01
-3.686990820714715622e-01
-5.739217526191667806e-01
-3.440584952351355419e-01
-2.687526433500720402e-01
-3.819722824317453580e-01
-4.002767703461586057e-01
-3.920242292392217553e-01
-4.668891597706661400e-01
-4.298219702765013195e-01
-3.869132681006003938e-01
-3.532229331751145507e-01
-3.765334237304203691e-01
-4.943692488500288085e-01
-4.966239972397079039e-01
-3.368457122140485205e-01
-3.886118818574984535e-01
-3.894892935286208835e-01
-4.841066758205552212e-01
-3.362233229182656213e-01
-4.522773253011723171e-01
-3.505594331433518618e-01
-5.621233985867458705e-01
-3.457297784388031481e-01
-2.316346785890028570e-01
-3.837733876027635271e-01
-3.469341629313761333e-01
-3.575515950951302924e-01
-4.484449852706052231e-01
-2.903514967118933088e-01
-3.527074308897160670e-01
-4.058468711273227059e-01
-2.136335478701266166e-01
-2.094360643718432835e-01
-4.855711095794714161e-01
-3.950436657195661727e-01
-4.587740531089032348e-01
-2.632929577405838106e-01
-4.472431342693883871e-01
-2.544904600390037741e-01
-3.743219302116340685e-01
-6.004001632315389969e-01
-3.364097827623291348e-01
-3.560163377226299164e-01
-1.898967411445008913e-01
-3.576294834679994983e-01
-3.198292597375727020e-01
-3.775404330181778012e-01
-2.162811145802149837e-01
-3.251328635494601382e-01
-2.840243869145849809e-01
-4.365269244749432898e-01
-2.297869251755934317e-01
-3.479685892039128814e-01
-4.242010385249730953e-01
-2.964016081522122814e-01
-2.072189987364913000e-01
-3.805361496329204285e-01
-2.911963229561964628e-01
-3.807967243856995587e-01
-2.338714827576341415e-01
-4.108305011064335432e-01
-3.491079979976794423e-01
-4.205451827842682788e-01
-3.369911147495980863e-01
-2.127760991991478889e-01
-1.740592998098804967e-01
-3.789144463229700555e-01
-3.512006179319159815e-01
-3.955942751045465333e-01
-2.186332361119728007e-01
-2.689579724400388283e-01
-3.359856868232966032e-01
-3.413115071198242201e-01
-1.878780961686741524e-01
-9.883914051528544520e-02
-3.072164593349245854e-01
-3.028544050697029033e-01
-2.824488480384060862e-01
-2.870890524455423365e-01
-1.167153524469285129e-02
-2.465607102991473620e-01
-2.395681250444062216e-01
-1.241832080451037157e-01
-2.158109010228779767e-01
-1.570526367680493418e-01
-2.907352052235746553e-01
-2.310220149714800331e-01
-1.589168945653706699e-01
-2.031719252378166862e-01
-2.329790152627390365e-01
-3.817489709661847086e-01
-1.702320171041106500e-01
-1.363896174998827926e-01
-1.994264217254982097e-01
-1.491960707448689305e-01
-2.545178864051138579e-01
-2.284014191929511495e-01
-2.134183539577588218e-01
-2.524872729457433018e-01
-1.469117702654215429e-01
-2.297050586483322665e-01
-5.390709049311694784e-02
-3.234174291119582545e-01
-2.624737476771625833e-01
-3.057031626092420740e-01
-8.508123524570578022e-02
-1.897840638689496928e-01
-2.574909218340708517e-01
-1.405339932029094074e-01
-3.164512967065634119e-01
-1.289422037817694322e-01
-2.676915588038813465e-01
-1.491489038890996821e-01
-1.955439664214462248e-01
-3.036002979591622686e-01
-2.981706876881828894e-01
-1.780185348122583222e-01
-3.342677528480760690e-02
9.228041464991504350e-02
-2.740143641914297712e-01
-2.138208629325521748e-01
-2.251895590452310802e-01
-1.368966632076704382e-01
-1.992481505453918000e-01
-2.248673235459969222e-01
-1.823949412507449575e-01
-9.514374301788934563e-02
-1.289808328800472192e-01
-1.547528731697738191e-01
-1.759386335056734862e-01
-1.940009515841504065e-02
-1.964214212060988729e-01
-5.458371667579238473e-02
-1.436626820338013644e-01
-1.795044939414357221e-01
-8.414782339326319638e-03
-1.985663833318165594e-01
-1.869068104818825682e-01
-1.912687019662759891e-01
-2.637731430420753864e-01
-3.304471436846273535e-02
-2.212923086057043964e-01
-1.286693886227075201e-01
-5.305479082190506929e-02
-1.391026886004883556e-01
-1.085811483914386893e-01
-1.730602940968483661e-01
-7.311828560643965358e-02
5.039747802469916188e-02
-1.200365853259362792e-01
-9.248065163526977828e-02
-7.128156400305116214e-02
-2.539667574253068327e-01
-2.090295399293455869e-01
-2.084020437517063451e-01
-1.584934236433565569e-01
-1.161833436075279669e-01
-2.047704064243355618e-02
-1.006370775207763441e-01
-2.020003905963022039e-02
-1.220920110457541785e-01
9.729291438748189844e-03
-2.149201666466373506e-01
-1.089818898112888679e-01
-1.754828867445739626e-01
-2.338709344954306990e-01
6.191135256222388833e-02
-1.359168161005908371e-01
-1.082807822534191527e-01
-1.431391292450258021e-02
-5.934236540909399588e-02
-2.568713353223711637e-02
-6.761992268556174523e-02
-4.922793776875259569e-02
-6.290186310017721605e-02
-5.230168494729039302e-02
-9.312062693008844178e-03
1.633388623047467292e-02
4.175222613768549834e-02
-4.281178572943210997e-02
-1.001227222834145114e-01
-1.264766262020836640e-01
-2.018345785524292835e-01
-1.947191419260966561e-01
-3.438013020587583207e-02
4.070798237584689200e-02
-4.963857007020244100e-02
4.264335676070207803e-02
-1.662188365017943370e-01
3.798871769563953726e-02
5.451402133250364546e-02
-2.300160485857451753e-01
1.683166129633059949e-01
-9.690450043826646931e-02
1.004761113078301259e-02
-6.207147447652847788e-02
-2.948257522487009522e-02
6.780061445518642798e-04
-2.715248368933847849e-03
-2.826286755521182498e-02
-4.781576319297615313e-02
-7.921526234049267035e-02
-7.878859221724017481e-02
-2.720486449009336047e-02
-1.031079799906831811e-04
-1.742453050508721013e-01
2.301486747754524081e-02
-7.053183942272145401e-02
-1.599962648893401077e-02
2.803686928373136031e-02
1.216216484090526517e-01
6.553583541868898688e-02
-3.046345530116427447e-02
-8.779076869545993089e-02
-6.619983807914375795e-02
-7.261101433059978516e-02
4.860632503859003278e-02
3.157107949184224938e-02
3.107322595341365651e-02
1.735269491776186557e-01
-7.751550385180554226e-02
-2.582942826700993649e-02
3.723215966173760993e-02
-2.463429201374566641e-02
1.481955085525159810e-01
3.984809634782313266e-03
-2.800902823527134239e-02
-3.775294937650761767e-02
2.800487390117850292e-03
-6.546315417710778239e-02
4.638570711106945743e-03
1.050522197985502143e-01
-4.931610991064138208e-03
-3.414927432952192393e-02
5.967501960756110141e-02
7.430232589734876714e-02
6.772935092608563246e-02
1.915335053082610761e-01
1.051297889265594837e-01
5.395003273470922595e-02
1.435699275701234623e-01
-5.514705672432619610e-02
1.950737040616271067e-01
2.022525203634747692e-01
1.898011454112255303e-01
7.247741395598801539e-02
-1.214222915424051225e-01
5.968685406733264392e-02
5.037059252943064391e-02
-3.578609676542920948e-02
7.261260259680038520e-02
3.524700144204783586e-02
1.195147405606403063e-01
8.846098578238985322e-02
-4.538652565489850049e-02
2.184114534343578329e-01
1.282203327726559594e-01
3.971799387713944446e-02
9.605057269413165566e-02
5.498170271897463712e-02
1.910889889419853105e-01
2.783502458444171990e-01
7.813104651031854697e-02
1.570773750721238954e-02
1.698937586297430136e-01
1.184890730264261671e-01
1.501043384608136411e-01
1.329404924913183128e-01
2.623152571822846002e-01
1.476620079069127789e-01
2.934567795597715564e-02
1.608127154906248968e-01
1.079812460679397540e-01
1.373717574261568326e-02
1.662605416140835179e-01
2.041927928498094014e-01
1.497638375038691516e-01
1.687950146873080370e-01
9.779391681514010282e-02
1.686384095496697710e-01
1.421751004986591960e-01
2.063551217977856456e-01
1.805608031575118566e-01
1.569497408415419792e-01
1.345903094573532299e-01
1.350886179966380163e-01
6.848597195943896543e-02
2.216732058778560499e-01
2.763991217674677259e-01
1.008672912058002219e-01
1.556901639503159018e-01
1.077871373442000763e-01
1.289673444517175638e-01
7.787529103071633152e-02
1.752010205300957579e-01
1.270869520273531506e-01
3.040991639129334012e-01
2.217407514030368954e-01
3.137639682231453675e-02
2.405795584949225185e-01
2.608577726554832110e-01
1.502489757524243519e-01
2.823018782974908159e-01
9.552606191226190036e-02
2.024992935066390054e-01
4.519202499106875215e-02
1.349626236576368654e-01
5.870979127236829881e-02
1.321885571603104992e-01
1.755054308144360364e-01
1.403695958011356160e-01
2.712511023260317233e-01
9.034934674535345656e-02
3.458241082366189656e-01
3.586733685239029135e-01
9.527478934249999920e-02
3.338457668588124677e-02
2.108499970376048749e-01
1.281111425242904001e-01
1.928235548199156713e-01
1.575648663747787059e-01
1.267030618816450960e-01
1.827400957530051495e-01
2.990364760801622612e-01
2.038154350308644391e-01
1.109794169376927403e-01
2.244335779013766630e-01
3.333579444550522908e-01
1.892006041885087586e-01
1.009979912666069124e-01
2.488627812212552415e-01
2.487598015977442734e-01
1.213001115290583687e-01
3.371935972867804998e-01
2.809512769619567640e-01
2.986702517136798907e-01
2.947739048977621179e-01
3.754607759964394553e-01
2.700024285905239796e-01
2.461565841614767602e-01
2.650961713184343815e-01
2.141631917813249242e-01
1.639577452105983046e-01
3.503504532955228346e-01
7.021349501111162628e-02
2.165073308326828649e-01
1.049397276796585482e-01
1.405128092934459505e-01
1.362831789613630495e-01
3.731675529996036911e-01
1.804662354399002577e-01
4.775980641789153713e-01
3.451317659093656731e-01
3.329846431753548663e-01
4.300631808628694874e-01
1.629063091595815138e-01
3.241969515916552913e-01
3.554947773785191445e-01
2.230088343922685401e-01
2.540043383636500507e-01
3.262079629749111698e-01
2.988507383206264745e-01
3.124966201399796417e-01
3.706717555523109109e-01
3.797417077248528283e-01
2.992478523489847109e-01
3.699734542833709727e-01
3.160106811060596210e-01
3.603127073160108940e-01
3.831305461775983551e-02
3.227676415935374354e-01
4.525403877836072786e-01
3.931970013189721169e-01
4.002619512799792112e-01
4.559771278415250539e-01
4.074139384481441084e-01
4.168700946960436915e-01
3.413850493155432542e-01
2.295195242112534340e-01
4.023883676506586626e-01
2.985174641343089075e-01
2.926769023263449676e-01
2.736278339879413268e-01
3.915635309308393430e-01
4.159027670296407964e-01
3.771241352149273252e-01
3.468418060311997397e-01
4.022850558795990628e-01
2.745203482664842487e-01
3.727733220630012889e-01
3.081924680176679754e-01
3.511347191106314325e-01
4.461859331008125040e-01
3.251772328467638640e-01
4.741194280519506754e-01
3.724859477223578241e-01
3.013221331036417538e-01
3.756663137074561787e-01
5.266997052546147362e-01
3.683138199836931137e-01
3.152408730623205702e-01
4.235260427462740340e-01
3.158244375368668422e-01
5.028132224719706889e-01
4.728005134457431424e-01
3.036774946447382550e-01
3.205452980499450266e-01
3.285862062208684264e-01
3.061817140420813321e-01
2.922870084024889459e-01
4.445518587952480560e-01
1.974688443295549434e-01
4.432421506049733506e-01
2.700111955011910148e-01
2.647135516771983443e-01
3.964190494840583168e-01
4.926840177309412816e-01
1.882522846646893788e-01
3.821780844253008236e-01
5.069558992059008951e-01
5.238781500816559467e-01
3.826137378545324541e-01
3.347131877631662755e-01
4.032131684394851812e-01
4.969125892246516463e-01
4.721822672935078180e-01
3.859567589658391418e-01
3.628284799595620780e-01
4.262879504595148417e-01
4.491464726451475653e-01
3.688594366621162912e-01
4.371007782361697735e-01
3.129263437820913873e-01
5.664865729499417579e-01
4.115431748429823622e-01
6.296689775009252088e-01
3.158752468351626597e-01
5.552688469693668472e-01
6.724887036964893872e-01
4.317130055889282225e-01
3.853032152592404391e-01
5.052422116673922492e-01
3.260902969300851217e-01
4.641674781180770148e-01
5.878194408689442207e-01
4.271086566459528777e-01
4.662979967154518568e-01
4.483573317211063669e-01
4.735191964660292463e-01
6.395606648082630130e-01
5.204908722527016307e-01
4.769231277092463861e-01
3.899150732419144338e-01
4.441198901437697355e-01
4.231868599504758355e-01
4.945927615838561775e-01
4.555033636419035248e-01
5.073354693536068494e-01
4.063468137908465838e-01
6.245372426246960096e-01
5.190770827015563915e-01
6.154003973899537794e-01
5.866754844806032487e-01
3.812662150437882147e-01
4.816671395325288207e-01
5.135936157904918975e-01
6.785864859259694848e-01
7.089109495596228605e-01
5.680694296246630026e-01
7.084770427171198648e-01
7.104769812383582295e-01
5.675217324577250810e-01
3.766341038541278774e-01
3.421799095585815187e-01
5.353499459092186941e-01
4.726833922735313442e-01
4.205061284777762975e-01
4.726182038880295533e-01
5.108159722077265652e-01
3.981584971741081169e-01
6.309971101499571855e-01
5.091384302780679327e-01
5.717660411124374509e-01
5.368748985987962241e-01
4.873666911027449422e-01
4.831673945686469351e-01
4.707868588900337437e-01
6.378350979438879298e-01
5.434655027956029061e-01
4.825950888347728118e-01
7.435589585131692214e-01
5.964445044565640508e-01
5.961312028920323636e-01
5.738527567326666690e-01
6.323740888416500283e-01
6.015342881343996861e-01
5.393907760232616866e-01
6.262111899580602437e-01
5.419740990639602130e-01
6.511119132905812679e-01
4.845901006292231972e-01
5.294217985702586171e-01
6.828114021151211466e-01
5.255396944233671208e-01
4.429411719563793315e-01
5.402246566449651066e-01
4.577328994964568465e-01
6.092037291454207582e-01
7.005860063602444843e-01
4.660224886588744675e-01
6.828544997226482227e-01
5.979118607896942716e-01
5.698728662518516286e-01
5.348853394356034574e-01
7.421491547726415394e-01
6.570911214935937217e-01
5.423937102252718301e-01
5.602112357519039021e-01
6.601891226832651283e-01
6.485548375758338757e-01
5.401165058500231320e-01
6.151310667150396982e-01
5.916052528783786180e-01
6.140807736325826216e-01
6.766006178544650140e-01
6.907338931499572565e-01
5.860460312812975081e-01
6.318708580957701493e-01
5.809581946194692925e-01
4.342995457088376088e-01
6.861873915824575620e-01
5.993834814105286624e-01
7.146590952455956769e-01
6.037911238382490664e-01
6.362072888079652877e-01
6.009348595060046705e-01
6.237996425556336932e-01
6.315751054563004674e-01
6.527668742219741027e-01
6.082435706726712077e-01
5.866315358916883715e-01
5.891076687338241413e-01
5.694057814351884961e-01
5.330177754087761510e-01
6.446056082925002428e-01
6.740119420610540812e-01
7.722429627681317577e-01
5.458038126064325146e-01
6.478945800800182120e-01
6.852014687461472908e-01
7.354208040362405496e-01
8.276625463125928395e-01
7.228973429477998369e-01
6.154015341489915691e-01
7.936769098114014875e-01
4.384825663602999191e-01
7.128867485866010600e-01
7.278445332800771439e-01
6.997503655542757217e-01
7.742376101894733464e-01
8.512742584680211833e-01
6.750599124040950194e-01
7.095449185863614838e-01
7.082655029679855163e-01
6.140405214024955427e-01
8.541044964670557738e-01
1.067654078219349323e+00
7.477323051238941032e-01
6.912136407370059743e-01
7.873156402827234945e-01
8.695696881340198026e-01
7.257592935527747979e-01
6.461645359866975413e-01
7.669473497555797659e-01
6.406684475864796724e-01
6.911759797551081386e-01
7.941682744070951427e-01
6.796474752020692511e-01
6.703867311999452960e-01
7.339256150473123519e-01
7.805620118445456557e-01
6.409761877266104690e-01
8.402326952013248196e-01
7.549937372863457785e-01
7.042960896171203133e-01
6.942307979437379872e-01
6.358718573106367788e-01
8.607424324352961342e-01
8.173303454675534541e-01
8.430815266795208540e-01
7.508830125743990447e-01
7.326862978149084604e-01
6.955591199731812058e-01
6.615563876640920826e-01
6.615006235337469453e-01
8.559231738517042443e-01
7.248271928329459435e-01
7.304578931058965940e-01
8.926032766045853828e-01
6.514264006283558839e-01
8.823299778701000351e-01
7.029524399161340975e-01
6.745329735192070464e-01
7.668352054623946978e-01
8.085632239304801905e-01
8.118946129875623807e-01
7.708435152706416549e-01
6.689085427906334980e-01
8.994304529221346378e-01
8.308260167882404179e-01
8.839883552806842015e-01
8.631139629294289906e-01
7.321807219092417718e-01
7.981671829921782590e-01
8.205832272755425594e-01
8.071557633152228739e-01
7.470182995581720053e-01
7.510751972068590021e-01
7.755731951733313423e-01
8.455044724859493988e-01
7.672050725220250778e-01
7.963426367723372978e-01
7.024605832824849516e-01
9.354246166810902263e-01
8.463196942157839020e-01
7.508018924734020105e-01
6.872927660623879831e-01
8.229020539476877838e-01
8.005959669978602866e-01
7.849263247396536247e-01
1.053164635377481506e+00
8.077150851463386072e-01
8.533488878735062677e-01
8.543063803545893897e-01
8.506669618722076942e-01
9.133238690776008806e-01
8.571473793192651014e-01
8.761647137721711998e-01
9.365129183978273542e-01
8.418827254953664685e-01
7.943513797075136829e-01
8.389221318837971619e-01
8.744651019184138674e-01
8.140757474066254717e-01
9.460014984833170493e-01
8.474848288230132365e-01
8.799479462375882077e-01
9.249099901529349577e-01
8.047555325000191884e-01
8.751092762260858082e-01
8.269761721842062707e-01
8.393173954051484920e-01
9.487274086521260141e-01
9.278674347753490537e-01
8.616698743006716565e-01
9.381110766291831382e-01
8.839850637656769816e-01
8.967617461642237719e-01
9.363457264519366996e-01
8.673478522605037044e-01
8.129752036149003880e-01
8.773649896030548678e-01
9.541796338384473941e-01
8.647519664622397295e-01
7.720658375101483450e-01
8.463434160945806362e-01
9.478542860696151928e-01
8.247098860807738907e-01
1.068363595965574397e+00
8.895770221654758503e-01
8.957678459375357782e-01
6.813543539013198203e-01
9.675191212583359457e-01
1.072831978456680213e+00
8.425777435114120140e-01
9.324530817590842569e-01
9.398972605338123953e-01
1.030209115204020476e+00
9.558666485440213689e-01
7.828239284914850771e-01
9.056706098768017021e-01
9.195548067367483869e-01
9.207403986382789451e-01
9.974672824257015957e-01
7.604627980277609556e-01
9.192964701193414578e-01
9.028411262860206454e-01
9.773286527281670466e-01
8.916002532065613329e-01
9.774134295438454689e-01
9.900544840907139488e-01
9.366880235035219826e-01
9.179088897524796398e-01
1.019786621734387833e+00
9.686592739034054489e-01
9.098159664609963837e-01
9.965932328630667802e-01
1.094515160686077015e+00
1.166326827149380296e+00
9.433013101022365010e-01
1.031663072761049404e+00
1.066526149971713577e+00
1.060110292366799101e+00
8.754571923203078310e-01
1.062289171781445551e+00
9.898812892880908265e-01
1.132901530116341426e+00
1.093802892326207754e+00
9.561036241149742931e-01
