-1.075581680270827789e+00
-9.575998399276103301e-01
-1.048710933998877382e+00
-1.034035257548686415e+00
-1.060439501444621069e+00
-9.926204794096818995e-01
-1.211071301667489664e+00
-9.899485674694560311e-01
-1.067105709983967365e+00
-9.524529293370358474e-01
-1.014772622793235657e+00
-9.856367520348569000e-01
-1.041424681297886234e+00
-9.311154504358081230e-01
-1.153383104925270297e+00
-9.851025947071784250e-01
-9.274956867523034276e-01
-9.587620887788576018e-01
-8.704981336029924410e-01
-1.071617774801931766e+00
-1.168536600198742725e+00
-9.649837266147955894e-01
-9.491178363424039865e-01
-1.037557398900887495e+00
-8.633250833230904364e-01
-9.224978216307777590e-01
-9.772645244649862395e-01
-1.038520086490165362e+00
-7.768817523320348251e-01
-8.782156383217128992e-01
-9.622164069735208436e-01
-9.438861806757198325e-01
-9.063754664630122582e-01
-1.051786921843761879e+00
-9.334729535366550479e-01
-9.232362706261831864e-01
-9.939376011459567506e-01
-9.302196811014101785e-01
-8.017767888106592800e-01
-8.112455309261401570e-01
-9.753504815601906630e-01
-9.950141045018986441e-01
-8.012768568166226402e-01
-8.188149934216419901e-01
-8.081466447695119237e-01
-8.848984192979507668e-01
-1.056698190687251460e+00
-9.089615130916472996e-01
-8.765193010108568439e-01
-8.620423567909351048e-01
-9.161477679509953953e-01
-1.003901305582945325e+00
-7.595958474369144398e-01
-1.021033423120031314e+00
-8.798666288081948839e-01
-8.953905731919362676e-01
-9.510792495896395193e-01
-8.285150919863625285e-01
-7.671466738680721154e-01
-8.363521098981737678e-01
-9.144814742166748056e-01
-8.260510788942584393e-01
-8.979437211558072285e-01
-8.589585542688782382e-01
-9.017994719657500546e-01
-9.225600059515015605e-01
-9.178187211683764835e-01
-9.416323105544244232e-01
-7.949856753222063199e-01
-9.448156464379510178e-01
-8.658971549307834525e-01
-8.259273648242858590e-01
-8.679346236855568497e-01
-8.819707405924364085e-01
-8.351559679517597257e-01
-9.383287764401586628e-01
-8.368288989984743464e-01
-8.609549839086041434e-01
-8.619200776859330393e-01
-8.727208225386455798e-01
-6.993329169364053133e-01
-9.803429892324787565e-01
-7.503345217103041254e-01
-8.737073370728004607e-01
-8.186935917686727349e-01
-8.108236627027620713e-01
-8.441071952492208430e-01
-9.333381417456600992e-01
-6.992017582431211409e-01
-8.634171394117623466e-01
-6.145894967151660504e-01
-6.903451077839610761e-01
-9.094414930245589002e-01
-9.177374460428296965e-01
-8.262700899810397903e-01
-7.365380530824957583e-01
-8.407420468468517205e-01
-8.346732378150856224e-01
-9.131361609130740353e-01
-7.100158025323913824e-01
-8.732256366296839989e-01
-8.631409149930657776e-01
-8.560051298640629636e-01
-7.948229801525360516e-01
-8.090747011307745096e-01
-6.713782488663931902e-01
-1.045987356775597732e+00
-8.900399300230376065e-01
-6.836914026034095482e-01
-7.891257639062030371e-01
-8.585195900302613481e-01
-6.489567589689325677e-01
-6.789925332726733931e-01
-7.903299706748966313e-01
-7.997006780688875605e-01
-8.412270368720639047e-01
-7.680586545946400667e-01
-7.604884001545825223e-01
-8.551384556506601564e-01
-6.491818321029407812e-01
-7.197084142343028734e-01
-7.225474845780230915e-01
-7.869434541123607740e-01
-7.261733644432302182e-01
-5.904728815970943234e-01
-6.592216725909578745e-01
-7.313228529408088985e-01
-6.476934921735940653e-01
-8.302531758852393917e-01
-6.649078537181953852e-01
-7.370154486576514508e-01
-6.894043437601589108e-01
-6.410055989190198700e-01
-8.210001647462437102e-01
-6.344147115547474902e-01
-7.861363106496112030e-01
-6.045340252212194621e-01
-6.229062937089393515e-01
-5.365142845966189844e-01
-8.226741318033986561e-01
-8.213473518463316747e-01
-7.719440695088787274e-01
-7.127084126213721893e-01
-7.131500696976800224e-01
-6.867030077922932074e-01
-6.288103886562724787e-01
-8.031948351708710909e-01
-7.599938541543936887e-01
-7.290363215739779079e-01
-6.122397476719716458e-01
-7.794643164742919295e-01
-7.449086606041027681e-01
-6.895027147240970766e-01
-5.992722828568972648e-01
-7.222073689029070431e-01
-5.627615212943285483e-01
-5.087216787076169755e-01
-6.797606507291461542e-01
-7.057930488771716471e-01
-6.881113649352557093e-01
-6.806349026967167815e-01
-7.267568095636028902e-01
-7.428823841549271334e-01
-7.277280747970267250e-01
-6.621562333219247476e-01
-6.582922880912759345e-01
-6.492760421291249306e-01
-7.009358467169702900e-01
-6.581941857074051772e-01
-7.410972467032296285e-01
-6.979859800696953664e-01
-5.636627267771910921e-01
-7.015194482048279223e-01
-5.758624644285806893e-01
-6.923754637487671282e-01
-5.906879330868204381e-01
-6.357063149108772571e-01
-6.346527902030516533e-01
-7.829221888137937180e-01
-5.958804733906927220e-01
-7.252595569128937880e-01
-5.206407502834485834e-01
-5.954239168147785755e-01
-4.980304765985794635e-01
-5.035466567881753397e-01
-7.793355123339521517e-01
-5.633838097517384069e-01
-6.671972937548965588e-01
-6.470253139308018708e-01
-5.555866921604687425e-01
-5.861814930100873733e-01
-5.369601281616860344e-01
-5.160387210087803433e-01
-7.006954063222613494e-01
-5.383783431438460276e-01
-4.290051991280380839e-01
-5.311483235630668487e-01
-6.068984106750837659e-01
-4.941687837067264000e-01
-4.985003114669472324e-01
-5.718454927591839487e-01
-7.484201217588704047e-01
-6.063040127568870563e-01
-6.724315664206169663e-01
-5.917352715072234925e-01
-5.531768613788378142e-01
-5.757789038578315921e-01
-3.997197930379358111e-01
-4.936326608067908572e-01
-6.529195886001979421e-01
-6.697525344127954749e-01
-6.111610860947750412e-01
-5.638065287500154676e-01
-5.850225851344602601e-01
-7.913567038959548050e-01
-6.460320766730727193e-01
-5.504018984294443140e-01
-6.653215800984698669e-01
-6.500408558658177238e-01
-5.758445436613692792e-01
-5.328992124070643932e-01
-4.184983064396211594e-01
-6.020845292330703202e-01
-4.694488698929673576e-01
-6.123371279511424792e-01
-5.804461727258978243e-01
-5.805260431875086669e-01
-5.438523984489423979e-01
-4.723783563142843200e-01
-4.768212926898630633e-01
-5.337111843581398007e-01
-5.845422540734146466e-01
-6.261515133750101825e-01
-5.785226765614153166e-01
-5.472460117465887119e-01
-5.102431372462349346e-01
-3.990077649089988632e-01
-5.446334955649708709e-01
-5.468654275931733588e-01
-6.207882884385076405e-01
-5.327211272894166738e-01
-5.635657854444073855e-01
-4.174518587499909117e-01
-5.766860189838221018e-01
-4.145941773328347679e-01
-5.137223046509518110e-01
-3.899659891127769118e-01
-5.101573510831176606e-01
-3.628017150285205994e-01
-5.228567365301473036e-01
-5.506969810657359465e-01
-4.590141857808553993e-01
-2.765986599750360764e-01
-4.713172459981878615e-01
-4.228541038564762045e-01
-5.752346925045478399e-01
-4.595243707085419071e-01
-5.006936390363064815e-01
-5.045199005652444280e-01
-4.997269401325951099e-01
-4.052788515378624168e-01
-3.044079344889639716e-01
-5.432430244170723954e-01
-5.245200082535982355e-01
-4.025063358347333309e-01
-3.874619013355353192e-01
-6.762653341986236688e-01
-3.421056141677178974e-01
-4.636363390168907750e-01
-3.930563370517188293e-01
-4.905170574968070185e-01
-3.956584693849568013e-01
-3.970031489116923606e-01
-3.811268352630217682e-01
-4.131129673674316938e-01
-4.764569092404296602e-01
-6.140251845454911539e-01
-4.138653007304740061e-01
-4.056168798290226696e-01
-3.332815343470412195e-01
-3.446394905115943708e-01
-5.895493991570485148e-01
-2.507880178832950779e-01
-3.766603342864648929e-01
-3.889115662894030989e-01
-3.785364116433187487e-01
-4.610285612396480825e-01
-2.155497969512949474e-01
-5.064949384048540448e-01
-3.233584543394767974e-01
-6.578856611437935431e-01
-5.287458679270811146e-01
-5.098170271167052903e-01
-3.604760634302316413e-01
-4.178729507137521337e-01
-3.951412854945216546e-01
-3.776130715035891927e-01
-4.036491451876931813e-01
-4.711135268588517722e-01
-4.344075207280344575e-01
-3.032993715148682434e-01
-4.456535764643453912e-01
-4.009960592561150339e-01
-4.296130098512803142e-01
-6.325788151566448247e-01
-3.894135139008200186e-01
-3.646746223191406067e-01
-4.697415382997529587e-01
-2.560401898288469646e-01
-3.286065136329550662e-01
-4.214093456078235600e-01
-2.944846266723538109e-01
-3.589882856588303417e-01
-3.770383921856452769e-01
-3.044973666647338151e-01
-3.058637953589177783e-01
-3.815254933256583825e-01
-3.915166243072806251e-01
-2.356028169916656034e-01
-3.811144854160208317e-01
-3.360717212484390926e-01
-3.312899701622599724e-01
-3.833155732211650513e-01
-3.666732657336573831e-01
-4.087982689795674474e-01
-5.182413209871208348e-01
-3.789378862854645424e-01
-3.751658369658023573e-01
-3.439769384458207790e-01
-3.615982857817361396e-01
-4.288144684920309757e-01
-3.602606309639170834e-01
-3.272904308831122711e-01
-3.941527556002069055e-01
-2.452888841751142135e-01
-3.328909292258785957e-01
-3.652351201227735933e-01
-3.614457172457805623e-01
-3.961300961583988367e-01
-3.182709641757639485e-01
-2.285144176196902965e-01
-2.552549651668582498e-01
-2.929899131479169472e-01
-4.617429777239871469e-01
-2.666314768384473455e-01
-1.871341611773878755e-01
-3.346252597486753522e-01
-4.579851944450080703e-01
-3.811544781467227083e-01
-3.189020526240387565e-01
-2.755043405717216287e-01
-3.026323077814858098e-01
-1.998186715766143429e-01
-1.438012104245526279e-01
-3.717511698386488650e-01
-2.440401821630069912e-01
-3.086855471640062021e-01
-2.295759175001411967e-01
-2.934562911473491686e-01
-4.320510314811086272e-01
-3.267278292315094479e-01
-1.622086054864240734e-01
-1.052522558545974513e-01
-3.732740083832107869e-01
-4.246942100646082241e-01
-3.504640590160840175e-01
-3.735434572531552422e-01
-2.797722915465133409e-01
-2.768329499752981704e-01
-2.018026513792450238e-01
-2.089211187736365605e-01
-2.754156869144214204e-01
-3.029413650774340772e-01
-4.873691880539851584e-02
-3.199733987316636386e-01
-2.107558874883562750e-01
-2.875561674179754057e-01
-1.949725139893938031e-01
-3.116843891148397550e-01
-3.279354917093550426e-01
-1.185742208753935156e-01
-3.055880054757165176e-01
-3.626553969113540110e-01
-4.531506625895913576e-01
-3.127408341703148964e-01
-2.695144323207679937e-01
-2.134478361536941426e-01
-1.802333582221581354e-01
-2.446457383354036230e-01
-2.658045981770713051e-01
-2.171968138203125565e-01
-2.777146687742128583e-01
-2.238075637617299996e-01
-1.433878154449022002e-01
-9.806871440931713702e-02
-8.028936705950324992e-02
-1.893917960289345226e-01
-1.769951350131461210e-01
-4.567700377656628424e-02
-1.856103102353493239e-01
-1.163432624581736408e-01
-2.397686179057482436e-01
-1.768263602238347720e-01
-2.012399971221078832e-01
-3.214791329678277076e-01
-3.205595241105071436e-01
-1.747788441886938965e-02
-1.873245935666079942e-01
-2.414941152514359646e-01
-1.595673425137892065e-01
-9.642480943108402980e-02
-5.191263092581750033e-02
-2.722905246282257274e-01
-1.430479369881505758e-01
-1.217991431327227064e-01
-1.754946998124103652e-01
-2.861884585060386899e-01
-9.298291456009127876e-02
-3.327163432699944412e-01
-2.184622589871831333e-01
-2.486485920276920447e-01
-5.287635717406613534e-02
-1.498653299800027650e-01
-2.118809038289312940e-01
-1.078710112489319473e-01
-2.330691623856575023e-01
-8.457217028653442326e-02
-1.312112992907337183e-01
-1.162275226892370006e-01
-1.508412117658738949e-01
-1.512638581253960279e-01
-4.832579973162215783e-03
-4.266103013194565141e-02
-2.058970496314300180e-01
-1.057469363238539538e-02
-1.403321175514797847e-01
-1.485391334497551952e-01
-1.578680693137296254e-01
-1.445739268921406584e-01
-1.241779338026859358e-01
-1.387584053432654174e-01
-1.313653247596102414e-01
-4.577716536194779973e-02
-7.741194848223262315e-02
-2.030340709257259790e-01
-3.100537818734358519e-01
2.035083867743100322e-02
-1.754162692960059833e-01
-1.021367750281820530e-01
-1.598003739737241524e-01
-5.817913643275621216e-02
2.844803661967071351e-02
-2.218287991011952121e-01
-8.797741077963948386e-02
-7.981541663296097544e-02
5.615617925861040444e-03
-2.657909699112465662e-01
-1.255159929566017074e-01
-7.670273322549668593e-02
-1.185460496899536365e-01
-1.219433890015190064e-01
3.448472977288260903e-03
-2.720586057494294926e-02
-1.040842219055189005e-01
-1.898463367380704703e-01
-1.009930117381354076e-01
-1.283133029111885315e-01
-7.563927277367568647e-02
-1.082891061452868342e-01
5.069902943401499718e-02
-8.980024505141549762e-02
-7.945105485425278669e-02
-4.103985830736114893e-02
-4.659528248182232685e-02
-9.554079938018790463e-02
-4.756416737530157202e-02
-2.014514081437855930e-01
3.749937931360630000e-02
5.423977308285633792e-02
-2.376446483510838426e-02
2.279678640759142186e-02
8.096001110399118905e-02
-1.691055243574001582e-02
-1.028428811498601492e-01
-1.830593190696895023e-01
5.874634481275672199e-02
-3.590192848983891905e-02
-3.880592164342835330e-03
-4.350176717601767634e-02
4.392861444536248772e-02
-4.437064691392025861e-02
-1.834507617801522245e-02
-1.170160464056522846e-02
-9.740730146891549146e-02
-1.780030959923431869e-02
-1.612749052673072836e-01
-1.106355455681026917e-01
8.345576421390549227e-02
-1.551969887473560530e-02
1.813756154106843099e-01
-3.509179874287933487e-02
4.126482198206528340e-02
5.852923186998731930e-02
2.271486839785389136e-02
1.413440715952688775e-01
9.307839015135349614e-02
-9.811081999389755989e-03
3.424373391982033638e-02
1.386095738298749047e-01
-7.682848584290458138e-02
2.810322551410944156e-02
-7.409813664857219095e-02
4.882280278948357422e-02
5.846036272501754782e-02
2.666978452164788654e-02
9.287402945570287808e-04
1.111111607939414131e-01
-8.708456385945194389e-02
-2.130657373139005495e-02
-2.068718656052977861e-02
9.282649527086807295e-02
1.205260636661143608e-01
1.601886809222906605e-01
1.561890950952285299e-02
-4.148225295300008580e-02
7.686706697682164913e-02
-2.268413517752429151e-02
2.263949678748649053e-01
7.612726371578822093e-02
2.250152556360101586e-01
6.967067927302006414e-02
-7.712125744427573981e-02
-1.101658701636832466e-02
8.677811303505275631e-02
1.218636070252394621e-01
1.199494131230941646e-01
1.700435543921319584e-02
1.333295068196189981e-01
9.703589487322801521e-02
1.597312658092420179e-01
5.976875190581077552e-02
1.620549351095672830e-01
7.253623125309741071e-02
1.314052400382307861e-01
-5.643491974890831736e-02
1.456775299478804409e-01
-9.872692235240060343e-02
6.563951666304343457e-02
2.033430197070104639e-01
1.093195684115697702e-01
1.136527690409677716e-01
1.542530737621202186e-01
6.795977927507856897e-02
-4.432926326798849494e-03
2.186381129922518318e-01
2.642498179246637741e-02
7.115768871953934149e-02
2.814933465218431019e-01
1.119355310402602860e-01
8.606100290798707197e-02
1.061212783405964810e-01
1.896483097875762414e-01
5.452128387749769628e-02
1.366587412558718240e-01
1.620730556552869572e-01
2.260271129969418924e-01
5.254157428403809921e-02
1.235989262071697653e-01
1.680555338137903754e-01
1.186452696636028786e-01
1.251951753701311398e-01
1.209525250079007408e-01
1.928487450747581322e-01
4.246611381937451897e-04
3.765011237374607522e-02
6.269570823039756491e-02
5.568152341378821563e-02
2.383481495829397889e-01
2.574825394787849109e-01
3.074884802210601023e-02
2.180314785048238224e-01
1.292493220864105452e-01
3.769000192772579971e-02
-8.269137579370963720e-03
2.283943843096666593e-01
2.109748436143931705e-01
2.891024438227548510e-01
4.786283532608682362e-02
5.984251717797482023e-02
1.705974113401329262e-01
1.304885532750317823e-01
1.934570473634500964e-01
2.474905467918375457e-01
1.283536961967946533e-01
1.819380856582364925e-01
1.780337456345563174e-01
2.448942049845802826e-01
2.569397009134238852e-01
1.920558750351618604e-01
2.142884808832581089e-01
2.425554783460351915e-01
1.164897082926468069e-01
1.492818843881694446e-01
1.777023999101339791e-01
1.548463695122820616e-01
2.817398169125812646e-01
1.983298858908853213e-01
2.476187491706390298e-01
2.979047213464107169e-01
2.923672537375329727e-01
3.429501431514438425e-01
2.086869330255532728e-01
4.430999777801850753e-02
1.389176197806660240e-01
2.380346005436672630e-01
2.639129877174372085e-01
1.244248176630643743e-01
4.529604706523572277e-01
2.506925382552215309e-01
2.061750325025873964e-01
2.188656748425264476e-01
1.988349164525736457e-01
3.041932238426577895e-01
3.195790409488796224e-01
1.924371645254925600e-01
2.890638407045106328e-01
3.221782653051902257e-01
3.183137070180940831e-01
2.014315418203991015e-01
1.469068545381557456e-01
1.566904164265725263e-01
3.804481422555871517e-01
2.875733555148564102e-01
2.692695769926619076e-01
3.838935377629334456e-01
3.798349328647316892e-01
2.417056112209020891e-01
2.841730890870288184e-01
3.558694737313726209e-01
2.411835935958920041e-01
2.674321959316056652e-01
2.416663008933371826e-01
2.927587817242622292e-01
3.353010157120229207e-01
2.622005200003199032e-01
3.071536161374090468e-01
2.713557309487041325e-01
3.062235735490261290e-01
2.584381033019975682e-01
2.067061916872758587e-01
2.352965242632788778e-01
1.883365549033066411e-01
2.455305163689275316e-01
2.399842525873395194e-01
3.593720954790049493e-01
3.667718495299829295e-01
1.901903592743376670e-01
3.839881282395740114e-01
4.131207223233561709e-01
1.616481501190517034e-01
3.641834781606629878e-01
4.582272589722057865e-01
3.330748997561875369e-01
4.567915548458391095e-01
3.840243555124012720e-01
3.529060590693133270e-01
1.828743528322707146e-01
3.509011153513857395e-01
3.261033671268054879e-01
3.722965211033330002e-01
3.294329910729217326e-01
1.898311990645683567e-01
2.196675519577333813e-01
4.380532529351466309e-01
3.166158612060312461e-01
3.748899548769997203e-01
3.163845912891518064e-01
3.128939994624531096e-01
2.563112094869465230e-01
4.459427300773723402e-01
4.507332703502266447e-01
3.670225459591936468e-01
3.917976886868758668e-01
1.518480226475116268e-01
3.702349777853224388e-01
4.593195866797312177e-01
3.131721697700130536e-01
3.742842858794214744e-01
3.692158823151273084e-01
4.510723462584553256e-01
4.036653486101360322e-01
3.963938061723542572e-01
3.674802510241569342e-01
4.345384723386604420e-01
2.955194040165903258e-01
2.397332276297882148e-01
3.093456292625320070e-01
4.880090517409310658e-01
4.871255135986866658e-01
3.019737334433491571e-01
4.113717362721798221e-01
4.906605147148987434e-01
4.416503947310104206e-01
5.206184738267262135e-01
4.549846037413564637e-01
4.356566522524696339e-01
4.457380499918670580e-01
3.850703981860162939e-01
3.484810368828145100e-01
6.018855115565483471e-01
3.706358073752800686e-01
3.678010492654940622e-01
3.186360042370931511e-01
4.785173994947512499e-01
3.344930098522030937e-01
5.013679952979154253e-01
4.949423274443586762e-01
5.100695094519622774e-01
5.043462876647774040e-01
5.467937912094353869e-01
3.877525184039437023e-01
3.937044834202773624e-01
4.863302999601196164e-01
5.502693410561344534e-01
3.611237806971580033e-01
2.909316444210681696e-01
4.391696712058420493e-01
4.262582861733487105e-01
5.255422920426527922e-01
3.831398566246921877e-01
4.274526859460320849e-01
5.877940353756088143e-01
3.678265158148902314e-01
4.255884496201099987e-01
4.267857624510692505e-01
5.535760158159904742e-01
4.715259052250233007e-01
3.668917736566870702e-01
4.309088271049060226e-01
4.836888724279090890e-01
4.984733654831146055e-01
4.644485144163510992e-01
4.592717159089917400e-01
5.158029412871802943e-01
4.795751564315629545e-01
3.040403972789759157e-01
3.122936160057745436e-01
5.629127268921135796e-01
5.800667706072984986e-01
5.447674253143853784e-01
4.256330679836672903e-01
5.299426049267733640e-01
4.964657083264724102e-01
4.399459117370643768e-01
5.880506587254924478e-01
5.793983197530404583e-01
5.366761981183525432e-01
4.754134525202006190e-01
5.472520885696557924e-01
6.218516697137423943e-01
4.753473727344442179e-01
4.696296422737364362e-01
6.746516987304025381e-01
4.482034002314614907e-01
5.093965462376014441e-01
7.049648120293020570e-01
4.629627889295618859e-01
6.484653760668487310e-01
4.879267109158291760e-01
5.379888041058568104e-01
5.162348290582859933e-01
6.546065922229417078e-01
4.655546606454096237e-01
5.295829496570114703e-01
6.649172244074520455e-01
5.445389913827256567e-01
5.609977117221313092e-01
4.521650436203385470e-01
4.622558925215784487e-01
6.504552082158666648e-01
6.190918868779142770e-01
5.909239717697047922e-01
5.794569805045216571e-01
6.582531135548078671e-01
5.932120296087430855e-01
4.274193814503081668e-01
4.707001007130658943e-01
4.546525054765707674e-01
6.257365061499918779e-01
5.706786017854393878e-01
6.502605390183641143e-01
5.242346118414293876e-01
4.947857955688630405e-01
4.424139894636478498e-01
5.468097306297297067e-01
4.356370612293389843e-01
5.520823392592977275e-01
5.999345120370060958e-01
6.276143652793360062e-01
6.520229624345300623e-01
5.893931071371409924e-01
6.687578268793992198e-01
7.348046097081667449e-01
5.435856561374521334e-01
4.258230099618449671e-01
6.077097479067313790e-01
6.011374910183947540e-01
4.869465530601989611e-01
6.045415837465381026e-01
7.721841141196107428e-01
5.002750190037443812e-01
6.569573344267133352e-01
5.538528611674028435e-01
6.833261302046013119e-01
5.226711648780588693e-01
5.575108502085617257e-01
7.687229822309182836e-01
5.476580622502748019e-01
5.749750874056133165e-01
6.884720743719150438e-01
6.060880056138856498e-01
7.117517578305335713e-01
8.061495104287823565e-01
6.216074868558925104e-01
6.284356906540317089e-01
6.634273444328462332e-01
5.440575426400937609e-01
8.485900852692846996e-01
6.884644793621783609e-01
6.052988886186896345e-01
5.645069215379477923e-01
6.539618893081052819e-01
5.527503939360286500e-01
7.892576086926500478e-01
6.062677830338294438e-01
6.732917274757885817e-01
5.450123700516045222e-01
6.247588047163696867e-01
7.308759335908051602e-01
5.930992096174555472e-01
6.602801026202680390e-01
7.156215180979821344e-01
6.926528156399723857e-01
7.482428019952312992e-01
4.889594615138433964e-01
6.311716215204258296e-01
4.676178546522095081e-01
6.217546256245990444e-01
6.473886783604161366e-01
6.307130050146141365e-01
7.293054861544924217e-01
7.571314374961861660e-01
7.541027343752341183e-01
8.004717259029200394e-01
8.175918971722571094e-01
6.697962020430101582e-01
6.863593648236010480e-01
7.781254211426221756e-01
6.269780093008828770e-01
6.218095982080531492e-01
8.020003795175897343e-01
7.402013653615039379e-01
8.238166158480363377e-01
6.460914784008263689e-01
8.438618254258487550e-01
7.273390723944838099e-01
8.418734367131627261e-01
6.080630061484882942e-01
7.695049214366109780e-01
6.999244079252698869e-01
9.183409706293182984e-01
7.688545493611070869e-01
8.667263297707944458e-01
6.600683653597362310e-01
8.918383940580932867e-01
7.573445735962882619e-01
7.370916324557135191e-01
7.340940108894725702e-01
6.747405490706517295e-01
6.067189405892489118e-01
6.363868480232561797e-01
7.325362358512242933e-01
9.419737925403779411e-01
6.711492580361760885e-01
7.934219013062200343e-01
8.379444923770652531e-01
7.237066674969245827e-01
8.737545522669959430e-01
7.792695599075745161e-01
8.395988276821162444e-01
6.869121102453777938e-01
7.358662191146567721e-01
7.624456830701628052e-01
7.836493048975519127e-01
8.411286627989861264e-01
7.258985981276788735e-01
7.925701024250040305e-01
8.450314979145225891e-01
6.996542769612212886e-01
8.588840900401463196e-01
7.853800974419865577e-01
8.064214225824517523e-01
7.472591710856503200e-01
7.164268410233629591e-01
6.928459882206616793e-01
8.677110851194415053e-01
7.259114367557097935e-01
7.982642309957124205e-01
9.136067922082992121e-01
7.811912357777164306e-01
8.073607425360683765e-01
7.360667440891497382e-01
8.732387833664515542e-01
7.243807990081906345e-01
7.720684982438472677e-01
6.895265490120341401e-01
7.987384263106480642e-01
6.994830004309451343e-01
8.171163639971745773e-01
7.692448579939907827e-01
7.377340357505624002e-01
8.146125271131041679e-01
7.510801094838630565e-01
8.108550971580344990e-01
8.762442900898169684e-01
7.504494508938986952e-01
8.469863461615005917e-01
8.320530066055741303e-01
7.491595034862613689e-01
8.862986930615415204e-01
7.623377954783127075e-01
8.831704324081351976e-01
8.645544005712146873e-01
8.258906379837738232e-01
9.315761497914937239e-01
8.148097765699173767e-01
9.512191525817947912e-01
1.027456973724074851e+00
8.782613207907749020e-01
8.128104747636787364e-01
9.185557221179395659e-01
9.151952514307745146e-01
9.012970605070034225e-01
9.008255119828649793e-01
8.947525973049043069e-01
8.595479942497675774e-01
9.818780474025400329e-01
9.218295184308425982e-01
8.312138432783352515e-01
7.938250170302302289e-01
1.068091568871567532e+00
9.552750473806339571e-01
1.102598709290767864e+00
9.529294790845139751e-01
9.949948908043569906e-01
8.635653714991666785e-01
1.014274065617166043e+00
1.002814361977098168e+00
8.736204362729342865e-01
9.826259064378649599e-01
9.401779886758241389e-01
1.018805895798877703e+00
9.173331071242004642e-01
9.890659470294629330e-01
8.437763357405343445e-01
8.629382862291140599e-01
9.356377159147524214e-01
9.442688431720963615e-01
8.827083324372971829e-01
9.756807759811850778e-01
9.348425291427868711e-01
1.011540680529836145e+00
1.088180613759443860e+00
9.375144324580807487e-01
7.798797748035569688e-01
8.030966045919104568e-01
1.017602224876172023e+00
9.010456118641964052e-01
1.091226109516372000e+00
1.025074690928201360e+00
8.557637432553478751e-01
9.544548601858796610e-01
8.638907830475028859e-01
9.781586673494969686e-01
1.063502541387666422e+00
9.680488997641064630e-01
8.839938021561437598e-01
1.016913866425763313e+00
8.265304437598041121e-01
9.343345055937111177e-01
9.640570944463763281e-01
1.058581424230820245e+00
9.459182810003251562e-01
9.604390519929945080e-01
9.509041077187329050e-01
1.101403946715505677e+00
1.017229701494080096e+00
1.081475896412833038e+00
9.665639312242741976e-01
1.079619533637640183e+00
