-8.480150720455271740e-01
-9.896382209579545064e-01
-1.168187630693096724e+00
-9.657563778239703911e-01
-9.915098804524239418e-01
-1.116155440932573129e+00
-8.630678094768863273e-01
-9.730526386990461241e-01
-9.276832196944322373e-01
-8.356250728984619958e-01
-1.039047146797040133e+00
-8.504811255893294231e-01
-8.315720396553205607e-01
-9.911715953421660341e-01
-9.206747068115116450e-01
-8.603035892098198634e-01
-8.861055741204710845e-01
-9.223011980511154340e-01
-9.084144194927445959e-01
-9.888762695213384468e-01
-7.414779559798182484e-01
-9.339477061974466032e-01
-9.550898336581865600e-01
-1.018113649658013431e+00
-9.485105047504781561e-01
-9.538636877253889867e-01
-1.025650010456789607e+00
-8.182297574158898801e-01
-9.059686714985146772e-01
-9.858700883996565079e-01
-1.068713459384249997e+00
-9.465779987421621966e-01
-9.635157316921919568e-01
-8.174573188568604598e-01
-1.067856319061652792e+00
-9.192415271363186813e-01
-8.281528989830528875e-01
-9.143490210806500817e-01
-9.172618645036801910e-01
-6.431876219127865557e-01
-9.939337966442386429e-01
-8.993598116073774351e-01
-8.856176546029217445e-01
-9.287091431725708057e-01
-8.877930982357619127e-01
-9.022314385930928493e-01
-9.813185025617909840e-01
-9.353950208548249545e-01
-9.733001684536424225e-01
-9.746224644404349879e-01
-9.830434463643423770e-01
-9.444001589139264796e-01
-7.593669024734914785e-01
-9.095779604122320450e-01
-9.239858999753531865e-01
-9.704037558963428678e-01
-1.041865829048969072e+00
-7.512818623195021139e-01
-9.236165065053318912e-01
-9.027916931903826603e-01
-8.939331231376919096e-01
-8.992387623592517087e-01
-9.017847691474730754e-01
-7.584493937252798634e-01
-1.032939387559481004e+00
-9.482039468937016879e-01
-8.993564066233099563e-01
-8.873230003434445790e-01
-8.506741780394051489e-01
-6.357694778558120596e-01
-8.210810296551369625e-01
-7.419276295748647998e-01
-8.504815998013455225e-01
-8.424356873974878646e-01
-7.974916275379417829e-01
-8.176901993839157390e-01
-1.006375445203977925e+00
-7.340283223940214929e-01
-8.619636125658860504e-01
-6.655858719578978677e-01
-8.456267538080711743e-01
-8.161700868814258936e-01
-7.553266972480546793e-01
-8.675784909115183963e-01
-8.943470325631529549e-01
-5.860390445964556161e-01
-8.796788358948621767e-01
-7.565944868849242555e-01
-8.490446431880925848e-01
-6.899203185464155563e-01
-8.521983473124705721e-01
-7.578967855840597068e-01
-7.404375902563238299e-01
-7.004483240627635832e-01
-7.734532935013372912e-01
-7.905797254823436759e-01
-8.594925952506003997e-01
-8.629410457830090087e-01
-8.162703343160209180e-01
-7.132067257155749740e-01
-8.856137949313859226e-01
-8.170539501097843216e-01
-8.544612716243465966e-01
-8.909745827566690757e-01
-6.754193552082946583e-01
-8.067515078790367111e-01
-8.143518882616587184e-01
-6.598066563085698277e-01
-6.164772881935162152e-01
-8.804109286044163873e-01
-9.012708262038235940e-01
-6.817675622939498581e-01
-8.002729462334334798e-01
-6.817482392505752609e-01
-6.565660368985257733e-01
-8.375217967702768274e-01
-7.397364773817666217e-01
-7.463082172097698086e-01
-6.370024147608395193e-01
-6.780591559439004268e-01
-7.589335134920343062e-01
-8.494091642739104442e-01
-7.933963014326566032e-01
-6.743094173464864172e-01
-8.279615321654367754e-01
-8.533861643659280682e-01
-6.698241667941351452e-01
-7.950486444058407765e-01
-8.823685339414892859e-01
-7.523675252057160368e-01
-7.936306002833164452e-01
-7.201222431647416045e-01
-6.642948115000706366e-01
-6.226909125566643111e-01
-6.099816346379186571e-01
-7.072103424696074558e-01
-8.350212290302904128e-01
-6.744172918443315234e-01
-6.959076076460217752e-01
-6.950974089425238089e-01
-7.174931074725564573e-01
-7.209106728678766896e-01
-7.120860305570421156e-01
-7.666876072062489555e-01
-6.828106939445673929e-01
-6.213021710601948078e-01
-6.771463109681141734e-01
-6.804388791999570474e-01
-7.012181729209386871e-01
-6.322307712825478987e-01
-6.272641703250926293e-01
-6.490247320991232582e-01
-7.833831755487620230e-01
-7.482556133416879973e-01
-7.377051468846200777e-01
-5.567324656064023269e-01
-6.073962013782993052e-01
-6.982169432872046277e-01
-6.913295650398614267e-01
-8.706875423210402865e-01
-6.324846921160950375e-01
-6.842885113389224339e-01
-6.462276312452837068e-01
-6.118792491567401903e-01
-6.586852453056003531e-01
-6.129386183768744667e-01
-6.325087204253040385e-01
-5.930959543372459342e-01
-7.048255969341222782e-01
-6.122361008117702674e-01
-7.815998918980672228e-01
-6.698595201702381985e-01
-8.243408569730555913e-01
-7.302879954033204557e-01
-7.083869214067577413e-01
-6.904946007630055060e-01
-6.478909895412924280e-01
-6.280501942924026082e-01
-6.950827900852726282e-01
-7.594944258691289640e-01
-5.975755054488499640e-01
-5.601953268963149046e-01
-7.160870504989084173e-01
-6.145545459161081414e-01
-7.222945243012497407e-01
-6.412449514274870532e-01
-6.453888340127524881e-01
-6.375193413585930058e-01
-6.929265416772918407e-01
-7.999718304042429118e-01
-6.299325900836649783e-01
-5.450377519587420450e-01
-6.825574928154973797e-01
-5.655942234961290893e-01
-6.930897586649168440e-01
-5.536593438612505969e-01
-8.043814969817776328e-01
-5.560348847817564444e-01
-6.822512873960663304e-01
-7.370001355373617669e-01
-5.517144375144742430e-01
-5.016273709576033468e-01
-6.416939954596477813e-01
-4.699537044873592917e-01
-5.611369487510564635e-01
-6.951233048625099498e-01
-5.192636402749153390e-01
-6.418233802904489416e-01
-5.131322184541098341e-01
-6.192375525035604955e-01
-6.329663683465265311e-01
-6.354756211419028133e-01
-6.810417363508101118e-01
-7.020396552648412447e-01
-6.209920940408754086e-01
-7.342808884483345011e-01
-6.528832788236991203e-01
-4.742520652238684797e-01
-4.657475788866287103e-01
-5.291924907473299911e-01
-6.635134217727447492e-01
-5.744727411749991353e-01
-2.936422147041747865e-01
-6.144149284282570678e-01
-4.731698147624299189e-01
-4.129219306316191940e-01
-6.220016433411907908e-01
-4.712318822449077516e-01
-4.306930543639055364e-01
-6.899533183303162565e-01
-5.044925497420363891e-01
-5.943773077487098933e-01
-4.168992944792434541e-01
-5.531080206748338890e-01
-5.422493314994575320e-01
-4.509953812981671306e-01
-5.091808328061930844e-01
-6.212359408694227980e-01
-4.857748841706809317e-01
-5.022087568093930310e-01
-4.665019873095488934e-01
-5.811604725843523278e-01
-4.341101704082714341e-01
-6.232363246881622576e-01
-7.816219156590625827e-01
-3.744976809695175213e-01
-4.183270145580684773e-01
-4.773607620395639572e-01
-4.020563506509595153e-01
-5.179672807285850000e-01
-5.929938749426129085e-01
-3.867730253036736898e-01
-5.953096733149919606e-01
-4.494520005140433816e-01
-6.036328338545080552e-01
-5.785981779431221828e-01
-4.500798115337558136e-01
-4.185012008866603184e-01
-4.624281030420890892e-01
-5.611809710873880697e-01
-4.112128822215232460e-01
-4.979857140066409338e-01
-3.976475493997534971e-01
-6.249491595095124641e-01
-5.729565066673574236e-01
-4.822727748587021801e-01
-5.638940525115365698e-01
-3.543700773497738821e-01
-6.059101583916017830e-01
-3.931904803826937189e-01
-5.031046659582367742e-01
-4.621155214818162271e-01
-5.449423308864124182e-01
-4.666924422524046379e-01
-3.623497439368379425e-01
-4.968680538161365789e-01
-6.013425644264829284e-01
-4.012596296574491572e-01
-5.141614387890164339e-01
-5.366103703984748119e-01
-3.697465026885242145e-01
-3.724287960676949671e-01
-4.539161662006688802e-01
-6.391686708815317308e-01
-4.114838640447845419e-01
-4.485147447018733025e-01
-5.621559515646257221e-01
-3.889232713563428590e-01
-4.471827110453127085e-01
-4.516866747376322433e-01
-4.292886022275743119e-01
-3.596493541082152468e-01
-5.739586807657184320e-01
-3.578096207024892283e-01
-2.757063843394810809e-01
-3.843907001997772799e-01
-4.001730509160105198e-01
-3.810581525523913382e-01
-4.799870588228601354e-01
-4.441850804557963550e-01
-4.106325708678595920e-01
-3.505921733878684110e-01
-3.614254699955137262e-01
-4.879454488578282012e-01
-5.050887202673739473e-01
-3.364152120504709798e-01
-3.984543274967107251e-01
-3.963954635925618919e-01
-5.051381853917653597e-01
-3.222752669437339845e-01
-4.262838577670051143e-01
-3.618694164677162539e-01
-5.441097463880092411e-01
-3.398367685146878592e-01
-2.069070943828255627e-01
-3.912145744017967441e-01
-3.586778189493975977e-01
-3.408928667116490341e-01
-4.297849813095397931e-01
-2.954241445478593686e-01
-3.429256870164292259e-01
-4.061683019396880590e-01
-2.160078238357444336e-01
-2.121684791285468052e-01
-4.787847901932346106e-01
-3.812212371386583531e-01
-4.611117054217166999e-01
-2.668586602811297004e-01
-4.708316151681173345e-01
-2.485652231888887398e-01
-3.669370015093086912e-01
-5.723938496282922062e-01
-3.444205018933639839e-01
-3.716934409996552890e-01
-1.880841285923292583e-01
-3.778031562360179563e-01
-3.335255710159251707e-01
-3.857573805691246194e-01
-2.335032003744670903e-01
-3.596980257998580455e-01
-2.799238675567301549e-01
-4.197401053460578235e-01
-2.189425823165873086e-01
-3.373504346395732600e-01
-4.406283122671664776e-01
-3.076799806081387811e-01
-2.377445346744180565e-01
-4.082839287499124281e-01
-2.999830380842536948e-01
-4.045738722488766426e-01
-2.519401074055638845e-01
-4.007771046471588217e-01
-3.183214701917446154e-01
-4.158322994701011410e-01
-3.141567223790772689e-01
-1.930285497902825831e-01
-1.814893496783055449e-01
-3.611866378319642523e-01
-3.565116418790916231e-01
-3.930867813271320954e-01
-2.592749260922984078e-01
-2.613205284234409453e-01
-3.416419303484018455e-01
-3.707968993620644471e-01
-1.682967285002389402e-01
-1.148235742936802306e-01
-3.255185088409320304e-01
-3.074769276053566092e-01
-3.099271888035329825e-01
-2.885983180515858670e-01
-2.431187855881169688e-02
-2.490837605236142782e-01
-2.367804778173282498e-01
-1.100909707951108069e-01
-2.095762388780995078e-01
-1.430542320198600059e-01
-2.704878990676049533e-01
-2.471425492867358464e-01
-1.420087054265289916e-01
-1.919554690617227832e-01
-2.183951669358871750e-01
-4.058267468278172752e-01
-1.738670235893972904e-01
-1.453388364834956870e-01
-2.109134542051273320e-01
-1.823009576507530760e-01
-2.344397233116053414e-01
-2.358867659177598664e-01
-1.726257714580895497e-01
-2.622787353431370594e-01
-1.340566675884884706e-01
-2.492187509521667510e-01
-3.324036565957452782e-02
-3.181056749467964240e-01
-2.792451900520977470e-01
-3.329615771424421222e-01
-9.102160946955135945e-02
-1.745515912845503892e-01
-2.692149939774866052e-01
-1.338820749665741994e-01
-3.095765667565763546e-01
-1.253490832222019236e-01
-2.604541797780631773e-01
-1.327944506031556171e-01
-2.008970366908494620e-01
-3.017934945341910202e-01
-3.042396957461886986e-01
-1.780787330750021602e-01
-5.061930844857665673e-03
8.406270993867286101e-02
-2.922931395924656117e-01
-2.265521387483625804e-01
-2.124007255732583144e-01
-1.463968758785069990e-01
-1.887207583684145096e-01
-1.981380243835448307e-01
-1.749993908653432184e-01
-1.173130833019205288e-01
-1.152244653387971690e-01
-1.570838928590568007e-01
-1.821283791907157557e-01
-2.622393859184656700e-02
-1.784689195247236571e-01
-6.248469646069047118e-02
-1.453218070109193738e-01
-1.781949448401460856e-01
-1.336766180400434170e-02
-2.122528597980004039e-01
-1.950227559144731837e-01
-1.827988555741267285e-01
-2.535341168731712891e-01
-2.076245061576810144e-02
-2.230046489366966367e-01
-1.040220662688628589e-01
-5.783505754360748069e-02
-1.569071160534298848e-01
-1.173250124898811697e-01
-1.747987612924985779e-01
-5.619334998513556001e-02
4.314175320885766524e-02
-1.093068515848895222e-01
-9.059392478878175448e-02
-5.358384168798401015e-02
-2.241293999807232040e-01
-2.152270966092110493e-01
-2.256301385166775697e-01
-1.312295581259587396e-01
-9.108766059271697357e-02
-3.541004642824242127e-02
-9.871930457682215332e-02
-2.532787545881761901e-02
-1.277378166818085026e-01
-6.179501776193108489e-03
-2.377344218751400451e-01
-1.134887757796936431e-01
-1.968415950872414444e-01
-2.283466141174143871e-01
7.230598058575851694e-02
-1.340907524823055363e-01
-1.048091761835403535e-01
-2.741997547190066012e-02
-6.819287437065987834e-02
-3.543045601639423919e-02
-6.834455526895477639e-02
-6.493219100236298502e-02
-6.760702381632549551e-02
-5.743483830327497652e-02
-1.217118671863594986e-02
1.873053940693379269e-03
3.046614703468847676e-02
-1.216432915509963603e-02
-1.137014476031740218e-01
-1.181358165989629116e-01
-1.844836667567741062e-01
-2.037272770693029089e-01
-6.249972675319991761e-02
3.248268137665660804e-02
-5.656474990247591095e-02
1.179326940658677325e-02
-1.661412562533624848e-01
4.875367484226819648e-02
7.088103049463838345e-02
-2.232785452551084016e-01
1.677873982467583680e-01
-9.556853000491483119e-02
-4.473713799838638827e-05
-7.279122276064903252e-02
-3.272079936405755674e-02
2.271455503885288010e-02
1.876429215198355260e-02
-3.236667046712970314e-02
-4.014669247797828661e-02
-7.302920584644422008e-02
-7.363386448493897118e-02
-3.839449209825194359e-02
-1.916575694837073518e-02
-1.562375318513726519e-01
9.291812815290272781e-03
-8.311380107235435966e-02
-1.029778629432953271e-02
1.311332164702657017e-02
1.497542707118161565e-01
4.335828992137406163e-02
-1.754128328614826607e-02
-5.299257999803864277e-02
-4.682422368955393988e-02
-6.292408872749317983e-02
6.334960228115484038e-02
5.521151342697095538e-02
4.814131830050592115e-02
1.739307265850839057e-01
-6.689479283071091131e-02
-2.069038130388062627e-02
3.772575019757731102e-02
-1.949950679754604288e-02
1.402616240481814602e-01
-1.876653390172183800e-02
-2.906012454048003540e-02
-5.230861768847339804e-02
-4.576506194725120727e-03
-7.547850868955005565e-02
-1.102255610190235914e-02
9.366871813998360607e-02
1.686523738705857089e-02
-7.826706125240417977e-03
4.911912065827544333e-02
6.425820645314404833e-02
6.858052756331806110e-02
1.497000305863517011e-01
9.960177892922883469e-02
7.576498930307279389e-02
1.348311689445753636e-01
-5.334335130774413292e-02
2.049147699765788977e-01
2.040694703196232473e-01
1.819392856564603367e-01
7.772401388412540635e-02
-1.199760666436115036e-01
6.650017635478097655e-02
4.628528072423420542e-02
-5.348375274930718126e-02
7.777314940787843911e-02
4.824016773644783374e-02
1.235916177761472584e-01
9.177331753154248373e-02
-4.506866638533060798e-02
2.035991609774912836e-01
1.372236081286808684e-01
3.988553926897588781e-02
1.024484017749903997e-01
7.064384186645721042e-02
1.844069619574831842e-01
2.933209509990202801e-01
9.221392444575676750e-02
-2.267951514384506598e-03
1.393341531023547797e-01
1.373552333213753085e-01
1.467839987728915829e-01
1.412299596995649220e-01
2.550558391157189408e-01
1.828753889193671656e-01
1.982214509848287745e-02
1.836810746058550048e-01
9.807863803098088029e-02
4.075234698713196824e-02
1.437754382346507209e-01
1.759082334288306071e-01
1.460606909381940155e-01
1.634376082233923444e-01
9.727707945490102204e-02
1.736251576447028766e-01
1.516246725286321539e-01
2.000585070601647586e-01
2.078527418679389782e-01
1.730419922383111819e-01
1.352409355309659444e-01
1.374957548012047392e-01
8.446490012272518666e-02
2.339848822730595246e-01
2.629369322877347370e-01
1.157525925529859501e-01
1.488618559970347199e-01
1.274959296658688401e-01
1.389713486284500643e-01
7.844947467131016539e-02
1.758632605305566199e-01
1.109935267722331059e-01
2.769972582325659904e-01
2.120820316793536331e-01
3.824078127757426365e-02
2.407753083727261489e-01
2.388309643941146920e-01
1.538141408880375760e-01
3.049000417264950413e-01
1.099905453102904135e-01
2.337564036116966948e-01
5.105443940890784515e-02
1.412420710806423785e-01
3.899749534860131456e-02
1.348795288976696871e-01
1.540818547855504483e-01
1.475834477792298260e-01
2.814198841474415125e-01
9.523303713216754729e-02
3.239074778195916160e-01
3.607729423628775467e-01
8.803961707574863016e-02
7.310870927224748239e-02
2.062017690712912577e-01
1.298799940121958540e-01
2.065529700658851053e-01
1.654147265824881807e-01
1.329702814988467374e-01
2.021794702939563038e-01
2.956551814928897737e-01
2.080126126713793544e-01
1.145105934078995552e-01
2.321277805429368124e-01
3.284532554824484696e-01
1.727376696345586937e-01
8.639428480234374874e-02
2.278217994326538487e-01
2.155751347279234176e-01
1.425189743403797449e-01
3.220576121558669791e-01
2.720049293200731966e-01
2.928465820656146468e-01
3.094524672668437781e-01
3.899857154767396583e-01
2.682309107162051953e-01
2.293003047829369756e-01
2.547586745695661903e-01
2.090651761913780715e-01
1.549959486097345074e-01
3.750738796033801226e-01
6.191376784510167069e-02
2.349262938901535980e-01
9.397836260463660052e-02
1.256765366315866495e-01
1.468233372082453914e-01
3.686449180050612173e-01
1.686805685030404456e-01
4.676890202730470958e-01
3.436288719595205765e-01
3.208184510158026415e-01
4.245050418184112551e-01
1.535270551578555298e-01
2.939934261071536770e-01
3.547879893099814552e-01
2.196325321862789559e-01
2.509201394114250472e-01
3.480646421265430335e-01
2.951627541528892840e-01
3.072137739578474358e-01
3.321973564374079979e-01
3.777619117101531643e-01
2.890097486483838019e-01
3.633893711076539024e-01
2.903473725716750886e-01
3.523207540558758732e-01
5.108930316360387608e-02
3.198992611519055895e-01
4.482990156823573047e-01
3.809095988754658824e-01
4.065673040481018741e-01
4.570371807972327671e-01
4.099691038984728531e-01
4.364175136040145397e-01
3.273399277509027594e-01
2.193280917956104414e-01
4.275428102560389076e-01
2.961164378105876072e-01
3.202377386356615729e-01
2.643274781847371746e-01
4.025866586896521548e-01
3.914168363403215389e-01
3.828429230516081638e-01
3.489690732855355026e-01
4.078445681388346289e-01
2.905985034454734439e-01
3.832557892286732049e-01
3.044715617502392058e-01
3.543758551296520842e-01
4.543578680245581314e-01
3.224547059126720017e-01
4.569060818165391336e-01
3.759672519360204301e-01
2.904563428818312532e-01
3.695099626400552562e-01
5.382095732158644896e-01
3.575247799785402636e-01
3.387339882978622208e-01
4.267347858421648987e-01
2.964830595240749433e-01
4.909544578034036877e-01
4.797787607605842330e-01
2.955187716296026057e-01
3.037826055122899160e-01
3.215740198933959570e-01
3.284143658371235786e-01
2.868481444462107621e-01
4.323310614840202293e-01
2.011983883191154621e-01
4.270997338093076579e-01
2.803996306725091148e-01
2.695833962675435735e-01
4.004848098990323457e-01
4.901035343385670151e-01
1.976214757509627551e-01
4.130130107077708002e-01
5.233116852230953464e-01
5.113468711844807446e-01
3.970244091040991408e-01
3.248409416525716575e-01
4.335086013108147562e-01
5.054728441677560635e-01
4.476888560899325853e-01
4.107402493553898304e-01
3.576769141433607246e-01
4.063440519785587735e-01
4.313223902259777920e-01
3.814784293026578510e-01
4.394680667924925066e-01
2.893252028604829662e-01
5.655511323871694751e-01
4.201297582611377424e-01
6.154596602449401432e-01
3.129424526598618139e-01
5.336347140757407015e-01
6.533462727924408409e-01
4.278240674817666567e-01
3.930283766164804904e-01
5.275549557241777654e-01
3.182382136613080559e-01
4.495267258118076370e-01
5.927062140607561869e-01
4.367101706793418692e-01
4.790344425756451474e-01
4.407525400786971304e-01
4.928257293190013155e-01
6.238945854182731399e-01
5.413541072781213881e-01
4.778305067790724614e-01
3.917823363494130073e-01
4.641154099847493719e-01
4.290558453984245069e-01
4.860614155579471296e-01
4.560582328680763964e-01
5.042845355902898508e-01
4.068179152420514089e-01
6.341172381966470040e-01
5.112251019483859960e-01
6.083212597203897509e-01
5.771593690637693008e-01
3.571833647291283165e-01
4.529714850290240125e-01
5.171607142217762298e-01
6.832000406970871742e-01
6.967384552464334080e-01
6.023681861092504697e-01
6.990241934475539543e-01
7.140570230693703557e-01
5.544974592371592070e-01
3.678957033784819863e-01
3.367390400250202531e-01
5.368807197144007670e-01
4.935519186760774502e-01
4.209453442253769384e-01
4.791505221785354318e-01
5.172193575901868901e-01
4.139141010317443636e-01
6.505252642162138166e-01
5.086850893021702680e-01
5.809527824334875801e-01
5.535662296417360739e-01
4.501086769198181514e-01
4.809294436359196623e-01
4.797816633573290246e-01
6.392834998473474473e-01
5.332409799179841370e-01
4.610887310877824774e-01
7.577294108241692250e-01
5.942825866062871887e-01
5.835498446295011021e-01
5.762721091095709403e-01
6.323323364654140910e-01
6.114389050454512864e-01
5.300720262049133380e-01
6.222823326543529543e-01
5.204234162803200725e-01
6.339620502957716841e-01
5.191254742899426011e-01
5.410424966606720565e-01
6.954986023256265470e-01
5.059869680240289824e-01
4.412314754251325799e-01
5.498019977850381323e-01
4.586967983009507810e-01
6.168136646141185730e-01
6.976262645388630057e-01
4.773514674985812611e-01
6.686745577926275219e-01
6.069337933575998933e-01
5.687399600683302747e-01
5.372671194365848946e-01
7.529533315813964345e-01
6.474970790915305363e-01
5.476923268329105809e-01
5.864444510317429193e-01
6.720309148805303501e-01
6.576342772669130365e-01
5.545281388712569592e-01
6.156426786936943785e-01
6.081396214974500447e-01
6.440692097758574652e-01
6.714580415107406219e-01
6.796170214225483175e-01
5.760628550202984144e-01
6.316569448775303242e-01
6.050652259364406316e-01
4.294889938389469530e-01
6.895846008664968663e-01
5.975916705336435930e-01
7.100552107699962257e-01
5.903869070148091147e-01
6.257625557490151813e-01
5.751980820970956643e-01
6.277376312868057084e-01
6.347308058338021475e-01
6.557879949205378534e-01
5.861142218645907231e-01
6.042692437658603311e-01
5.947852781716881365e-01
5.528729418251205896e-01
5.121796641399404271e-01
6.693852415959947733e-01
6.578013704453286037e-01
7.796219141771029149e-01
5.326827339108669568e-01
6.451294162797465148e-01
6.637620553398118073e-01
7.454864791704374216e-01
8.311756003086759881e-01
7.381489930901845575e-01
6.137690530648481912e-01
7.778976274105937616e-01
4.437698013250280238e-01
7.035984305853835163e-01
7.388933706286537895e-01
7.298454002791409101e-01
7.892409889863131189e-01
8.516935420463443984e-01
6.507307381414617620e-01
6.959011499530100009e-01
7.160412681244673339e-01
6.157871155082595971e-01
8.578285014336451964e-01
1.050909624905913109e+00
7.314414332320658962e-01
6.873263702284606591e-01
7.781110137693413309e-01
8.553277174739190025e-01
7.145813271668907118e-01
6.810521167798876396e-01
7.711112411441130021e-01
6.293538939068705762e-01
7.133445504144866334e-01
7.813950951927083333e-01
6.660606667016304439e-01
6.651524414794670603e-01
7.507764342757786702e-01
7.944344191179966153e-01
6.159666125856243513e-01
8.571806611998388226e-01
7.424086860836409674e-01
7.153018585744624902e-01
6.768539684827860059e-01
6.500310211028680341e-01
8.540929877426766126e-01
8.259402578567205389e-01
8.206924439534667437e-01
7.302713766439774545e-01
7.152545763462703210e-01
7.119759726660185306e-01
6.748955297609295911e-01
6.627652969746916645e-01
8.280772168895612628e-01
7.312875289706434190e-01
7.285712260885973679e-01
8.702401305773923568e-01
6.655056423076163297e-01
9.035523980588544557e-01
7.176495481088751571e-01
6.685342714818579557e-01
7.881135868161921465e-01
7.972562126731187471e-01
7.982884347338520259e-01
7.489773412436757649e-01
6.632105885580182880e-01
8.925293188218652585e-01
8.061101494887747965e-01
8.748568555593567719e-01
8.738514343458054778e-01
7.320951083166953310e-01
8.035141504865669360e-01
8.184396359421018952e-01
8.115565898057210958e-01
7.588157839726769049e-01
7.591276070193931913e-01
7.851501076224720599e-01
8.552602604184423862e-01
7.569724957760770589e-01
7.679737265528061574e-01
6.796267843795750219e-01
9.335175107672396555e-01
8.442102359735520478e-01
7.559171230947920872e-01
6.840777096905060750e-01
8.048701430602372975e-01
8.012718606326927340e-01
7.952970662289833292e-01
1.043493946386681026e+00
7.885518656246762736e-01
8.441907268357478067e-01
8.594308674506994095e-01
8.238609981834729146e-01
9.297387264724622513e-01
8.548389331543674308e-01
8.870880938886356315e-01
9.596725785337922865e-01
8.296557993615588655e-01
8.153653121057554687e-01
8.517639518216205685e-01
8.628070223840024200e-01
8.023749901535767171e-01
9.674835852358890653e-01
8.386017540641026446e-01
8.708056244698086923e-01
9.225034366400240993e-01
8.130793623109923152e-01
8.849657901694006901e-01
8.019834803532462919e-01
8.199392643481805409e-01
9.468934116072651452e-01
9.070967406320872284e-01
8.678652110026963129e-01
9.372340972027202177e-01
8.971378263481281090e-01
9.162906043716121385e-01
9.560253792720944110e-01
8.456903090658451916e-01
8.233423511446600340e-01
8.747239816376328747e-01
9.580870780962043032e-01
8.727746986071677204e-01
7.784144281539147059e-01
8.398974361990882986e-01
9.672427872383881908e-01
8.230997888250511929e-01
1.071843690963536933e+00
8.437221142140455266e-01
9.061156737265769756e-01
6.756535527613785064e-01
9.463678131944143201e-01
1.084474556200544892e+00
8.315691782854934822e-01
9.137454625839198652e-01
9.166455077931741080e-01
1.031935379166982081e+00
9.550529921771477859e-01
7.721910374016140999e-01
8.888552337139582482e-01
9.127103985223891103e-01
9.298681948217256688e-01
1.003084184094920950e+00
7.587948047789714323e-01
9.137952235483099983e-01
8.988037174897904880e-01
9.812040675146551649e-01
8.914197420359715185e-01
9.560555016180449783e-01
9.978212915351647450e-01
9.495410371982675457e-01
9.210910138098775679e-01
1.022216356639766621e+00
9.633089895891960852e-01
8.910712876836587304e-01
1.003594672325648363e+00
1.118694148691599777e+00
1.160849572816027964e+00
9.529766308878191428e-01
1.024061870306151922e+00
1.042974697384187577e+00
1.053178710187198996e+00
8.984159104364266568e-01
1.052414510819431381e+00
1.004872088558383725e+00
1.126874943382442762e+00
1.071381120364635953e+00
9.461052763141426514e-01
