-1.008933063189686008e+00
-1.006949720210849719e+00
-1.046636881721580092e+00
-1.129881196892846829e+00
-9.965503969834658138e-01
-9.161079547344034291e-01
-9.355981917359051936e-01
-1.073317511348955255e+00
-1.000026234665431613e+00
-8.101566251239441518e-01
-9.886547839512455083e-01
-9.309752958805753709e-01
-1.028846750270263177e+00
-9.283836348391683035e-01
-1.020163273370446655e+00
-8.949589120758785210e-01
-1.027091600346449196e+00
-1.006401720486076234e+00
-9.425104029072117751e-01
-9.593191744238084295e-01
-8.916398737498335558e-01
-1.036221431950906213e+00
-1.106218145950366383e+00
-9.807317360746398149e-01
-9.029742112206919913e-01
-1.005790605287168349e+00
-1.013061388558688103e+00
-9.737521002115525626e-01
-1.111521098828147203e+00
-1.016809131604374805e+00
-8.864517839414253197e-01
-8.810551016202687880e-01
-9.081152909904892656e-01
-9.799223702621153720e-01
-8.957157924964330720e-01
-8.915312292760921853e-01
-8.820821901180442293e-01
-8.346770537480610042e-01
-7.572008263615453982e-01
-9.113117078886163736e-01
-9.395984866960135351e-01
-9.658290040530251863e-01
-8.131169690957272822e-01
-9.710232439406452087e-01
-9.405457602062602396e-01
-7.742377768470000143e-01
-1.201048059344961505e+00
-1.090632472739370584e+00
-9.313014374849274413e-01
-8.757264102408766071e-01
-7.565412330361381832e-01
-8.859941823603486588e-01
-9.784437161634301772e-01
-8.152841173151247345e-01
-9.005722173130819019e-01
-1.002124401281245358e+00
-8.563457964737958283e-01
-8.877106935563504608e-01
-8.221890346334963517e-01
-8.019811160523677707e-01
-1.057729388657777214e+00
-8.194558548031097844e-01
-9.796239677203104623e-01
-8.763919428740715167e-01
-8.336236614245535748e-01
-9.297097409547186997e-01
-7.990134546118283776e-01
-9.443111735605825841e-01
-8.827649104843903194e-01
-8.769538292430115733e-01
-9.241875466761811930e-01
-9.478619412268999289e-01
-8.544178795248371650e-01
-7.796631388915500338e-01
-7.859948208600410213e-01
-7.014962514618703349e-01
-9.120466519584992104e-01
-9.097177456978670085e-01
-8.386166858667823965e-01
-8.024322539996200376e-01
-7.143043044938640618e-01
-8.370021650374858124e-01
-8.680138782354177573e-01
-8.179420455898408493e-01
-8.469763168431101441e-01
-6.810163923545076159e-01
-7.198951452707147425e-01
-9.644512900494002228e-01
-8.414224750570973299e-01
-9.206094970009318645e-01
-8.702890261828239993e-01
-7.443917056995418280e-01
-7.005711115696960922e-01
-7.424441039827293087e-01
-6.709821228693233497e-01
-8.690180198410855095e-01
-8.668000963160968908e-01
-8.550764641480825823e-01
-8.858390836928531353e-01
-7.670567930116612976e-01
-8.961203246577825743e-01
-7.519282671303908483e-01
-7.735059751392123761e-01
-8.391095614427103166e-01
-8.914554660187620216e-01
-8.073005562398973822e-01
-7.810208579238312465e-01
-8.446175092772104653e-01
-8.902917562479467639e-01
-8.019335920001325890e-01
-8.939712767798804194e-01
-8.270579656187426743e-01
-8.025954885206061373e-01
-9.404459970267152746e-01
-8.868820702638584574e-01
-7.998740825409133004e-01
-6.929992867857359684e-01
-7.147252995090954686e-01
-8.385675526705784755e-01
-7.844744164339957360e-01
-7.798930447993491777e-01
-7.314415368246289795e-01
-7.689702726322886761e-01
-7.242321571498496757e-01
-7.736057729768601732e-01
-8.668967654133427070e-01
-7.319540403326652012e-01
-7.463736147850452696e-01
-6.739260270928773000e-01
-7.382388672603217294e-01
-8.041379614356164440e-01
-1.005589438480360531e+00
-7.475806558053348372e-01
-8.439310002389093235e-01
-7.817366983535951608e-01
-7.573322512648387184e-01
-7.245137431972314968e-01
-5.894140039208405346e-01
-8.163880509251209006e-01
-5.731361345926738737e-01
-7.957064481891444885e-01
-5.717301274523741705e-01
-7.454932069218543900e-01
-7.472704833682199954e-01
-7.911477487693556743e-01
-6.879231423618644703e-01
-5.709600097487835813e-01
-6.236032512239226833e-01
-7.367344097600682096e-01
-7.971338003106498427e-01
-6.137710309572372847e-01
-7.828041551942789278e-01
-7.549148950896888977e-01
-7.073611446914824796e-01
-6.271400930429044118e-01
-6.827899864369677552e-01
-7.150378433754860374e-01
-8.918812571080531049e-01
-5.138635249391869664e-01
-7.491159168009671188e-01
-7.657442008252282051e-01
-5.517518440302475735e-01
-6.202121687140250694e-01
-7.382781886877717303e-01
-7.073874052440228821e-01
-7.588411581958716123e-01
-6.427556599933789139e-01
-7.626082149612687378e-01
-7.025700511568986339e-01
-6.581692194025573484e-01
-6.174656695872499101e-01
-5.838166649135566599e-01
-6.868187666872451747e-01
-5.960610649005734230e-01
-5.352858176039988480e-01
-5.181228128710838599e-01
-6.416297802236325953e-01
-5.679220359969805454e-01
-6.717131394194190142e-01
-6.147965233188994461e-01
-6.661010892750608425e-01
-6.479347693015767851e-01
-6.195606722451877379e-01
-5.933158547452275222e-01
-7.272238675337289182e-01
-6.366783328540401854e-01
-5.800994143197635289e-01
-6.078132294745871578e-01
-6.168309191435379368e-01
-7.809390978836987518e-01
-6.790678240133496413e-01
-4.368214220963303474e-01
-5.914281986446099371e-01
-6.221778580077809151e-01
-6.186287121956886015e-01
-7.734040488237845512e-01
-7.325692932785835554e-01
-5.394347856272427855e-01
-5.578387906891837389e-01
-5.282577616581569657e-01
-5.982335770113141882e-01
-5.902772283875905579e-01
-6.177492371146862116e-01
-4.515968532761986398e-01
-5.761244775031452159e-01
-7.267749361699554767e-01
-6.697154182077481588e-01
-4.924950278360898936e-01
-6.801088804309065594e-01
-5.861396145251865919e-01
-6.203118720643440165e-01
-7.212594683185384881e-01
-5.190660032736745810e-01
-5.968741224626217257e-01
-5.968460189503654867e-01
-6.735122037210036217e-01
-5.843622694736453349e-01
-5.062959751419334742e-01
-5.911442959768692385e-01
-5.489518893326355009e-01
-6.336412943387998986e-01
-6.030376852318823921e-01
-6.479243713912212765e-01
-5.212854028573379317e-01
-5.852344360096034537e-01
-7.502290653338372639e-01
-6.869045412792562644e-01
-6.169355791338574369e-01
-5.821683751242442417e-01
-6.265147208726691286e-01
-5.383267268031587394e-01
-6.168847500851367682e-01
-4.911512419107615379e-01
-3.691827889428895282e-01
-6.729872714090637809e-01
-4.869553394952354508e-01
-3.818911867971020446e-01
-5.027689574848741572e-01
-4.665581770596101130e-01
-5.433246251056046416e-01
-4.478985723710254274e-01
-6.448778916361661562e-01
-4.399010842920328401e-01
-4.873734277838744910e-01
-5.968271481198267336e-01
-4.733210712329484759e-01
-4.523273332693930060e-01
-4.293826303185575566e-01
-4.673519497419665880e-01
-5.414997929000516796e-01
-4.624013709752722856e-01
-4.236690369275254997e-01
-4.386809497384334677e-01
-5.351146960141016651e-01
-4.258250400379052225e-01
-5.830764529342040703e-01
-5.348050591427299105e-01
-5.639207028419547241e-01
-6.833690464208345139e-01
-4.144914891062344564e-01
-4.357095227097305679e-01
-4.056525358865452624e-01
-5.504126736254406627e-01
-5.133173616208678292e-01
-5.442745580300940578e-01
-4.639153797349989117e-01
-4.640245790535494352e-01
-4.751769939975662438e-01
-4.764669793443220835e-01
-4.597589897172889573e-01
-5.864701076971999827e-01
-4.368594247124612528e-01
-3.939049731894578854e-01
-5.263657698587103084e-01
-4.409507094872903710e-01
-3.629184677118297286e-01
-3.967027065814759390e-01
-4.855027472770110375e-01
-3.264375623492281053e-01
-4.100475068923291611e-01
-5.241894831617381900e-01
-3.200566099237912576e-01
-5.082318191798474993e-01
-4.596874488730642860e-01
-5.042481915496882516e-01
-4.434021792371578563e-01
-4.282932972455746889e-01
-2.595268591938575953e-01
-3.821403661239995420e-01
-4.901404653420604052e-01
-4.405844516506055020e-01
-4.626627030685675490e-01
-4.026500677593002342e-01
-3.640845679689790337e-01
-3.868962943368555174e-01
-4.805401875608063533e-01
-4.407383205644665458e-01
-3.780363997757266725e-01
-4.435697790535153007e-01
-3.623564421491210497e-01
-3.195477275951317808e-01
-2.716571568820976834e-01
-4.968110999830985808e-01
-4.686266301667613154e-01
-4.106747853033086981e-01
-4.318842811998018227e-01
-5.628434809856762699e-01
-5.743624593954207436e-01
-4.186334887147479256e-01
-2.298469767930425844e-01
-4.184721169161494392e-01
-5.502476269191386438e-01
-4.274917540748351397e-01
-2.916581721817830264e-01
-2.900450094961824488e-01
-3.734108329809330828e-01
-3.535823963779058943e-01
-2.940076907194835165e-01
-4.566289902545317969e-01
-4.187502948185117257e-01
-2.973803208128572018e-01
-3.377630050586559185e-01
-3.679550440865868577e-01
-4.311260209108835340e-01
-2.990449305563545046e-01
-3.594717367472000102e-01
-4.799019361863389732e-01
-3.660878445482875221e-01
-2.398821475641398082e-01
-4.181649896572621206e-01
-3.935611895225608059e-01
-2.697684514271551648e-01
-5.186577355442796300e-01
-3.745443260476879477e-01
-2.778327350249228389e-01
-3.049206151591050129e-01
-2.950906479743308219e-01
-2.785758264924648175e-01
-3.044532817037532979e-01
-2.507150372850894260e-01
-2.260979522857384238e-01
-4.383045200074025538e-01
-2.473035266468922577e-01
-1.190066056225608376e-01
-4.562416314586410504e-01
-2.351446637870496514e-01
-2.239277914218167631e-01
-3.265319863446399795e-01
-2.196961701595958605e-01
-4.020280878143451808e-01
-2.604722869170156829e-01
-3.124252646881269246e-01
-2.460987407423339268e-01
-3.084905894537015580e-01
-3.620456700785397719e-01
-2.044462164923109837e-01
-1.997374462758975400e-01
-2.169070233507147671e-01
-2.801112939283786907e-01
-1.169419644031733790e-01
-2.194646805811895363e-01
-1.749839359577337883e-01
-3.090087213251979104e-01
-2.664408370011696059e-01
-1.910022352753603658e-01
-3.722284209521110054e-01
-2.933248276663393828e-01
-3.783543489122080938e-01
-3.926292268946331987e-01
-3.703107570493440748e-01
-2.290017592108356814e-01
-1.916016938900229061e-01
-3.419893277507272122e-01
-1.676299811588649880e-01
-2.177878852132937304e-01
-1.395922142120077092e-01
-3.105779639901744549e-01
-2.604315430030319511e-01
-3.064480090723505912e-01
-3.664218286859361462e-01
-4.588408074429676797e-01
-1.885279566302677234e-01
-2.324892073600862696e-01
-2.298348749599102847e-01
-7.975172265666281846e-02
-2.224231248727911170e-01
-2.595733320176623615e-01
-1.948447851421116761e-01
-1.901152413615435355e-01
-3.078748680087212697e-01
-2.579550566912892640e-01
-1.827063660530935385e-01
-2.188886656579412116e-01
-2.092158634609670442e-01
2.572414735466282357e-03
-4.737790595980129887e-02
-1.755327471478986545e-01
-1.136184997514293610e-01
-2.050310857078161131e-01
-2.933371036648097507e-01
-5.027671829713189350e-02
-1.452563922372853977e-01
-2.298444258049988503e-02
-3.184423352452888656e-01
-1.099264100550104289e-01
-1.700367802603139356e-01
-5.684677392809429908e-02
-1.011315713769757318e-01
-1.606992621254604847e-01
-1.340112913492737812e-01
-3.083134858810151480e-01
-2.106817480952128396e-01
-1.552313596495160375e-01
-3.099222408418410013e-01
-2.259822338864439506e-01
-2.275817866711974113e-01
-1.479533073444046776e-01
-1.266531604268057998e-01
-1.643269531139667228e-01
-3.698548898815269270e-01
-2.240188778605602948e-01
-2.461773543081964555e-01
-9.121097019057623767e-02
-1.647697599951761793e-01
-1.372571245343827406e-01
-6.621706193072564306e-02
-1.092921069039002602e-01
-2.135070219079314713e-01
7.286151405531281558e-03
5.935212187706066789e-02
-6.621788701547584588e-02
-9.780564829973946439e-02
-2.968767920544259642e-01
-2.503734540687201776e-02
3.114013058263499778e-02
-1.666966341413065600e-01
-1.793324884125523100e-02
-1.322631295301184284e-01
-9.597112473685176504e-02
2.279902172011388437e-02
-1.131940453620426112e-01
-6.904698797223719764e-02
-1.229746484830733511e-01
-2.392502845161360303e-01
-1.586332120946289392e-01
-1.029687274730650276e-01
-9.759650177351136824e-02
-1.540291698232181851e-02
-1.336065136457169622e-01
-1.804728638016164510e-01
3.058288055077726820e-03
-4.584235942185747870e-02
-9.428885967812253299e-02
-8.213560814713594116e-02
5.344182363659798901e-02
-4.911327771862716157e-02
-1.007482738988138907e-02
-1.539688507593718336e-01
7.758070608580746284e-03
-2.638545091712625468e-02
-3.387159664061400316e-02
-1.903291913826783144e-01
-5.693808607295717389e-02
-8.241818097113572106e-02
-1.819638541133306864e-01
4.598520329469249490e-02
-2.536854415860492762e-01
2.309939581962782654e-03
-3.051048542883380565e-01
-2.355648766213829653e-02
-1.582375678956487175e-01
6.001332313478771607e-02
-1.391795803722920277e-01
-3.927590445919986600e-02
-4.202786599712770438e-02
-1.210813146707376275e-01
4.624132660522620869e-02
-2.424879739182270871e-02
8.098984406514513068e-02
4.569367403531442162e-02
-1.814833343733790461e-01
2.947757454016409692e-02
-2.264764404193080061e-01
-1.226299100765937816e-01
-2.525463327961239082e-02
4.091798790087172884e-04
1.610326520615267334e-02
1.517861691953599143e-02
-3.069811494841835978e-02
-1.919746409315832916e-02
3.079193925306765792e-02
-1.685409115228599375e-01
-4.172479584175735334e-02
-1.255054284951915289e-01
8.424056999042386917e-02
-1.817950859129094376e-01
1.169900716703476395e-01
-4.932057791047693429e-02
-7.037182566909423731e-02
-7.476869399129526528e-02
-8.813444908770341757e-02
1.081190437498237705e-01
-1.653508860717237960e-01
3.532861647609173567e-02
9.088555198716773142e-02
3.333320306061725302e-02
-5.272782024807751156e-02
-9.829800482714347309e-02
4.772467952644679490e-02
-1.214219438443824295e-01
3.681331188600135695e-02
1.520307769056235547e-01
1.555975900071750462e-01
-2.712420113172848979e-02
1.160736599319010659e-01
6.827981807838801043e-02
1.836144334945824796e-01
8.603512587555602054e-02
-5.605259287812285746e-02
-1.037182104612794920e-01
1.152451618628246854e-01
-2.648763427513330104e-02
1.834688842689345678e-02
6.867186348083607894e-02
1.677162842242486684e-01
1.573708213938242065e-04
1.203182434259255779e-01
-6.904307393609447618e-02
1.112703908504077965e-01
8.668561935965442278e-02
6.616370209321635609e-02
1.225180326678141640e-01
-2.945843495533233616e-02
8.346171351685562068e-02
9.299411152014008808e-02
1.816180389220299063e-01
1.508819537512640641e-01
1.767741880010285649e-01
4.651168652330692904e-02
8.629566040532234139e-02
1.136052863962682818e-01
3.377150721038853221e-02
7.754943530841731936e-03
1.120687466569409152e-01
1.321504178355176751e-01
1.767188361003330654e-01
2.029269106737167094e-01
5.051667731438959363e-02
3.189320703327595818e-02
1.347749504985587266e-01
7.633213061879368100e-02
4.205329196767282340e-02
2.600424250557570871e-01
-2.337116413008762800e-02
1.949323151259396425e-01
1.567403106724054862e-01
2.807344736788717349e-02
1.305620312023724194e-01
1.273471913381601650e-01
-2.137498386559984545e-02
4.385076009296060701e-02
1.602651273243298506e-03
2.376749267941174748e-01
2.230184741489462663e-01
9.521686606123935803e-02
2.135943525321113701e-01
2.209491257393466634e-01
1.144540653157393034e-01
6.382549366569943705e-02
2.172078284275762716e-01
2.836980356830876016e-02
1.590035772404119196e-01
2.223918729810078487e-01
1.812659187589770737e-01
2.564036175081461921e-02
2.153201924576454429e-01
2.688652162124050005e-01
1.140949442477753040e-01
1.853794719507432243e-01
1.146180534694157399e-01
2.291880751075502098e-01
1.955656361913193086e-01
1.157980497685168614e-01
1.623803835555736597e-01
2.516435231918249249e-01
-8.679013269928079199e-02
4.036810377456025861e-02
1.557043922899946364e-01
9.637736838716216836e-02
1.287140970459526856e-01
2.040451529816750542e-01
2.771376921394491100e-01
9.723382073125250158e-02
2.925771160885276556e-01
1.147500004200202178e-01
7.379622872409800916e-02
2.185294648579626797e-01
4.078986060549521508e-01
1.711534024090406725e-01
2.204011050782224979e-01
1.442179258808943543e-01
1.794140383681397388e-01
1.435779356537165430e-01
2.499635074012039604e-01
2.166329050443396576e-01
2.003271181825498348e-01
2.229889300559222964e-01
2.570394575300956053e-01
1.878834185810739632e-01
2.725697676326233609e-01
1.476471780830315716e-01
2.739894215217720808e-01
3.494636910967537369e-01
2.918734072841144833e-01
1.513200900860121045e-01
1.524397205119958909e-01
2.654088786692233026e-01
2.053096063486724576e-01
2.592760178555607586e-01
3.741620506380611832e-01
1.153023325235979224e-01
3.594821876677555678e-02
2.620988177336540659e-01
2.575164189512119117e-01
2.604989895033335001e-01
2.441104185952863714e-01
2.817377518744196840e-01
4.186734308679763150e-01
2.885768812401091066e-01
2.379321580918649648e-01
4.565270982528892851e-01
2.089580053939517623e-01
2.792915091678799255e-01
3.017932976947168555e-01
2.804410394506472448e-01
3.905007891331843117e-01
1.695171036478953785e-01
2.024609224649295824e-01
2.078214047016204435e-01
3.208072914167374168e-01
3.082964846844851170e-01
1.918503082616501154e-01
2.749187496418906695e-01
1.568660167651000081e-01
3.310277953626142300e-01
2.759199348777782168e-01
2.650729296084541886e-01
4.181492157272995724e-01
3.458073253058952523e-01
2.369616402778953468e-01
1.989729028997889657e-02
3.361032717655332847e-01
2.989760105397474832e-01
4.050247623285215814e-01
4.087444710300934814e-01
2.534586230129198259e-01
3.594702641101056306e-01
2.288795853152325310e-01
3.258263065293621752e-01
3.866683414890916271e-01
3.212497359841672284e-01
2.821404326002961982e-01
3.984187684051951894e-01
5.238433080681855758e-01
2.492390176830445725e-01
2.102994162852467874e-01
3.932993933076760484e-01
4.093071545973513969e-01
3.057383291096306133e-01
2.755913905937958930e-01
4.068717407443444567e-01
3.036512834715390796e-01
4.802819628203237046e-01
3.659443782568033710e-01
3.972967989608683359e-01
3.892695780440879605e-01
3.109442441286643932e-01
3.751869811325685977e-01
3.996923351192760432e-01
3.669450914267101127e-01
2.961236579520938883e-01
1.654846929013501222e-01
3.201972199927538010e-01
4.372059352905799945e-01
2.411727291026152797e-01
4.679279330360197053e-01
3.859054351062090604e-01
4.741838724346658096e-01
3.849235156898995203e-01
4.585235679647833851e-01
4.419135519828868430e-01
3.024972787313461309e-01
3.887991944882101536e-01
5.038947535628715002e-01
4.274636163032005665e-01
4.511473934116219109e-01
4.034102462592450422e-01
4.340081310410058846e-01
3.943659491765990621e-01
3.612372383226776229e-01
5.253365431530410135e-01
2.986510981520765773e-01
4.454385209262932688e-01
2.690266710427826058e-01
3.305645764565880440e-01
3.342133541833920973e-01
3.948260914517117137e-01
4.439485771416413207e-01
5.888389740475146183e-01
3.957785105328197606e-01
3.623777553087310643e-01
5.387030576032092455e-01
4.614613279816788260e-01
4.963503733524438077e-01
4.403248439729748887e-01
3.631415407743607271e-01
3.228722662178838965e-01
4.643896307099052434e-01
5.073968435970075408e-01
3.204436721717554559e-01
4.511300109803890179e-01
3.169147392166073440e-01
4.468665614410635700e-01
4.960357210030398867e-01
5.834558899651489661e-01
4.718499633270122340e-01
4.071436479765366823e-01
5.103622425887347491e-01
5.258214217879011443e-01
4.705267776888338305e-01
5.151378914236716122e-01
4.585404122265324678e-01
4.771628345813955785e-01
4.686265345611269062e-01
4.182512878016873548e-01
4.286234520363140232e-01
5.662186944573884828e-01
4.093695623008850593e-01
4.274178023699023998e-01
5.020290627523037452e-01
5.985038226696242081e-01
5.622392137686328395e-01
4.700197115110652524e-01
5.641802502427374355e-01
5.803755436220158215e-01
5.922673970790832687e-01
5.961840408401236635e-01
3.991805772116679973e-01
4.679283309434262850e-01
6.143792773221493642e-01
5.581659803822129895e-01
5.357479437318929394e-01
5.394237515327267030e-01
4.928866074978354717e-01
7.574787634341078046e-01
5.230852239831742523e-01
5.398898424581684008e-01
4.529045225777122430e-01
4.713499211439511338e-01
3.492781655145000275e-01
5.178743661512890117e-01
6.218100211807531252e-01
4.496312157210046734e-01
5.776321883035756555e-01
5.207830039804489664e-01
4.278254187151040999e-01
5.285970125252468232e-01
5.012496705106910255e-01
5.336444510936505514e-01
5.183486467390315822e-01
5.490139452161392208e-01
6.421077215054843412e-01
5.451846638487712893e-01
5.191042650051128637e-01
5.899231012041294964e-01
5.846006235104699300e-01
6.400173842102466759e-01
5.878159451765788690e-01
7.027141353477268648e-01
5.997264908780858272e-01
5.430178054275777155e-01
5.480776708179257994e-01
6.815266064632238274e-01
4.413032865945406003e-01
7.266105485676456199e-01
5.601588390182992150e-01
5.899613406199583077e-01
6.513042741719797801e-01
4.901829528674039316e-01
7.217050412502427070e-01
5.423519137227453824e-01
4.808621000278408553e-01
5.709852300499124178e-01
4.978763286586199710e-01
6.202367840013163214e-01
6.915272034506465548e-01
5.395141292549719969e-01
6.394949368788153121e-01
6.469668524487026673e-01
7.259718013763314381e-01
6.448462720104580770e-01
5.999988512424614395e-01
5.662485905896580407e-01
6.076127175437417982e-01
6.265404290507743390e-01
8.217996448786153429e-01
6.501223118887979879e-01
6.026191998174521558e-01
5.720969503980299908e-01
5.698409369404962010e-01
6.665573312944653717e-01
6.134388426069260492e-01
5.859904232328868590e-01
5.467088860457185451e-01
3.997602369629387753e-01
6.637530173960011215e-01
5.558784831484279154e-01
4.862875630235759528e-01
7.113586901652854122e-01
8.012201562706238178e-01
6.087195180894819924e-01
5.933680571067541099e-01
6.887584667167447883e-01
6.349997684986034008e-01
6.001244314279857717e-01
6.170856343653510212e-01
6.917606103846171139e-01
4.874154940325537422e-01
6.652909176193632090e-01
8.452343440660614604e-01
5.544743146437446368e-01
7.744743766955810571e-01
7.230418562564572271e-01
7.560979174973933015e-01
7.017162181575768987e-01
7.568303493150470018e-01
5.866979855357904450e-01
8.523219531974634000e-01
6.834271191675613810e-01
6.348577030400412990e-01
5.842831916170312390e-01
6.436248945191365145e-01
6.486803643441266809e-01
6.775103225353169556e-01
7.304005186765577529e-01
8.539462572689353603e-01
8.438588911425565220e-01
7.788461963911488262e-01
7.398524924417031468e-01
6.751770088407700321e-01
7.159671608149664745e-01
6.962981052429433326e-01
7.061094454186275238e-01
6.968074556533428998e-01
6.666764997171739093e-01
7.603315347169602445e-01
6.570359411388323467e-01
6.669902642870212395e-01
6.332578554267481730e-01
7.280076242408252130e-01
7.771987920263146998e-01
5.606514932371686744e-01
7.003689329003912611e-01
5.591093257549059059e-01
5.925759096672672532e-01
6.789270851218348612e-01
7.992397834243034627e-01
6.177189190128862251e-01
8.497089346867437998e-01
8.508590380760863159e-01
6.771647790833413838e-01
7.505042179669949576e-01
7.994715961283882510e-01
7.062259780969696310e-01
8.293751394501748253e-01
7.140443130249516379e-01
7.552520944358527277e-01
6.377006394055290128e-01
6.658195740537792284e-01
7.410016962457307566e-01
7.378523811922058639e-01
7.173217406462465418e-01
7.593409843123748448e-01
8.050058349156371529e-01
8.053332329511088128e-01
7.034583981069002512e-01
9.249083761118576108e-01
7.690405796214253575e-01
9.231597384279482954e-01
6.146925184456824010e-01
7.186059858725128979e-01
7.435772087053947876e-01
7.370534264167399874e-01
9.340553469382825158e-01
8.667606750517685699e-01
8.011235722156003769e-01
7.189396188069795413e-01
8.926727999199246533e-01
8.079187283806482656e-01
7.417942100525068971e-01
7.481105375142335090e-01
6.863026346169608383e-01
8.457252298403152846e-01
8.902624455020083927e-01
8.711234411695826241e-01
8.771264644614351624e-01
7.614758993779253693e-01
8.268802032334917618e-01
8.435160763938525097e-01
9.304220204147287676e-01
1.030426415649183802e+00
7.413884279730362792e-01
8.390488913685602013e-01
9.187537404566517019e-01
7.960425122940505416e-01
6.761428559113860093e-01
7.444288679696077216e-01
9.051451672512133007e-01
8.559735478627573668e-01
8.590574263312447112e-01
7.926282083043785232e-01
7.706699328205129929e-01
8.855416819462208489e-01
7.890844378005116289e-01
8.543113295165795096e-01
8.452619485969358193e-01
8.345171598536965663e-01
8.550232148300583868e-01
9.580182594077674141e-01
8.650460873464248523e-01
8.510937616449283372e-01
8.359967646419742549e-01
8.000247231117807445e-01
7.454746329385831816e-01
8.300214912018097912e-01
9.312574688028466552e-01
9.821444686523067569e-01
9.128781878438078090e-01
9.356054485709124346e-01
9.876976482616489639e-01
9.072799884882132293e-01
9.053064848181846536e-01
8.741061868703010607e-01
5.860741827366932055e-01
9.185448788022074762e-01
9.710592158938390339e-01
8.999149708781668533e-01
8.100464244994558527e-01
9.035889076905520012e-01
9.040740958719873932e-01
1.017194798616015472e+00
9.832069366867753901e-01
9.623623045183218316e-01
8.472052232061848542e-01
8.677607546412366979e-01
7.380078530301548145e-01
9.775213066376795545e-01
1.058547889030985845e+00
9.696322096208075392e-01
9.279506608984687821e-01
8.122750752765421911e-01
8.980649798703428388e-01
9.900346191697702025e-01
9.598661364552499853e-01
9.270653919196096826e-01
8.732006735882420490e-01
9.488489079317046215e-01
1.088102870073607065e+00
8.797608913465184699e-01
9.479180378164255849e-01
9.383677599602641139e-01
1.002401536889414357e+00
8.703043051426332388e-01
8.069928487810942297e-01
9.647351546543878609e-01
9.576706761818795099e-01
8.763716831656849227e-01
8.846284191824449472e-01
8.930566630866396682e-01
9.832797372660678770e-01
1.010418317056224424e+00
9.672003091740205560e-01
9.758942994745462007e-01
9.303769133056701834e-01
9.669373429871900294e-01
9.478170173107431928e-01
8.701005335190045153e-01
8.798298735011037541e-01
9.901656629674087107e-01
1.019566310965976941e+00
1.017450044065973058e+00
1.007422599860399615e+00
9.427228349846091815e-01
9.996958378556298763e-01
8.513881453852445436e-01
9.313301892399797888e-01
7.848772472038461068e-01
1.004584836419255556e+00
9.439721238803003844e-01
9.531721692067210983e-01
