-9.723135078799555187e-01
-1.001871333765701477e+00
-1.044759589447259218e+00
-1.141613682662346196e+00
-9.911412191103682323e-01
-9.186162200205449935e-01
-9.311296372404517241e-01
-1.066963692591204271e+00
-9.878651579938286797e-01
-8.028860706716851592e-01
-9.892241254614096979e-01
-9.267538227719239741e-01
-1.036649952517221251e+00
-9.334903107803570466e-01
-1.063104146968862684e+00
-8.861700587889226322e-01
-1.036914857573916882e+00
-1.009445433008419934e+00
-9.327034403140582741e-01
-9.729102852909650156e-01
-8.926381960746275768e-01
-1.032102883410168204e+00
-1.096316576931504416e+00
-9.724373908818976231e-01
-8.961172978951549295e-01
-1.005003585448726922e+00
-1.021902937145691137e+00
-9.781291812012926634e-01
-1.129123276277500310e+00
-9.987841294228622102e-01
-8.638903812281638617e-01
-8.987243337849721847e-01
-8.900627654383183041e-01
-9.712561117932636545e-01
-8.870014885160129037e-01
-8.817370715626352551e-01
-8.946372674686218218e-01
-8.506313461865623315e-01
-7.566094976910020531e-01
-8.908934277573251626e-01
-9.274119276665468981e-01
-9.568323684712383148e-01
-7.909160903592792335e-01
-9.808261359199511586e-01
-9.278511718187014701e-01
-7.628205718517512279e-01
-1.181684998604922709e+00
-1.062954504214098650e+00
-9.396452824171731555e-01
-8.750351052119225148e-01
-7.492358501776656965e-01
-8.880927024227619482e-01
-9.553255360868597723e-01
-8.305775906601255976e-01
-9.016819397378481593e-01
-1.011211568916152048e+00
-8.586788717065028109e-01
-8.971734815871157398e-01
-8.190485505913014386e-01
-8.057759547511604836e-01
-1.054298723994352427e+00
-8.078960238454763187e-01
-1.000574524669588738e+00
-8.758707863230399404e-01
-8.314614322997473383e-01
-9.231273509992850013e-01
-8.182707425613440222e-01
-9.531555573421812699e-01
-8.900983433876605844e-01
-8.461904625140274083e-01
-9.206172357019409835e-01
-9.367004950280286568e-01
-8.527677154128151527e-01
-7.748410601570454581e-01
-7.868633240910102300e-01
-7.261445496279039791e-01
-8.913557252767543293e-01
-9.032637387664617101e-01
-8.372816230264275017e-01
-7.826154826996345459e-01
-7.145705413249107130e-01
-8.294774185274003120e-01
-8.501974545130769334e-01
-7.957563452145681726e-01
-8.500789214608180933e-01
-6.916727965261878497e-01
-7.025968508094164733e-01
-9.625242582666654334e-01
-8.403144714567131190e-01
-9.261888175337151807e-01
-8.676777083446610694e-01
-7.711920502239320019e-01
-7.131683328061250160e-01
-7.334081159165732888e-01
-6.500518939868518142e-01
-8.596048351770237961e-01
-8.642246617390106911e-01
-8.365618705001517386e-01
-8.961110393625046910e-01
-7.619769469682536878e-01
-8.972920070487157007e-01
-7.392778078884624238e-01
-7.667602267805786465e-01
-8.548688517335270021e-01
-8.895953027822953718e-01
-8.107513595261406358e-01
-7.893066228501258719e-01
-8.235823532673005598e-01
-8.840257897073566795e-01
-7.460321719289384479e-01
-8.852534767266464488e-01
-8.221614715619562919e-01
-7.873425334445166568e-01
-9.277418425466845697e-01
-8.598749392933041635e-01
-7.960290453032805580e-01
-6.973471019136696647e-01
-7.131298376986291432e-01
-8.212309939408278803e-01
-8.056844096623634321e-01
-8.004140330223623589e-01
-7.337203808432861685e-01
-7.725206664472602514e-01
-7.276795516995304691e-01
-7.729306387908803089e-01
-8.718248156696677409e-01
-7.544526414680131632e-01
-7.698627731856236833e-01
-7.061941142976191355e-01
-7.419020287547186676e-01
-8.059219781467571453e-01
-1.001576466706083357e+00
-7.302794294859160651e-01
-8.702435261985760340e-01
-7.879826007858428127e-01
-7.514125134419957774e-01
-7.338586280210050994e-01
-6.125594231591330319e-01
-7.986379052830208103e-01
-5.678053884424191233e-01
-7.825476922169889438e-01
-5.666669742106661412e-01
-7.325853321887328962e-01
-7.696679216700011983e-01
-7.989600810480997906e-01
-6.773033267490499165e-01
-5.579642684966090727e-01
-6.096496158284705480e-01
-7.294290716477507264e-01
-8.273486114781741785e-01
-6.243192692252540477e-01
-7.556210910391533142e-01
-7.543392046361574454e-01
-6.927729604555431520e-01
-6.391129229135393830e-01
-6.870488584521666775e-01
-6.925145375158173744e-01
-8.583532779588555206e-01
-5.260174059217591624e-01
-7.470023896205573166e-01
-7.387699558712677028e-01
-5.483846329838850675e-01
-6.292928582201645638e-01
-7.422534424723976620e-01
-7.071588032129422219e-01
-7.326718503271507643e-01
-6.423836977020321859e-01
-7.303016786270201122e-01
-6.965254293287670428e-01
-6.660954723410285050e-01
-6.311038364165227899e-01
-5.832927844582344035e-01
-6.697370455132344302e-01
-6.048690463103661985e-01
-5.255317785452828794e-01
-5.211707677513571779e-01
-6.309936324497057436e-01
-5.729537018696316819e-01
-6.782765970315225434e-01
-5.997963145878907332e-01
-6.743978298063141308e-01
-6.326846716590455166e-01
-6.220361419740223496e-01
-5.764679691858081156e-01
-7.113599772915752961e-01
-6.527260420220338810e-01
-5.978555829498762852e-01
-6.262223506315752752e-01
-6.275247921273171547e-01
-7.648897729326622486e-01
-6.747807389227123975e-01
-4.401068792913411798e-01
-6.018664810592625480e-01
-5.970111769102525168e-01
-6.279624197837077038e-01
-7.713923405458487093e-01
-7.295090967005281035e-01
-5.328717450725188876e-01
-5.616291077838577728e-01
-5.575139596747070714e-01
-6.112066845811227056e-01
-5.909789020823011940e-01
-6.133099899403714472e-01
-4.552309449918828799e-01
-5.601711094375397826e-01
-7.369338599161858738e-01
-6.697534390391578496e-01
-4.861071233786406487e-01
-6.724432565816187424e-01
-5.712183572368820794e-01
-6.313461146103404031e-01
-7.025458578620844552e-01
-5.202779494021555484e-01
-5.944708447064042112e-01
-6.265818495740120841e-01
-6.915486011983104087e-01
-5.772087000126695511e-01
-5.106135540342943147e-01
-6.031963081395564918e-01
-5.454918197515832290e-01
-6.493046749759799896e-01
-6.113348349913667601e-01
-6.456147238543007427e-01
-4.716837746363189421e-01
-5.795922558076095354e-01
-7.537741745164295848e-01
-7.058571458518750896e-01
-6.235579759333080840e-01
-5.849008592371141013e-01
-6.565155548597040314e-01
-5.338189867325908722e-01
-6.223939590650190423e-01
-4.944628753041073743e-01
-3.879008793599000304e-01
-6.695240165740304894e-01
-4.908589575490561185e-01
-3.773534820943363899e-01
-4.996077718859576189e-01
-4.724223171555542167e-01
-5.699934911355681866e-01
-4.459554065352510088e-01
-6.396452798774318049e-01
-4.084953682660218410e-01
-4.971077799506061767e-01
-5.964242984014749283e-01
-4.604420488987768234e-01
-4.446702044400566156e-01
-4.172725302488783927e-01
-4.797949124495927142e-01
-5.184526288140037797e-01
-4.806521973822266425e-01
-4.051406946620565996e-01
-4.632808455696041938e-01
-5.171169760251728142e-01
-4.216684473146954382e-01
-5.893574245931360034e-01
-5.165989696441828372e-01
-5.490490381252128849e-01
-6.878619491672141040e-01
-4.157883189802438206e-01
-4.255315193365890591e-01
-4.272405616216305990e-01
-5.434759295356449416e-01
-5.109703465521916455e-01
-5.333793371803837724e-01
-4.605233429403781664e-01
-4.543755805597413100e-01
-4.771707146788039533e-01
-4.793784956732251579e-01
-4.506562288673950922e-01
-6.012735424001339757e-01
-4.174200902885628062e-01
-3.774778895042112392e-01
-5.008745787799989690e-01
-4.590451496711942525e-01
-3.689638546435455857e-01
-4.081799010842304121e-01
-5.158641375606387580e-01
-3.319928548190570483e-01
-3.877233387465821579e-01
-5.242359610092107713e-01
-3.135231990515225942e-01
-4.895279749756827892e-01
-4.613346148175553885e-01
-5.024977907184540182e-01
-4.522579203667289605e-01
-4.136526393914772837e-01
-2.597130458872585201e-01
-3.822839244050960095e-01
-4.995043021067507860e-01
-4.494514233045313611e-01
-4.522215901569716645e-01
-4.111892151839774412e-01
-3.591663481814089676e-01
-3.973266642377156765e-01
-4.871907740933830722e-01
-4.316263306164188074e-01
-3.817109129213163699e-01
-4.539696331171340637e-01
-3.847387183597960059e-01
-3.433517164980866565e-01
-2.668152059560894296e-01
-5.025929408844345136e-01
-4.777386817651470552e-01
-4.085318999872927792e-01
-4.418896379784484907e-01
-5.647792923092146422e-01
-5.598672043546959465e-01
-4.141473815013780313e-01
-2.441670868339503586e-01
-4.143696671594709890e-01
-5.484941985236637674e-01
-4.271881928646667492e-01
-2.982662949911724648e-01
-3.131610061151877122e-01
-3.621308814451746350e-01
-3.386806238116593093e-01
-2.858201632950575499e-01
-4.488724605380316479e-01
-4.250536426533012557e-01
-3.307028315677229546e-01
-3.277882999997739355e-01
-3.590990934997356221e-01
-4.447904003585482768e-01
-2.890729448794910339e-01
-3.420910865080475927e-01
-4.679132078845846254e-01
-3.857830033374489709e-01
-2.401334087528368411e-01
-3.808547035684293203e-01
-3.913122537395002376e-01
-2.598828775800052227e-01
-5.194790090814735972e-01
-3.653423808545975260e-01
-2.770778318160669329e-01
-2.916855405290991188e-01
-2.770924006942757090e-01
-2.860905523650010829e-01
-2.939489070221534828e-01
-2.621421797168405066e-01
-2.269764337101074503e-01
-4.278945350445994000e-01
-2.461454321657479960e-01
-1.211577767879150752e-01
-4.360539102463885652e-01
-2.131942079146817159e-01
-2.000803410975020291e-01
-3.268592657703378590e-01
-2.192024116759438979e-01
-3.994215613618787297e-01
-2.856405699900367301e-01
-3.001802430220968376e-01
-2.703470560609509965e-01
-3.169462739393496542e-01
-3.610829849501935862e-01
-2.070836166828488867e-01
-1.853969779765290149e-01
-2.324996293436839279e-01
-2.872028634785518397e-01
-1.392672748110884151e-01
-2.506716001145736783e-01
-1.670992939441283687e-01
-3.388077862759499292e-01
-2.883370590606204042e-01
-1.968098781493550498e-01
-3.839561546170001116e-01
-2.852874791376048824e-01
-3.855880583011230267e-01
-3.857794696220336883e-01
-3.734299891692492990e-01
-2.281777421143671436e-01
-1.759072853479609899e-01
-3.512054513991639815e-01
-1.823549834259530766e-01
-2.098877157371997204e-01
-1.390691178540240658e-01
-2.863664449811419987e-01
-2.534419131618049770e-01
-2.944525016311362320e-01
-3.542745819813566954e-01
-4.423288586511731069e-01
-2.065790647852706052e-01
-2.309364619076076930e-01
-2.604311860781664545e-01
-9.206282791411164734e-02
-2.224745340161782825e-01
-2.668724676277893226e-01
-1.985638243166907013e-01
-1.928969652487241560e-01
-2.949405471492267394e-01
-2.452212029467812082e-01
-1.814976252095463760e-01
-2.194789909729549515e-01
-2.309977212437060723e-01
1.049280410094964762e-02
-5.536141380448710708e-02
-1.732581996097187771e-01
-9.197378071822762124e-02
-1.852196351235025351e-01
-3.056605260219037445e-01
-5.763633152227220363e-02
-1.316022234887418985e-01
-3.495561529090180503e-02
-3.100250911627854267e-01
-1.184730783385882918e-01
-1.770269157926456227e-01
-8.043747183392133127e-02
-1.171558155336430151e-01
-1.499143335468581528e-01
-1.516356684218266027e-01
-3.132783833990623323e-01
-2.182681394925470031e-01
-1.711519913709980412e-01
-2.767839412777595154e-01
-2.506916841693948017e-01
-2.178378689773374510e-01
-1.342209199823949373e-01
-1.389242846739094095e-01
-1.617014419655084800e-01
-3.628266713372563235e-01
-2.096624679962546811e-01
-2.473019436208248878e-01
-9.157748345121750899e-02
-1.746702241498881147e-01
-1.456465381000044412e-01
-6.837073837695654965e-02
-1.070382597486056048e-01
-2.086161830405419970e-01
1.418557981398547128e-02
3.867425997315724479e-02
-7.652853333385664647e-02
-1.051736027269995905e-01
-2.797492916761123438e-01
-3.273288279325304445e-02
1.914587602162650185e-02
-1.791278686702286460e-01
-1.593241180029204493e-02
-1.338285619183447184e-01
-9.880348321878913709e-02
4.020730163340832664e-02
-1.176859823520694515e-01
-5.794148558364069224e-02
-1.159227321069191269e-01
-2.245500352743179939e-01
-1.633919753916617257e-01
-1.097222837306878612e-01
-1.101835272192041859e-01
-3.091459012168844278e-02
-1.381032049791855454e-01
-1.730816810975532305e-01
1.799220661860148618e-02
-6.214586023879668103e-02
-9.930163824812206219e-02
-8.734308713926215717e-02
6.109744852604632320e-02
-3.162890454431027676e-02
-4.016570546486755711e-02
-1.427008579971780211e-01
2.135857076352288067e-02
-2.961076038112411130e-02
-3.409313422848841285e-02
-1.928768427158387422e-01
-6.250066035793955255e-02
-8.868255329890431526e-02
-1.649049605057150703e-01
5.689804960856729987e-02
-2.658020913451700218e-01
-1.103033602825191466e-02
-3.178417181854605311e-01
-2.225018003999218105e-02
-1.620902577132705413e-01
3.702718962599697156e-02
-1.478879219415753510e-01
-4.748063497563848046e-02
-2.916855682429428387e-02
-1.264451583160446924e-01
3.397450301661406047e-02
-1.218961713045449034e-03
5.449300043772498103e-02
6.052348087228794082e-02
-1.855416073567122959e-01
3.509002877194190850e-02
-2.157463697963888649e-01
-1.007598006422382314e-01
-7.168381029034158469e-03
-2.261324710272645533e-02
-5.982882400427960885e-03
1.340317245153351162e-02
-5.058984134920270492e-02
-1.308680671349170613e-02
3.667300974830820653e-02
-1.458474121615401797e-01
-4.422412210563734375e-02
-1.280526353665116523e-01
7.138281796397027978e-02
-1.826897250969101161e-01
1.199012638586175600e-01
-2.951398788355815220e-02
-5.589260989936807589e-02
-7.049928974490783651e-02
-1.039357214826876763e-01
1.320543694965649051e-01
-1.687773551949776074e-01
2.887341975050273027e-02
1.035011957971875562e-01
2.676022891017230607e-02
-2.678438139187638151e-02
-7.475590123459582848e-02
6.894197030614905575e-02
-1.094818993906540028e-01
6.661419751134495769e-03
1.680016862750594309e-01
1.529201967890598257e-01
-2.299211323963545883e-02
1.077575650141283647e-01
6.740755932470299250e-02
2.136554809376836062e-01
8.017675771465261614e-02
-4.640789160450049800e-02
-8.059222720830198916e-02
1.067772033569852480e-01
-3.923894319464967667e-02
4.752738442846312847e-03
5.523797535370909145e-02
1.735143715271297848e-01
9.048962874056617686e-03
1.069748779232848335e-01
-5.343307380643040616e-02
7.883938681207400268e-02
6.738523091046262625e-02
6.840103489288068550e-02
8.786391385845333801e-02
-3.314320933146505666e-02
8.160732178685936589e-02
1.070955133350405680e-01
1.804835068863927250e-01
1.792583514052129567e-01
1.708144172346236223e-01
5.875932034782336416e-02
9.569940331500016717e-02
1.217614954454307313e-01
2.006394046656920921e-02
-1.362468307747781828e-03
1.112665885633131735e-01
1.637189597574925937e-01
1.819687084531889099e-01
1.915824958574336989e-01
5.581039911175781493e-02
2.205563524310644868e-02
1.233861664525037205e-01
7.272541315743459578e-02
4.326483504848457201e-02
2.588546269865120708e-01
-2.787646504894704565e-03
1.707194702226038641e-01
1.899792786101238695e-01
4.097624544963699572e-02
1.268148380976323597e-01
1.515477208458650416e-01
-2.797600110484775929e-02
5.182713486959606569e-02
2.001320244827853312e-02
2.324333141855600138e-01
2.122721172781972532e-01
7.977744595401703442e-02
2.004517837755026566e-01
2.352840552723390322e-01
9.360174172951268856e-02
5.094428685532285950e-02
2.205234777186388939e-01
4.216432880788854864e-02
1.632658863058867316e-01
2.149004924668271033e-01
2.014506024808036810e-01
1.330717352967048309e-02
2.334551753938419461e-01
2.604548901015538154e-01
8.926550307820582675e-02
2.010217266381475187e-01
1.107317518446327004e-01
2.323730180993304473e-01
1.882038250726700002e-01
1.428863652724613742e-01
1.483752861504572806e-01
2.540700056783442018e-01
-9.562674997492484619e-02
5.331398615166182270e-02
1.613967100176033620e-01
8.200353156177571379e-02
1.382316978023276355e-01
1.743471040319691523e-01
2.750061685897899344e-01
8.402663769437351826e-02
2.994249085690265377e-01
1.208794160959072578e-01
7.569176257035209465e-02
2.294268271244540580e-01
3.695172905983313827e-01
1.802499971354010466e-01
2.442415139483224695e-01
1.406315838863194112e-01
1.793400409832226761e-01
1.635128232881785659e-01
2.734302266053996178e-01
2.113965532847961182e-01
2.115287787408719755e-01
2.013799806876421239e-01
2.763280485435525846e-01
1.914231951406074883e-01
2.685043772585896105e-01
1.518807216374905567e-01
2.999374707194905065e-01
3.563279002995628497e-01
3.027707990091997314e-01
1.512049786739109725e-01
1.548700297883167654e-01
2.501229368963058253e-01
2.116043369512799477e-01
2.565917912267246526e-01
3.957683175143054122e-01
1.453294099240326487e-01
2.449481471141018787e-02
2.690819194538759951e-01
2.642022751404496383e-01
2.329327765804556083e-01
2.551283339325186583e-01
2.451810448005264931e-01
4.423307152726050351e-01
2.931471213423434974e-01
2.303347527312796794e-01
4.741324501131764513e-01
2.008325994299821060e-01
2.923286542967027390e-01
3.186248454354935200e-01
2.791694037481515234e-01
3.883735428722847050e-01
2.045890174132865280e-01
2.181301029814615711e-01
2.296838878350088431e-01
3.107902780707851864e-01
3.080201699475986765e-01
1.848618076746159633e-01
2.768504579874337401e-01
1.444018551072080159e-01
3.266478824719554197e-01
2.992053360069950596e-01
2.456614816059897455e-01
4.244709420203242600e-01
3.382080517438495471e-01
2.293767743043017282e-01
1.727916328825848669e-02
3.456910052817848134e-01
3.111342145483879107e-01
3.800436664024512412e-01
3.988314738072048504e-01
2.519349009127913042e-01
3.433365180112484261e-01
2.023902081693697841e-01
3.370670714626098352e-01
3.815944268325233701e-01
3.176620729445737701e-01
2.891197509814976696e-01
3.990004336189832412e-01
5.284945377518066589e-01
2.587210854996682130e-01
1.985698464384538231e-01
3.992230776297714945e-01
3.966865699905701148e-01
2.913568043948340236e-01
3.024951710520910053e-01
4.071283068151395068e-01
2.981234730407935074e-01
4.730254760785407853e-01
3.705453457640242032e-01
3.816957136411309182e-01
3.722183083095868539e-01
3.163985271162902402e-01
3.736589643341782230e-01
3.664430072230651647e-01
3.223857613324022098e-01
3.086162832061805084e-01
1.508781707411151751e-01
3.174165858316770339e-01
4.342109962705536508e-01
2.533287899246597918e-01
4.806978958352705611e-01
3.930613279817646299e-01
4.482315613563596091e-01
4.075872101115614599e-01
4.792534643698138086e-01
4.484580044114425679e-01
3.049663789205552256e-01
3.895053092310136189e-01
5.156594465515492720e-01
4.465373564920773752e-01
4.884183067148153423e-01
3.969690809035780199e-01
4.328288237461943022e-01
3.984320323771444738e-01
3.556107610276892927e-01
5.280965148241303364e-01
3.076946139911170830e-01
4.508370078758781596e-01
2.526582212726495302e-01
3.384297783192506959e-01
3.260578900605059505e-01
4.085589602727715541e-01
4.199255698679718596e-01
5.866954148784927492e-01
3.752384462848433189e-01
3.582875386646549587e-01
5.258396271033388691e-01
4.382838450831293420e-01
5.026793773781174091e-01
4.557170297821834803e-01
3.532273766769585821e-01
3.095166864530062845e-01
4.451090253680864972e-01
4.744018099372437347e-01
3.129600119999368379e-01
4.497952207163335991e-01
3.174249124925738186e-01
4.508079431843259877e-01
4.718473634401562644e-01
5.695319681185849747e-01
4.634810257529292099e-01
4.034166471478006222e-01
5.314771516253768979e-01
5.484874878405735510e-01
4.678614399914176047e-01
5.211056004843863665e-01
4.317737154461783189e-01
4.809664058100888706e-01
4.490549101867825077e-01
4.031074020510658773e-01
4.431922251724911832e-01
5.788349706712777598e-01
4.069627944511503559e-01
4.335475515993815199e-01
5.333987615679230965e-01
5.926737036792794067e-01
5.745958780327351523e-01
4.684413345401088336e-01
5.543057080666662362e-01
6.018079110886210836e-01
5.725210981984895087e-01
5.918583769852031606e-01
3.914913456146496551e-01
4.803376015069950600e-01
6.094811756783635737e-01
5.561559865581487960e-01
5.489777335918210044e-01
5.340186569317387777e-01
4.723817060267856971e-01
7.543214283831261024e-01
5.205516550166647827e-01
5.075174049452447766e-01
4.422614957568962168e-01
4.683833731615033025e-01
3.678768876278492583e-01
5.369634955837886414e-01
5.972233230117018898e-01
4.599613379273807534e-01
5.827328710226583608e-01
5.135734739937863891e-01
4.305628737577829046e-01
5.390788444702119264e-01
5.067767562947506077e-01
5.345598951912221564e-01
5.141954497396239443e-01
5.735872963416331904e-01
6.632519603752363713e-01
5.558654112387310109e-01
5.023102763944624627e-01
5.705899408045980170e-01
5.999198630045118330e-01
6.127670943818724902e-01
5.959408536765624653e-01
7.027248991400746325e-01
5.967553775677588712e-01
5.558870652470240259e-01
5.542202978544247260e-01
6.740515761509784376e-01
4.512613684983856066e-01
6.954203031049964734e-01
5.688436924744323386e-01
5.788991101387154226e-01
6.751561881398078224e-01
5.005389314901022013e-01
7.241674814742237176e-01
5.412417800127696799e-01
4.882447466264013269e-01
5.842576368775499462e-01
5.067096101817246678e-01
6.116023995063001317e-01
6.910043575620605782e-01
5.243668802117035233e-01
6.449561644040169295e-01
6.563209799565166147e-01
7.132594578993679546e-01
6.513584912334829946e-01
5.992658822205534364e-01
5.783797400001792210e-01
6.161244477499643324e-01
6.003058469210372783e-01
8.240462380897758399e-01
6.179827616173623195e-01
5.823652129287695267e-01
5.753691867206064403e-01
5.397352162192882163e-01
6.614083952318102755e-01
6.071069524695618114e-01
5.961108293519565837e-01
5.238241557237410806e-01
4.273049924922786569e-01
5.984426150971696723e-01
5.714984352480674268e-01
4.656556225593511122e-01
7.293709646814402481e-01
7.913208538484013399e-01
5.869903273000383059e-01
5.972531707870404327e-01
6.913984833679129860e-01
6.047199247043091308e-01
6.106635842472941667e-01
6.251917585933263188e-01
6.777199485538799584e-01
4.763925090024480613e-01
6.660551979129604172e-01
8.389304048343512177e-01
5.508435118241463702e-01
7.812909465752102545e-01
7.301918622463969832e-01
7.501058782850830164e-01
6.886196505052072370e-01
7.824744331146897824e-01
5.909822880380279919e-01
8.472268921266185027e-01
7.016079354669819690e-01
6.284623806338662799e-01
6.085031983869196859e-01
6.349284610766081638e-01
6.726331589744292128e-01
7.110377080401764083e-01
7.222028214838182025e-01
8.712677488176370222e-01
8.199188204706238103e-01
7.852465117587001942e-01
7.410593487353415165e-01
6.708680499376543649e-01
6.941632108543090984e-01
7.169872248011692761e-01
6.974020192769322390e-01
7.452320094932168848e-01
6.555058631698061911e-01
7.478808241160278536e-01
6.473079542602780956e-01
6.651625482146429347e-01
6.380962133522288804e-01
7.297013387820121544e-01
7.762882300812778968e-01
5.779478858269370134e-01
6.957141094875374243e-01
5.308793829257979491e-01
5.984553878147008676e-01
6.938548258622233567e-01
7.900481087688723258e-01
6.330957666185803578e-01
8.375934389388214329e-01
8.685576123269092008e-01
6.838072739675344902e-01
7.048858230639738487e-01
7.849964585569427777e-01
6.836932069192706019e-01
8.352751176431345570e-01
7.135887845751595071e-01
7.431908160461337953e-01
6.400359170328561165e-01
6.522802475883657802e-01
7.654800275914428465e-01
7.319433494690010811e-01
6.982131025781753708e-01
7.443577142793554868e-01
8.024079604838990631e-01
7.942750000919280851e-01
7.156539772300104518e-01
9.163415357331399225e-01
7.449385333884843696e-01
9.085340064091789181e-01
6.141229256817312132e-01
7.358431415133916964e-01
7.639844031470182095e-01
7.560681666281586777e-01
9.502575818440377464e-01
8.380588851135495343e-01
8.102275116270918343e-01
7.098653623181001571e-01
8.844375619835493918e-01
8.017221616578420473e-01
7.423254806188563926e-01
7.738169720749464853e-01
6.982061010747214747e-01
8.385987267306310722e-01
8.966869895629350218e-01
8.546680135299055125e-01
8.745060880469064379e-01
7.451966305404507107e-01
8.188737299159484229e-01
8.740424683302967512e-01
9.128067117183986667e-01
1.048465373087102970e+00
7.446200479391886784e-01
8.012648566728228783e-01
8.920977632571380767e-01
8.104277102021227863e-01
6.691564374053324826e-01
7.205727068258491741e-01
8.987827672329401496e-01
8.430332609804386257e-01
8.591053091223533889e-01
7.885766900626501874e-01
7.641894709252381457e-01
8.875336722379167931e-01
7.786634545309492061e-01
8.777274069773535192e-01
8.424219401357982973e-01
7.997324555394742518e-01
8.656326718769583595e-01
9.497818178689967361e-01
8.767273408850407845e-01
8.468950620116321160e-01
8.242816759561947260e-01
7.847274178972698522e-01
7.688837755013854247e-01
8.184095277279264113e-01
9.206030075182007888e-01
9.822053312820638871e-01
9.406330354338772182e-01
9.224104036950248053e-01
1.003760407683190303e+00
9.033270697122435244e-01
9.283895855022120669e-01
8.673680203161121538e-01
5.889598221214177309e-01
8.870257934060551408e-01
9.393985513696736511e-01
8.913772174192391429e-01
8.012792282248136777e-01
9.124996278824947238e-01
9.121096414846916467e-01
9.919990952560696629e-01
9.755293941936479252e-01
9.230830504266293035e-01
8.486180295140797192e-01
8.772602682959835807e-01
7.201209685664452520e-01
9.979812066928180903e-01
1.075422127890732105e+00
9.666502552441905705e-01
9.292375445216105589e-01
8.293055984769984734e-01
9.098928143434711346e-01
9.707976347532195627e-01
9.627680898628820927e-01
9.299184081940085056e-01
8.678344901300727443e-01
9.576921784328956688e-01
1.119025305246753588e+00
8.474708156098912371e-01
9.511364361417378177e-01
9.373334882831475534e-01
9.812881228497597474e-01
8.474211124821471319e-01
8.228058679773548878e-01
9.442969386107801233e-01
9.650516261152569664e-01
8.923030874172265259e-01
8.863334006990291059e-01
8.754237372968320940e-01
9.809778443910005530e-01
9.843560635633005207e-01
9.749740538027185099e-01
9.917876028840426628e-01
9.264329432890225924e-01
9.727712989454282422e-01
9.364181145921861571e-01
8.639695917451264418e-01
8.718080444675156970e-01
1.000269899080053815e+00
1.016524398244197824e+00
1.036573214274154164e+00
1.023198014268713818e+00
9.599681267731104972e-01
1.020365776234255506e+00
8.353182637235754271e-01
9.449726804901342758e-01
7.814935199191641590e-01
1.002747509092128508e+00
9.605005475423460393e-01
9.520978421457394480e-01
