-1.053352228506770016e+00
-9.771011923049197634e-01
-1.049098900958328029e+00
-1.054903777144148735e+00
-1.078331870904107204e+00
-9.583849265811996698e-01
-1.200553358823109873e+00
-9.893385455642010884e-01
-1.064357626639417242e+00
-9.608939601063251068e-01
-9.969990006437861041e-01
-9.956492632852104174e-01
-1.026253572825641003e+00
-9.230591268882689659e-01
-1.147762058447533873e+00
-9.767888187027290448e-01
-9.212292557593461106e-01
-9.887257944928451447e-01
-8.466163818753913439e-01
-1.041039202771578243e+00
-1.157888426099431989e+00
-9.660307585486658244e-01
-9.307481272149100704e-01
-1.049417932237863615e+00
-8.823990742824767697e-01
-9.451182940645384001e-01
-9.726627150282874945e-01
-1.016794226712171678e+00
-7.705587967952010064e-01
-8.976665204086338168e-01
-9.656116288055658359e-01
-9.475500578688846876e-01
-8.850487802210114108e-01
-1.045017816729148397e+00
-9.642835408678094300e-01
-9.457361191237085851e-01
-9.929189471306369974e-01
-9.062763154424898771e-01
-8.105694564759465814e-01
-7.997296668413941267e-01
-9.476621337677757495e-01
-1.015285248322711054e+00
-8.007414283125221521e-01
-8.137701636138069405e-01
-8.071657588164868891e-01
-8.813240853781649786e-01
-1.039628118290891967e+00
-9.291680308309453462e-01
-8.831648350454855967e-01
-8.475614716609208843e-01
-9.206883638795051450e-01
-9.960088270854997594e-01
-7.662593159986482716e-01
-1.012397395021433999e+00
-8.829367624385220381e-01
-9.098823347945951268e-01
-9.347711374462452927e-01
-8.365681896010277452e-01
-7.853145020324864278e-01
-8.602364968160226555e-01
-9.229363850689108473e-01
-8.422807291393652473e-01
-8.948301764453580054e-01
-8.645905847773472930e-01
-9.089399218640361600e-01
-9.249210134586181020e-01
-9.076960120206730709e-01
-9.434804204197902999e-01
-7.837516593060247505e-01
-9.453133535001833065e-01
-8.640677246231480702e-01
-8.323425952394950533e-01
-8.821502941239247608e-01
-8.776061351961980117e-01
-8.073292348878280400e-01
-9.368570288104920429e-01
-8.459706735087184626e-01
-8.697742619051838098e-01
-8.436492279524451243e-01
-8.655042945037746405e-01
-7.001470673338234807e-01
-9.974927422805285326e-01
-7.220967031478239262e-01
-8.901977853762735871e-01
-8.348336736902332023e-01
-8.388088182652199132e-01
-8.388495278017491508e-01
-9.345904479423332578e-01
-6.934652017031533999e-01
-8.673589725154121632e-01
-6.176227396281279702e-01
-6.777462709989415801e-01
-9.218343836762413757e-01
-9.139172238085363498e-01
-8.495354584016575616e-01
-7.448944004194689716e-01
-8.416366358067914888e-01
-8.430751216594093433e-01
-9.183547491218624348e-01
-7.032116385649985757e-01
-8.838541314643630908e-01
-8.533595438396688326e-01
-8.600865545355481645e-01
-8.018092851952360878e-01
-8.334974019723504490e-01
-6.685593693332010368e-01
-1.020193087934094578e+00
-8.762134928190570271e-01
-6.767899916069908262e-01
-7.840295884567782814e-01
-8.594318887589925682e-01
-6.660100398261935561e-01
-6.887167982637247832e-01
-7.979106836377409806e-01
-8.004327328738399805e-01
-8.414513856742716902e-01
-7.600131847117487238e-01
-7.679574124685336622e-01
-8.576980434823450183e-01
-6.388355147113096155e-01
-7.129500285754530875e-01
-7.345031857884988247e-01
-7.863340813606276569e-01
-7.242445092999386658e-01
-6.004150625094130111e-01
-6.952377042120208017e-01
-7.337136740744241159e-01
-6.596062534139000011e-01
-8.224958636997564687e-01
-6.667188075925897239e-01
-7.637908242223947486e-01
-6.743058817114093717e-01
-6.514900267261591882e-01
-8.272160232999282714e-01
-6.501452508793993390e-01
-7.747159869330315640e-01
-6.130202795710743002e-01
-6.224052637651016351e-01
-5.330561723244587879e-01
-8.266898705016544335e-01
-8.433643245215926010e-01
-7.691987106908257932e-01
-7.020949306048479555e-01
-7.055647198073331516e-01
-7.300415331296888910e-01
-6.019053755361560842e-01
-7.864348258419707749e-01
-7.786405029257442711e-01
-7.273144686247566826e-01
-6.078793699004518825e-01
-7.987927990031802317e-01
-7.411401172394384007e-01
-6.644455852700423826e-01
-6.036954049496897623e-01
-7.117977996409462493e-01
-5.821991245664083214e-01
-5.179869926163281901e-01
-6.755824698177695931e-01
-7.145949313706927430e-01
-6.774796936793919810e-01
-6.932051987712226637e-01
-7.252736093000600182e-01
-7.420137764772445355e-01
-7.593390829097161898e-01
-6.722521496532115615e-01
-6.723008674959706221e-01
-6.524148373485592067e-01
-6.843840768661862972e-01
-6.609923189865140047e-01
-7.496867753565618075e-01
-6.740177995513397802e-01
-5.705200766628658604e-01
-7.061417078143212844e-01
-5.660210313121022407e-01
-6.944736263191343406e-01
-5.974738604138163378e-01
-6.401455595338417792e-01
-6.347800741745012187e-01
-7.930154309552351899e-01
-5.848748609242117036e-01
-7.204925136195998725e-01
-5.230649910761557830e-01
-6.120624003668033719e-01
-4.987777613703964774e-01
-4.933162080023033580e-01
-7.642180590132248152e-01
-5.816468514419229630e-01
-6.527247297283588212e-01
-6.361798183229449011e-01
-5.451625582179997487e-01
-5.819836478293006765e-01
-5.224814835785328571e-01
-5.151563106541875436e-01
-7.267157026872097525e-01
-5.290076020218960062e-01
-4.289371100413147397e-01
-5.161025685986050382e-01
-6.109579089338729174e-01
-4.881151716335823676e-01
-5.039526166577337207e-01
-5.737319050529603448e-01
-7.316407065828373080e-01
-6.093448446456461998e-01
-6.795705482650348239e-01
-5.810554844991233647e-01
-5.446665718756726893e-01
-5.824465291658662558e-01
-3.713181680595839529e-01
-5.014192792862371961e-01
-6.475936225650291700e-01
-6.434528707044917528e-01
-5.928579559991934422e-01
-5.879769191836788922e-01
-5.828465290631519302e-01
-7.873034324728033218e-01
-6.535934962045883978e-01
-5.719967089162454332e-01
-6.855847530936475254e-01
-6.342427154091782038e-01
-5.779879831854195515e-01
-5.475322261991628636e-01
-4.167058124189996771e-01
-6.201361432316375710e-01
-4.753103778834975035e-01
-6.155528011553371703e-01
-5.728174685714058079e-01
-5.889464957032111148e-01
-5.240746107402549647e-01
-4.760634835720793379e-01
-4.972435810751946739e-01
-5.615823543668932993e-01
-5.843651881950902016e-01
-6.285467183203345964e-01
-5.552371001161354735e-01
-5.547756572365847294e-01
-5.109510708078606189e-01
-3.838561337628085823e-01
-5.803149047015663253e-01
-5.227641709418189286e-01
-6.144745132429507706e-01
-5.512954031335436378e-01
-5.446388810780787848e-01
-4.261959828912028070e-01
-5.735349771701967470e-01
-3.971299469067791077e-01
-4.976954452635194981e-01
-4.188293062553269941e-01
-5.288792949733638338e-01
-3.564867231261178993e-01
-5.297981323676658194e-01
-5.708304771671680600e-01
-4.716065315114814638e-01
-2.845885413088108939e-01
-4.751174918831506111e-01
-4.413020436752531639e-01
-5.674264768435368644e-01
-4.617905397349199581e-01
-5.023154495258546071e-01
-5.180800446381852442e-01
-4.954680306925166589e-01
-4.183099902896064703e-01
-2.972514631948204866e-01
-5.497989487492382921e-01
-5.064184851337290016e-01
-3.854674459858140612e-01
-3.678769590827050684e-01
-6.772664382363984270e-01
-3.568546387950957688e-01
-4.623878400270431399e-01
-3.852358708458502590e-01
-4.894595165132930026e-01
-3.813744978347210490e-01
-3.952281229966251308e-01
-3.727813797938211993e-01
-4.157521335865887457e-01
-4.786234595293122895e-01
-6.100026658624894127e-01
-4.100738546800284379e-01
-4.135505564817898994e-01
-3.368576467994278123e-01
-3.272031575028123696e-01
-6.288937826511522555e-01
-2.648204828699668445e-01
-3.522272782099210020e-01
-4.024497262178481916e-01
-3.831986486232877298e-01
-4.949565224768702199e-01
-2.272567501759941155e-01
-4.918858245081655922e-01
-3.362132980819518280e-01
-6.415747461229369675e-01
-5.240103958958047814e-01
-5.185989720449509788e-01
-3.741472131755000929e-01
-4.350031959573690821e-01
-4.261903136606007836e-01
-3.988028816097895501e-01
-4.346509281584102213e-01
-4.642578368381685694e-01
-4.249815498179106976e-01
-2.963766352327761311e-01
-4.137351993960400320e-01
-4.019045438232288769e-01
-4.311982089999099044e-01
-6.277818087248067114e-01
-3.780362560796152738e-01
-3.840558394374085638e-01
-4.698405724013914320e-01
-2.529716213119181933e-01
-3.155222338840118490e-01
-4.266675420809387109e-01
-2.968692787259249455e-01
-3.695787865914855197e-01
-4.022658709177707737e-01
-2.806533925006113317e-01
-3.241295801444549207e-01
-3.647947192799739780e-01
-3.890176867211995737e-01
-2.370743919757828666e-01
-3.925839903532297170e-01
-3.258244434932248690e-01
-3.538706794937798161e-01
-3.941145973728454877e-01
-3.782855382895649043e-01
-4.257387524759290165e-01
-5.419063403992642192e-01
-3.721429769584447267e-01
-3.537287476571133737e-01
-3.446964318852264175e-01
-3.290056391677778636e-01
-4.114846181815373094e-01
-3.883761204962691282e-01
-3.183667643811955439e-01
-4.076514850438305304e-01
-2.524501237457768554e-01
-3.444527197490545589e-01
-3.561547697746286767e-01
-3.529536813853645372e-01
-3.816180661562705856e-01
-3.221096060358499269e-01
-2.297442750143356138e-01
-2.477124446177952077e-01
-2.690172157914111906e-01
-4.595420949432298396e-01
-2.469455737149045815e-01
-1.826884771313145028e-01
-3.440813450877152069e-01
-4.448517784770686379e-01
-3.942046711751337473e-01
-3.286016327796384973e-01
-2.716720448928723886e-01
-2.997232768607399067e-01
-2.096191035511860146e-01
-1.695872297024997588e-01
-3.542244940651178009e-01
-2.255783526992590493e-01
-3.077195270679972117e-01
-2.298285850101699224e-01
-3.007266649640688017e-01
-4.242479702709697764e-01
-3.409278493826393697e-01
-1.779549645499571564e-01
-1.257499941107511898e-01
-3.711790275861550636e-01
-3.995159892810181690e-01
-3.553694420942846155e-01
-3.945570988148118241e-01
-2.691364243686815705e-01
-2.797905101456132915e-01
-2.086500990460344873e-01
-2.012610912015437570e-01
-2.481773037934539017e-01
-3.155253203518035843e-01
-5.331461340126407433e-02
-3.128119520670353815e-01
-2.203924074670202127e-01
-2.659420188706572152e-01
-1.752565945757301458e-01
-3.005027851128110883e-01
-3.493994326388799032e-01
-9.914721952998561960e-02
-3.148795432001906258e-01
-3.777369047986733341e-01
-4.598791738869431600e-01
-3.151568324646335517e-01
-2.771606938070715342e-01
-2.355764212066883967e-01
-1.702215878017317996e-01
-2.560458868914450292e-01
-2.515855586652473441e-01
-2.000541762503526555e-01
-2.401339115154404180e-01
-2.159388427606077077e-01
-1.539541015691782977e-01
-1.199931904418204964e-01
-4.767848129866394946e-02
-1.682700977891925798e-01
-1.798856945244511063e-01
-4.239763789573175456e-02
-1.691773610681220341e-01
-9.230531025812779844e-02
-2.165430896233438152e-01
-1.971287233432807429e-01
-1.914619195114004579e-01
-3.128929897397886295e-01
-3.200754345380786847e-01
-1.668893406037130420e-02
-1.797234268577531935e-01
-2.337801487242692766e-01
-1.687337787862551730e-01
-1.206792674174240743e-01
-4.449242001400011831e-02
-2.962335404527943195e-01
-1.444260905592505972e-01
-1.195558367602109900e-01
-1.777533749246424932e-01
-2.790363116098605878e-01
-9.473067713973538917e-02
-3.259397260996452217e-01
-2.262132041926614712e-01
-2.320059464696931639e-01
-3.446980540341518240e-02
-1.503821846729598288e-01
-2.113601005598825522e-01
-1.212726026016196085e-01
-2.524992884900823520e-01
-1.199911579334582007e-01
-1.343012789559125120e-01
-1.215278158993185198e-01
-1.444767977105746171e-01
-1.501742639831056825e-01
-2.209510933072945243e-02
-5.334145736816554850e-02
-2.077889014414849855e-01
-1.745676257821121222e-02
-1.564812332392306049e-01
-1.480312433196803723e-01
-1.779961778534215333e-01
-1.283126091684317904e-01
-1.150137312346311280e-01
-1.166022572314548283e-01
-1.328184892548441298e-01
-5.044075777450036935e-02
-6.496763117679218991e-02
-1.862907306400744811e-01
-2.944920229398184097e-01
6.221141874782501122e-03
-1.703515231319870094e-01
-9.323219222902469350e-02
-1.353763155848237421e-01
-6.052250201259990608e-02
4.881096469962884279e-03
-2.420050595564818274e-01
-7.399579008758401522e-02
-9.948268223735329263e-02
1.027052507609284467e-02
-2.602929393550935111e-01
-1.084793916348658488e-01
-5.583129480901478231e-02
-1.306963855067561631e-01
-1.012218703969730571e-01
1.142052689914976882e-03
-1.795787932782725096e-02
-1.160984919279278299e-01
-1.718851001507252785e-01
-1.184777180520609763e-01
-1.222286570827957330e-01
-6.415642793451514780e-02
-1.055158793316248594e-01
2.951935576975453154e-02
-1.006628971273837991e-01
-7.421497534722105993e-02
-4.502407242201911935e-02
-5.052152257572735394e-02
-8.335640753216941312e-02
-3.443632635465695285e-02
-2.063780230283892292e-01
7.465787968820063181e-02
6.331099139537815779e-02
-1.169522705480945460e-02
2.682370789656221555e-02
5.090163914369875975e-02
-1.140614551868604845e-02
-8.852924671389419964e-02
-1.828549754497692803e-01
6.838771560852867359e-02
-3.989760722382633407e-02
-1.484595609954634122e-03
-6.074666553430415478e-02
6.177425380921158782e-02
-6.398139107247124979e-02
-1.411098028961246288e-02
-3.067198644323033963e-02
-7.375652357108133939e-02
-2.715786164898120747e-03
-1.533686586680530761e-01
-1.094869642658286707e-01
9.269980032932309544e-02
-7.272228518853938485e-03
2.006516316328786631e-01
-2.656407483522416069e-02
4.716686921353199780e-02
7.440403498817609040e-02
7.039044587335212960e-03
1.290942547130386198e-01
8.503054496137987806e-02
1.253987163823900436e-03
3.198479331065116893e-02
1.147771163393982718e-01
-5.573958797159524886e-02
2.337809156243225370e-02
-6.250098812300279583e-02
4.653247126972460262e-02
5.265956112804109912e-02
3.036843798441684131e-02
-1.282626129947579859e-02
1.058477195829389400e-01
-8.636335095913050264e-02
-9.548365768582648544e-03
-1.558100253021201149e-02
7.993814705031601631e-02
1.178621398322235586e-01
1.519377697779301650e-01
3.046164655147790695e-02
-5.716906383073216968e-02
9.572930915673627528e-02
-4.490520408535299962e-02
2.177164319467593534e-01
5.898718673147861774e-02
1.937262802656858629e-01
6.522849537525078623e-02
-7.355590620583639383e-02
-1.227065343990275774e-02
9.624830676787708705e-02
1.347426661299301054e-01
1.055883865158289553e-01
2.472744096984964141e-02
1.119296153735127031e-01
1.124089083009412876e-01
1.379275668036668567e-01
5.936840947745148506e-02
1.461043904122806270e-01
7.257991632397911563e-02
1.309835858937510311e-01
-5.830896048577131896e-02
1.559122096994784434e-01
-9.399880783810946050e-02
4.270236523023780012e-02
1.986525917285633103e-01
9.744518226469477129e-02
9.823364035901091529e-02
1.462776860737116935e-01
7.193550390548086870e-02
7.028277938041725117e-04
2.329030898395941518e-01
6.206084004301906654e-03
4.793730110829980823e-02
2.818804293943053541e-01
1.094330873455270636e-01
8.707943276478143091e-02
1.235798844904574534e-01
1.826807824168060479e-01
6.859250185358288510e-02
1.504578482683011365e-01
1.393472408869381451e-01
2.344822388500699406e-01
5.307720996697482679e-02
9.881458483668179027e-02
1.864193241638521237e-01
1.322992255197599221e-01
1.285219452514192451e-01
1.355074239832833594e-01
1.886552047898887863e-01
-1.531118429459059696e-02
2.998297846689818372e-02
7.454744214506067723e-02
6.821624054943702109e-02
2.600138799622845331e-01
2.585804643887060217e-01
4.185819625476713129e-02
2.278362392005522097e-01
1.340134858742150492e-01
6.097656091608453371e-02
-2.420300633706058344e-02
2.181438697521836112e-01
2.336048135777121504e-01
3.039540751148949171e-01
3.842880866401417184e-02
3.260086754969183931e-02
1.739809322869080854e-01
1.427235573676641223e-01
1.773702184194550779e-01
2.465307067269146835e-01
1.178638417585068376e-01
1.651490027581475895e-01
1.612417620180016109e-01
2.393428945044268619e-01
2.347569404847885399e-01
2.026713346599756660e-01
2.126925296565742307e-01
2.468788518479246852e-01
1.283254084792995742e-01
1.654277778546314470e-01
1.612287884160394369e-01
1.517283321798099938e-01
2.583384328201507874e-01
1.868821697680264071e-01
2.540042765463662033e-01
3.087177954423505066e-01
2.866590414043344026e-01
3.454032972370643106e-01
2.182218853616531007e-01
4.763903257674270697e-02
1.375190758909695943e-01
2.078600550303550953e-01
2.518935561789101829e-01
1.099557118157229452e-01
4.299699172797277757e-01
2.357671979707774979e-01
1.958299737212922664e-01
2.157598055318175057e-01
2.116405950212293108e-01
3.088699511959127064e-01
3.088213312944755318e-01
1.725672716358834236e-01
2.782063201935190966e-01
3.103916548077167437e-01
3.092519778718079704e-01
2.170406008759117877e-01
1.406148442715924596e-01
1.596638484376814437e-01
3.815777312943492428e-01
3.081924564655281196e-01
2.764677515299568955e-01
3.783181619412654406e-01
3.823447597085116167e-01
2.417888215036465560e-01
2.857656249017164751e-01
3.493058154025448503e-01
2.423060695272374332e-01
2.861673898301396735e-01
2.100234927786952255e-01
3.134620359250336885e-01
3.204616824366264827e-01
2.548904589491082784e-01
2.958331957317124061e-01
2.643303230790842728e-01
3.127922136326558022e-01
2.673338656175731631e-01
2.091804767054120107e-01
2.281157409989177098e-01
2.016656489354389514e-01
2.405188065965109812e-01
2.619020675885824212e-01
3.386052390617891872e-01
3.454276061349352833e-01
1.758182701525901614e-01
3.890139701273560568e-01
3.941874019762301451e-01
1.739270309111212998e-01
3.534887941956698088e-01
4.694857936415448019e-01
3.358289831115524038e-01
4.444303695889175176e-01
3.989872248572620128e-01
3.813461817319097058e-01
1.892670275410074099e-01
3.658795181607951696e-01
3.319801672316977093e-01
3.797672595232812753e-01
3.266068410229752139e-01
1.913277853969133635e-01
2.253194327850093492e-01
4.637857267869870959e-01
3.149881109095022391e-01
3.766076828367680984e-01
3.270689778282567239e-01
3.220977242008919994e-01
2.633739156135615489e-01
4.388462879460565125e-01
4.667557345189477513e-01
3.668279272707858918e-01
3.842669134831370736e-01
1.800858405560991360e-01
3.772975064537923418e-01
4.695065380673982269e-01
3.080505577089881486e-01
3.860355594487297481e-01
3.723331287058536665e-01
4.569100388075864605e-01
3.939711425016318436e-01
3.884007844122935871e-01
3.698577412205016901e-01
4.321505203124019756e-01
2.984998756449618318e-01
2.514566876149810781e-01
3.021815709970698260e-01
4.979178276158334193e-01
4.794569130919855149e-01
3.071449261465480918e-01
4.122161977486549778e-01
4.834838295183562229e-01
4.338979507926306600e-01
5.096593626170198288e-01
4.573838492961293523e-01
4.089928954084844359e-01
4.451818132758602053e-01
3.902578375441017600e-01
3.371297509423548111e-01
6.051540467168530224e-01
3.733827098729214922e-01
3.646929199122767584e-01
3.177273384837291381e-01
4.579487270678792021e-01
3.247174124532952177e-01
5.020521095190756400e-01
5.217298294281150772e-01
4.963760948243563509e-01
5.024462014648691799e-01
5.337868964284248063e-01
3.922174486199197507e-01
3.901791561322472957e-01
5.077824817216722852e-01
5.532945895946684844e-01
3.618848655051564167e-01
3.180421353217651181e-01
4.464803535337327212e-01
4.313825105412007477e-01
5.190922058086425706e-01
3.756875798930067734e-01
4.322199161996670425e-01
5.869101111615350197e-01
3.506307060186657498e-01
4.597587772456727673e-01
4.293870217243452303e-01
5.490063186422512453e-01
4.854823088959372979e-01
3.800977103372868982e-01
4.100340278544822303e-01
4.870018016429193408e-01
5.146980038349088238e-01
4.595177577397281943e-01
4.643022133594189027e-01
4.995211795472869198e-01
4.652671129166595643e-01
2.853897548491386993e-01
3.443858638994052312e-01
5.506452249058712001e-01
5.508347992793207748e-01
5.382957763753624114e-01
4.134905697843082595e-01
5.383196623100158229e-01
5.036141098910792424e-01
4.154112865670129273e-01
5.829918616879703475e-01
5.834191940455654146e-01
5.422763424435174118e-01
4.765696211379694125e-01
5.242353178725358553e-01
6.295700230989907942e-01
4.719277277663110892e-01
4.547738064109838052e-01
6.632890956730742582e-01
4.517599220645268643e-01
5.269937055682925031e-01
7.084351891640533472e-01
4.550473595952151951e-01
6.376626499374744572e-01
4.727304882564475341e-01
5.331128570737506678e-01
5.100991345574240610e-01
6.504454001923506423e-01
4.523717868677273324e-01
5.252537244730893784e-01
6.712020374173357506e-01
5.498566585608599677e-01
5.688191836553103675e-01
4.319738701279950410e-01
4.710955101071547246e-01
6.315567129599864993e-01
6.091827540468182089e-01
5.788854371251457298e-01
5.657239941702553176e-01
6.325160032539647315e-01
5.756397556187718978e-01
4.562132242119518177e-01
4.492880596082450828e-01
4.460508552515017877e-01
6.267568589679327618e-01
5.961946020035494564e-01
6.611092885307501277e-01
5.312446837665608657e-01
4.955956081910528055e-01
4.571746465776818091e-01
5.417636675217154529e-01
4.300703095895023198e-01
5.488112890432930158e-01
6.017893926398024673e-01
6.294517341817156275e-01
6.507375858476410757e-01
6.032466834813062784e-01
6.637910407328934115e-01
7.185051934072536062e-01
5.491002357838461467e-01
3.999459313585180809e-01
5.823379204404656173e-01
6.056616279740228981e-01
4.735094541516908784e-01
5.969875515061299209e-01
7.664269865939313808e-01
4.802902730139560483e-01
6.447503618291000604e-01
5.417092097444003995e-01
6.826971696216914687e-01
5.228185343956893716e-01
5.669834246408440581e-01
7.907199726810842932e-01
5.434649256927654992e-01
5.738344443702746434e-01
6.890457626049061313e-01
5.980328809994663875e-01
7.052154305843303383e-01
8.109332252704938293e-01
6.297671909321366224e-01
6.219248551113291112e-01
6.642561662517384447e-01
5.335663483475745483e-01
8.488347669027941356e-01
6.933767704711354396e-01
6.182625137236862356e-01
5.879966586724351130e-01
6.315331950015098395e-01
5.555922710323448754e-01
8.137056079210363002e-01
6.016278310040584776e-01
6.801802874124635023e-01
5.565857955525128631e-01
6.187949606903555555e-01
7.208192213544036830e-01
5.818909236054849998e-01
6.671790739220958555e-01
7.232084412735765300e-01
6.823724628305036788e-01
7.612744547266236950e-01
4.815448355076150100e-01
6.339731652367058823e-01
4.698044556131844018e-01
6.335504773914553134e-01
6.580903998063690752e-01
6.222908252415429997e-01
7.165851371834843775e-01
7.424373358278076873e-01
7.725254529586779162e-01
8.032273014268644928e-01
8.166254985166678804e-01
6.706610852914953735e-01
6.815250960134541236e-01
7.636503674845084300e-01
6.204428463218014667e-01
6.281374409508222456e-01
8.255394090492397252e-01
7.456638314884268537e-01
8.338767448794868198e-01
6.367698180107991268e-01
8.500468719230507286e-01
7.085124568125230615e-01
8.690361895361241595e-01
6.375811452474424712e-01
7.566207760339105359e-01
6.764656151019142749e-01
9.294017131880327742e-01
7.730840201655216903e-01
8.470807332330383410e-01
6.763164699566507343e-01
8.844199313103211502e-01
7.702142558001172645e-01
7.190794506811957199e-01
7.348856122834009907e-01
6.795578967407051030e-01
6.343234824191946730e-01
6.277386075182167513e-01
7.379616675471928344e-01
9.338528557736754943e-01
6.558042753979370643e-01
7.991555949109543366e-01
8.365940305157638646e-01
7.199783763372530343e-01
8.803890138424147471e-01
7.633165831161935477e-01
8.467813397952916876e-01
6.834764806467962250e-01
7.351701592073789371e-01
7.600179463570988503e-01
7.704847250282961246e-01
8.529739763393148211e-01
7.181961346610430397e-01
7.881269455270824009e-01
8.289723886671374053e-01
7.076494085787633503e-01
8.567325112387879082e-01
7.960387285230375864e-01
7.836862872385931267e-01
7.522205813600092439e-01
7.394956645565290421e-01
6.845456660707853747e-01
8.595843663299662651e-01
7.260385223851162362e-01
8.084070687459051774e-01
9.114962007656268739e-01
7.926522105533835294e-01
8.250350535087439541e-01
7.194281227406069679e-01
8.957598783998507175e-01
7.141194470456033727e-01
7.924210196741512391e-01
6.795604345956743897e-01
7.896865627210433169e-01
6.749763764077312267e-01
8.306193694816284001e-01
7.617701878562832540e-01
7.356309145517435644e-01
7.972049196507710045e-01
7.735676713852258635e-01
7.941719651066581065e-01
8.710249425440231841e-01
7.713442547742430655e-01
8.555633986269234326e-01
8.328143002991437172e-01
7.282791251714438863e-01
8.793919999279428135e-01
7.537582222824471545e-01
8.979428319209279419e-01
8.804782478421787628e-01
8.273673190211039419e-01
9.113155335289756520e-01
8.032797748869661136e-01
9.709032940612949414e-01
1.005302515625136950e+00
8.925034442649614208e-01
8.027423765142289724e-01
9.306036751108337501e-01
9.306849857715875363e-01
9.301918794451391470e-01
8.957840025762432434e-01
8.843839121338263887e-01
8.650809936110198661e-01
9.956393305281672212e-01
9.411078292315574467e-01
8.147742657404428712e-01
8.080742415246218169e-01
1.080855349562511503e+00
9.741122988419740336e-01
1.089130337963160944e+00
9.655545284702429232e-01
1.003587952281718154e+00
8.372659859593424292e-01
1.008747491727169043e+00
9.778935578067330381e-01
8.720924571216587262e-01
9.851527363571678242e-01
9.348819821736780167e-01
1.029609167160791650e+00
9.060982034605838953e-01
1.006860439534428941e+00
8.339267339945797275e-01
8.755660629671798700e-01
9.385423476350674976e-01
9.382414281741427997e-01
8.770332392026116697e-01
9.762559699629341781e-01
9.332232485186157112e-01
1.017461375954954228e+00
1.102822630154221217e+00
9.257825204362051252e-01
7.812251057005462629e-01
8.012353596371313280e-01
9.843682272848301995e-01
9.109401136315636860e-01
1.089630838902618803e+00
1.027954083109674954e+00
8.713761945418334598e-01
9.775558946695801499e-01
8.916100607195835970e-01
9.845000885223721410e-01
1.070528888706034021e+00
9.839200689751423923e-01
8.939833287646763438e-01
1.008267647041908521e+00
8.251895860544120609e-01
9.104390040852431421e-01
9.645596137744498755e-01
1.054233910277291075e+00
9.437099937564585872e-01
9.713991932992147582e-01
9.497366640487764355e-01
1.116880382650350612e+00
1.040389248802005451e+00
1.079842109853183629e+00
9.838611587963721483e-01
1.069396767314160224e+00
