-1.047926798122327918e+00
-9.917579692931502988e-01
-1.035411892443066639e+00
-1.045035228276481432e+00
-1.071209943607826842e+00
-9.731194127915999692e-01
-1.226372481899197897e+00
-1.007452392960567433e+00
-1.074998817909589954e+00
-9.667380531153630940e-01
-1.011076248055464921e+00
-1.005078369194243981e+00
-1.040340968720093295e+00
-9.397243499999883287e-01
-1.145494824106790155e+00
-9.711921596742381091e-01
-9.337126388027857660e-01
-9.802661445541664964e-01
-8.673441188912706101e-01
-1.056319873036366097e+00
-1.150408206942344691e+00
-9.750090248009387617e-01
-9.406149766368105958e-01
-1.026481029867414962e+00
-8.617316286917586776e-01
-9.346302160951366345e-01
-9.824274900310974168e-01
-1.039100703362104694e+00
-7.566987740102261162e-01
-8.907572478532288507e-01
-9.678852609037777999e-01
-9.406354925079863927e-01
-8.934201810968045443e-01
-1.036314891776694225e+00
-9.619621870745662662e-01
-9.321230890606322372e-01
-9.972018315498384355e-01
-9.090949855083587661e-01
-8.193243283164595159e-01
-7.820577514614862613e-01
-9.594539437825599926e-01
-1.001973685395949998e+00
-8.110743599310128449e-01
-8.365356649203656847e-01
-7.900677478622495364e-01
-8.742733352584732831e-01
-1.035313038096674632e+00
-9.224380781775689542e-01
-8.711898073265854636e-01
-8.703052376092824671e-01
-9.479527763829059817e-01
-1.017874044369800890e+00
-7.683214026073825753e-01
-9.968737087304356814e-01
-9.066304062616326043e-01
-8.943096455211544393e-01
-9.548350822564660723e-01
-8.373708263940542462e-01
-7.789334140464170275e-01
-8.564776447951393257e-01
-9.188591389049199920e-01
-8.384093161954727647e-01
-8.916224040870653900e-01
-8.528286940043429132e-01
-9.070718700475993712e-01
-9.244923153715488562e-01
-9.079353353064695265e-01
-9.588841703180542853e-01
-7.758931265750975692e-01
-9.439542456648488677e-01
-8.764961033204696772e-01
-8.425705033461416971e-01
-8.690913786289080623e-01
-8.853422793504074351e-01
-8.063795469804374560e-01
-9.188058234985697625e-01
-8.354499342503809434e-01
-8.591888818800289540e-01
-8.585609772066654655e-01
-8.693316181769771278e-01
-7.167086417835681900e-01
-9.685669417391712388e-01
-7.427010995572641550e-01
-8.757163411685152665e-01
-8.231534961718243171e-01
-8.216193869784187420e-01
-8.139343385889910021e-01
-9.390672964182835702e-01
-6.948483712181751093e-01
-8.680003977162203954e-01
-6.016374569103138947e-01
-6.881107536186514828e-01
-9.173602656986775683e-01
-9.275496456144517454e-01
-8.503501288849022455e-01
-7.409044021013824199e-01
-8.278567808463431765e-01
-8.497434109688858372e-01
-9.111409916874987358e-01
-7.069552128821448012e-01
-8.772800267669293994e-01
-8.342061268146302444e-01
-8.501372597617217197e-01
-7.954252505769227044e-01
-8.010230437100253065e-01
-6.581246047700138879e-01
-1.031623334957177951e+00
-8.818616212490221207e-01
-7.042472735310981724e-01
-7.806824420316998969e-01
-8.392058151091639218e-01
-6.684488811430424615e-01
-6.780695823658231536e-01
-7.910479081960748449e-01
-7.980491140870972222e-01
-8.387752230007322618e-01
-7.650202875159536342e-01
-7.588709563899916910e-01
-8.480178531083422122e-01
-6.292681304451038793e-01
-7.319078437123510694e-01
-7.609297294224646180e-01
-7.923283714375740638e-01
-7.272809968835411976e-01
-6.157914260811839791e-01
-6.620753561850273305e-01
-7.193940624673020867e-01
-6.350908207119067006e-01
-8.528057484960823720e-01
-6.679003221685554381e-01
-7.348605611641076951e-01
-6.818764670240424763e-01
-6.563713151128579559e-01
-8.287662282032866035e-01
-6.557929420564407863e-01
-7.783211918265614537e-01
-5.868121754607714680e-01
-6.087799579797590344e-01
-5.282149456595581771e-01
-8.105471152602407026e-01
-8.509830384834816686e-01
-7.697815115547465004e-01
-7.179824835719640364e-01
-6.930668996432948203e-01
-7.145556590367435623e-01
-5.843248717129397862e-01
-7.863168650331788800e-01
-7.458669991176108960e-01
-7.406994897802483546e-01
-6.163248155447573762e-01
-7.579198146522482249e-01
-7.414870053256027438e-01
-6.945250798985781460e-01
-6.004721280696476704e-01
-7.299098382708670840e-01
-5.638457599661769182e-01
-5.150520262834653584e-01
-6.922424081936732199e-01
-6.972068286750744415e-01
-7.065428357910068513e-01
-7.038355613135779398e-01
-7.152142124210776331e-01
-7.329571694187508868e-01
-7.371206606773403891e-01
-6.580416773496189364e-01
-6.567879519751602668e-01
-6.408797442035620850e-01
-6.941718875008416889e-01
-6.705324833801088458e-01
-7.374322068086279769e-01
-6.965070525321733763e-01
-5.795815179061671873e-01
-6.906033835266178755e-01
-5.676611182941397882e-01
-6.896819735800845397e-01
-6.188582336252224092e-01
-6.265512775014996372e-01
-6.507190025380112930e-01
-7.820650466890401997e-01
-5.871327439430013007e-01
-7.001382382058265463e-01
-5.258084502569947416e-01
-5.943953801969421580e-01
-5.097362592457329589e-01
-5.072160341265155026e-01
-7.624961857062877435e-01
-5.757657173571570919e-01
-6.638667864923049056e-01
-6.232228568458532125e-01
-5.611276178218659316e-01
-5.914005220681095576e-01
-5.210992619371954682e-01
-4.826548948059020683e-01
-7.222421447317245446e-01
-5.501029843287913446e-01
-4.150211310903008655e-01
-5.300316867270737919e-01
-6.033147438101418292e-01
-5.131436863239017265e-01
-4.907357964313346921e-01
-5.696100891077764405e-01
-7.298086212310913590e-01
-6.099681535250421893e-01
-6.618092128428679777e-01
-5.750268543527290444e-01
-5.585368060877577978e-01
-6.018399387095710873e-01
-3.856677470130849272e-01
-4.903572809449709968e-01
-6.550984307324504430e-01
-6.612089682984063632e-01
-6.298740599752479241e-01
-5.738255154619585907e-01
-5.851119834355182903e-01
-7.783787609435682819e-01
-6.540130428591957035e-01
-5.563431283322887166e-01
-6.926081599285597301e-01
-6.532515952236723766e-01
-5.727188281921528068e-01
-5.717704562658676437e-01
-4.085825770168848847e-01
-6.246101726009236632e-01
-4.711985354804329451e-01
-6.043602362811839601e-01
-5.780350252360019203e-01
-5.868813934064295301e-01
-5.227295001713883060e-01
-5.004520923544663047e-01
-5.044747326751107819e-01
-5.507499719214221656e-01
-5.860782984681999208e-01
-6.387285887278510987e-01
-5.659655590689521842e-01
-5.497870637552905171e-01
-5.141790438083542192e-01
-4.039624595650549432e-01
-5.560750118671766717e-01
-5.180312239810568320e-01
-6.042700140857077962e-01
-5.481158796038163583e-01
-5.784554662600175368e-01
-4.338483386272418141e-01
-6.057653499137477526e-01
-4.327410771932439504e-01
-5.030814888379064875e-01
-4.153663765249146489e-01
-5.285854253789884494e-01
-3.655446275172635762e-01
-5.371701238440644843e-01
-5.575600921485281969e-01
-4.554548242172211658e-01
-2.957329338190545776e-01
-4.787518475281975494e-01
-4.364369730403908632e-01
-5.541357686993909626e-01
-4.516809057406985239e-01
-5.286122525334665534e-01
-4.874411069986747669e-01
-4.812380106667705770e-01
-4.166947309389552601e-01
-2.865905112078440120e-01
-5.076168116193423563e-01
-5.347147977358052140e-01
-4.123026596173397507e-01
-3.683681313987192674e-01
-6.745523326453299884e-01
-3.508274558021724499e-01
-4.931882416509471012e-01
-4.185258377487513504e-01
-5.004393927401051823e-01
-4.025900129756846968e-01
-3.868364024977744009e-01
-3.711269952840871023e-01
-4.154309769839559796e-01
-4.634331776044357531e-01
-6.256994953184087382e-01
-3.986751541315202707e-01
-3.914791259255496758e-01
-3.397481995787268727e-01
-3.433927424253663263e-01
-6.151713808165988340e-01
-2.595631634519257602e-01
-3.670153472085094792e-01
-4.008799434948932539e-01
-3.869970663450927884e-01
-4.513977673581368033e-01
-2.353855630498834228e-01
-5.102665247819563321e-01
-3.295747125810528089e-01
-6.725014929607793235e-01
-5.102275790608495898e-01
-5.052059092014876684e-01
-3.861702574907286412e-01
-4.432261997354731142e-01
-4.335359154431445705e-01
-3.916343881832219376e-01
-4.368873856713639814e-01
-4.732657351089522568e-01
-4.164848012135036193e-01
-2.694044687670945626e-01
-4.326630749691783295e-01
-3.919624454308615058e-01
-4.273455897493128597e-01
-6.222334009894235907e-01
-4.013172186458983659e-01
-3.921072727884354903e-01
-4.751266861358414695e-01
-2.402045412127848945e-01
-3.154625048569650869e-01
-4.029138109645852839e-01
-2.797023282965570568e-01
-3.449183043386991887e-01
-3.880873159258477756e-01
-3.129676694450641561e-01
-3.123410933734295791e-01
-3.592924490578487950e-01
-3.661289893300716525e-01
-2.287339981973222081e-01
-3.755236756219454408e-01
-3.419419579772494111e-01
-3.510505272275549760e-01
-3.859954143674181881e-01
-3.719377429023557058e-01
-4.252557436904456645e-01
-5.474368505735134338e-01
-3.834198807526787434e-01
-3.572874741369255203e-01
-3.431852336965600658e-01
-3.602623312356506569e-01
-4.434633312912393821e-01
-3.799950449651676720e-01
-3.184912272782197684e-01
-4.284121914225048622e-01
-2.516280620245659461e-01
-3.550099737607119166e-01
-3.617166474313614488e-01
-3.400441040292856432e-01
-3.961076839061496435e-01
-3.118030559212953134e-01
-2.370471661093812021e-01
-2.480344473025823671e-01
-2.823337122242775554e-01
-4.533968510196542123e-01
-2.720730896951124578e-01
-1.810877281200147515e-01
-3.449352197519090502e-01
-4.683852909436059808e-01
-3.910097892302232814e-01
-3.174201926973069243e-01
-2.641706964058950780e-01
-2.874930666254038036e-01
-2.146109906820332092e-01
-1.462180255075160862e-01
-3.627298779408937857e-01
-2.429996571923866144e-01
-3.128865597190356174e-01
-2.333022352877642258e-01
-2.761185116876477830e-01
-4.371372317622564396e-01
-3.512545236590542408e-01
-1.603079056145872150e-01
-7.525899725978257848e-02
-3.937776629381085636e-01
-4.069016769721332527e-01
-3.722205916953316707e-01
-3.547112726324826437e-01
-2.669812710939113432e-01
-2.596537057899079293e-01
-2.252056224927885264e-01
-2.121143881838555845e-01
-2.741730366996786294e-01
-3.122451268746296305e-01
-3.876514740926553099e-02
-3.297194825205755353e-01
-2.220504494260812922e-01
-2.966781816631169910e-01
-1.953486159365923347e-01
-3.330369740776323861e-01
-3.582241594787182182e-01
-1.287189477680973360e-01
-3.218482742348949266e-01
-3.604538701554201308e-01
-4.564713085267372294e-01
-3.289027395547010069e-01
-2.644952527294081590e-01
-2.168545493249763034e-01
-1.808349048482910670e-01
-2.727991693370789839e-01
-2.473204691315796788e-01
-1.893253603255321271e-01
-2.291922329403699998e-01
-2.073823047485858773e-01
-1.414956145295752921e-01
-1.252672289548145412e-01
-6.499678654736860961e-02
-1.705773265264104999e-01
-1.797501361834644984e-01
-6.959803348985374449e-02
-1.792679298816828304e-01
-1.061736908700560145e-01
-2.299726980272202848e-01
-1.983706693762308515e-01
-2.107531321258003798e-01
-3.365964867773200697e-01
-3.186543829224414148e-01
-1.484409033774541919e-02
-1.823952207194912689e-01
-2.401315428845396949e-01
-1.611041598120218077e-01
-1.117419142745678662e-01
-4.350974711021485253e-02
-2.982199211580460751e-01
-1.425544917904779940e-01
-1.475814076912039807e-01
-1.841764928868401818e-01
-2.622653575126258629e-01
-7.253760149169022342e-02
-3.378483943846078419e-01
-1.956651752332759786e-01
-2.286166026194172973e-01
-2.471320730440949506e-02
-1.528179245121656371e-01
-2.305778342475281184e-01
-1.249519040972632555e-01
-2.255165980783310764e-01
-1.233755985960334201e-01
-1.037015525204287025e-01
-1.242764369034002891e-01
-1.293914319932008283e-01
-1.590181224394824899e-01
7.798098809619727866e-03
-4.005679666974935188e-02
-1.846599915477664944e-01
-3.276116560219539953e-02
-1.711261670391386325e-01
-1.486846171302001751e-01
-1.828442529182493503e-01
-1.361181903358171241e-01
-9.372113885132089817e-02
-1.169262673123690061e-01
-1.358261771941927376e-01
-5.551791510941189028e-02
-6.981979367277067750e-02
-1.936227934518266747e-01
-2.986009748388641083e-01
4.490764222453506871e-02
-1.757008283382304192e-01
-1.075438758066687150e-01
-1.651625764141380903e-01
-7.073891293688640280e-02
-4.720020049385265960e-03
-2.276078486483536778e-01
-6.794361581596451705e-02
-7.516535938509420756e-02
-9.901152997575249706e-03
-2.466036248953466514e-01
-1.059525937905853588e-01
-7.941317193542977992e-02
-1.247479425541766773e-01
-1.338646419595128922e-01
4.855248603056948505e-03
-1.812420522870831704e-02
-1.241135264843393482e-01
-1.958209082048544547e-01
-8.603682227158013229e-02
-1.221224911473394181e-01
-6.615484939968607758e-02
-1.224910409771757802e-01
3.309750813241803258e-02
-9.469867330912597192e-02
-7.398818540502025143e-02
-5.310791016474637749e-02
-3.353563763558058131e-02
-1.042176882274290783e-01
-5.124197565935492693e-02
-1.788652341124993828e-01
6.318326964777040700e-02
7.222410817585273035e-02
-9.415548765570111792e-03
3.847991200024812597e-02
6.514844608916584012e-02
-1.162425990309695970e-02
-8.207336609654543313e-02
-1.922080590691395141e-01
5.454929805963019962e-02
-2.291102360993781464e-02
-2.450721883745806242e-04
-4.992060923858573224e-02
4.356183419175715943e-02
-3.556356867355981582e-02
-2.983521594486440026e-02
-1.828874887498427304e-02
-8.531278701520592089e-02
-2.175747297091772461e-02
-1.725438499747076193e-01
-1.084666864753528331e-01
6.726710603987892667e-02
-2.030057405382304503e-02
1.936584484149789231e-01
-2.262792698763440094e-02
3.736407275648929299e-02
6.705483803615792937e-02
3.856503301872239026e-02
1.191186037428956512e-01
9.177123089734863515e-02
-4.472143868977622970e-03
3.730923147840115028e-02
1.248397036521739362e-01
-7.109804179520223810e-02
4.172698975233891244e-02
-6.723148722583724424e-02
5.577794610419538335e-02
6.640944062125497815e-02
4.567718761015827911e-02
-1.692086986376284408e-02
9.265242627164838041e-02
-7.908601166244373648e-02
-1.162419394894129328e-02
-1.295669363475826334e-02
6.856486221258442648e-02
1.086817340537978849e-01
1.735069777476394848e-01
2.173426558677432618e-02
-4.892730270759300393e-02
7.461902736211371845e-02
-4.327576679008036942e-02
2.121392340019709888e-01
7.048858911830405138e-02
2.076058274907967571e-01
7.294306136492118009e-02
-5.087482789967783664e-02
-3.851237157504410966e-03
8.781167156069054347e-02
1.246806743206669010e-01
1.154198009904409544e-01
4.997212487432496283e-03
1.490234054717345658e-01
9.986883388813504181e-02
1.608428326417394028e-01
7.105074749367788767e-02
1.699617360620157558e-01
7.110267395646870103e-02
1.261292539734047702e-01
-5.934255985491880547e-02
1.637439676663883237e-01
-8.357660748175273213e-02
5.691989571267735970e-02
2.297155798645884317e-01
1.111925240422962369e-01
1.203124858775272560e-01
1.540201854737751341e-01
6.242090290605468994e-02
1.379823451646915861e-02
2.266259854983160016e-01
1.411944659466858598e-02
4.552783898866900880e-02
2.911069186039542678e-01
1.109906402741555886e-01
1.130075162229492586e-01
1.124995019146311781e-01
1.570144348836813031e-01
4.514092368813334144e-02
1.549569773670893824e-01
1.714610918865006051e-01
2.271266236005646533e-01
5.282764438845768962e-02
1.123754953006041724e-01
1.591597749867529887e-01
1.350881706290650575e-01
1.517107830243963895e-01
1.097261163164811176e-01
2.064027532419041300e-01
-3.593861136867747275e-02
5.725012331808246313e-02
6.956825240188455051e-02
7.512595889957540685e-02
2.600775226858552114e-01
2.749480557305594708e-01
4.051568651487316014e-02
2.227173319695544551e-01
1.421082098535150495e-01
3.351306694775381401e-02
-1.105391683076437093e-02
2.383964353836052485e-01
2.311177056629987181e-01
2.857029950737811630e-01
5.978328446705682975e-02
5.117652563782543879e-02
1.686430710970812930e-01
1.587308447633103692e-01
1.682122509806169564e-01
2.746710521463219812e-01
1.247947513298347522e-01
1.496284871719999743e-01
1.406623292274007120e-01
2.498323542136277053e-01
2.586382656955736881e-01
2.114808296360952966e-01
2.227254421407826868e-01
2.460327186996737192e-01
1.108630800446074594e-01
1.638462316065817381e-01
2.042629010059823502e-01
1.686012554997582125e-01
2.825974388574489793e-01
1.928298683757850573e-01
2.811875282545747701e-01
2.978524819243139610e-01
2.742290255466124926e-01
3.345544011216926572e-01
1.996082983342234440e-01
5.030195782895247741e-02
1.357476448328810426e-01
2.201607650661932258e-01
2.745188192542448169e-01
1.076165789126370675e-01
4.222265129457210553e-01
2.637021933122533079e-01
2.014165327013814899e-01
2.199688375679905716e-01
2.067143788473808363e-01
3.006475190833436950e-01
3.209177819624792205e-01
2.050649884208670670e-01
2.968583798039359789e-01
3.186732144316884452e-01
3.296759782660605986e-01
2.195749158214936880e-01
1.384162833355617739e-01
1.660903146208946579e-01
3.900570595679194730e-01
3.029685748987069327e-01
2.735563504516524413e-01
3.702847949737634869e-01
3.757304988133859935e-01
2.242581838961298368e-01
3.133814113023709602e-01
3.613781786752787162e-01
2.226016329680242656e-01
2.599778305236888909e-01
2.179601059967652688e-01
2.845618811159292827e-01
3.524508294694934651e-01
2.463258923322705352e-01
3.095458511865634144e-01
2.526183586971803563e-01
2.999348997757286250e-01
2.464583409896287103e-01
2.057207086827897435e-01
2.533984979590391817e-01
2.027645260408054984e-01
2.269439900255671161e-01
2.428271806160388346e-01
3.282110366070019047e-01
3.468970203101081617e-01
1.871170594106202067e-01
4.003928406352640357e-01
4.075584804852632748e-01
1.744270966501610121e-01
3.500446657649138871e-01
4.657206623638133203e-01
3.396536857585987779e-01
4.744588069441245670e-01
4.015532688277115847e-01
3.600355544774672678e-01
1.965534576134138345e-01
3.635198027388905628e-01
3.303660408393599424e-01
3.823280210771548004e-01
3.098688695311221930e-01
1.952599330739227257e-01
2.091700702203661277e-01
4.147142948539607743e-01
3.069159912891975539e-01
3.982003797029074477e-01
3.186390539604664340e-01
3.152210799050869650e-01
2.680818842413023040e-01
4.385565188828249861e-01
4.474311066448705132e-01
3.640493275381297966e-01
4.045986101306066063e-01
1.636526869479967006e-01
3.654580373711214247e-01
4.523988447691555947e-01
3.055856342990751484e-01
3.780100041345180739e-01
3.682213579788631841e-01
4.579446703937177787e-01
4.076958644413333777e-01
3.911776419502661084e-01
3.880380759380116507e-01
4.338291158680279702e-01
2.946743299956053330e-01
2.473990138412084372e-01
3.164401701422757673e-01
5.165259906802215362e-01
4.683596102220982105e-01
3.102463535031487751e-01
4.073888674564682399e-01
4.657415221582741904e-01
4.395139717805890966e-01
5.208048687679244226e-01
4.285174370056704096e-01
4.199542614549100494e-01
4.823055432715727675e-01
3.948064856919983878e-01
3.456491249149282186e-01
5.931782444363912221e-01
3.726840175459963378e-01
3.726183453004774937e-01
3.273227719376631817e-01
4.950082830503294007e-01
3.306979685001741331e-01
4.899093113954258727e-01
5.198836374143429584e-01
4.995810580974614501e-01
4.996649198175541207e-01
5.324231208649561342e-01
3.871545848679432966e-01
3.841444099668481771e-01
5.075826931270782660e-01
5.781583490395564295e-01
3.764142169507631031e-01
3.264554970587678628e-01
4.541366922944251594e-01
4.517599795555911624e-01
4.887557228447394486e-01
3.656749335232197806e-01
4.301634402710582394e-01
5.898961264810209659e-01
3.577374841013270523e-01
4.410540860367115901e-01
4.222315142052922021e-01
5.430414569125862068e-01
4.913238034317934932e-01
3.680981535662164461e-01
4.210546310806817516e-01
4.816685574169007888e-01
4.974895916316752764e-01
4.693240491995820385e-01
4.714700268053735877e-01
4.943739005227035799e-01
5.097180636152170985e-01
2.872419066234718210e-01
3.245051904584341229e-01
5.784204687936049805e-01
5.386897244672741447e-01
5.279099911145760382e-01
4.039696374141403812e-01
5.388011638919443236e-01
5.077370025017184929e-01
4.177194894354013810e-01
5.826879019370668766e-01
5.769017008734486085e-01
5.388151674033392347e-01
4.902044425262730987e-01
5.398270373504576725e-01
6.483051268230154429e-01
4.802263575271804585e-01
4.632009544171704074e-01
6.712499183998426044e-01
4.307171381959347123e-01
5.128398159184667238e-01
7.017931801372685463e-01
4.531597249835903618e-01
6.344508509863222567e-01
4.748413251522601297e-01
5.201857561678219222e-01
5.192613358341651164e-01
6.536199022596250741e-01
4.445539596465175047e-01
5.321827979600263214e-01
6.662306631837613402e-01
5.337439779041379673e-01
5.592065044571222776e-01
4.439687707139509665e-01
4.561227870057357747e-01
6.537623178647793409e-01
6.248846491700327244e-01
5.973628971134552490e-01
5.661122183151856557e-01
6.558211119108026121e-01
5.580951454798097622e-01
4.508135413851271367e-01
4.564399514342691866e-01
4.495190656238765015e-01
6.250692146036099794e-01
5.916364755921156293e-01
6.652784546959455980e-01
5.078459815720991477e-01
4.997700295570999818e-01
4.568781332122640593e-01
5.377278346760557826e-01
4.419112958924323875e-01
5.537722620559795139e-01
6.206665277337348741e-01
6.297759705001504393e-01
6.677150642821811921e-01
6.019161366695666704e-01
6.779095719680251486e-01
7.273736757838896727e-01
5.593378029187519029e-01
4.085016733929201505e-01
5.866281885918419592e-01
6.025418584236341690e-01
4.666978581707894591e-01
6.011293027505851816e-01
7.862709262583255088e-01
4.947780577686943793e-01
6.454552815457148540e-01
5.530488437026880311e-01
6.926299568301762521e-01
5.144385008153761207e-01
5.806742324470380856e-01
8.039114919359796607e-01
5.580343831919570841e-01
5.469223310766191393e-01
7.050898019481268708e-01
5.982134212390707306e-01
7.056886596626298358e-01
8.130381564892118496e-01
6.134335567755671015e-01
5.907791344251440702e-01
6.854184148456525794e-01
5.167698561744636931e-01
8.426131510914195433e-01
6.835727970323025593e-01
5.880700363490206639e-01
5.880172507684694461e-01
6.453345358382358565e-01
5.560429786838188004e-01
8.115486600414221208e-01
6.020613778508335789e-01
6.740684971726141894e-01
5.605618697628578229e-01
6.257543118603079435e-01
7.245131060251200905e-01
6.085553647505868025e-01
6.406583302957805648e-01
7.186390742757204908e-01
6.754339409878394873e-01
7.546088090020522943e-01
4.764311315701889038e-01
6.605310607155928659e-01
4.790282600595975881e-01
6.147570653706813104e-01
6.919596883778281748e-01
6.148088400047838631e-01
6.975647609616165701e-01
7.426207794681163321e-01
7.522825944845653590e-01
7.911393325679263455e-01
8.229662151327828967e-01
6.640970120533883359e-01
6.620975799710460130e-01
7.422827108637305438e-01
6.080401989914926419e-01
6.072555860074368983e-01
8.251667690531123700e-01
7.534688256238550874e-01
8.219830019140285104e-01
6.358903560260253940e-01
8.651957425788943112e-01
7.060465222872881474e-01
8.422421619051697617e-01
6.219322177515869132e-01
7.581270157275032950e-01
6.870624241684385458e-01
9.110221668835396525e-01
7.710601692853453759e-01
8.563654206262484303e-01
6.705855030543287354e-01
8.795880476763165978e-01
7.771543248088031985e-01
7.486979094978862825e-01
7.281483149885038531e-01
6.883894119820542778e-01
6.139483360098743070e-01
6.502899357290716775e-01
7.267587069027389157e-01
9.354223531231290467e-01
6.710853461982815293e-01
8.019376821977182157e-01
8.243215209668799393e-01
7.195726341420789485e-01
8.830049657193359547e-01
7.812060215955873854e-01
8.631743314720520255e-01
7.059008886318749454e-01
7.270685647299712784e-01
7.656144090013504711e-01
7.750881914954588225e-01
8.561860729344207277e-01
7.347417169634331557e-01
7.972409838155529727e-01
8.521634008658165449e-01
7.275951936853466417e-01
8.433083585875784660e-01
7.984071755126582737e-01
7.821919484720999405e-01
7.391702665802492023e-01
7.461929105355961100e-01
7.132903199265635541e-01
8.746002721244734435e-01
7.242109664417235582e-01
7.827316165275889359e-01
9.116584590328407067e-01
7.887793841472972023e-01
7.954782969623240829e-01
7.382937097878216059e-01
9.049035953731925375e-01
7.323084165999422801e-01
7.801504775484774390e-01
6.597231777342577042e-01
8.057284254619385688e-01
6.828234098702655741e-01
8.076132699155401662e-01
7.483096811593447084e-01
7.276926131745581339e-01
8.212524908779818000e-01
7.841083032625786320e-01
7.850031439400286803e-01
8.764951174557001901e-01
7.849043718187422858e-01
8.423863029360384447e-01
8.264373780466554020e-01
7.357850661970023465e-01
8.721351572668879504e-01
7.572593033759585923e-01
8.700222489887897703e-01
8.550015358185926173e-01
8.232016769311025772e-01
9.072005741316082617e-01
8.182249718941068117e-01
9.687899692431771737e-01
1.004825561225785924e+00
8.866278244706061740e-01
8.119353133864816163e-01
9.201782282661160606e-01
9.225331362156570236e-01
9.297268454901712609e-01
8.925514562485228343e-01
9.004331911098558683e-01
8.599502432194487955e-01
9.811138158431635947e-01
9.144724046949206375e-01
8.191399722495715796e-01
7.899468873756420040e-01
1.068247764547810119e+00
9.561229358018424884e-01
1.071663690855864326e+00
9.588330567671714544e-01
9.868503193160564901e-01
8.711232084918018037e-01
9.978832412676046371e-01
9.827610098811430106e-01
8.506849121572422900e-01
9.853327249167610491e-01
9.471833241013239979e-01
1.040233004600263467e+00
9.069388041390695765e-01
1.010724960576282472e+00
8.342631841172742924e-01
8.673509269161737700e-01
9.370299946824539594e-01
9.506954191331230541e-01
8.639585381015703058e-01
9.623926008304191093e-01
9.388658786953503199e-01
1.011343934741046224e+00
1.098573806565431132e+00
9.434763126175248482e-01
7.714430016896827169e-01
8.178668114736088457e-01
1.004005323374860037e+00
9.061038236287454195e-01
1.088172620428125015e+00
1.042104096627697762e+00
8.635812050802558204e-01
9.620947092787573984e-01
9.055569034202450851e-01
9.578718195650312017e-01
1.060534760860623482e+00
9.755156777254687661e-01
8.934691796195601832e-01
1.024750636588843911e+00
8.350838772945072819e-01
9.518590827600567073e-01
9.578887553317734227e-01
1.065032240751788928e+00
9.355412079412640525e-01
9.688909590086495216e-01
9.591085059367280286e-01
1.106139276862022180e+00
1.034632537292536014e+00
1.073257623455387888e+00
9.620466356404374642e-01
1.081047765287465046e+00
