-1.064584244245196265e+00
-9.696504554409692833e-01
-1.043636918887780984e+00
-1.065880642689223556e+00
-1.055915083632319673e+00
-9.744827431520349803e-01
-1.215406380100399586e+00
-9.704308529589106280e-01
-1.082847677073803139e+00
-9.743947240134177568e-01
-1.016735401426796193e+00
-9.842779927463879419e-01
-1.012480353553197876e+00
-9.241173708585479485e-01
-1.145850729171401738e+00
-9.606697598007285510e-01
-9.129015990717953555e-01
-9.847717611146761252e-01
-8.693515431522732539e-01
-1.048867725675745266e+00
-1.143463243795806772e+00
-9.472778029431887514e-01
-9.427309937514205540e-01
-1.066989496948614669e+00
-8.805988846488894684e-01
-9.467887080977323011e-01
-9.682708359011560351e-01
-1.038874539173748168e+00
-7.883087682497056381e-01
-8.780717958140425994e-01
-9.622885016544311387e-01
-9.614274761700939420e-01
-8.957439867931848987e-01
-1.046559838440647372e+00
-9.564456511090525526e-01
-9.335613498041906988e-01
-9.934689493437255381e-01
-9.063834727157021875e-01
-8.095793570073264167e-01
-8.219217344233834543e-01
-9.553759021503689386e-01
-1.015557278410812003e+00
-8.159690954189711132e-01
-8.322112335045895870e-01
-7.897395405138640800e-01
-8.895213309450510364e-01
-1.031637656630893574e+00
-9.263691966087230778e-01
-8.721407452572970120e-01
-8.696934122668196210e-01
-9.150229332791957049e-01
-1.005901943263190601e+00
-7.760875857723135152e-01
-1.013625479791291584e+00
-8.907831670210402120e-01
-9.043284347334427098e-01
-9.372545835685442972e-01
-8.254976669116510513e-01
-7.954319366169447791e-01
-8.259242371780577407e-01
-9.152716970485469394e-01
-8.471020638149853177e-01
-9.070152162971728549e-01
-8.618160978348746726e-01
-9.098814807613576638e-01
-9.239906389070157156e-01
-9.034811227835892744e-01
-9.444163515519786722e-01
-7.672656267911660555e-01
-9.472813355045159867e-01
-8.785275780805930079e-01
-8.440622133670717675e-01
-8.627965273675510804e-01
-8.827398642771732140e-01
-8.109279670301821064e-01
-9.165958545578861694e-01
-8.696934285970300271e-01
-8.878188449346469113e-01
-8.422440032338094351e-01
-8.588540292909089269e-01
-7.067245744821114561e-01
-9.842272964092912968e-01
-7.251432532590746938e-01
-8.658864426999635100e-01
-8.101863559029964801e-01
-8.409755090004885636e-01
-8.339164561144489785e-01
-9.179127734095794411e-01
-6.875334068125903419e-01
-8.871937943673205984e-01
-6.244119692775951247e-01
-6.851390694606726006e-01
-9.106492433154483868e-01
-9.015500718275465397e-01
-8.398148528636310006e-01
-7.509629758283783429e-01
-8.315536894619015573e-01
-8.424466846650970897e-01
-9.095156996732283172e-01
-6.912394465000245569e-01
-8.762007287476500927e-01
-8.653241639051916234e-01
-8.563830315828456774e-01
-7.940464286881337985e-01
-8.025433155933237028e-01
-6.578751834030888146e-01
-1.034372709962530168e+00
-8.919434357952581438e-01
-6.939891914789834138e-01
-7.810350677058774949e-01
-8.306213036244397552e-01
-6.796658760737220861e-01
-6.994357534047296321e-01
-7.953021654467117285e-01
-7.879789034669829606e-01
-8.457751053357944748e-01
-7.446833775821083412e-01
-7.608228736105503431e-01
-8.668132296612546250e-01
-6.424414792021885257e-01
-7.203710472105495644e-01
-7.291635289604682102e-01
-7.776710882259824098e-01
-7.308799257711274810e-01
-6.078749579383281310e-01
-6.506607061626153987e-01
-7.297065951284263940e-01
-6.509372141597442596e-01
-8.440060850557821182e-01
-6.572599325513333035e-01
-7.419225572304550820e-01
-6.778238054246229494e-01
-6.601739437528520993e-01
-8.238589136509492095e-01
-6.499913370260755885e-01
-7.955738605171509548e-01
-5.937002800170128047e-01
-6.383052648240986615e-01
-5.358932110179136510e-01
-8.338243627974217809e-01
-8.296328288923835448e-01
-7.729736915879169556e-01
-7.164386668122023627e-01
-6.951764089869800767e-01
-6.916636457753650991e-01
-6.038541128907767286e-01
-7.860287064097291054e-01
-7.579731747354140348e-01
-7.346169701422643472e-01
-6.094469340399298884e-01
-7.858503978965886150e-01
-7.466031288574254132e-01
-6.916779821809013740e-01
-5.858109941346845151e-01
-7.125561130857651637e-01
-5.645614343832395798e-01
-5.181043452754865442e-01
-6.887388973787833546e-01
-7.247233380031170569e-01
-6.886857963373661518e-01
-6.897399936935213471e-01
-7.298325472949565018e-01
-7.322373338565546508e-01
-7.438416739296187519e-01
-6.596592509058053500e-01
-6.509672795964804859e-01
-6.424179624009725975e-01
-6.802399411474869817e-01
-6.601520399831167785e-01
-7.405729096961494173e-01
-6.888143926136726103e-01
-5.612240466734815802e-01
-6.885566318997664581e-01
-5.593268762335997790e-01
-6.759985290123484702e-01
-6.157520440777165538e-01
-6.240086936316165955e-01
-6.455482418091692542e-01
-7.995409947930741668e-01
-5.862301300010548388e-01
-7.282911007146856130e-01
-5.213709483125004152e-01
-5.947058579675927881e-01
-5.032950737028972776e-01
-5.069034128347202905e-01
-7.637946919034316329e-01
-5.796901834435594925e-01
-6.459216278965266289e-01
-6.028968829632067594e-01
-5.489223228060778892e-01
-5.835464531774736674e-01
-5.043659860663713967e-01
-4.952782198502172495e-01
-7.288383704571552713e-01
-5.444464163129209000e-01
-4.259472059166342084e-01
-5.287625200414934890e-01
-6.052702217547513142e-01
-4.967402387903711580e-01
-5.049746031181451267e-01
-5.843887031853900460e-01
-7.280463644628171194e-01
-5.989822011686800618e-01
-6.742173153170920585e-01
-5.860688653293607553e-01
-5.575791228672161148e-01
-5.693159012618930204e-01
-3.763839975002810645e-01
-4.817737699274738383e-01
-6.600567688834083624e-01
-6.701574383646757838e-01
-6.187594410339486428e-01
-5.851858532982954220e-01
-5.586756283199068029e-01
-7.806652774711446696e-01
-6.565554265913978726e-01
-5.537519563734091266e-01
-6.770778106091498438e-01
-6.618287365609603068e-01
-5.870610778801197416e-01
-5.461096891778495221e-01
-4.206134488947983474e-01
-6.270140702153050860e-01
-4.723154660864268273e-01
-5.879127763843754462e-01
-5.761026673265282616e-01
-5.846227776958837774e-01
-5.438142682506856840e-01
-4.978639801795022857e-01
-5.069150680351527383e-01
-5.690288215357067747e-01
-5.726024017001630773e-01
-6.218470306208935261e-01
-5.720771762330824073e-01
-5.407748008965431730e-01
-5.001807229201565841e-01
-3.998059405232780028e-01
-5.697785763409572990e-01
-5.294325480514103788e-01
-6.040127844050836581e-01
-5.473737000751482951e-01
-5.570965802069816064e-01
-4.029718590595524619e-01
-5.866658365901412653e-01
-4.163075279625736425e-01
-5.046248503680942354e-01
-4.017347170348337659e-01
-5.210130957047007794e-01
-3.552321423308237303e-01
-5.188294273406168777e-01
-5.601670550847093200e-01
-4.919879357300466771e-01
-3.035565123097278550e-01
-4.683452674883910039e-01
-4.500489250062635338e-01
-5.587317276569290225e-01
-4.682515066621549260e-01
-5.108128342632711760e-01
-5.026964842168940573e-01
-5.155092763879285389e-01
-4.133249454425155789e-01
-3.033033787623778954e-01
-5.335094748206590243e-01
-5.192654102921656634e-01
-4.102858365529205020e-01
-3.722958215925499248e-01
-6.791257574024649468e-01
-3.300871234561283951e-01
-4.671682974901925633e-01
-3.906760739161150298e-01
-4.869031852824757811e-01
-3.906971755277876546e-01
-3.946208761971345402e-01
-3.662337268749029096e-01
-4.274203038018392631e-01
-4.766898808611239047e-01
-6.169989645167898162e-01
-4.003380332773474048e-01
-3.946167131822527208e-01
-3.434045403293691234e-01
-3.374226674068619980e-01
-6.280869832819848675e-01
-2.764895111370139213e-01
-3.554383862376707115e-01
-4.151458634167435324e-01
-3.891162373423590060e-01
-4.700302892671551769e-01
-2.307039577832625810e-01
-5.081019158465346353e-01
-3.209959629323648200e-01
-6.457095083915916911e-01
-5.302501161315953393e-01
-5.112604091953550922e-01
-3.734956136796503401e-01
-4.346439425993322558e-01
-4.256446856191619110e-01
-4.031893284280206324e-01
-4.157330397656573417e-01
-4.659439215841281734e-01
-4.249782380738864052e-01
-2.844170866284289612e-01
-4.127697532011931902e-01
-3.921211323605930388e-01
-4.287286510682244978e-01
-6.251202829553972329e-01
-3.905598847151006137e-01
-3.735231480108619495e-01
-4.713333285048311172e-01
-2.331062587213983961e-01
-2.949001562362473239e-01
-4.064964380756087570e-01
-2.929863691452795904e-01
-3.742048735223886258e-01
-3.869430076465671386e-01
-3.249619032378303629e-01
-3.130582480215577390e-01
-3.464200550949129709e-01
-3.884009967101095251e-01
-2.219465772500462397e-01
-3.886567604894812233e-01
-3.341051005316412192e-01
-3.620152801246631080e-01
-3.959385368521690651e-01
-3.600356989021635812e-01
-4.147516446511253507e-01
-5.465354059869598213e-01
-4.058629803605989794e-01
-3.577461020660052671e-01
-3.417184141587359392e-01
-3.517813794538609540e-01
-4.147194108049124806e-01
-4.079044614829432369e-01
-3.134674841947365231e-01
-3.929574150941233524e-01
-2.336917184862408736e-01
-3.495002410146249572e-01
-3.368748787989735427e-01
-3.433029005049767490e-01
-3.739949780779295296e-01
-3.225796687091853077e-01
-2.487694793062487086e-01
-2.524800731149298150e-01
-2.861713541624035240e-01
-4.468419044134374629e-01
-2.609417408872811150e-01
-1.693081933209024670e-01
-3.371811356489924361e-01
-4.536070348071448710e-01
-4.045224431520624830e-01
-2.929129471207362334e-01
-2.817027553478920754e-01
-2.919059720934886748e-01
-2.205775497277814301e-01
-1.554868476259539389e-01
-3.471284405713466192e-01
-2.388011134701291949e-01
-3.063131802020548911e-01
-2.154647106531086265e-01
-2.841297970497976833e-01
-4.294089017004281694e-01
-3.360164446333827049e-01
-1.578212825344110226e-01
-8.746410909173660264e-02
-3.787006111984164702e-01
-4.055915261445167674e-01
-3.443228937736808049e-01
-3.769958580176036023e-01
-2.746770190282243895e-01
-2.771891239492159653e-01
-2.292466849247571103e-01
-2.206297813100800143e-01
-2.609113063659261322e-01
-3.063530656448676393e-01
-3.473312786938984043e-02
-3.209693753058999732e-01
-2.001063290636093950e-01
-2.823069000483127700e-01
-1.744910720943247395e-01
-3.064201575451407922e-01
-3.339945979595508319e-01
-1.107644718958704505e-01
-3.108695572133431395e-01
-3.683595921904523895e-01
-4.695366856602312677e-01
-3.240514823394345933e-01
-2.919954279413822795e-01
-2.257947126587617204e-01
-1.582158188514612984e-01
-2.380802074699514270e-01
-2.719399321615912357e-01
-2.122285263984179104e-01
-2.292171043814499320e-01
-2.199666433339584615e-01
-1.507209817422352216e-01
-9.938999800903594584e-02
-6.132098229654909388e-02
-1.907537261060814615e-01
-1.626437179446050263e-01
-3.754540340108475371e-02
-1.886315255941923286e-01
-1.034169600812253759e-01
-2.196994530773844212e-01
-1.955924395069836286e-01
-2.127262627341337253e-01
-3.128102327889137335e-01
-3.175450297433783931e-01
-1.979247337059081638e-02
-1.625978942399753935e-01
-2.353806565475525248e-01
-1.474234926039505733e-01
-1.051274120151820118e-01
-7.754986963618001883e-02
-2.950038536701417580e-01
-1.378470181731123179e-01
-1.388078151171922847e-01
-1.806826568591909654e-01
-2.570178418039164026e-01
-8.562553730391815610e-02
-3.453147568509631893e-01
-1.964551042777133438e-01
-2.270869736234046310e-01
-3.047365039113733229e-02
-1.545977978668760522e-01
-1.899263693149153831e-01
-1.383654023783731646e-01
-2.256391967195067183e-01
-1.141457409654267618e-01
-1.242910006357319241e-01
-1.061769310112278958e-01
-1.393323784852003866e-01
-1.653817751241394851e-01
-5.647529552069115340e-03
-5.131297734862894089e-02
-2.190373439928894050e-01
-3.926146062389004703e-03
-1.488058499708750648e-01
-1.139095762602859857e-01
-1.712704712159150433e-01
-1.387602690592460997e-01
-1.159079630936256239e-01
-1.286816223384224800e-01
-1.374317782794707010e-01
-3.588121281660500150e-02
-7.116455204627332443e-02
-1.885966225628129267e-01
-2.900056582498681812e-01
4.477796146265132851e-03
-1.862484396050839708e-01
-1.046386009054677269e-01
-1.468553087123513345e-01
-5.101634359890629827e-02
8.659574738179494705e-03
-2.369364587388798349e-01
-7.427798858241968505e-02
-8.259250865459168145e-02
-1.882034067496167603e-03
-2.507316876489525392e-01
-1.253245343370275044e-01
-8.219230775400110378e-02
-1.119779927515938689e-01
-1.183088251004263541e-01
1.224996878324032847e-02
9.009036578397170434e-04
-9.912673052674132734e-02
-1.902966334135177962e-01
-8.225983930560690216e-02
-1.338460596224579080e-01
-5.791727452715498409e-02
-1.025561581912319414e-01
2.045293779084117816e-02
-5.420409336050906191e-02
-9.156071921282328552e-02
-4.481958386550172896e-02
-5.086856284468899841e-02
-9.399385623711212223e-02
-6.484214742990843106e-02
-2.190949756039026475e-01
4.667223899230905915e-02
4.594208692197723071e-02
-1.675062590818170161e-02
1.595016045725654655e-02
6.764419144417040120e-02
-3.532082933755338432e-03
-9.605575305382751949e-02
-1.827202112446718318e-01
4.341096272426561709e-02
-1.808369479547305980e-02
-1.427811894796757186e-02
-5.812437610289596102e-02
5.788599003223779405e-02
-4.625041075595540119e-02
-2.019414760078065002e-02
-2.683704034232557364e-02
-8.063749534781962380e-02
-3.996140389199077936e-03
-1.685305404600343226e-01
-1.066954541771479581e-01
7.045916607879169902e-02
-9.097226429811391263e-03
1.898144848963846387e-01
-1.586485262709712296e-02
3.304035639983621264e-02
6.921412308936257529e-02
6.059689339767632479e-03
1.438584868662114991e-01
8.698781702764793455e-02
-1.177417633233787155e-02
6.077328690646306014e-02
1.458437998219245801e-01
-7.393262136058344203e-02
3.810469012067527889e-02
-6.208540832637337442e-02
6.296749431235265648e-02
7.177089688244150945e-02
3.391539170262072161e-02
-1.363633638318543020e-02
1.020290743596220379e-01
-9.281901593712034437e-02
-1.464413311541009136e-02
-1.505075292129711209e-02
7.576781680579124101e-02
1.154246887104040803e-01
1.769645163602527327e-01
4.124824736553599214e-02
-4.710135648281490311e-02
8.620122756603099123e-02
-4.932816535373467370e-02
2.193957778797777924e-01
8.873234447440377093e-02
1.919016742314736679e-01
6.903989577815258794e-02
-5.457870207562229292e-02
1.855379798034243952e-02
9.416759516084002857e-02
1.155556489297270700e-01
1.013855107325424693e-01
1.969269518245322925e-02
1.310417817244704242e-01
9.488384569413703395e-02
1.231697564437481546e-01
4.964214755791102052e-02
1.663421627173095607e-01
7.662853580105266627e-02
1.141430120114942937e-01
-5.433646162988607642e-02
1.825715827655961798e-01
-8.659438930022778091e-02
6.063192672636690678e-02
2.218016865828557616e-01
1.150453105402167164e-01
1.146069547282323742e-01
1.559648626629182022e-01
8.654556576759366016e-02
1.917002319648322250e-03
2.393054797778406961e-01
1.028560698782657323e-02
2.812729428923625014e-02
2.975676047876573693e-01
9.880108259713128727e-02
8.344577198489727676e-02
1.169226657836952149e-01
1.993449767108508575e-01
5.699438509301517353e-02
1.238455097043890951e-01
1.613189698145871820e-01
2.241803631323347479e-01
6.104832793824229581e-02
1.021014694293067987e-01
1.886121724631205643e-01
1.462514432465960024e-01
1.273147797439214413e-01
1.475210497851793812e-01
2.068707012461039052e-01
-3.582093244068574461e-02
3.994449370307218833e-02
5.841595059493411013e-02
7.972906488939227043e-02
2.533196068870599005e-01
2.643126814068968988e-01
2.644115439234941134e-02
2.080836198879051635e-01
1.251709140463638237e-01
4.466548060870600273e-02
-9.745987484171490453e-03
2.189152359312813156e-01
2.378921370214709119e-01
2.948657423573585179e-01
6.511028665651540093e-02
4.592364140786001775e-02
1.770989895652814172e-01
1.400271817216236780e-01
1.757795328419860525e-01
2.446706084365046496e-01
1.358151203312576438e-01
1.433021245141264943e-01
1.684184599589715614e-01
2.435026242642232830e-01
2.520562362901582754e-01
2.199258212627010489e-01
2.107697321242981980e-01
2.377241440898620883e-01
1.330782857213357040e-01
1.754746348405500367e-01
1.996825731900414569e-01
1.620865825165569429e-01
2.606669543620716567e-01
1.996966872946581983e-01
2.292006594972385014e-01
2.979445196555239317e-01
2.726739860759464507e-01
3.422252100724437751e-01
2.112320531169681326e-01
4.119722566353844345e-02
1.398506470855404027e-01
2.173359599164530198e-01
2.493973428132247872e-01
1.246701338085480087e-01
4.322342722180221863e-01
2.373912961079115147e-01
1.951883825688170149e-01
2.079560969307891194e-01
2.018256506013141605e-01
3.052570112094595278e-01
3.214192187257707278e-01
1.973200973121506108e-01
3.043238811878039018e-01
3.179251080791553608e-01
3.210810368612239118e-01
2.160210296550469922e-01
1.457200308377092079e-01
1.619988270640036754e-01
3.881792545820461071e-01
3.202563250646304205e-01
2.775171110547902664e-01
3.846789514945702093e-01
3.843133857847470525e-01
2.245577959884600960e-01
3.049357674926810313e-01
3.612443934850966265e-01
2.294348322924449068e-01
2.608129210159120803e-01
2.178370168836666620e-01
3.229761311214158770e-01
3.368482194431965393e-01
2.589071054326625987e-01
3.060942655629427800e-01
2.437742679489907638e-01
3.204855905659396154e-01
2.484296987714554594e-01
1.909762921827590498e-01
2.456442745252056525e-01
1.868155095117661479e-01
2.251938748966116344e-01
2.538414474108778296e-01
3.510204519943467272e-01
3.406405120971006117e-01
2.006396641976957718e-01
3.926861600408001474e-01
4.115400016234800340e-01
1.759860244388666839e-01
3.690468545544418055e-01
4.627581945727341495e-01
3.596978677075581832e-01
4.572686192125501869e-01
3.996529383680895720e-01
3.518379986440483553e-01
2.006122383653779762e-01
3.482244231904735310e-01
3.243355281571935200e-01
3.758035447313707866e-01
3.277476630449231987e-01
1.814231631614620088e-01
2.101418430530345438e-01
4.215758524226423942e-01
3.123494882762037905e-01
3.940751483667252475e-01
3.138223823478247243e-01
3.127965638166767537e-01
2.810553561988358706e-01
4.432012723975227719e-01
4.507852738111823299e-01
3.570552786160057224e-01
3.991014239953902254e-01
1.657229563792493032e-01
3.671785463628575719e-01
4.614928455517710582e-01
3.360487645861642281e-01
3.712732196750740954e-01
3.944701443670528551e-01
4.686733537157701801e-01
4.231487776639376586e-01
3.804902039980649908e-01
3.674157947822105919e-01
4.102448824987779963e-01
2.944491316370846934e-01
2.636286374213139272e-01
3.093976434354547833e-01
4.939298344097364790e-01
4.698657193099223250e-01
3.177292459923537482e-01
3.976081748717357756e-01
4.626470079860376394e-01
4.640839861765824192e-01
5.326329298394530953e-01
4.378750779064050080e-01
4.337444033539486488e-01
4.518216855493795148e-01
3.829686287637565911e-01
3.329887826124761641e-01
5.922245243418723382e-01
3.704899516270083737e-01
3.591469299203667309e-01
3.147369574812509674e-01
4.862537523782122784e-01
3.011867560453334036e-01
4.927392082074702473e-01
5.218143884024978307e-01
5.105755630679450485e-01
4.934541087491849942e-01
5.480710872116255628e-01
3.875063997884036215e-01
3.900531930358286936e-01
5.046096699559502463e-01
5.799818192252589322e-01
3.539515156041315169e-01
3.159295240106240743e-01
4.470200059654388935e-01
4.411050570197109222e-01
4.983410021895960940e-01
3.876404082778499571e-01
4.352504156878739816e-01
5.977047547531736393e-01
3.691168412116300201e-01
4.606903664410483823e-01
4.378200348031809908e-01
5.454239155459722488e-01
4.435160612297366356e-01
3.759129300841004273e-01
4.174375621966245897e-01
4.665127447469513133e-01
4.813430527684586790e-01
4.705565577830840840e-01
4.828081467016313022e-01
4.962702387189286135e-01
5.160588699243393584e-01
2.936643979463208765e-01
3.291656214972430439e-01
5.285028394810538099e-01
5.410258267392814568e-01
5.533656244610483110e-01
4.115033121883740486e-01
5.367615001046239787e-01
5.209754352452250492e-01
4.226059058908879784e-01
5.933963529148272853e-01
5.813710368695553798e-01
5.166917165071450713e-01
4.800628498974119363e-01
5.487910602593983889e-01
6.379939112102539500e-01
4.734210222643344124e-01
4.961214582617067270e-01
6.759960717978070743e-01
4.491382560313499361e-01
4.969180744119260917e-01
7.058382817989495850e-01
4.667988931829589738e-01
6.199039895533464684e-01
4.768108525346619886e-01
5.215922825360649329e-01
5.042812132522760393e-01
6.646556139323980261e-01
4.495642256524085001e-01
5.223075243914216959e-01
6.747366577200967219e-01
5.317412735231200616e-01
5.675269989840058260e-01
4.442397445972335324e-01
4.647367771025840977e-01
6.263243618082270370e-01
6.114242922318852136e-01
5.963385070424778167e-01
5.710378304930980864e-01
6.489709798341442015e-01
5.611245864852202336e-01
4.570780199261054166e-01
4.654288936330326365e-01
4.407320285299111129e-01
6.123149644103068612e-01
5.877055180409086477e-01
6.626027905863667300e-01
5.084746184157244997e-01
4.975019416244857995e-01
4.520742769293117913e-01
5.592821491669165423e-01
4.391531785106631003e-01
5.695994112117211960e-01
6.028210582424319286e-01
6.413312251339494674e-01
6.563071134672361362e-01
5.917581333520839371e-01
6.695627620912747435e-01
7.386615303812673616e-01
5.510362329630676959e-01
4.009883924879312223e-01
5.999917915982666550e-01
6.097334709824502319e-01
4.942248503157347095e-01
6.111202195211429267e-01
7.838530794199771723e-01
5.042680601283189290e-01
6.525107083744964287e-01
5.574805078609967879e-01
7.076615917916476706e-01
4.967317860436616384e-01
5.937274053797446660e-01
7.974888874323231569e-01
5.253845451670452471e-01
5.616872824351192284e-01
6.761479180397307331e-01
6.160899249886708784e-01
7.180978425682784660e-01
7.945304636996828318e-01
6.325833695068218132e-01
6.416245250053215221e-01
6.676075576647383381e-01
5.243547292434879159e-01
8.428030568124051936e-01
6.835000029812547950e-01
5.981695355399941905e-01
6.147734711321527490e-01
6.366080059016113735e-01
5.473596929054940219e-01
7.923199301882789536e-01
6.105106019831675335e-01
6.828392727613660229e-01
5.431907300319773757e-01
6.343526096855238716e-01
7.280322795879146103e-01
6.014433853057256085e-01
6.720481452480957518e-01
7.222141603856290226e-01
6.845388262928518985e-01
7.584296427241831173e-01
4.783850191239963356e-01
6.451105735446704958e-01
4.881030783565917797e-01
6.177390134142464184e-01
6.625932564810836922e-01
6.261289256088919952e-01
7.089687155620796322e-01
7.624588153112314970e-01
7.504556557522938931e-01
7.914211350762748731e-01
8.313717101235799101e-01
6.477330063871457044e-01
6.744162527633932314e-01
7.606619246537984491e-01
5.981874428056118687e-01
6.244625455374792633e-01
8.176188908101807984e-01
7.496544396576827474e-01
8.113945721681866674e-01
6.365823329653538254e-01
8.348195452824298535e-01
7.320338867624277546e-01
8.448149650017268142e-01
6.169422081433361127e-01
7.779150865648841728e-01
6.824528071325830503e-01
8.996522970963268806e-01
7.704319579290439535e-01
8.758955673209393167e-01
6.790085194403977509e-01
8.861957010355810960e-01
7.609077816091213142e-01
7.200995340884001061e-01
7.349317324570781018e-01
6.787939965067467663e-01
6.339553875989790699e-01
6.499535831613821868e-01
7.550690421622816562e-01
9.434286747225133496e-01
6.756318829956280414e-01
8.010676832717534834e-01
8.490584805205336760e-01
7.147956056764513955e-01
8.789452528392680541e-01
7.873582842082524902e-01
8.251891166376003062e-01
6.723268964051678509e-01
7.113431841602546601e-01
7.465324919933784553e-01
7.563658807726558742e-01
8.444564017778316556e-01
7.325968304114893748e-01
7.845658547564837715e-01
8.414575296097240864e-01
7.118865780210119620e-01
8.626225470102002468e-01
7.779691648653045410e-01
7.916199938804714398e-01
7.525410108628999284e-01
7.255690239138850028e-01
6.919914364182125910e-01
8.672639322650027571e-01
7.181084480385648838e-01
7.762462265102595405e-01
9.272326958978197586e-01
7.960295633999651121e-01
7.917398254812229030e-01
7.421561713131533677e-01
9.100065723279293639e-01
7.100744007217851816e-01
7.983825312731015478e-01
6.756959377870340733e-01
8.090746800900847635e-01
6.655588346718562809e-01
8.143953519455728873e-01
7.529945127330066601e-01
7.238830367106389163e-01
8.167899936436689989e-01
7.924260599736121513e-01
8.097250154750375017e-01
9.080067814043658592e-01
7.549226107395703433e-01
8.449475900195704270e-01
8.202671379874822977e-01
7.209178971306238193e-01
8.678953600535531665e-01
7.336661683160807801e-01
8.908501186009030182e-01
8.595001291464376969e-01
8.468298148700686978e-01
8.952500927686852794e-01
8.206008829374891178e-01
9.644909928147552547e-01
1.004727619649692150e+00
8.961231460299226015e-01
8.035148420582585160e-01
9.282260427140590631e-01
9.308424782355723126e-01
9.332601338045283246e-01
9.047104742483396134e-01
8.891381446117171405e-01
8.507099967510529659e-01
9.917215818430525909e-01
9.081787670906399379e-01
8.214242511107819888e-01
8.042092225956022356e-01
1.070104630579721494e+00
9.806080385939034416e-01
1.089868894877350725e+00
9.486410498438068162e-01
9.902622370431961585e-01
8.504728025300614114e-01
9.943793686002240229e-01
9.762752309631708147e-01
8.521480022378534747e-01
9.796144340386806482e-01
9.258750320475536144e-01
1.020151206713451941e+00
9.037342141048533284e-01
9.785694932416479919e-01
8.238671122544616310e-01
8.601339722245937569e-01
9.346139380995075463e-01
9.416133052000345005e-01
8.814176745073349917e-01
9.838390944229373769e-01
9.610568705318799365e-01
1.013633289623538936e+00
1.094719565930505789e+00
9.346619253761052626e-01
7.725895781611076263e-01
8.229666312580495857e-01
1.006064753686187974e+00
9.108255042502045873e-01
1.099839620451918298e+00
1.022310759647028444e+00
8.506329879316656406e-01
9.517227300427248959e-01
8.948863156098135763e-01
9.766245851850666737e-01
1.082980572889677973e+00
9.913893190095938168e-01
9.075776138238670354e-01
1.001516262321550332e+00
8.378101842985949954e-01
9.238155816907211992e-01
9.650575743487525004e-01
1.051097154461618555e+00
9.424277361344101100e-01
9.712426734056613942e-01
9.437472056044088342e-01
1.100269590374813422e+00
1.048521334221999890e+00
1.094422917356892677e+00
9.723868386202739744e-01
1.064490759168888134e+00
