-1.068363144619123517e+00
-9.865900749938310010e-01
-1.051082611539155387e+00
-1.046436728920949744e+00
-1.054347809250592016e+00
-9.810715157522468255e-01
-1.206457576826028166e+00
-1.022619025132609938e+00
-1.062245040081641445e+00
-9.738746437300082048e-01
-1.012187568075522126e+00
-1.003332514426523270e+00
-1.016365364765414281e+00
-9.348984783229286055e-01
-1.139281458319685747e+00
-9.906936417764611313e-01
-9.362135813895392511e-01
-9.896147211972728952e-01
-8.581774664512802353e-01
-1.058702427686204706e+00
-1.167005505141084143e+00
-9.477493197047403006e-01
-9.406015584855879075e-01
-1.039474980994865572e+00
-8.518682320454232793e-01
-9.480742118241909377e-01
-9.812553047719002608e-01
-1.022892093488524834e+00
-7.824014713530752507e-01
-9.006089613708827546e-01
-9.676647460838688763e-01
-9.428453873559689002e-01
-8.978699901069183698e-01
-1.037624864128386060e+00
-9.313712116325061352e-01
-9.221262785650939930e-01
-1.004636221670090368e+00
-8.980418347659837597e-01
-8.187063123199799231e-01
-8.269332514590906902e-01
-9.514783797135212273e-01
-1.001418117093111126e+00
-7.919692918010055038e-01
-8.167473507928888488e-01
-7.992083740212866383e-01
-8.628612458892176429e-01
-1.045104347958037749e+00
-9.209245407684505391e-01
-8.539881084933489408e-01
-8.602581899011478850e-01
-9.248113705793079564e-01
-1.006980050064737453e+00
-7.820373584482658291e-01
-1.020582370203279465e+00
-8.848436264515702199e-01
-8.986353095122417978e-01
-9.451815588643615040e-01
-8.383220598076812635e-01
-7.804491533791780844e-01
-8.311909725613277899e-01
-9.044650511722169828e-01
-8.427133245160589592e-01
-8.932625000305431939e-01
-8.612395603310644132e-01
-9.004654996670000688e-01
-9.122573589258625715e-01
-9.122808012347068951e-01
-9.495059144728189571e-01
-7.765505825763328041e-01
-9.486296606768032103e-01
-8.632527212324802024e-01
-8.455888622133765908e-01
-8.377640909822878790e-01
-8.920207653549980797e-01
-8.326036329784642920e-01
-9.207149854682199486e-01
-8.176124421007238130e-01
-8.521697683941961143e-01
-8.568559232111503388e-01
-8.529232598581971692e-01
-7.265553857190331088e-01
-9.874828389138037288e-01
-7.349706453468383138e-01
-8.756716359992485765e-01
-7.897601997017802411e-01
-8.197014759003625750e-01
-8.371781864643301763e-01
-9.210793496544688042e-01
-6.873470814288197284e-01
-8.723133077690148340e-01
-5.983802284138501903e-01
-6.915575791581141107e-01
-9.119046636784869930e-01
-9.027164290906645183e-01
-8.445507032033489070e-01
-7.448964887125015810e-01
-8.373252239625965654e-01
-8.568191247041764269e-01
-9.181106097982408842e-01
-6.800921249207505515e-01
-8.767906574695403243e-01
-8.683043032869262046e-01
-8.495376057332204578e-01
-7.827120328376780956e-01
-8.256918133534714155e-01
-6.618569896655245310e-01
-1.042295923970707694e+00
-8.703892199465603774e-01
-7.019982398521263933e-01
-7.750183600090727598e-01
-8.519424103273021132e-01
-6.638502141555070457e-01
-6.926472177212095183e-01
-7.775702802121885471e-01
-7.970547314804451444e-01
-8.349894994854369923e-01
-7.546357227319585581e-01
-7.552244711663717025e-01
-8.614128188439649225e-01
-6.507353196943257423e-01
-7.187744433781745323e-01
-7.444848892777089500e-01
-7.795041398047712899e-01
-7.326638903566176086e-01
-6.189881524676413838e-01
-6.709429868930093521e-01
-7.356643874495023550e-01
-6.357244759082173458e-01
-8.210865758550566218e-01
-6.603620025971568275e-01
-7.424888035368478745e-01
-6.962318484075026293e-01
-6.534653988711680572e-01
-8.352123442436750755e-01
-6.407409360276353771e-01
-7.842306388381610205e-01
-5.910616806021964376e-01
-6.255908902826718965e-01
-5.215613822146485390e-01
-8.127406996508764747e-01
-8.147807883183614264e-01
-7.660857668518255004e-01
-7.345122573902188590e-01
-7.112785180486597136e-01
-7.005600062887623602e-01
-5.999007185893719951e-01
-7.596999262169681355e-01
-7.516202498775915730e-01
-7.319726678752911386e-01
-6.202742199062634132e-01
-7.713849514360676674e-01
-7.642862485956651852e-01
-6.981764071087255275e-01
-5.974977922469122404e-01
-7.427149606578302699e-01
-5.790362154088816160e-01
-5.015449985192469429e-01
-6.684558407277518821e-01
-6.990233609489384659e-01
-6.868890844058225253e-01
-6.994678043376326704e-01
-7.273626528851855344e-01
-7.313833382754892920e-01
-7.355934362092273471e-01
-6.639642958943836604e-01
-6.577699695926997325e-01
-6.415092791955901985e-01
-6.953808307854107973e-01
-6.610952025195179216e-01
-7.409760859464771254e-01
-6.955528098811198934e-01
-5.651204577316942812e-01
-6.822999090397152688e-01
-5.755690168390643624e-01
-6.940323849161801339e-01
-6.233616225004908751e-01
-6.334904907418376085e-01
-6.609183392420545644e-01
-7.826746627973604209e-01
-5.839631380481439260e-01
-7.261872288988737711e-01
-5.240207762806873282e-01
-5.949934824322967719e-01
-4.960798283881355242e-01
-5.086086387765923478e-01
-7.266780897752507240e-01
-5.795785436760216847e-01
-6.558915815249898307e-01
-6.331430826033284109e-01
-5.580624789388660689e-01
-5.831478790997705053e-01
-5.254522635945729769e-01
-5.062873569610870650e-01
-7.273109696729492812e-01
-5.394738155324763085e-01
-4.167760007245212006e-01
-5.391326188129990094e-01
-5.961779457990220576e-01
-4.860585661882589892e-01
-5.245321396885112009e-01
-5.570902390383303260e-01
-7.368210456099064665e-01
-5.999635072351900966e-01
-6.682854594356961719e-01
-5.764414173402415686e-01
-5.476931155435345033e-01
-5.755275045102405951e-01
-3.786189966129760442e-01
-5.018521513315959970e-01
-6.529563914491571808e-01
-6.614902673653917375e-01
-6.330328313536128793e-01
-5.897348474644906746e-01
-5.923110734400743871e-01
-7.852645949936174485e-01
-6.383243139213362616e-01
-5.597343918720267819e-01
-6.794574799547615784e-01
-6.485189358976986007e-01
-5.775571444301221824e-01
-5.443261621155209840e-01
-4.131690387272877185e-01
-6.355480225177131404e-01
-4.681483954616393883e-01
-6.123766874502453161e-01
-5.817927126562613127e-01
-6.033338666705331255e-01
-5.443371763878995795e-01
-5.017766734798945194e-01
-4.882067730070157041e-01
-5.489177271792768931e-01
-5.707015946481144297e-01
-6.395602439612736445e-01
-5.721240239647150672e-01
-5.381555333444062450e-01
-5.303547409413521541e-01
-3.866488335757644057e-01
-5.570356992100624627e-01
-5.251577988471533009e-01
-6.238715411422831592e-01
-5.432834589595276764e-01
-5.690746910615969156e-01
-4.243968071853055912e-01
-5.712897909760338289e-01
-4.158763641591102789e-01
-4.926340326397812830e-01
-4.095152965393609179e-01
-5.562325415843527576e-01
-3.550864657701541249e-01
-5.366389156180634279e-01
-5.573145311983838113e-01
-4.568668955143578292e-01
-2.961101829254038087e-01
-4.720993230858306910e-01
-4.488546373107942800e-01
-5.304876675110330453e-01
-4.567339144919253524e-01
-5.096780572782939611e-01
-4.864150382933730699e-01
-5.124822619085045439e-01
-4.127102459099012965e-01
-3.303343330050930171e-01
-5.442487607202708411e-01
-5.355036891547685363e-01
-4.077484370658571167e-01
-3.790989459099958769e-01
-6.711167896164773605e-01
-3.429469326530057982e-01
-4.768051155654730033e-01
-3.946457911885467018e-01
-4.676911174738034860e-01
-3.818305621796298510e-01
-3.837072257750815951e-01
-3.583993163042601404e-01
-4.213398570565333734e-01
-4.554626914152452577e-01
-6.188933125906749266e-01
-4.126830798756526697e-01
-3.905061439577726667e-01
-3.399511038741779845e-01
-3.242615881437513892e-01
-6.037328288532348708e-01
-2.582010887416796852e-01
-3.796154215791031072e-01
-4.103633559759659599e-01
-3.852716683835419320e-01
-4.636053168730846497e-01
-2.360593808233598101e-01
-5.240266219662140790e-01
-3.210425804052360887e-01
-6.450104088753713105e-01
-5.321831879630191109e-01
-5.105896997221968103e-01
-3.719236705963962497e-01
-4.427943271092434352e-01
-4.001163460818752404e-01
-3.924236554408237487e-01
-4.435030299933990783e-01
-4.588426411827113416e-01
-4.327900255877887847e-01
-2.913558716023335604e-01
-4.136879916913929756e-01
-3.835145430298571578e-01
-4.326685713131773747e-01
-6.222572539323504293e-01
-3.834403929174430292e-01
-3.845697665840122070e-01
-4.602870619215826409e-01
-2.570223574086509810e-01
-3.227661964904946501e-01
-4.087389665793689231e-01
-2.866918017730233914e-01
-3.746326276963898860e-01
-3.797384305306074626e-01
-3.132711620409262543e-01
-3.004599747703338153e-01
-3.488405733654101337e-01
-3.782712248324683890e-01
-2.434640931744983250e-01
-3.771031396144453041e-01
-3.551191877569997990e-01
-3.505239853941398143e-01
-3.749896365198502890e-01
-3.765133575977631097e-01
-4.056275630020730327e-01
-5.136046139833114754e-01
-3.808580879757980653e-01
-3.583269714855201182e-01
-3.372710974671258577e-01
-3.587501427918102226e-01
-4.524941132935763610e-01
-4.080718138598958822e-01
-3.014618386107171810e-01
-4.181890892617848854e-01
-2.493884529941769457e-01
-3.434640955044682697e-01
-3.715434462089913792e-01
-3.519469538066600789e-01
-4.068850841600174517e-01
-3.155925291680972689e-01
-2.333353895433451786e-01
-2.405764763711272791e-01
-2.725529672668059455e-01
-4.316361727294914519e-01
-2.595726053885354934e-01
-1.752949853896512700e-01
-3.412356523102573203e-01
-4.512320515115533781e-01
-4.040965929479471974e-01
-2.919246293438721995e-01
-2.714194726872068419e-01
-2.880823513712220674e-01
-2.159323025370796789e-01
-1.523917416044503481e-01
-3.494753498399140734e-01
-2.584963876890656320e-01
-3.024400144064371965e-01
-2.181648481902761227e-01
-3.036784027626391325e-01
-4.127953037233849098e-01
-3.395748442909802822e-01
-1.619393008092991082e-01
-8.543090597136648867e-02
-3.763026265741675758e-01
-4.175952048763568181e-01
-3.515635749109529695e-01
-3.938420518805510473e-01
-2.931134589787572908e-01
-2.652023901799909211e-01
-2.167358755025571571e-01
-2.042615077660957512e-01
-2.608447842256401694e-01
-3.086596353876531196e-01
-6.299809113206257527e-02
-3.142355343295804571e-01
-2.178414571432438496e-01
-2.622138036955805607e-01
-1.829408199312374250e-01
-3.009661367811997112e-01
-3.576853087294361577e-01
-1.014403093741057804e-01
-3.034161425090341480e-01
-3.734763019289290553e-01
-4.653539356273572736e-01
-3.399863171736519640e-01
-2.766480650710834155e-01
-2.166612700896423382e-01
-1.687663635398246875e-01
-2.684762015195655827e-01
-2.564533589955912407e-01
-2.224643326344366567e-01
-2.497356800825721312e-01
-2.343158786908394742e-01
-1.390262374362596365e-01
-1.040340379111306252e-01
-5.266053243871756523e-02
-1.887084517629943337e-01
-1.754272085621652322e-01
-5.898534617044036421e-02
-1.832459351007353077e-01
-1.120388927444677940e-01
-2.407996772534109764e-01
-1.939767359180671058e-01
-2.037615881111284888e-01
-3.146486729505084678e-01
-3.058080104143294786e-01
-3.291258630990168826e-02
-1.790178294396763681e-01
-2.301290435551576197e-01
-1.514907916478614724e-01
-1.030695272256864220e-01
-5.523047071653643114e-02
-3.041403659008887206e-01
-1.337334640721977441e-01
-1.406361700687874527e-01
-1.752112643265887615e-01
-2.902346563071200314e-01
-8.348773851935230306e-02
-3.330028848104577555e-01
-2.356126815220694615e-01
-2.275305333355450987e-01
-4.893650017985563816e-02
-1.378394964853282834e-01
-1.924852526248629625e-01
-1.238352382669222207e-01
-2.329139667438618055e-01
-1.218743556925584726e-01
-1.169738792981304398e-01
-1.249426321346941149e-01
-1.388532009716055005e-01
-1.674678435387740860e-01
5.778836091984814599e-03
-4.401943894268171842e-02
-2.148813486242026338e-01
-1.150308186339142266e-02
-1.556157904472149911e-01
-1.491398588434579564e-01
-1.756677221774979036e-01
-1.374592990530863201e-01
-1.049419421857644419e-01
-1.236056679475799613e-01
-1.291729375814452407e-01
-3.671388688106801829e-02
-7.348811762121051916e-02
-1.736999139994424846e-01
-3.151600594130067323e-01
1.006424096163766393e-02
-1.698667800789083471e-01
-9.689880493031549635e-02
-1.391566435032069726e-01
-7.643258089008225786e-02
1.490295315313427266e-02
-2.276765480585958568e-01
-7.764330905477835609e-02
-9.819794086693292567e-02
-1.634921099168524725e-02
-2.520219583429035848e-01
-1.347176709402680139e-01
-9.130306853554823188e-02
-1.412353234400550439e-01
-1.400733947524148704e-01
6.733574652820264843e-03
-3.896946089910598154e-02
-1.294601708602561851e-01
-1.749084401352520024e-01
-1.085799338572543543e-01
-1.121183782250988331e-01
-6.088021681894981163e-02
-8.589373519405273105e-02
3.616403794562504659e-02
-1.050844524284168802e-01
-7.320891634649917545e-02
-5.825691593769587867e-02
-3.520662148963655397e-02
-8.802617367675348581e-02
-5.420052017589595955e-02
-1.985313425456516900e-01
2.693974614192047243e-02
5.804020973021472435e-02
-6.947900760487229523e-03
3.324765829388044713e-02
8.229135084467162353e-02
-2.778676403407736445e-02
-7.610139038919765120e-02
-1.745208149443474854e-01
5.242752503144525178e-02
-2.577777152762044527e-02
-1.866219350545250287e-03
-6.749870991902499895e-02
8.260970126158764804e-02
-4.975241701650909981e-02
6.825545406187392668e-04
-1.928475558980328325e-02
-9.876946695279985311e-02
-1.356796193861861633e-03
-1.722201770890593731e-01
-1.228612660152715585e-01
9.799739067326632136e-02
-2.022272946388881196e-03
1.895140600426296063e-01
-2.131106334940843436e-02
2.321940891967798695e-02
4.899383672088039599e-02
1.537548788825051499e-02
1.398878882978597804e-01
9.924767123312840111e-02
-2.365435928931081816e-02
5.037860035352136057e-02
1.236713206273369753e-01
-6.405840775860988101e-02
1.173148974882169855e-02
-6.470498685859285559e-02
4.988451458171418162e-02
5.632774024945827462e-02
2.114801477331843330e-02
3.083805274704815112e-03
1.023923638651202533e-01
-7.149282519423486026e-02
-1.193620168647982135e-03
-4.648129133949390618e-02
7.083455381512256122e-02
1.158807064703287482e-01
1.769529756379691343e-01
3.316528384506930993e-02
-4.619228406025942257e-02
8.937891778973622303e-02
-3.357105292185429829e-02
2.156868706765518728e-01
7.498293338590122925e-02
2.053521583086002078e-01
8.325410857151137323e-02
-5.282379934599210763e-02
1.975602075326690112e-03
8.241169549657094417e-02
1.327405887025296105e-01
9.842723911219251887e-02
1.480079769290137265e-02
1.377186902286373360e-01
9.833120230069972156e-02
1.441685077238618051e-01
4.278765640190290709e-02
1.632195060543719378e-01
7.166437028512073759e-02
9.734466233994897022e-02
-4.710206839617007285e-02
1.686849582179533458e-01
-8.141049001869708757e-02
4.847620415043429193e-02
1.983528963438791481e-01
1.192431381184664435e-01
1.139122517596198730e-01
1.381336992398583541e-01
7.234287889287199791e-02
2.492876478448955921e-02
2.283526418371261135e-01
1.802297060969400636e-02
6.681989698615765916e-02
2.863417700538826716e-01
1.031655279191150687e-01
1.254761322394198630e-01
1.234005282574201778e-01
1.767195139570621465e-01
5.627407676332227271e-02
1.318593260106234455e-01
1.367292537432945321e-01
2.148600909648722135e-01
3.967271027718340809e-02
9.013165036118679641e-02
1.617036509862836979e-01
1.251857796204015882e-01
1.400504464478792566e-01
1.287247614244690641e-01
1.898138390258923835e-01
8.702709571640468347e-04
5.001082824084193690e-02
7.195313256350310827e-02
7.459935227830992444e-02
2.224339046485300508e-01
2.552537167269818830e-01
2.639746386458630134e-02
2.057583592607184764e-01
1.103879721757004412e-01
4.475175007088600526e-02
-5.595535488579867107e-03
2.278008722281714693e-01
2.250013535212075644e-01
2.952097092847607573e-01
6.787211538708443070e-02
5.406233193995256536e-02
1.673293330888583064e-01
1.402225411921235176e-01
1.634377253992536361e-01
2.611616220649286557e-01
1.266410489752610724e-01
1.585964922444959013e-01
1.624949735830733821e-01
2.398896782854610110e-01
2.385911564522413819e-01
2.180788996864555240e-01
2.089322562845108699e-01
2.440611725297740509e-01
1.179263940578471753e-01
1.544873046327342736e-01
1.918718517807639079e-01
1.602671012835778230e-01
2.711196436210563387e-01
1.887586105670654435e-01
2.462583397140504227e-01
2.910545143932355416e-01
2.987700276949393219e-01
3.490305438314835751e-01
2.081414199233766749e-01
5.201127897632187164e-02
1.265747240475965374e-01
2.124615276680530962e-01
2.631442047347948288e-01
1.056933771623343038e-01
4.540265485347266261e-01
2.532821200943506934e-01
1.977351946457512888e-01
2.216816963079510927e-01
2.017302806850670149e-01
3.192599915385995746e-01
3.145690562211999608e-01
1.965692386050395812e-01
2.928294724310933628e-01
3.199247724771427936e-01
3.065847589903286097e-01
2.006563785841857794e-01
1.419011417438144629e-01
1.691915799559502165e-01
3.877954499533223243e-01
2.919225817799324108e-01
2.716695881076201524e-01
3.931397258897484925e-01
3.682673102426642364e-01
2.381500414042762304e-01
3.030195359553846113e-01
3.426025528783598895e-01
2.516044292195219745e-01
2.565391961667640164e-01
2.078529038885508773e-01
3.092507820762921411e-01
3.477067575286399426e-01
2.819446746958623184e-01
3.297230631106897181e-01
2.506896076550354513e-01
3.098182489588077182e-01
2.368191639868961473e-01
2.255128160568349305e-01
2.487403180481138898e-01
2.115408190779167474e-01
2.397417213662721147e-01
2.356310977607148083e-01
3.336117930805311826e-01
3.509177180487593195e-01
1.959441618309116506e-01
3.879609214065978251e-01
4.089404748584343774e-01
1.510722162165759885e-01
3.737211201370208569e-01
4.844376972265402870e-01
3.477298129642534263e-01
4.586528750725102910e-01
4.014111323958201027e-01
3.629544457961086934e-01
1.786564815100435688e-01
3.539713290552603531e-01
3.154525129965396468e-01
3.796268356666567811e-01
3.296137167803144807e-01
2.053185411894750401e-01
2.246640636916747424e-01
4.464233495015895725e-01
3.255829045622180007e-01
3.894586504751051392e-01
3.151058582301387023e-01
3.159926195638940727e-01
2.633611076310347077e-01
4.419853289136065899e-01
4.551722501580820479e-01
3.545121302907834338e-01
3.853847906476492446e-01
1.645016200922509997e-01
3.751636947331034033e-01
4.663018135912433415e-01
3.159478694350705275e-01
3.694502648847985404e-01
3.682451721281876922e-01
4.591834021034777447e-01
4.174530428189378584e-01
3.884255870580125003e-01
3.852727165708272894e-01
4.081609140058337082e-01
3.037835968050542346e-01
2.702693691482424554e-01
2.980272377155223085e-01
5.056440713139229715e-01
4.706134272359943638e-01
3.150854551918953472e-01
4.150912771122626244e-01
4.649094482892269786e-01
4.197205282732104359e-01
5.192751552612075994e-01
4.355864260032474844e-01
4.355058371009104534e-01
4.510758515126627177e-01
3.770282463637569248e-01
3.436028204365548788e-01
5.911185857436528357e-01
3.753030588982827487e-01
3.716092322228607969e-01
3.169559892575605775e-01
4.835084133291079889e-01
3.314740500768592613e-01
5.043966347767202540e-01
5.078670415172099606e-01
4.927009878394535414e-01
5.005684509848261632e-01
5.369424458257177069e-01
3.973750349248905689e-01
3.914933405111656883e-01
4.907962458303333775e-01
5.814548765104747829e-01
3.585118972942180626e-01
3.098538574494654196e-01
4.399730606863040960e-01
4.211653260407696719e-01
5.062369874365204581e-01
3.739119684659022447e-01
4.276444236236272567e-01
5.828380082415982599e-01
3.650890009811509906e-01
4.416174324524936301e-01
4.474896102558049149e-01
5.712731691462351602e-01
4.660863211056637812e-01
3.862244396603691232e-01
4.379529589025915604e-01
4.702362779396719872e-01
5.070254698693035245e-01
4.836742282000093818e-01
4.823057080658427753e-01
4.935381806124841675e-01
4.728476540561087904e-01
2.730838076308113038e-01
3.503120024814436184e-01
5.569296659892022383e-01
5.479595921658656499e-01
5.417909908161577803e-01
4.346852553458221413e-01
5.297980167990665734e-01
5.324377831410720407e-01
4.359598247177493557e-01
5.768233702760505732e-01
5.710603468190803556e-01
5.204602128146087470e-01
4.739785981897040590e-01
5.452037594957618305e-01
6.405512831109005933e-01
4.586925065085713515e-01
4.960171851445663860e-01
6.795554014368795359e-01
4.464831376509374450e-01
5.283706107659198459e-01
7.246581550511018710e-01
4.653980147244075050e-01
6.147360942265890360e-01
4.531116858217147936e-01
5.163700473151380255e-01
5.190359975366700684e-01
6.396014903653217676e-01
4.600521280816875502e-01
5.397591553827795208e-01
6.711535671661654767e-01
5.310062219447101439e-01
5.612935973961384883e-01
4.517089637711024785e-01
4.681531069615419427e-01
6.417076246265174255e-01
5.978913628816777681e-01
6.159181265929162263e-01
5.677163535350542301e-01
6.388504900747594695e-01
5.622848185736498694e-01
4.491539791988941599e-01
4.651545854595714458e-01
4.620213166845091868e-01
6.163567751610289358e-01
5.816159464456993611e-01
6.598250246160596300e-01
5.126775124290430252e-01
5.124727063953430362e-01
4.602203820187246164e-01
5.387061419031969889e-01
4.248002676069984607e-01
5.565684069479567286e-01
6.027409579458623545e-01
6.404376545273205990e-01
6.524724566526015623e-01
5.904815203317376193e-01
6.714722648165667440e-01
7.185145367912336711e-01
5.594535853214500642e-01
4.162876091685356328e-01
5.954330850281623899e-01
6.230264684865414182e-01
4.883407461575005049e-01
6.229586797255567410e-01
7.831999856973808072e-01
4.893224999833989952e-01
6.461966201618830619e-01
5.561568318519229948e-01
6.835575616820580569e-01
5.142303588369531164e-01
5.953996154204544977e-01
7.846372966888234268e-01
5.507367765113364566e-01
5.786265549052346246e-01
7.056815140447080248e-01
5.999669291841800423e-01
7.157043496227085688e-01
8.150321297999254533e-01
6.296613368761300178e-01
6.219447484481028798e-01
6.611329887511357972e-01
5.308715882408761022e-01
8.508047631294763935e-01
6.782485997961026358e-01
5.822972843095879369e-01
5.857034638822031791e-01
6.352064770504793900e-01
5.609487492169701328e-01
7.924889914464653407e-01
6.084981624923848642e-01
6.703517398786829062e-01
5.402309881187382645e-01
6.280434865782479337e-01
7.410182387678541094e-01
6.016439254269166925e-01
6.642060912702651976e-01
7.208967610546381799e-01
6.849267413139294991e-01
7.587737984902388488e-01
4.795792737337674638e-01
6.533337392563467461e-01
4.682985263246166041e-01
6.022273484025134627e-01
6.682296002903609367e-01
6.232724954485509006e-01
7.118581910659411705e-01
7.487751318108292198e-01
7.548491419109135681e-01
8.128144123871607896e-01
8.309371965279052086e-01
6.649578661460864293e-01
6.614338675733034689e-01
7.550016271142476754e-01
6.287178575899677879e-01
6.226142764491637838e-01
8.214820293939651963e-01
7.422739994760282345e-01
8.224073006554710741e-01
6.310800893137309409e-01
8.407772660985404212e-01
7.318894178449123489e-01
8.475930927741703869e-01
6.029614361228405883e-01
7.635106547362210394e-01
6.843876727275676197e-01
9.141557356948504243e-01
7.459322892602039401e-01
8.626114626357230808e-01
6.596204854411302776e-01
8.564006644514343680e-01
7.703802494489592201e-01
7.251444407384800561e-01
7.362800504990713035e-01
6.921028333913682440e-01
6.259696304399039457e-01
6.339186924231448028e-01
7.542208735193718372e-01
9.401002898280296227e-01
6.966335780664696387e-01
8.032441184281277069e-01
8.306695040136438113e-01
7.200822044262626953e-01
8.720111471727902686e-01
7.773937887448612027e-01
8.488825525426789698e-01
6.724971793321832259e-01
7.027021422100850900e-01
7.552897060730685563e-01
7.740901584208830233e-01
8.507954595757775129e-01
7.163001531546192568e-01
8.040838662609559595e-01
8.405215209040924895e-01
7.190713685777776476e-01
8.431404418038375148e-01
7.795388687340772949e-01
7.749965374789536954e-01
7.574137008603146759e-01
7.361091332191833647e-01
7.205037696213723031e-01
8.758214663125377664e-01
7.275526928338864607e-01
7.940760094236730682e-01
9.143085022831012321e-01
8.009374564203348701e-01
8.158076138065624150e-01
7.256801756030673012e-01
8.772780431791620259e-01
7.382308946915252523e-01
8.052790291800481226e-01
6.870022437098034507e-01
7.989776869524256586e-01
6.749315520671957946e-01
8.306842397090555830e-01
7.443382470396480155e-01
7.329044225859453476e-01
8.242678973468462456e-01
7.934311693422364531e-01
8.065536132726979224e-01
9.013881756411732393e-01
7.332548743417007797e-01
8.627835290319658679e-01
8.280230121681618760e-01
7.379555661076974138e-01
8.656442131643543592e-01
7.361706194520880597e-01
8.797426568043674733e-01
8.742087733671864980e-01
8.205871315113680842e-01
9.076857621715935798e-01
8.001123944383637943e-01
9.508371485038198401e-01
9.852324657327304891e-01
8.858791665870131560e-01
8.088981927794810511e-01
9.124612446990694181e-01
9.397860853006360093e-01
9.128153273206490725e-01
9.021826477560923596e-01
8.745856032178677131e-01
8.441639265611787790e-01
9.800788037050556234e-01
9.160715926268698794e-01
8.507975013053946656e-01
7.852421609882732634e-01
1.090557546079547357e+00
9.615371306184696820e-01
1.079895160064642257e+00
9.519242153868751055e-01
1.018095525055260131e+00
8.530964327465671015e-01
1.015569607999725399e+00
9.785637497083368164e-01
8.674141454283005315e-01
9.929151505920601473e-01
9.148536493033314621e-01
1.008607969987346697e+00
9.266569115589285976e-01
9.841367084908881901e-01
8.281868276507557969e-01
8.643412702628684441e-01
9.179169116475728307e-01
9.412950602825508328e-01
8.920574436309769428e-01
9.898055560297646105e-01
9.388164428325473931e-01
1.023608922216784567e+00
1.111590398471482999e+00
9.484844724822649731e-01
7.641163728579114522e-01
8.074462033535340089e-01
1.012076541217568293e+00
9.195687860414115677e-01
1.085493908496103277e+00
1.040764930945373701e+00
8.437485245320535121e-01
9.707622525014770742e-01
8.952505723363857193e-01
9.754059334081941479e-01
1.058765080254605806e+00
9.707964400247962589e-01
9.001715922833433137e-01
1.016665331144011475e+00
8.275061982736380273e-01
9.381686211597807246e-01
9.610696062363793812e-01
1.068357728196319023e+00
9.298754419737886856e-01
9.704481917070157948e-01
9.527981856350213885e-01
1.101013486478074288e+00
1.037560169784509601e+00
1.070008143972640102e+00
9.629307919917090564e-01
1.076999984922787368e+00
