-1.062547123307837627e+00
-9.774524198064167280e-01
-1.036921612208388410e+00
-1.046456474600795827e+00
-1.062913778373643758e+00
-9.868728423496386792e-01
-1.213306725813522169e+00
-9.827677923129940485e-01
-1.077258833786758796e+00
-9.691920253003184493e-01
-1.012903639838979464e+00
-1.008502450524377370e+00
-1.039126888092463119e+00
-9.242554650354845025e-01
-1.155021777598245203e+00
-9.935070146328699447e-01
-9.471689265516998191e-01
-9.626343840871940394e-01
-8.639850612771468041e-01
-1.062435224994678018e+00
-1.154838006766587544e+00
-9.645999866104594256e-01
-9.479578969771568220e-01
-1.063353736894632862e+00
-8.633378362606927148e-01
-9.491362997072209096e-01
-9.664153447418274423e-01
-1.023809916575806778e+00
-7.713228502972728773e-01
-9.186471771066375691e-01
-9.788841876757345961e-01
-9.652744286888667036e-01
-9.089625681614230679e-01
-1.048487557435253237e+00
-9.434394039060073345e-01
-9.206649703748394087e-01
-1.003350723768789310e+00
-8.930395407413326270e-01
-7.964721225512088054e-01
-8.244506634618951058e-01
-9.656214132777014569e-01
-1.012311421764988451e+00
-8.090040711725902112e-01
-8.202690380788123514e-01
-7.934985524995035178e-01
-8.838748129066336112e-01
-1.054963786619385946e+00
-9.153479758693721102e-01
-8.695809477717133529e-01
-8.314380080593355427e-01
-9.254110818338769917e-01
-9.923239804577959067e-01
-7.611359894824106798e-01
-1.006819700473522650e+00
-8.892766952787871659e-01
-9.018414236909197967e-01
-9.398879924101523065e-01
-8.198070449302525819e-01
-7.926241522741878098e-01
-8.476200458734035603e-01
-9.155333466886484972e-01
-8.552890887916345664e-01
-9.012741224468178158e-01
-8.748131548533106816e-01
-9.029099269580328491e-01
-9.246815817708994301e-01
-9.137499448847276051e-01
-9.674946382231678355e-01
-7.630510373175609651e-01
-9.385854784427891673e-01
-8.739735062218406680e-01
-8.466569552342960714e-01
-8.771417455128821539e-01
-8.998293970151194365e-01
-8.246982670699777307e-01
-9.293732380366269696e-01
-8.257047558446523050e-01
-8.713109295993485270e-01
-8.426566484541219149e-01
-8.655652199235587263e-01
-6.892492134783297919e-01
-9.859958862356412723e-01
-7.462876881364013393e-01
-8.686909291228471774e-01
-8.273166653583199359e-01
-8.206885956533057636e-01
-8.328387564749404337e-01
-9.149764241452861269e-01
-6.917526459529765859e-01
-8.644440017214188865e-01
-6.039261153301253016e-01
-6.810495782971088818e-01
-8.947521791664078128e-01
-8.876186400895500483e-01
-8.366940955194915874e-01
-7.473847648525009379e-01
-8.201559996282382636e-01
-8.353630022693905310e-01
-9.043597242146083071e-01
-6.716529736204008838e-01
-8.705537124350701816e-01
-8.471859652317589306e-01
-8.514994379709924788e-01
-7.945596765332214595e-01
-7.963277358375312476e-01
-6.640377501061563992e-01
-1.044452148422127857e+00
-8.680757472728213298e-01
-6.769177209011967289e-01
-7.887809624605284231e-01
-8.564094288500468943e-01
-6.716376697524628625e-01
-6.773410628967472258e-01
-7.924351221031271653e-01
-7.833847019468455075e-01
-8.444301819379671503e-01
-7.748503959328850721e-01
-7.743227741784998175e-01
-8.672918837486846000e-01
-6.494108088795260691e-01
-7.284810037485678347e-01
-7.172161186561272217e-01
-7.956540682370434325e-01
-7.324215760246564066e-01
-6.074501781532917200e-01
-6.841537506266970325e-01
-7.212106451382052086e-01
-6.329985527201708040e-01
-8.449071325054477999e-01
-6.832562163499324992e-01
-7.431338353459338020e-01
-6.791253905128513679e-01
-6.607286017784854693e-01
-8.087000679171778561e-01
-6.604979698437796198e-01
-7.717284426965478339e-01
-6.043847518126996832e-01
-6.226381544600623208e-01
-5.458001204132483242e-01
-8.333560350883940648e-01
-8.207063934221217050e-01
-7.741607884609232881e-01
-7.082440893547365945e-01
-7.073034863818952189e-01
-6.761383046452442702e-01
-6.071981316209147383e-01
-7.713291397343715605e-01
-7.461264476359743547e-01
-7.388737681268294777e-01
-6.209673207863194433e-01
-7.776017763476350542e-01
-7.464494888449993981e-01
-6.766503959638008325e-01
-6.144145724835547995e-01
-7.200687461787166344e-01
-5.495854032405221856e-01
-5.385098890696667917e-01
-6.756753699293588378e-01
-7.085127384854289501e-01
-6.794693950208493538e-01
-6.907783351323544263e-01
-7.292108021125082162e-01
-7.472011814865432422e-01
-7.366126147481281139e-01
-6.742953129001781898e-01
-6.577826229467409469e-01
-6.492155114445780084e-01
-6.885639150164055700e-01
-6.491365604559393709e-01
-7.486527787563153069e-01
-6.781559605735076879e-01
-5.737596191070665208e-01
-6.797780437145852783e-01
-5.699860419666705758e-01
-7.014880627139582492e-01
-5.944589077842210578e-01
-6.290877055666891371e-01
-6.521524465986723307e-01
-7.858514811857926219e-01
-5.859331319821408091e-01
-7.374968147920292205e-01
-5.289707836528271256e-01
-6.182565731955075305e-01
-4.830511811048514570e-01
-5.107559034357170846e-01
-7.669200617266738185e-01
-5.667635757356791482e-01
-6.581713982906405302e-01
-6.175131156147152245e-01
-5.751236056731721114e-01
-5.748954019029005602e-01
-5.339067496396565637e-01
-5.047523976654757494e-01
-7.215906148581097135e-01
-5.468679441389483475e-01
-4.181604767640204612e-01
-5.259056367617571670e-01
-6.112817735437224842e-01
-5.004064081297578959e-01
-5.163595703580919904e-01
-5.708736025441490947e-01
-7.266871128298472149e-01
-6.029306088009639408e-01
-6.774860112831655456e-01
-5.803329644593954173e-01
-5.577685090731663298e-01
-5.671582217772286327e-01
-3.682443563387368113e-01
-5.028293863273399777e-01
-6.564975250073108448e-01
-6.578643299790559729e-01
-6.201081129720745766e-01
-5.706337643678544014e-01
-5.983017553658976917e-01
-7.896437115572668697e-01
-6.579971416512850890e-01
-5.579214229729073660e-01
-6.752519865862997017e-01
-6.466882249932927040e-01
-5.598251311200614921e-01
-5.570840160396451912e-01
-4.141428070130545036e-01
-6.235326274259771484e-01
-4.906418088825890145e-01
-6.049835079994757558e-01
-5.615095167137417187e-01
-5.985182096419335851e-01
-5.305586769931668334e-01
-4.726196460968909996e-01
-5.047068844500575135e-01
-5.493013371759158936e-01
-5.877637202555279217e-01
-6.322253560820594309e-01
-5.561000314603464778e-01
-5.596954425745858108e-01
-5.199088280599605261e-01
-3.760698780171598532e-01
-5.299357002478808365e-01
-5.442983820178389776e-01
-6.189167057366531388e-01
-5.340682128135694207e-01
-5.732517910971399733e-01
-4.037309393939611524e-01
-5.733683411857882772e-01
-4.022668976949126951e-01
-5.002349290822010186e-01
-4.255481833625411325e-01
-5.454281066000418177e-01
-3.508959784199662812e-01
-5.630713343809423677e-01
-5.753778739512711571e-01
-4.691922103798893406e-01
-2.933820046311647611e-01
-4.620987573949651983e-01
-4.346127632177726463e-01
-5.406150543389012242e-01
-4.492987438193906669e-01
-5.092718266851425923e-01
-4.924832962104175316e-01
-5.064477332827961309e-01
-4.137417943049686575e-01
-2.910384536595806426e-01
-5.233227857030972041e-01
-5.303310387036143103e-01
-3.894771581097531410e-01
-3.809084185464842176e-01
-6.465101715222356660e-01
-3.572739339549965143e-01
-4.630957329964610070e-01
-4.267183815390602208e-01
-4.937174073933500718e-01
-3.978410970760944965e-01
-4.012772924180040279e-01
-3.424945615593480430e-01
-4.056258718403918384e-01
-4.835522752757611120e-01
-6.138829799721645664e-01
-4.117042799060361968e-01
-4.019841116695519467e-01
-3.444606851089046518e-01
-3.253145210922566144e-01
-6.097845109157207233e-01
-2.664845532895011027e-01
-3.504412271740554030e-01
-4.093678684724298411e-01
-3.894556116257960054e-01
-4.784033476017761632e-01
-2.333844213015584534e-01
-5.052804744534596937e-01
-3.359243669415151734e-01
-6.594600196083332255e-01
-5.266773051053283972e-01
-4.975837749394563247e-01
-3.669212042522729256e-01
-4.386678422462615412e-01
-4.228769864578773574e-01
-4.042296204518268099e-01
-4.417856362123779301e-01
-4.645054376949016017e-01
-4.447357404152374460e-01
-2.800952930824969767e-01
-4.306374029723740726e-01
-4.118655844658166143e-01
-4.134189113915370251e-01
-6.248866388262180882e-01
-3.833885054537908843e-01
-3.673397270676347914e-01
-4.655868822108084060e-01
-2.402190314313504549e-01
-3.062317149799354543e-01
-4.134188367885165971e-01
-2.907589954312315150e-01
-3.824602928118826517e-01
-3.984613134124559419e-01
-3.084040308446716061e-01
-3.048128161308858441e-01
-3.692055161484774084e-01
-3.848784246835841305e-01
-2.098873686433031238e-01
-3.596693745401044473e-01
-3.333882231727135492e-01
-3.527844311792801002e-01
-3.873330510148924599e-01
-3.622879437322979457e-01
-4.359595188781695274e-01
-5.347265877279561153e-01
-3.710144556081556022e-01
-3.689806461383314251e-01
-3.526205489995695164e-01
-3.621202761352851351e-01
-4.298138108302889671e-01
-3.928182368121821977e-01
-3.170080364489534785e-01
-4.166648106456230516e-01
-2.536464772115192279e-01
-3.493929095924966921e-01
-3.715762017251055260e-01
-3.739609925553831760e-01
-3.987752735866076925e-01
-3.034780703186642503e-01
-2.343438004930809559e-01
-2.651757502795654697e-01
-2.815371577057818597e-01
-4.560166744541089279e-01
-2.838057903961096473e-01
-1.868665502791756750e-01
-3.552640920696178428e-01
-4.558880852441034581e-01
-3.966470366828546701e-01
-3.161921308069032266e-01
-2.656875457292816045e-01
-2.952078719001688389e-01
-2.259651796470495133e-01
-1.686683394727466201e-01
-3.725533762680486305e-01
-2.357451480198760052e-01
-3.080853779163008066e-01
-2.106360727671344468e-01
-2.945638897191671934e-01
-4.367794156808133543e-01
-3.425724787480003419e-01
-1.754504037295165353e-01
-9.457875670654763978e-02
-3.858226082973912896e-01
-4.237317389699770676e-01
-3.374474137584142497e-01
-3.851366459007228293e-01
-2.805999836164190797e-01
-2.569192238660472638e-01
-2.193494018968697168e-01
-2.031727573208396420e-01
-2.593639818173334999e-01
-3.086392180287765852e-01
-4.699378153442030498e-02
-3.109172804404686241e-01
-1.967399333451727572e-01
-2.631588656798416470e-01
-1.942759315798916198e-01
-3.088480110361179753e-01
-3.395985949386106095e-01
-1.107049508173066493e-01
-3.117960063442437590e-01
-3.927766883595858460e-01
-4.542672073978413771e-01
-3.199028335751415431e-01
-2.713942299369133115e-01
-2.337704997634866277e-01
-1.861544100314461436e-01
-2.626950848509302383e-01
-2.605751783194318882e-01
-1.863601206856104475e-01
-2.326809475009311290e-01
-2.259361241974320589e-01
-1.297841163870535608e-01
-1.120429125842981183e-01
-5.764574537208089211e-02
-1.773733723677152485e-01
-1.714226120368370354e-01
-2.959772203018333492e-02
-1.752660591439391957e-01
-8.670398808267119894e-02
-2.324105665327989567e-01
-1.891051177474775136e-01
-1.938637332537616054e-01
-3.267781766974627300e-01
-3.120496283419408878e-01
-2.900249560406565133e-02
-1.835984842221998203e-01
-2.665977116877478181e-01
-1.575970401736339621e-01
-1.275511633686897406e-01
-6.172582840161108114e-02
-2.973844916275948935e-01
-1.187498787204066125e-01
-1.207552518770460132e-01
-1.714923256926303707e-01
-2.889988894969275357e-01
-8.246797071373236643e-02
-3.541609968195305602e-01
-2.002743096772665043e-01
-2.351157655906090937e-01
-3.663523546518560048e-02
-1.584054582705469727e-01
-2.104362106464584825e-01
-1.375545711916991709e-01
-2.347656337469259946e-01
-1.010564244772288872e-01
-1.157443368538827455e-01
-1.017118132339824843e-01
-1.374128933601949376e-01
-1.634316892573178803e-01
-3.964060713175228227e-03
-4.714577691338533993e-02
-2.061940056351851125e-01
-6.950780135688083318e-03
-1.294634353380741398e-01
-1.313343017222309006e-01
-1.737619427311025422e-01
-1.500747427592303562e-01
-1.313121884291669761e-01
-1.286152166096111160e-01
-1.475884804938661921e-01
-3.192985195124242032e-02
-6.837617030723835976e-02
-1.834603645649919845e-01
-3.086477595820152908e-01
-3.802454615265200150e-03
-1.783650216102093677e-01
-1.144522213418203010e-01
-1.326872727776164662e-01
-7.302324087070292957e-02
3.935246005333662214e-03
-2.279574924512019485e-01
-9.712965544006689489e-02
-8.042264295461896972e-02
-3.545103985115246725e-03
-2.624664428608094457e-01
-1.393186747285434790e-01
-6.154761846154918614e-02
-1.300154353494243908e-01
-1.184154442045343564e-01
3.598806128591049234e-03
-3.566360224398705536e-02
-1.172421762163343428e-01
-1.766695156886020079e-01
-7.859171030413672487e-02
-1.236017357328128563e-01
-6.233283591343746072e-02
-1.057603112956606167e-01
2.805056943044208564e-02
-9.061437696514480777e-02
-8.446131278477254922e-02
-5.736936984952019369e-02
-3.725858642263393805e-02
-9.213060105779499742e-02
-3.676440129979296340e-02
-2.020113802443943563e-01
4.316335523892465831e-02
5.465232168392667594e-02
-3.583522310267773722e-03
3.464112850157313739e-02
4.808962705221399292e-02
-2.189324346903090066e-02
-1.049907612724269718e-01
-1.835549375915260795e-01
6.221661262458038494e-02
-2.435961945154855451e-02
-2.023471046059658468e-02
-5.693974204823742946e-02
6.765822214125701006e-02
-3.235289283619741108e-02
-2.127385066225818619e-02
-1.492500349750047056e-02
-7.388293628962135096e-02
-6.295909417060696449e-03
-1.627544707509622490e-01
-1.084074601777983565e-01
7.791917292343668311e-02
8.188328141534506263e-04
1.787621099049985229e-01
-3.546207758559434542e-02
5.002486085572890873e-02
7.857071198468498774e-02
2.408535868760934562e-02
1.288116188223833447e-01
6.731320987156912128e-02
-1.916230854322987370e-02
4.430438895145791256e-02
1.304918424852721526e-01
-6.121435263273902749e-02
3.687730066704408838e-02
-5.725566726798012734e-02
4.052877768592560992e-02
6.049252464608934066e-02
2.982209661674365200e-02
-6.949590519005800424e-03
9.718972114016183328e-02
-8.358649242664840939e-02
-2.773166470839911329e-02
-9.869696008795048742e-03
8.720994328969269849e-02
1.121943053055041301e-01
1.685791370382150323e-01
3.517850697610764438e-02
-5.136331869201215400e-02
7.360505092603032706e-02
-1.777472262608138093e-02
2.145047991419074263e-01
6.092969882936350584e-02
2.153996723886312803e-01
7.484739065658581325e-02
-5.468465281396944766e-02
1.149213890839685843e-02
8.596876756854136825e-02
1.219915958658695926e-01
1.292339958272764044e-01
2.169099990109410458e-02
1.297204353932116805e-01
1.202491445204091070e-01
1.385768067599630615e-01
4.602447203249068058e-02
1.708702600340983035e-01
9.333528737029482547e-02
1.238060517553137563e-01
-3.676325232682574329e-02
1.518973593845141801e-01
-7.529548070410002625e-02
7.610908654850653821e-02
2.089846010680158905e-01
1.031726978581482268e-01
9.201500315927152451e-02
1.466335152816503340e-01
7.694751985562754693e-02
7.147481343982833770e-04
2.377479453928417752e-01
1.750541226081077026e-02
6.799280491792138170e-02
2.872777529070080771e-01
1.040472859119102450e-01
8.641546644658416876e-02
1.257461197443908996e-01
1.515172807324524917e-01
6.678691516043519516e-02
1.229237802835333321e-01
1.600722537957673108e-01
2.316969047064014187e-01
5.535855414752784837e-02
1.195809226040001200e-01
1.737249831137859801e-01
1.192991588460752955e-01
1.460324303579811078e-01
1.190945815990257090e-01
1.991635197106204624e-01
-2.903017314052420278e-02
4.331259667887901732e-02
5.744345193672821537e-02
6.704073509264339703e-02
2.396709963872878379e-01
2.759976338282980612e-01
3.036709962361791929e-02
2.131953646989751816e-01
1.245560328169336844e-01
3.110236688556736531e-02
-5.354203771033843630e-03
2.114517724917046315e-01
2.370757574461503925e-01
2.701310290191468733e-01
4.726016650149673232e-02
3.812405718430628143e-02
1.636420297118748035e-01
1.318248777634308810e-01
1.796065418460247587e-01
2.473065617150659035e-01
1.201010278163314321e-01
1.587640617170672230e-01
1.570405162526523069e-01
2.640365014638249574e-01
2.436801230695106735e-01
2.059658535727398598e-01
2.082734247330851884e-01
2.542498690440351816e-01
1.117448190685286918e-01
1.803854851193865405e-01
2.071276371866511146e-01
1.716575083807328483e-01
2.939477359656526567e-01
1.846549118792588373e-01
2.588005515427951320e-01
3.146640053110068558e-01
2.914388751550858192e-01
3.334694927459132541e-01
2.060288813390604157e-01
5.189082393713861929e-02
1.497049013671748197e-01
2.139356528511767164e-01
2.664586137391243281e-01
1.190522555191607518e-01
4.473799052094621365e-01
2.334426073601645335e-01
1.943454312926238825e-01
2.082014569053059760e-01
2.076849590554200875e-01
3.309322409842940238e-01
3.111834767603275376e-01
1.800157391974407106e-01
2.786069972511787118e-01
3.217736971033685611e-01
3.282495079885591194e-01
2.259064382399879611e-01
1.462524283778910139e-01
1.777297188474298573e-01
3.840560208943477050e-01
3.063771947325438227e-01
2.912255096778474939e-01
3.869910380468709610e-01
3.909063856575391571e-01
2.242876250036807406e-01
2.906107397179019114e-01
3.653787862005526410e-01
2.603500251033515900e-01
2.407909069705352900e-01
2.051148535437039289e-01
3.098101905100246189e-01
3.460373128346905247e-01
2.737182208111342829e-01
3.157896884887962941e-01
2.399402584181253850e-01
3.095129096556361592e-01
2.304003506872491502e-01
2.197457630470670553e-01
2.375965494221670693e-01
2.001446639569662844e-01
2.396392658849682833e-01
2.711016088470664664e-01
3.439934105202224202e-01
3.449210783810883751e-01
1.617775849309419645e-01
3.833050127774292881e-01
4.169020797861652250e-01
1.649314748952548371e-01
3.666717105014869471e-01
4.620388172321624465e-01
3.559495517176669011e-01
4.498379247072897269e-01
3.753761390533387754e-01
3.643776221150762940e-01
1.848870349979941929e-01
3.688201618661753889e-01
3.294987470302819244e-01
3.791679908159177326e-01
3.095716962565699948e-01
2.042923996193808933e-01
2.280379307942881351e-01
4.555097638090532253e-01
3.280949466284168725e-01
3.866133923823979468e-01
3.314516191585304417e-01
3.070527745465306824e-01
2.547888489610583562e-01
4.405408870767603680e-01
4.609216604182732602e-01
3.590908528806920907e-01
4.148979744830165739e-01
1.520709854990905385e-01
3.692216842406199628e-01
4.617209056587372462e-01
3.273484523356650078e-01
3.724616007648167137e-01
3.772976828077921896e-01
4.531422326774299236e-01
4.246792015936581288e-01
3.948188544338278039e-01
3.812235492390982916e-01
4.229473210468320254e-01
3.018028745607909125e-01
2.493504447123723877e-01
3.284129903824242747e-01
5.004455405812658908e-01
4.772975629526503005e-01
2.985902367034611871e-01
4.174342627749614287e-01
4.753314745413460551e-01
4.393392581312641765e-01
5.323068714862252415e-01
4.611962440299671173e-01
4.289282651270167612e-01
4.688475013115834256e-01
3.655023796384482271e-01
3.410202623217430951e-01
5.760676137892941640e-01
3.745892554124905516e-01
3.694950782174474258e-01
3.419550888786734855e-01
4.892654013931069246e-01
3.258094993254848082e-01
4.839522629190919911e-01
5.108274346669450239e-01
4.917546153375038087e-01
5.192870734974808222e-01
5.591185501702141680e-01
3.905467892064915514e-01
3.825954584495631638e-01
5.136837724395303395e-01
5.604662187704372300e-01
3.653597261386219430e-01
3.300514849795048167e-01
4.372487314497304767e-01
4.233055933194473375e-01
5.050165742604526553e-01
3.780593322652184840e-01
4.056833787523983492e-01
6.095742432389837928e-01
3.530058788681252335e-01
4.480113677078272905e-01
4.265394228963924617e-01
5.657294987705415723e-01
4.767051737408061207e-01
3.781971155028935883e-01
4.126414151447999612e-01
4.764886877073682414e-01
4.939151327945978665e-01
4.681047396889032042e-01
4.703877190685664123e-01
4.841816256727618506e-01
4.837439495497236619e-01
2.744771244493249274e-01
3.365786132956742338e-01
5.542182625101328419e-01
5.360347860937100251e-01
5.471686687913065450e-01
3.942273293724777861e-01
5.436305004609733871e-01
5.152967906413413735e-01
4.405899170156459821e-01
5.930346404846220665e-01
6.010048785256549841e-01
5.476585842784112979e-01
4.861344503956072649e-01
5.248617178995863553e-01
6.184820193893950657e-01
4.743594374219797238e-01
4.522724562796036629e-01
6.564362568938126863e-01
4.352396277162129956e-01
5.131710186467490775e-01
7.035085830991765210e-01
4.704948655999756646e-01
6.390886122388519386e-01
4.853050153765011698e-01
5.284011703108228986e-01
5.191092968345678571e-01
6.479770531585936633e-01
4.609203363496566230e-01
5.257474280345765250e-01
6.857671762064141419e-01
5.279194852815405348e-01
5.665646081166823000e-01
4.366029711997326257e-01
4.682892270213499519e-01
6.368119172294350872e-01
6.057221792384429593e-01
5.823078440355183849e-01
5.552504796581004820e-01
6.383980202861690989e-01
5.655625943970720160e-01
4.588620142056652473e-01
4.600372074252233601e-01
4.469311361653972581e-01
6.109239611266013004e-01
5.646425016729194057e-01
6.550852064782792805e-01
5.121694374238699998e-01
5.015534356336168731e-01
4.675876670590856099e-01
5.437964350343735820e-01
4.235246062704968173e-01
5.753923696526761500e-01
6.045817181448648325e-01
6.015050193231049613e-01
6.514495958871618919e-01
6.083507575987489036e-01
6.707521036154290295e-01
7.160148336889358145e-01
5.523086279550669664e-01
4.326916007096515693e-01
5.867672097170039125e-01
6.000682962939263287e-01
4.724772325508992399e-01
5.881729852108581458e-01
7.722779198231261022e-01
4.896564629296051852e-01
6.119440174374607411e-01
5.413165511889002079e-01
6.790146642401377886e-01
5.043248186723912063e-01
5.658690348188916142e-01
7.850127859280116027e-01
5.564796027290730418e-01
5.640402816182809032e-01
6.829072111708424098e-01
6.143094928453010084e-01
7.203717854429054768e-01
8.139679494632614531e-01
6.246427232544664587e-01
6.237307727310559269e-01
6.764617250739026755e-01
5.412397396631198898e-01
8.373199922605976120e-01
6.886202557751710529e-01
6.043408708098069182e-01
5.833534528723677282e-01
6.253837013915064524e-01
5.459831444343431484e-01
7.874824610957916748e-01
6.093460913321212535e-01
6.507389906191423101e-01
5.314542945293193599e-01
6.410527256506641791e-01
7.300629109980930620e-01
5.779407090506960554e-01
6.530038637594863804e-01
7.288230046348016522e-01
6.840808294058181582e-01
7.502146550025846627e-01
4.826548234835645879e-01
6.401706563926761184e-01
4.580116021953932193e-01
6.204503244730499301e-01
6.888326890317176820e-01
6.209565892814371546e-01
7.260838827566611364e-01
7.424925988270086874e-01
7.890929971923573705e-01
7.939170763650275076e-01
8.391530347775383314e-01
6.552650708668994461e-01
6.648079484009777884e-01
7.733856522392205113e-01
6.187273460326442320e-01
6.197843286359125958e-01
8.021962342402123580e-01
7.480500232930071824e-01
8.193204786184287158e-01
6.289200801821708264e-01
8.791997728054228300e-01
7.117650194935351005e-01
8.635945703876447554e-01
6.171155884134266190e-01
7.574267675003710787e-01
6.892194327535552389e-01
9.338310975863005625e-01
7.488773385152457385e-01
8.546153718245713682e-01
6.610639961336707282e-01
8.854533217709190662e-01
7.515456003612128733e-01
7.120174922278169616e-01
7.584915153346213357e-01
6.586651737888585822e-01
6.185059956613987442e-01
6.503524283643153936e-01
7.467410401468977943e-01
9.309481326705038029e-01
6.764999042023625009e-01
8.081620009205943145e-01
8.413446274026598060e-01
7.053623402249741270e-01
8.566622002064718799e-01
7.950351494741959568e-01
8.496450457696045344e-01
6.860546457581533364e-01
7.238180252625631139e-01
7.644331398826483825e-01
7.754127362573137727e-01
8.300621788516425736e-01
7.328955987745202627e-01
7.722781511389974485e-01
8.343024576326990571e-01
7.046842175115500817e-01
8.591701127420691142e-01
7.815915985591409543e-01
7.865119296316053221e-01
7.485873189652263449e-01
7.360224783825082273e-01
6.929647333398504250e-01
8.622337186823880728e-01
7.287086491758688611e-01
7.956795378730442403e-01
9.007017687425175057e-01
7.895117426661455440e-01
8.036449306818687077e-01
7.248959637136229706e-01
8.887211884517741689e-01
7.139478515122954505e-01
7.925513407880082628e-01
6.940522131914482751e-01
8.024457440865279123e-01
6.658234432538244763e-01
8.142135628023676741e-01
7.624847273311357032e-01
7.379445762958299904e-01
8.029970099375106640e-01
7.951925812410531869e-01
7.940688043888615155e-01
8.922558501332393810e-01
7.631356646771767505e-01
8.568418051786984568e-01
8.244744503282416259e-01
7.365874967595295031e-01
8.819161185613897391e-01
7.449452032895785836e-01
8.950845691809324878e-01
8.786621299890706727e-01
8.320117725922380192e-01
9.260373931311048912e-01
7.956434543243716684e-01
9.677015816422537275e-01
9.981946353050458187e-01
8.885943734932595373e-01
8.187484907161670655e-01
9.096045272131106918e-01
9.135245978979886772e-01
9.197225847918730768e-01
9.067072751815363763e-01
8.835343914246441832e-01
8.528474713500154847e-01
9.844101536008026399e-01
9.283749265297203124e-01
8.286955738859080878e-01
7.969363913983718017e-01
1.078675908485441370e+00
9.890872990512880047e-01
1.077873849727274402e+00
9.516329447402588348e-01
1.020365393373336094e+00
8.443017363310165724e-01
9.998029405824605531e-01
9.771387442359716902e-01
8.740638800906351813e-01
9.688493987437042376e-01
9.286147093872824110e-01
1.011943341618453562e+00
9.437637963919203177e-01
9.947880843461803790e-01
8.340425800850627125e-01
8.804315287122516098e-01
9.393266943164200189e-01
9.510736791452599759e-01
8.707266437405082327e-01
9.918118246556389961e-01
9.406388829534667595e-01
1.009262794033395583e+00
1.109330460727798284e+00
9.295483616552074890e-01
7.640036559259723026e-01
8.036164101087781564e-01
1.000021476634763484e+00
9.296018240761263485e-01
1.083802217826887349e+00
1.028782090535412364e+00
8.607439484454367795e-01
9.743474878641601444e-01
8.770749080239633733e-01
9.508424661946881518e-01
1.061805529765806222e+00
9.904904704955446171e-01
8.917333700720232459e-01
1.005925335900819118e+00
8.494216425350648025e-01
9.327162927500243228e-01
9.673834313484621639e-01
1.080121413768208916e+00
9.415321386424607697e-01
9.556701665134427204e-01
9.602923228496182961e-01
1.115252833082879036e+00
1.062619269605240113e+00
1.077706013759417880e+00
9.641850424868125824e-01
1.080833540455241826e+00
