-1.010676137636105976e+00
-9.379055172974806176e-01
-1.173071528634246352e+00
-7.598334018755505959e-01
-8.335055381866298685e-01
-1.075388546455493088e+00
-1.101062987086097733e+00
-1.197765782060040030e+00
-1.085538758779788449e+00
-8.645216566072985165e-01
-9.929016425736713058e-01
-1.001772901678391614e+00
-8.832050428962412436e-01
-8.729388158979649592e-01
-1.109001309456236317e+00
-9.342204923686934226e-01
-9.733690908505232553e-01
-1.005767649075591352e+00
-1.094302063305007788e+00
-9.322046195834446936e-01
-9.011298083539561743e-01
-8.823238473561637596e-01
-1.062795043117569005e+00
-8.856020677250534545e-01
-1.084029857662050178e+00
-9.354636283296118293e-01
-8.694749838791524521e-01
-1.062482412853499314e+00
-9.497738445839785104e-01
-9.489287493634609438e-01
-1.012847028203363475e+00
-1.025837963223398264e+00
-7.928815724963292899e-01
-8.981622366492371112e-01
-8.629086910775302099e-01
-7.969155400196177297e-01
-8.263514688051999402e-01
-9.220529994164202714e-01
-8.108035180580182022e-01
-9.228510327959329462e-01
-8.975984683885236404e-01
-1.072813238921394241e+00
-9.177574821870784216e-01
-1.052282511093693751e+00
-9.614413577696692137e-01
-9.895581562059382330e-01
-1.038784821015225290e+00
-7.240280455182281916e-01
-8.677019613797586350e-01
-1.020838573046260356e+00
-9.805930435557185243e-01
-9.552308923208352454e-01
-7.974169454224838693e-01
-8.545720971505540442e-01
-9.653997266898837193e-01
-9.550094997024508592e-01
-9.621789427086393509e-01
-8.852865505336041663e-01
-8.607014506555447086e-01
-9.813687381472686599e-01
-8.043314255636740961e-01
-9.304202334484732440e-01
-8.649785325417810311e-01
-8.489490890989056515e-01
-8.501366185929658537e-01
-1.006813790658981578e+00
-7.209296583468556285e-01
-9.206695815542179639e-01
-9.749048465077539971e-01
-7.752420821826080388e-01
-8.680818132557399647e-01
-8.580479622210052115e-01
-7.186956106496883434e-01
-8.353680037003321512e-01
-7.438301106325927448e-01
-8.221277203988748283e-01
-9.432969069384857796e-01
-8.335459301140978328e-01
-8.657840277625187264e-01
-8.865110358431540494e-01
-9.439799359311862315e-01
-9.061993446726848145e-01
-8.077286322863116430e-01
-7.723453689323829252e-01
-8.022151992258597097e-01
-9.340866673775626294e-01
-8.151970840180584599e-01
-1.035560950941440517e+00
-8.736375474556469234e-01
-9.287277806300665572e-01
-9.486524005975666141e-01
-8.575463754503965808e-01
-8.121008648582025424e-01
-9.978610643576567574e-01
-7.514357527769200962e-01
-7.363545330602779826e-01
-9.087179595340448834e-01
-8.106151431744657021e-01
-7.313499377555761072e-01
-9.677842706101880133e-01
-8.091018770089307699e-01
-8.188817240954104903e-01
-8.283904583904216912e-01
-8.145516445608363965e-01
-8.481480419605824661e-01
-7.579234221750709155e-01
-7.386003470785542646e-01
-7.085062044026121386e-01
-8.749185096519981331e-01
-7.592193267784733690e-01
-7.911942625995983525e-01
-6.697722279410528445e-01
-6.972767182407417774e-01
-7.233484131066236777e-01
-8.049056300414965115e-01
-8.594108615123015049e-01
-7.962791179436842226e-01
-8.445068683321951264e-01
-8.452247689277981868e-01
-7.121646191018444760e-01
-7.263349219462783557e-01
-8.218587925755018730e-01
-6.571537642701110737e-01
-6.168287642119564262e-01
-6.884520253257535582e-01
-6.824141854620673353e-01
-7.158032992877612077e-01
-5.918678073628583780e-01
-6.644023276755965934e-01
-5.620083817984613539e-01
-7.223663287387894760e-01
-5.918109035361563963e-01
-6.406607824925130146e-01
-8.092145849193344009e-01
-6.681547742040168103e-01
-7.568916449067474295e-01
-7.188273151293278485e-01
-6.743025908721946848e-01
-7.092718611179334998e-01
-7.396827114153030625e-01
-6.450275847674217244e-01
-8.778313923658145335e-01
-7.711594694377600367e-01
-7.725697861956061230e-01
-6.911627762474232828e-01
-6.632129068625155499e-01
-6.432802129060140039e-01
-6.970863452286401030e-01
-7.645063080813658818e-01
-8.417859332070153355e-01
-7.448134809343069929e-01
-6.867587567169847196e-01
-6.564980390007080224e-01
-8.157412521246405479e-01
-6.639451502370441460e-01
-5.170926219845488614e-01
-6.854208149701953579e-01
-6.339805081399785269e-01
-5.364451722688093893e-01
-7.537320035583824351e-01
-6.007507983426305653e-01
-5.699545062970218234e-01
-5.369754400959186880e-01
-7.971692356543440550e-01
-7.119880918821617222e-01
-5.685437196036453589e-01
-6.612970875879251587e-01
-6.809835651513675980e-01
-6.887806288241531405e-01
-6.001134117460024120e-01
-5.383098807503331473e-01
-5.908850521689601454e-01
-7.545273593473476037e-01
-6.209326411542412938e-01
-6.977662869264427137e-01
-6.192376757499173934e-01
-5.363586944624020303e-01
-6.511596752058236293e-01
-6.945987218917554218e-01
-6.030717393593115760e-01
-6.344985837951893082e-01
-7.228985679322554869e-01
-6.159509866606825979e-01
-7.206437316987690522e-01
-4.328095153102364812e-01
-5.502490208786570136e-01
-5.760663528065742556e-01
-7.713911394181518499e-01
-7.564961063433779387e-01
-6.376363125012164401e-01
-6.297996828514640377e-01
-7.212698444147852550e-01
-5.763930945437358844e-01
-7.160409310595885479e-01
-5.712521354221041792e-01
-6.971327143685543959e-01
-6.026689340637599868e-01
-6.736396289616766175e-01
-7.013422748653017624e-01
-5.210050139458655138e-01
-6.457400094568271909e-01
-5.728527202859047263e-01
-5.272848994814371970e-01
-6.507433825810682304e-01
-5.535312517100394736e-01
-7.276143102698094944e-01
-6.550231535528411309e-01
-6.966200404842924909e-01
-5.590540814549714854e-01
-6.943324687089612590e-01
-6.223741480635611723e-01
-4.452767234491462056e-01
-6.788594114498219811e-01
-5.050628767573740463e-01
-6.434461238145980921e-01
-3.823942842726072433e-01
-6.674981540777398248e-01
-6.316544049539792871e-01
-5.257734807086730244e-01
-6.488839072622608617e-01
-5.951928410259513802e-01
-5.009281614453510167e-01
-6.210625186361635741e-01
-5.710232248388552589e-01
-4.887033388528125299e-01
-4.644485854711700723e-01
-5.695404267456818381e-01
-5.956901199457076412e-01
-4.329480305464311063e-01
-5.823629144533190027e-01
-6.710242732188886894e-01
-3.753455426203914924e-01
-4.276822893823031824e-01
-7.142876631473993321e-01
-6.034179580367793339e-01
-5.788183938218994795e-01
-6.269049464170080022e-01
-5.386248319991611133e-01
-4.979473218247810751e-01
-4.219092952893814252e-01
-4.009785483399994077e-01
-3.141026567248068058e-01
-5.390785872624819230e-01
-4.897750965206000839e-01
-4.418549684264612143e-01
-5.574629142154853279e-01
-5.076888054652118898e-01
-4.284934815580804801e-01
-3.920384921913113163e-01
-6.360481743459973636e-01
-3.847621315709601753e-01
-4.962627109865385688e-01
-5.009134526059053627e-01
-5.150851915756591293e-01
-5.475014250560076290e-01
-5.695576336797826267e-01
-6.241812258296279836e-01
-4.555983612896894464e-01
-3.404455566036506120e-01
-5.145007629011577599e-01
-3.845583440384420792e-01
-3.907440059146969347e-01
-6.252281876447755016e-01
-3.965676063835922305e-01
-4.336158624597167277e-01
-3.764576677884953204e-01
-4.887108131826767288e-01
-4.353644096104739569e-01
-4.184780555590090212e-01
-4.801970854689709967e-01
-3.795078977142928855e-01
-4.354225049219629939e-01
-3.079996857906460161e-01
-5.146557339655725150e-01
-4.326523443416239179e-01
-4.384851490498507531e-01
-3.432039022296401454e-01
-4.660815421102761924e-01
-4.366454268974391817e-01
-4.337201756562785171e-01
-3.699101009879394164e-01
-4.284024443770857449e-01
-4.969102299535830269e-01
-4.272925005018313183e-01
-4.128923071458394656e-01
-3.670334307858642009e-01
-2.728942089888777844e-01
-3.128491592612274164e-01
-3.505792463562861783e-01
-4.227333971932454859e-01
-3.610986921096791535e-01
-4.240960406510596581e-01
-3.243207227932308756e-01
-5.269240543459164927e-01
-4.077123472637283474e-01
-3.834196158704907820e-01
-4.005607766291853222e-01
-2.277082378677544316e-01
-3.001692048150112480e-01
-4.833763687808254605e-01
-5.376931180164944424e-01
-2.972383393320679468e-01
-4.910526964629563507e-01
-4.893666357329653493e-01
-3.215165687237943604e-01
-4.417783350301863199e-01
-3.167080239548175080e-01
-4.382279461772254914e-01
-5.602110023275848061e-01
-3.691302507854448689e-01
-3.881657865379922745e-01
-3.218552449624392242e-01
-2.951155393152123940e-01
-3.311910964832050497e-01
-3.704466695992146841e-01
-4.005449527004497079e-01
-4.947766956545198713e-01
-3.531148027530731093e-01
-2.100815542341994691e-01
-4.021521186499489309e-01
-4.442194139276705589e-01
-2.379512963632552935e-01
-4.619644157928672890e-01
-3.798204903031949797e-01
-3.306686922278526120e-01
-5.630107384619044142e-01
-3.865031792111165432e-01
-3.156469943546269530e-01
-3.854158102110605277e-01
-2.390508446014016630e-01
-3.374760887275502497e-01
-2.901869701741749408e-01
-3.199371652328499294e-01
-3.601895534936914167e-01
-2.608850309218946895e-01
-1.939402264633332817e-01
-4.528660730686450558e-02
-5.373337415711234577e-01
-1.992688907893965522e-01
-3.350237518426478767e-01
-3.085637896627682064e-01
-2.256597457310972055e-01
-2.922300512526370686e-01
-3.611032247453466182e-01
-4.730353954119749238e-01
-4.337638601388599802e-01
-4.186617421140475526e-01
-3.939076644358606716e-01
-2.438768264844776990e-01
-3.264816843167652194e-01
-3.978698651753465043e-01
-2.676293162345667609e-01
-3.406501130747937034e-01
-2.599950283492113434e-01
-2.960850432169918056e-01
-2.267720673603541848e-01
-4.794300916615664709e-01
-1.653263400404090533e-01
-2.622617473945380029e-01
-3.365569447334345599e-01
-3.737835396703301227e-01
-3.254838705181173908e-01
-2.074102055912891707e-01
-5.130951592704023900e-01
-1.529547560546068163e-01
-2.056359461299613611e-01
-4.592333233797334796e-02
-3.463536713018303681e-01
-1.877337012645193259e-01
-2.854376825576673271e-01
-1.790593502465415154e-01
-3.415832618925778164e-01
-2.944989483213401593e-01
-2.185636475734918649e-01
-3.366612844965300444e-01
-3.415280284278324752e-01
-3.553719799475639207e-01
-1.424314877802561607e-01
-3.026114182947749476e-01
-2.280452464179911765e-01
-3.109969985239726675e-01
-2.842762810852925148e-01
-1.939061380647628674e-01
-2.577686825562301443e-01
-2.049171308366373456e-01
-2.512732958887602952e-01
-9.293018731847874081e-02
-2.741538399311496121e-01
-3.105602000027851139e-01
-1.192451030867885536e-01
-7.929300353828204473e-02
-3.932001872389231933e-01
-2.282402639493964769e-01
-3.858963316606259242e-01
-9.936954038824012680e-02
-2.003402398070852353e-01
-2.674236083441314804e-01
-2.196862879321068718e-01
-1.782035324888893713e-01
-1.799002409831018112e-01
-1.038470643790312536e-01
-3.060491529730772209e-01
-3.100603032704242201e-01
-2.347356364941300122e-01
-1.777616981064899515e-01
-2.180557816598285570e-01
-2.274047040181862156e-01
-2.612582092884822571e-01
-2.046089570204122077e-01
-2.043898847814130393e-01
-2.112145711107292212e-01
-2.062798710945382419e-01
-1.639832575099990364e-01
-2.248267199154899143e-01
-2.154316605616784508e-01
-1.408221003667699811e-01
-1.785260674107812806e-01
-2.732023260329149994e-01
-3.215940250250396981e-01
-2.239970987322789653e-01
-2.703594147786306245e-01
-1.501014431368554725e-01
-9.013808548015397881e-02
-3.197848222492018500e-01
-1.268393665408193427e-01
-1.589433642193734675e-01
-1.143465708733430175e-01
-9.973717680916630024e-02
-1.312729774232878344e-01
-1.123438167663421000e-01
-1.707412824979000210e-01
-2.717288625191622287e-01
-3.600075179862728958e-01
-2.112507794732941535e-01
-1.244846778539045740e-01
-2.243997209539618232e-01
-2.751845817499810609e-01
-2.616874363474253062e-01
-1.605193192270091274e-01
-2.176777396865424985e-01
-1.095239499916653148e-01
-1.555163262358811027e-01
-1.984962909968083777e-01
-1.649108375792587844e-01
-6.836558352643036518e-02
1.055578602656450926e-01
-1.727330523753524971e-01
-1.534286690178446877e-01
-1.382633051253458478e-01
-1.037363888042725779e-01
-2.657540909855373168e-01
-2.406532269105547683e-02
-4.252471003276569322e-02
-1.940298655545799056e-01
-1.752813393118088370e-01
-1.293240227242375695e-01
-5.468583121503105271e-02
-5.107750465774003185e-02
-2.967243507312632145e-02
-1.693374615649364812e-01
-6.486979005310200552e-03
4.284976212978538340e-02
-2.103252607166071486e-01
-5.450291784768060421e-02
-5.131950501969460149e-02
4.552666305764862392e-02
5.233295728875358294e-02
-7.962202059962646128e-02
-3.850083419113523725e-02
-8.692148521562853558e-02
-8.404704698317362957e-03
-6.112950841729852813e-02
-1.079070219962330185e-01
-3.438282923808164832e-02
-1.749385379976665378e-01
-8.839097100187620626e-02
-1.569008678931894246e-02
-2.739834781504795272e-02
-1.396831963421386602e-01
8.973981381912693109e-03
-1.433325904980949916e-01
1.360800860582308007e-03
-4.657085494748516852e-02
-7.061619246413183143e-03
8.771331543151300592e-02
2.556853992355120897e-02
-8.030435710782653225e-02
3.360262768043686954e-02
1.134661043720298357e-01
3.405251228403478186e-02
-2.721376207679102738e-02
1.870990632166323955e-02
1.131556931418696843e-01
-1.542377042331308235e-01
1.074628070076311392e-01
3.141956530511078732e-02
-5.201728141607424999e-02
-1.256155664375675426e-02
-1.297961574089824266e-01
-2.991962509394910374e-02
-1.069947562196838092e-01
-8.030264671531243958e-02
4.832334686473573754e-02
-5.174370219850973202e-02
-9.393444650438778631e-02
-7.028019381586829775e-03
1.336744548894187035e-01
-1.600614239307533368e-02
1.783372363635434554e-01
1.100581520748222936e-01
-8.130440229744842137e-03
-4.737179488583066755e-02
7.010943138051695112e-02
-1.061497043762972547e-02
4.404558921810910847e-03
-1.043163527362337556e-01
-2.713273213935612008e-02
-1.695706712965261778e-02
-1.526991624564068978e-03
2.491166240555008071e-01
1.052166982521859223e-02
-8.423869244707633819e-02
-6.426213854104563181e-03
2.189126303041848826e-02
4.927254061628345144e-02
8.894983834814099155e-02
2.567820943806756878e-03
1.510345148261539594e-01
-4.659162314284398532e-02
1.045666071799626895e-01
6.363306184067518689e-02
1.040897598326114420e-01
5.927819870943472347e-02
2.315415260803967701e-01
2.097548056498134972e-01
2.378259852059176442e-03
1.111507707438254694e-01
8.321940002652626622e-02
-5.182547924727561733e-02
9.743481692116769122e-02
1.642041374462681336e-01
1.039563758954282907e-01
8.388520133109611532e-02
1.955070376189407266e-01
1.853422107283519693e-01
2.044335741963893005e-01
1.452892073374514315e-01
1.747895395162673560e-01
1.158100314318543239e-01
8.813728570413362218e-02
9.965950650364480135e-02
9.138412238658676426e-03
-4.999019852444192002e-02
1.381004134292172780e-01
6.668693594814993630e-02
1.805297108265018768e-01
2.344902162214495545e-01
8.718135167278791287e-02
2.064053147719958625e-01
4.640321373542329042e-02
3.908521568765371129e-02
7.653171742964440250e-02
1.439667062959993915e-01
2.305009524013839906e-01
1.624525516817872106e-01
5.600531302367531966e-02
-2.620917433334026339e-02
1.436979297044198300e-01
1.037141688910036413e-01
1.424331754218868817e-01
-3.557216366975771149e-02
2.000461149442428754e-01
1.133487045114228292e-01
1.257677837002093568e-01
1.312389275363935459e-01
1.948237610299982936e-01
1.896178137948652531e-01
6.679329602131155175e-02
1.740509066638815105e-01
2.626023052099666910e-01
1.362464176706190133e-01
2.509760742633808106e-01
1.705666351942530246e-01
2.257197640750341350e-01
1.550857055422982522e-01
1.104714045892639940e-01
2.385866670961148683e-01
1.699128216765642407e-01
2.460394270562117069e-01
1.015118105734560683e-01
2.008483282021946148e-01
1.922387469674814164e-01
2.923548193622277358e-01
2.978747281554505189e-01
4.242738037546128771e-02
1.758180550752398152e-01
2.548198670674607924e-01
3.031032846352994525e-01
3.582599047059767394e-01
4.367567093657378358e-02
2.020063509125570311e-01
1.765866829186068243e-01
2.246690085458402930e-01
3.083202146060794457e-01
2.514845162101397302e-01
2.139647337223082313e-01
9.909942711751683342e-02
3.329521463586834207e-01
1.000983365436969447e-01
2.832180503509178493e-01
1.136932272672365879e-01
2.095838911216532374e-01
6.789727717446711330e-02
1.674901060042720824e-01
1.951372677926277999e-01
2.789606609572570228e-01
1.871565846714425552e-01
1.140365251988352258e-01
6.847817208594221550e-02
2.972294765357094692e-01
1.436110207225443358e-01
2.393513878171903975e-01
2.658797104027412206e-01
2.470770631179074472e-01
2.877520581986425796e-01
3.818853108923616069e-01
3.119285617253667042e-01
2.590798173530135529e-01
2.641459690273328942e-01
2.189732129899921442e-01
2.695088067982075453e-01
1.898198677463596717e-01
2.910597394223075618e-01
3.822283417858482468e-01
2.213887206208218772e-01
1.315570610615072744e-01
3.797221897284301928e-01
2.089279637307602799e-01
1.648631349204107144e-01
1.868258652653015106e-01
3.367977174644951610e-01
4.716048114556412041e-01
2.748656448132544838e-01
1.082297306923890035e-01
2.773100622083042310e-01
3.234781742133263638e-01
2.426510353592729874e-01
2.256265533009168545e-01
2.462497738404544056e-01
4.671846366708019560e-01
3.338147402072541570e-01
3.171421722017841449e-01
1.685681877331830225e-01
4.216623798022208769e-01
3.487372880368711514e-01
2.883606524447525632e-01
3.216155722651033999e-01
1.755440949662050443e-01
2.794321799713980758e-01
2.654173386819400071e-01
2.981522133772586680e-01
2.450663800655406843e-01
2.246747000912820147e-01
4.725977190655106241e-01
3.537281967081723488e-01
2.248512104432504044e-01
3.693792768834812112e-01
2.832622814280579271e-01
2.838356549503944781e-01
2.376937541646381435e-01
2.630360975493064024e-01
2.505239578791590982e-01
3.907364974628597665e-01
3.780903380152729754e-01
5.000894338482194668e-01
4.592481944804845395e-01
4.229143182819538604e-01
3.339111807741880766e-01
3.855659386359647778e-01
4.429213655000391880e-01
3.255052068818848898e-01
3.457218126173552397e-01
3.918323366864490676e-01
3.672141433362685059e-01
4.349975071539863847e-01
3.479802838170424351e-01
3.247926625894431152e-01
1.269690799777855317e-01
3.862100610014685964e-01
3.839294626480411754e-01
4.664357975017711100e-01
2.528344031946863080e-01
4.945262813831019511e-01
3.948604114136630705e-01
4.098711501502281807e-01
3.810442111150095790e-01
3.928302542816569654e-01
3.343141831169051392e-01
3.238120159550079702e-01
2.479357474140619910e-01
5.517584026909975181e-01
3.362315661429133296e-01
4.616181564217993194e-01
3.309350169463624591e-01
3.382595925355540434e-01
3.618919252794760566e-01
5.002903566159315751e-01
2.822935263944120199e-01
5.103526544798973053e-01
3.831676950598684739e-01
3.301326308636118867e-01
3.660389933619437319e-01
4.861486961149190655e-01
3.740428672709381619e-01
3.476645106770309690e-01
5.140946759900031360e-01
5.103347864771136111e-01
4.375797591881345205e-01
2.914864272351098684e-01
4.775070874357465467e-01
4.479316677830077476e-01
3.291060229574951923e-01
3.516889498754504073e-01
4.229365607118800163e-01
4.793976527024868539e-01
3.907195066664281846e-01
3.456445673298595977e-01
2.684793571631650666e-01
5.532924748946111970e-01
5.139043708905111085e-01
4.665407134590210947e-01
5.270674255598440938e-01
4.655959240858598136e-01
4.452151671956058876e-01
4.563425058322376215e-01
4.715989179054439484e-01
5.278323658245245298e-01
5.831687695714832254e-01
3.490193342424767198e-01
5.129477791039801504e-01
4.654124090647530076e-01
5.669684687084181052e-01
4.584375446406198096e-01
4.146535067109358152e-01
3.688769275931455538e-01
4.584733829511374315e-01
4.251819921200574171e-01
4.053739437001946389e-01
4.549073303507639721e-01
5.685359991185408024e-01
5.537156457801204468e-01
6.184841671787665307e-01
6.092452591553542129e-01
4.875700194154142797e-01
4.917619749440471644e-01
4.809289279386919080e-01
5.497275573424246220e-01
5.503815218301310042e-01
4.532147893167688957e-01
5.736783832536190841e-01
5.297599732568474273e-01
5.614419874924253540e-01
5.886342373585484733e-01
6.504800901297256299e-01
6.352870503452805462e-01
6.667673600256981414e-01
5.071576819667833469e-01
5.231315301017941399e-01
5.613827407665293867e-01
6.137586206669569666e-01
5.602263102557287766e-01
5.127396153623648978e-01
4.052136139313978203e-01
5.560157440972999243e-01
5.900321086454299868e-01
5.644533428846939538e-01
4.809514672594532581e-01
5.670906920071205892e-01
3.922264024056610343e-01
5.613985817210810358e-01
6.267527835210532361e-01
5.344809904634736375e-01
5.869944022295036090e-01
4.937285495713535921e-01
4.527675177081155189e-01
7.107614212556683242e-01
5.420166418135070607e-01
5.234446332030845417e-01
5.449961931706955864e-01
7.833522663408695186e-01
4.327570422079501933e-01
6.700507715295888067e-01
6.101350211912968113e-01
5.670157297244657890e-01
6.135909466141252766e-01
5.635301471390394834e-01
5.215134627330471062e-01
5.461301318456791565e-01
6.247731363501303203e-01
6.223606692938540297e-01
6.451517310377143932e-01
6.570429733334671729e-01
6.598350233812155796e-01
5.032329537655794161e-01
4.976126898440449420e-01
5.779237807691176565e-01
7.230807469091505846e-01
5.264951632780677793e-01
7.799152681699357270e-01
6.099527206750355868e-01
5.640579389982737224e-01
6.498777264952326771e-01
7.201579664140081993e-01
7.396282364119931563e-01
6.369076928304798768e-01
5.659237374029543188e-01
7.700776825481067123e-01
5.645613704677772127e-01
5.878339561184089401e-01
6.394707771615318892e-01
5.543073394227171491e-01
4.477342374193913899e-01
5.636333136270237354e-01
6.180886528363748189e-01
6.449658801585760326e-01
7.275773417920721187e-01
5.403114637526083008e-01
5.171469184058742341e-01
7.259605876568915317e-01
6.823014070668002029e-01
6.394256600618103414e-01
7.579205819960127544e-01
7.058314642694043517e-01
7.195421214021722189e-01
7.317716052807460292e-01
6.528811930246543049e-01
6.560256869389544665e-01
6.744466878108178465e-01
6.605117995419294008e-01
7.419201840923993485e-01
7.397570738334010576e-01
7.600810109151683314e-01
7.667010327671728298e-01
6.141997473157928544e-01
7.470890528860480995e-01
7.473570864883414266e-01
6.677767730109454014e-01
6.930841028114661517e-01
7.227622624495817494e-01
7.859901923093173259e-01
7.342761952005897319e-01
9.077441906246130898e-01
5.322565663812075520e-01
6.678809724499048528e-01
7.403528171049513773e-01
7.101970994041991725e-01
7.033292943512627904e-01
6.923752695003588808e-01
5.207736665743660787e-01
7.248910872754155132e-01
7.936694014599811053e-01
7.867326983628293302e-01
7.024873838424131600e-01
6.982863302956797691e-01
7.680918050288848553e-01
6.183885604253064328e-01
6.993314203812780461e-01
7.465752733773474148e-01
7.328953421761781328e-01
6.012679129250695365e-01
7.463393867022912742e-01
7.030826291335539047e-01
7.151317205426793722e-01
8.825798902664151457e-01
7.751719054026595668e-01
6.513593803739839982e-01
7.896257237136850016e-01
8.584046337195019305e-01
8.446081951981583291e-01
6.667332331538549095e-01
8.741952129794480220e-01
8.479131371627025571e-01
7.807329215441572989e-01
7.053749649091355378e-01
6.164114975540109231e-01
7.626017002820252300e-01
7.057986495714203556e-01
7.653826123982668816e-01
7.884430276188579834e-01
7.748275483882210990e-01
6.906436192223390780e-01
8.477540625701225352e-01
7.974990708059435107e-01
8.977493269217657890e-01
8.206074616102982944e-01
6.973452128065179556e-01
7.158171942220773465e-01
7.926512604172850640e-01
8.238811968925567886e-01
7.422669056485780015e-01
8.798871572713223843e-01
7.636806850476065556e-01
7.843875370670264635e-01
8.810057142254172913e-01
9.317459275183047618e-01
8.125714488611534003e-01
7.361506672577800003e-01
8.616902546785173422e-01
9.015280681323452061e-01
8.437564919547119180e-01
9.562702149328786705e-01
7.970224344325417265e-01
1.094481371786169444e+00
1.002940038034729975e+00
8.055533219407791101e-01
9.889192979623903090e-01
7.979134859660966805e-01
7.669807870122643534e-01
9.116942842389137436e-01
8.621644559779543249e-01
8.369309908506554763e-01
9.174836155053958109e-01
7.986585388374736194e-01
9.375847257248224320e-01
8.951997103358788621e-01
7.512788247078591164e-01
8.710137863972488015e-01
8.742560999387540832e-01
9.364965859126415104e-01
8.381906004028104595e-01
8.095909384421612343e-01
9.551263750937974972e-01
8.976336298110058065e-01
9.008872588323955100e-01
9.043797680012557461e-01
9.515008050242708126e-01
9.158811380034104221e-01
9.363871585523350083e-01
8.843070343138893508e-01
9.029083319352845249e-01
9.014231575827444942e-01
1.025257622441340777e+00
1.092436392811537704e+00
9.738811643064598789e-01
9.874504716421059758e-01
8.954433947495961110e-01
1.030148223701301102e+00
8.221129850840428466e-01
8.029406647394335961e-01
8.095946716652772102e-01
1.045469381637859518e+00
8.641840863184487853e-01
9.307268884144169752e-01
8.731952198414391075e-01
7.578605529512221217e-01
8.445346988564266244e-01
8.131701164479301358e-01
9.119713650682502726e-01
8.873520821279711202e-01
1.091565642873447040e+00
1.040756420937295701e+00
1.016684956477690305e+00
1.104145464793558906e+00
9.495344661144543563e-01
1.031374631317703017e+00
8.522786211328310380e-01
8.653227152151945489e-01
8.481389854336996992e-01
8.595398227843765726e-01
9.849323274546333273e-01
1.041200146674890803e+00
1.059178345402716381e+00
9.325594882446492928e-01
9.420938270325812658e-01
1.021907346667629390e+00
9.153987404782304438e-01
9.744835105645921480e-01
8.667565798221258389e-01
7.573513172876342736e-01
9.561619432987609191e-01
8.077172308562723391e-01
9.447433928444730622e-01
1.082043762078947147e+00
8.784046058430280413e-01
1.044629581134440155e+00
9.406414285915082329e-01
1.047936359367388492e+00
1.035069285861558441e+00
9.914596238028643427e-01
1.088917770625033921e+00
1.025621879962401728e+00
9.453254881593748937e-01
1.101693879334209702e+00
9.836118958189654649e-01
9.874646914672420284e-01
9.926493505845186416e-01
8.599304591336240922e-01
1.092267780099401842e+00
1.085908485040504079e+00
1.027603289279373167e+00
