-8.917162908074167671e-01
-1.113616601635110781e+00
-9.479435975789456403e-01
-1.021368884936925125e+00
-9.478095166461486532e-01
-9.927398835145319067e-01
-9.310026983263491873e-01
-9.680034132146561054e-01
-9.476696293418718220e-01
-9.997989202435202394e-01
-9.683583708569748483e-01
-9.647327155737435156e-01
-9.800476422987093317e-01
-7.296256797459301779e-01
-9.181873099324527887e-01
-7.370520106521781800e-01
-1.033985099115953599e+00
-9.732801000225806964e-01
-1.005503832891732285e+00
-1.120282735261164397e+00
-8.549481397045810560e-01
-1.005060342704420018e+00
-1.017966160108864537e+00
-8.165341311748414155e-01
-9.598329057537678954e-01
-9.005004519398719376e-01
-8.989462872883561273e-01
-8.838152209995695507e-01
-9.664175379637665042e-01
-1.075798293631517577e+00
-1.005818922256255687e+00
-9.565185062082144363e-01
-9.591178065452979906e-01
-1.011420069755921025e+00
-8.741670437690048923e-01
-8.592264127445081723e-01
-8.988633276738009492e-01
-9.818702264481922182e-01
-8.785144190229937644e-01
-9.615395159535543579e-01
-9.708953609783079752e-01
-8.771835839918423749e-01
-8.888584165529165304e-01
-9.346497156499881109e-01
-7.383982275737301926e-01
-8.713113775832710406e-01
-8.918683456881062455e-01
-8.939890706399966636e-01
-8.540329724124503530e-01
-7.542303446119742460e-01
-9.031294285151164614e-01
-9.214255891931034670e-01
-9.861967200866265104e-01
-8.673289137233487489e-01
-1.033921400363495113e+00
-9.544703024175309469e-01
-1.094554607571982308e+00
-9.185734526108599862e-01
-9.820525554944828928e-01
-8.593622520958945632e-01
-8.332130727654005753e-01
-9.692486599388183688e-01
-1.004243190364154881e+00
-8.444794263216035546e-01
-9.753977730397225265e-01
-7.995474787678096273e-01
-8.490658615425815681e-01
-8.806243888060493186e-01
-8.291302765303021349e-01
-9.537965344992452854e-01
-8.749296275777572740e-01
-6.997152879364096911e-01
-8.366967438496858422e-01
-8.085964506303632282e-01
-8.919443385406972125e-01
-8.385630696393581163e-01
-9.381506504902141774e-01
-8.653670461965552452e-01
-8.324120507762932109e-01
-8.204918886992483840e-01
-7.536366615806235902e-01
-8.232425490949772939e-01
-8.229937646782128358e-01
-8.479059560577477672e-01
-1.033555768419866183e+00
-9.321217619005178756e-01
-7.722444576524940540e-01
-7.929421896984554241e-01
-7.791747598441719491e-01
-9.180678358745637535e-01
-7.417688241558182405e-01
-8.859393247683882144e-01
-8.862061096335599464e-01
-7.349201220614952623e-01
-8.260578576840159615e-01
-7.865421769234069993e-01
-7.647478071569212554e-01
-7.466040214597333691e-01
-9.231060746982833187e-01
-8.240047385242996736e-01
-8.483007653194134523e-01
-7.587096520559105661e-01
-9.412779961617664393e-01
-6.992151429192996481e-01
-7.808200139596025435e-01
-7.557532692813812014e-01
-5.957525920347884751e-01
-7.848383714050563009e-01
-8.730276110292459757e-01
-6.733602628064763174e-01
-7.688969176637593383e-01
-8.116413895183057781e-01
-8.418703042580151230e-01
-8.698991188987813539e-01
-6.348004512808709254e-01
-7.329553182918320253e-01
-9.148684454140715294e-01
-6.896014597838012739e-01
-7.290746255404408904e-01
-9.088853124504584491e-01
-6.896230966462782996e-01
-9.940270896811397305e-01
-7.700689438213098592e-01
-7.605692169538186276e-01
-6.965966442957860494e-01
-8.443033432172785124e-01
-7.574063821269563235e-01
-7.948270904627431355e-01
-6.589067107552203373e-01
-7.809888025949827117e-01
-6.341867419212849910e-01
-7.137637789536913635e-01
-8.206211253855354437e-01
-8.102802642824228352e-01
-9.701402828872143225e-01
-7.230978043203303285e-01
-9.142508536986898582e-01
-6.967610065840508238e-01
-7.267933586521975187e-01
-4.546895994988940370e-01
-7.164470344842037708e-01
-7.432639441305114447e-01
-6.424303753264937189e-01
-8.551931458389321339e-01
-7.050886240046916331e-01
-6.658612151817188129e-01
-6.355494419759665226e-01
-7.384514344252030016e-01
-5.301439328933942319e-01
-8.208592368731653099e-01
-7.608272958331034896e-01
-5.481947227580080684e-01
-5.562718876079545405e-01
-7.520298686519185649e-01
-7.914535470666576034e-01
-6.978170533057304059e-01
-6.405519411705168364e-01
-6.321275764704676892e-01
-7.021530075603336085e-01
-6.134296167213691975e-01
-4.757027262937473799e-01
-6.640603518929207860e-01
-6.477514627585999607e-01
-6.976220156239381076e-01
-6.965618855838363599e-01
-7.034630754866041391e-01
-6.914677389744507963e-01
-6.183604572980432312e-01
-5.597614916248108141e-01
-6.985002274591002314e-01
-6.333876044437680708e-01
-6.078273760041367213e-01
-7.823821056589886913e-01
-6.769534063110952404e-01
-7.032835672268101801e-01
-5.731894814300106944e-01
-6.011602695509143945e-01
-5.762494535351422309e-01
-7.068647397975924562e-01
-7.552728586205648131e-01
-6.509265278854052816e-01
-7.375795376173697182e-01
-6.136405643215228078e-01
-5.405761177805413764e-01
-5.791927940807732877e-01
-5.290403903292816290e-01
-5.508650791664441160e-01
-6.521499676232820342e-01
-5.854494618070653633e-01
-4.842584924196826623e-01
-7.353069834341863231e-01
-6.386965579704707574e-01
-6.324057709431388785e-01
-6.053084801901990053e-01
-6.112507767395070069e-01
-5.315807794096897299e-01
-6.643466336916175052e-01
-3.886612702674794306e-01
-6.021384656736525898e-01
-6.114703592546336663e-01
-6.502570197545127773e-01
-6.931246900325844784e-01
-7.308395252557536859e-01
-5.603439781216364990e-01
-4.093079958958767972e-01
-6.479577777866479815e-01
-4.759181194165387763e-01
-6.398419700456769998e-01
-7.844158857469101243e-01
-5.121866146642326534e-01
-6.816415478543524920e-01
-5.676520120442023476e-01
-5.803065995550786837e-01
-5.114557541968409726e-01
-5.740146110943080693e-01
-5.271788297139369250e-01
-5.048654957167362234e-01
-5.032747573315936584e-01
-5.596714809005982616e-01
-5.007116683373187271e-01
-5.641392423605009476e-01
-5.446914821634145643e-01
-5.989427352896276036e-01
-5.837860806962945626e-01
-5.009140051721950870e-01
-3.927491463312250963e-01
-6.665729087958126575e-01
-3.153241211668814103e-01
-6.827379478605521967e-01
-4.809599580949753261e-01
-5.672497380754951690e-01
-4.878032651327574576e-01
-6.810747299515941267e-01
-5.014681131108821299e-01
-4.893642029980558306e-01
-4.757558174254654104e-01
-4.462197942647305737e-01
-6.659070082272936508e-01
-5.364711465647979960e-01
-6.124659770147273807e-01
-5.108759276024535945e-01
-5.555356066783730951e-01
-5.884868204590405494e-01
-4.465354446592206816e-01
-4.104151752433167766e-01
-4.820521954420669553e-01
-6.572369124317359868e-01
-4.699407027193659436e-01
-5.019518657605887002e-01
-5.252271118645944759e-01
-4.584810475608518954e-01
-3.882233524045100026e-01
-4.624815824665645114e-01
-4.966804076731408668e-01
-4.589823702648894721e-01
-3.797093998111990554e-01
-5.426865833078106105e-01
-4.368128837250511709e-01
-4.899634634423491453e-01
-5.933200076869477035e-01
-4.541390523339481344e-01
-5.525508895761002126e-01
-4.916089545633911539e-01
-5.649760166470607636e-01
-4.148740623553187068e-01
-4.442806583353252625e-01
-5.388791992498129790e-01
-3.307751592316782729e-01
-3.211231006499972174e-01
-3.441629325747168067e-01
-5.030414357314679785e-01
-5.085336752293196927e-01
-2.841641953372969764e-01
-3.904635082358123288e-01
-3.984242451347252412e-01
-4.343579772601648403e-01
-3.724664583025255604e-01
-4.417124579975939547e-01
-4.277286076357003641e-01
-5.613230459371829628e-01
-3.404853448752545031e-01
-3.448082237601894362e-01
-4.692141360639404124e-01
-3.473925771991168143e-01
-3.033480968076686102e-01
-4.151387510338751530e-01
-4.042256880943966846e-01
-2.901878779694794241e-01
-6.202451359105299877e-01
-4.432356999110989570e-01
-3.139360736345888081e-01
-2.865154087549401374e-01
-3.008415304395657408e-01
-4.443835398182526264e-01
-3.821295609757037748e-01
-3.810731070751147698e-01
-2.055375552060064170e-01
-4.214090509473388257e-01
-4.387757763154461754e-01
-3.979894692667315659e-01
-3.705280211026211745e-01
-3.064808373997675028e-01
-4.377130794867643560e-01
-4.573639708045092456e-01
-3.813188362410469545e-01
-3.356984206661237091e-01
-4.257965376360502430e-01
-2.494289953216545785e-01
-4.795145290586728115e-01
-4.685901831791348116e-01
-4.172696964281220056e-01
-3.235413241473392154e-01
-2.900680200292785060e-01
-5.470857059221259089e-01
-3.526334750942364260e-01
-3.372732200935474323e-01
-2.669784266438379738e-01
-3.600022649643999095e-01
-3.774817957835127635e-01
-3.615744479296565950e-01
-2.765421507762166886e-01
-3.465920739191778455e-01
-3.391346670431928945e-01
-2.061749481091410541e-01
-4.561822633441744990e-01
-4.831691568544559390e-01
-4.018366738461364163e-01
-3.507590538606589203e-01
-3.207232388379444576e-01
-4.130634615914810515e-01
-4.303408473668755008e-01
-2.287101896202373141e-01
-2.799406169890970020e-01
-4.099179253265226031e-01
-2.734163149817561145e-01
-5.165415249799654163e-01
-3.741412913159705700e-01
-4.555023287987342018e-01
-2.264388703910208411e-01
-2.117532997547067197e-01
-4.788215090370674387e-01
-3.717907456597774329e-01
-3.503671672095239331e-01
-5.439802190999274423e-01
-2.644884021513423944e-01
-3.436821510385489331e-01
-2.746772517083080345e-01
-3.197594521106584819e-01
-3.529281804274999601e-01
-3.075486355662005455e-01
-2.721792559772502340e-01
-4.160299202510067129e-01
-2.116730525530237661e-01
-1.530450104588393090e-01
-2.777847009854136906e-01
-2.806435799898267525e-01
-2.159222258272842643e-01
-3.672962673442853876e-01
-2.007951706116640478e-01
-2.913861069229892187e-01
-2.117625628301310070e-01
-2.327430892713108768e-01
-3.588833125872552543e-01
-2.274233965156356729e-01
-3.243045031135248224e-01
-3.870933263706898275e-01
-2.123473186214268615e-01
-2.632822333016714977e-01
-2.567663710229958762e-01
-3.243793438310353938e-01
-3.294532672217072578e-01
-2.979501446416778498e-01
-2.622164159581499288e-01
-2.810681284894750442e-01
-2.556413866225903941e-01
-1.756838250775560051e-01
-1.456256627703693685e-01
-2.600268819839773871e-01
-2.970762015074355777e-01
-3.297306817125984502e-01
-2.591783433534946557e-01
-2.150851189793342166e-01
-1.069442407033412840e-02
-2.733600144103797147e-01
-2.160214613262164962e-01
-3.020032425543426324e-01
-3.231564839014932633e-01
-2.039526211369721009e-01
-4.393535313511819085e-02
-1.893552007512062374e-01
-1.774409167583389235e-01
-1.816573208114788951e-01
-1.758778834960215698e-01
-1.447054592453409227e-01
-1.738562460095132989e-01
-1.815766534668275534e-01
-1.544402805750525742e-01
-2.695293206551977461e-01
-1.680060868721229561e-01
-2.127328029469300053e-01
-2.306204227706306065e-01
-2.753821654550465126e-01
-2.168256707128788097e-01
-2.499155467070316994e-01
-4.000960337601932974e-03
-3.423694994437386785e-01
-2.560286225730059595e-01
-8.179808323836774975e-02
-8.329442884289557647e-02
-1.713129824439381110e-01
-2.230918124665598745e-01
-1.925885182273522345e-01
-1.968334754571737788e-01
-1.718200411436302255e-01
-4.837071881649005617e-02
-3.269033665482705131e-01
-7.417723337406358086e-02
-1.476324972289599913e-01
-1.681479874046241385e-01
-2.530838330260032354e-01
-1.001041009689463274e-01
-2.130372729730682924e-01
-8.657842808322496753e-02
-1.110491416476534071e-01
-2.158019318672939335e-02
-1.867518073792038824e-01
-1.751248161909677858e-01
-2.857437496113370279e-01
-1.405813865407373742e-01
-2.101452810517308589e-01
-2.152076856248206493e-01
-2.148382121912749965e-01
-1.320338422029993519e-01
-1.741142801463237688e-01
-1.010761652965048857e-01
-8.719335422117777123e-02
-1.472154494068636521e-01
-5.128145962358991727e-02
-9.805119010982568661e-02
-1.528551993418079402e-01
-1.043635130237498265e-01
-1.693743739275364868e-01
-2.722581318406908091e-01
-1.726234809300261908e-01
-1.661107493772259192e-01
-1.250535824865703360e-01
1.956804550548760929e-02
-1.632280000887056104e-01
-9.492264506707023819e-02
-2.180492225765803538e-01
2.249425219524453859e-02
-4.247748114741361353e-02
-7.814912414205725522e-02
-5.466503644139388690e-02
-1.685392753542886701e-01
-3.089002191255946217e-01
-1.161909711139845480e-01
-1.872670294297900939e-01
-9.857929745940727240e-02
-1.178797981187198751e-01
-2.060805376331285854e-01
-1.742071669329341710e-01
3.083879429141933928e-02
6.525907527535057366e-03
-9.143923575412168936e-02
-3.246048856120480053e-02
-3.885938932897980459e-03
-1.891717855240989954e-01
2.459228232446222448e-02
-7.521997536517508257e-03
-2.030582542205812413e-02
-1.556750007078015474e-01
-6.415772266364234977e-02
-5.163863986620949309e-02
-8.417792305375897122e-02
-5.259866874106815943e-02
-2.232883281863769498e-01
-1.964405392666685596e-02
-2.329402105379273918e-02
-1.250562981815064693e-02
-5.211600220810091305e-02
-6.347477995325710720e-02
4.655146387991029172e-02
-2.382084333570611001e-02
-1.654617655846904456e-01
2.845710117943694994e-02
7.747823003480001913e-02
-1.567485122482898119e-01
-4.280434169385462229e-02
1.891522056170598376e-02
5.564474535139359024e-02
1.835875849128006110e-02
-3.083255205875727253e-02
-3.768217668671064446e-02
5.069492280657021677e-02
-8.445917138873630658e-02
1.804599808816412521e-01
1.290540888700528015e-02
-8.174848642412592056e-03
-1.162182306004568288e-01
-5.998090306227658874e-02
1.012949250257730027e-01
-4.778811780631302131e-02
9.618322896416037215e-02
5.323747683096697464e-02
3.260425972011399970e-02
2.843585442784323999e-02
2.534297962553463610e-02
-2.338131949659423819e-03
-5.788310323951956042e-03
1.234577103921790653e-01
4.576016281158073323e-02
-9.968599572825817545e-02
4.199084032377408543e-03
3.760003213121684840e-02
-7.426877959573503774e-02
-6.525894599813296870e-04
5.530576713694328878e-02
1.012304840999490724e-01
5.110506685658781217e-02
-2.596497691099574068e-01
-1.882300427994935965e-01
9.291071238069835425e-02
1.187466596932449658e-01
3.288993665768472074e-02
2.607759221935592939e-02
1.862643983813554172e-02
-3.308199989585455109e-02
7.964999302636883993e-02
3.423766587195577193e-02
5.443643020391620430e-02
1.676876596150133902e-01
1.867850224482663635e-01
9.796985514345955826e-02
-1.850559971472377427e-02
8.852259095003855993e-02
-2.554255979034474652e-03
1.054948318305525129e-01
1.493806360785828735e-01
-4.562601960290954550e-02
3.870066650270925085e-02
1.831429329810196349e-01
1.632524858600042927e-02
-6.459257061333524563e-02
1.018533294024753788e-01
1.694535792038756872e-01
1.342198403307271436e-02
1.478002878313521284e-01
-9.004580893482237725e-02
1.070772222158059284e-01
1.316197964129833635e-02
1.380562105188850308e-01
1.453486726730587320e-01
1.445430504313232889e-01
-6.122450831856388748e-02
6.482280127050034368e-02
1.107167489308126529e-01
1.229006648570213217e-01
7.851194201578744203e-02
4.282263280565544450e-02
1.700438930555140948e-01
1.229891280352224947e-01
1.890693238915345520e-01
8.853278797276346868e-02
2.847923072110761233e-01
2.361815036507354248e-01
5.784987939943225799e-02
4.303898083374097655e-02
1.733879022021642680e-01
2.646970340637405661e-01
2.000196657133733180e-01
1.031544969669555001e-01
-4.417424126251392330e-02
4.384366572933463130e-02
2.273893330414017144e-01
5.065326155994973739e-02
7.848562116274994394e-02
1.698625905358003840e-01
1.688373964003975491e-01
2.271807838293381787e-01
4.129308495961081515e-02
3.021286705835277697e-01
1.557769051640926494e-01
2.465222035643695464e-01
-3.663052761978675270e-02
1.778135999355582031e-01
1.087977836121913205e-01
3.038297563023685810e-01
2.711928333688954362e-01
2.305577906688654755e-01
2.202455812968000803e-01
5.878168636620081933e-02
8.938401174490021028e-02
1.291108872207819835e-01
1.276514798352049174e-01
2.086438224195171498e-01
2.958967155143648053e-01
8.966442285127723677e-02
2.721214899362208173e-01
1.829573772130828890e-01
1.587109065838070154e-01
2.264242501235780858e-01
7.843341672664788655e-02
3.526025203177700074e-01
2.817467570041014002e-01
4.541148032177267421e-04
1.004961378113417292e-01
1.769532679208260517e-01
1.012303807074271950e-01
2.391131563857608611e-01
1.084251573561254151e-01
2.353660141587934074e-01
2.519387230311304626e-01
2.666777116111808676e-01
3.028764330206145661e-01
2.696793004189232401e-01
3.467069409673748104e-01
3.055147394009267159e-01
1.728579940831004025e-01
1.540679963553810983e-01
2.470142126023130436e-01
3.305254197156211049e-01
3.281844588038476118e-01
1.744732704402091883e-01
2.266203621035079996e-01
2.419568717090040399e-01
2.634680750135006688e-01
2.718698573398494744e-01
2.956064139455241713e-01
1.250329967449942958e-01
2.925133350552044376e-01
2.022533194616431829e-01
3.420527755173401463e-01
3.867242208155238226e-01
2.936010731745133384e-01
1.622100027718275661e-01
2.743806126385802679e-01
1.845779698810281755e-01
2.565508657415830340e-01
4.214110218416398101e-01
4.320483371954235152e-01
3.160170858909867042e-01
3.966305727966079608e-01
3.111004696028511485e-01
2.047955334931958471e-01
4.593508851621303513e-01
1.591202845433996871e-01
2.788723021641826283e-01
3.936303616319953291e-01
3.241701362320488222e-01
3.891602030351144492e-01
2.655819298633942394e-01
2.536929097127806898e-01
2.878107993762007433e-01
2.935406117125243797e-01
2.945650624741619206e-01
2.743914442879920590e-01
4.030173724948416525e-01
3.825166270546574432e-01
3.943323034095930213e-01
4.966854602638684502e-01
3.758229670038745196e-01
4.168205781693966050e-01
2.629141911247239727e-01
2.728062817218008806e-01
2.493857428902181150e-01
2.971044108089170299e-01
3.078841034458619785e-01
4.440098249322573798e-01
4.810509291779608287e-01
3.377266178166146160e-01
4.534606890621982189e-01
2.607211503335822855e-01
3.724118901586324637e-01
3.506181673365738050e-01
3.518859727247719005e-01
3.641619551445420266e-01
4.935966121170490828e-01
3.185999167320869851e-01
2.480552751506572007e-01
5.018749942043865264e-01
3.472887969289780163e-01
3.582890158468771680e-01
2.506745078277666794e-01
4.968556237545594390e-01
4.435013631557181424e-01
4.446094363177433562e-01
5.384820135061800794e-01
1.983664726551485347e-01
3.004583159595938802e-01
3.522460763629993163e-01
1.755803592602791507e-01
3.288862628352908213e-01
3.656598667020194426e-01
4.213244629215381343e-01
3.110395330011243020e-01
4.698172873426235685e-01
5.107824240865794785e-01
4.780664802371595856e-01
3.738315558181023457e-01
2.735843575916521719e-01
3.466221924214799577e-01
3.056643830944578144e-01
3.029865024732119050e-01
3.390543078809364896e-01
4.530783769770581060e-01
5.053124290530088825e-01
4.667287878869108009e-01
4.836818887951918611e-01
3.427535465812411308e-01
3.899448747595413156e-01
4.930148149708437622e-01
3.921262644904913164e-01
5.915202278463722596e-01
4.998743973707867605e-01
4.764159016042242012e-01
3.957219689952084507e-01
4.240483729446656302e-01
4.514285413663319257e-01
4.493561667554262229e-01
4.137894749254711901e-01
5.067591524161237926e-01
4.179455879491218995e-01
4.120156949986794603e-01
4.398674522397886810e-01
3.496872469214244994e-01
3.491328184808518698e-01
4.074009025952601282e-01
4.102954063669328466e-01
5.124849232345223271e-01
3.635882142800868078e-01
3.580258134519321289e-01
4.881503696071893272e-01
3.569144236350163535e-01
3.459278727600683112e-01
4.155521135688439172e-01
6.407599504546943603e-01
4.270042423753701022e-01
3.033134614853272293e-01
6.525038908067628540e-01
4.228252760176218206e-01
6.157979987084905016e-01
5.938464012676487602e-01
5.079733534911532455e-01
4.527591555242241883e-01
4.731513255821446218e-01
4.410674449023591626e-01
4.135931057744168804e-01
7.762483151910742896e-01
5.830506978563605447e-01
5.996236133812552493e-01
5.669784553891029644e-01
5.597661338944804887e-01
4.495882551017975071e-01
5.884745573904495153e-01
4.947702259625150201e-01
4.610786779610857589e-01
5.177418830284095108e-01
3.887355631759242813e-01
3.237610978014305863e-01
6.889282707528554539e-01
4.886539765902059296e-01
5.911650727137276462e-01
5.607812956551648798e-01
5.693693677881309645e-01
4.947484529396927178e-01
5.737594546194828560e-01
5.627165159285013596e-01
3.144021252040870573e-01
5.665785523535989965e-01
5.971176851347400616e-01
6.215245793201629176e-01
6.187279037637276602e-01
6.606665384944240271e-01
5.822773220909228664e-01
5.908737374053952829e-01
5.939491166888383189e-01
5.735299726648717122e-01
5.625569170427719978e-01
6.070433480287045214e-01
4.980959099792411360e-01
6.443326181519493101e-01
4.776246288690640385e-01
6.643971034958733313e-01
5.356991684752184790e-01
5.953323146406147570e-01
6.422845423267715681e-01
6.273026753133182920e-01
5.543786070743624839e-01
6.713686328155097360e-01
6.021096483004487743e-01
5.314992305780161796e-01
6.266263758239422055e-01
5.660405784156603559e-01
6.064703018964751058e-01
5.626128320957478612e-01
6.661232523650204573e-01
5.887715242563610341e-01
5.873298498122930811e-01
7.236276828950480855e-01
5.728623965443211397e-01
4.341438908377987516e-01
6.145615299907636331e-01
5.980915795987356010e-01
7.321995817657178662e-01
5.163205528187571058e-01
4.473349051171544577e-01
6.765034683153677841e-01
4.990627699239935100e-01
7.045868053223669492e-01
6.403748364564084694e-01
5.174040222214769669e-01
4.866997656842190212e-01
5.575404624652976482e-01
5.818493471854505605e-01
6.932861294941481400e-01
6.288043356594748001e-01
8.310912240100823967e-01
7.664158204674405006e-01
6.492747063598165447e-01
6.438495548986573613e-01
6.482549067663760933e-01
6.455239880979612987e-01
7.181965942059577168e-01
5.562410669627544380e-01
7.443023692349057807e-01
6.603058584476652060e-01
6.622043067908675029e-01
5.277366969122790907e-01
5.607564444525091618e-01
7.675550390924110733e-01
7.285350387709370601e-01
6.756577268908956491e-01
6.718421071304305769e-01
6.875824320557724079e-01
7.177678460680093631e-01
4.626777789971719401e-01
7.664347005408513880e-01
6.873369839664646985e-01
5.641166100655935489e-01
7.614765152565738937e-01
7.059281265545235273e-01
7.298284131362444693e-01
6.677466535750544718e-01
7.704605100866478429e-01
7.075930462235299201e-01
5.923402254883859408e-01
7.019443499928150754e-01
6.388906650355401506e-01
7.836098017422046258e-01
7.269315670627582993e-01
7.328189542938515766e-01
5.831662519338604023e-01
6.767851929613412088e-01
9.508325262382205656e-01
5.935724262368119453e-01
5.650886501403462603e-01
6.944200589846286631e-01
5.965132696962812675e-01
8.634369179528051941e-01
6.706504819715595200e-01
6.499545568872358015e-01
4.995356332051634207e-01
6.204089586643748433e-01
6.482812929193569884e-01
6.613953357939337252e-01
6.433062823968177524e-01
8.321367328174261724e-01
7.585212444279360033e-01
7.425534211271203056e-01
6.850416032363254581e-01
8.175944634933056676e-01
7.455861101167513549e-01
7.576452425479665020e-01
6.708493047603661941e-01
6.734453178242028049e-01
7.929375171909095465e-01
7.086388695682138694e-01
8.246196640071747908e-01
6.236742619065281934e-01
8.422711848435054938e-01
8.405838198530016792e-01
7.586309679529350536e-01
8.143371168415154404e-01
7.199952858716337500e-01
8.021990510706517030e-01
7.090800627571745007e-01
6.622744285411862331e-01
7.640216494715523776e-01
7.951454221250623400e-01
6.666688554625076479e-01
8.482232323666176743e-01
7.819747762922562018e-01
7.543100920790613007e-01
7.680196580651820204e-01
8.572216316504103206e-01
7.396562347070759769e-01
9.109195658844726484e-01
7.882762891427628205e-01
9.836923586619855664e-01
7.993288752654562623e-01
7.560618448665066271e-01
6.961088490739334445e-01
7.908697363020064097e-01
7.320487664315118437e-01
8.304816547703987029e-01
7.044260389574542591e-01
8.826229451801734793e-01
7.624633580687508738e-01
7.841843174702786134e-01
8.835357396607695923e-01
8.416253019466404250e-01
8.732078808158408867e-01
8.233632886876559587e-01
9.310947817933959980e-01
8.820076968102762427e-01
6.321305914249150115e-01
7.968934166487314785e-01
8.702866276818999047e-01
1.002837458986219232e+00
8.501056017945004539e-01
8.943332741337494118e-01
8.899280186308188290e-01
9.250938756610431746e-01
6.613229617654654557e-01
1.073893242250086866e+00
6.761195508792100517e-01
9.512086372503589793e-01
7.650144409260500877e-01
8.803003304655356853e-01
9.901516027977459444e-01
9.617201774346951781e-01
8.177635159007831112e-01
6.505473992397662331e-01
8.718727795322432916e-01
8.852873789544140060e-01
8.694463514093148104e-01
8.118665186068705353e-01
8.355120451471100829e-01
8.986431701260128024e-01
8.910453642623185067e-01
9.453034589408121358e-01
9.623322357540182725e-01
8.950619167090483330e-01
8.709178347619018767e-01
8.553767417734630119e-01
8.519864064807530779e-01
8.312361900954600147e-01
8.086366086590698332e-01
1.091913954934588427e+00
1.020713819830962876e+00
9.004572568640506480e-01
9.011764530279922081e-01
8.236184469805680752e-01
8.745663235079237374e-01
9.145155402680406054e-01
8.398768779223712011e-01
8.825998618355644920e-01
7.695513399136668653e-01
9.546954613947762347e-01
9.651763329679312609e-01
8.708335613718083401e-01
9.122039563090815761e-01
9.078870673234609168e-01
9.015706294628917927e-01
9.652386998861173240e-01
8.614232340284297962e-01
8.755572836908768197e-01
8.829988536331825344e-01
1.012820205890051284e+00
9.365974162567433092e-01
8.712013439867521969e-01
9.142784797889718096e-01
8.235185742906662165e-01
1.052568571636175676e+00
9.355261091986778466e-01
9.035221309617459395e-01
9.059568550766142758e-01
9.642992830617116429e-01
8.576980302348483631e-01
8.979398537008025372e-01
9.675865018564695497e-01
1.042335624071692113e+00
8.860287216174110858e-01
1.022481522453704272e+00
1.108913386406061630e+00
9.425866531607673959e-01
9.678359812071873902e-01
9.566506707390745046e-01
9.692491307644046650e-01
9.837585812405801322e-01
1.037800663567181036e+00
1.145979215918864202e+00
1.002407279388363381e+00
9.102919402172616747e-01
8.459913190338070876e-01
1.184465515916269363e+00
9.634372700404285617e-01
8.742277310362409626e-01
1.059138426748170270e+00
