-9.940872020362794270e-01
-1.010637200658579982e+00
-1.042820049763686363e+00
-1.101490660667193922e+00
-9.857997228249556487e-01
-9.305822938830460300e-01
-9.328966468560667691e-01
-1.067049670171033249e+00
-9.930022032726616432e-01
-8.105108476919099525e-01
-9.975765594818636339e-01
-9.216917002389192204e-01
-1.018578588872554480e+00
-9.445329689279352570e-01
-1.037755836657793695e+00
-9.052852258294132870e-01
-1.028125691110910012e+00
-9.995963100646036992e-01
-9.190146954721026828e-01
-9.736335365161732369e-01
-9.004352815195505455e-01
-1.047857083374664544e+00
-1.107464923490720343e+00
-9.805668324766660948e-01
-9.227381949409890760e-01
-1.021625512661748392e+00
-1.023981093541762366e+00
-9.867992038627134699e-01
-1.117580561181205079e+00
-1.026864313226136805e+00
-8.669435002961688452e-01
-9.065992087556533630e-01
-9.001833366545068937e-01
-9.790261153784856063e-01
-8.837688058473196495e-01
-8.655850904773118026e-01
-8.898374908530600758e-01
-8.359477402515451683e-01
-7.702754937143644343e-01
-8.986491045876553452e-01
-9.318061834802326970e-01
-9.523859510762845426e-01
-8.124047680700487994e-01
-9.790799838226731389e-01
-9.319088268635606909e-01
-7.492342030075116455e-01
-1.189574088393291706e+00
-1.099460167434239244e+00
-9.462127507074864496e-01
-8.716999829682555712e-01
-7.624094185344773011e-01
-8.973574346835679894e-01
-9.823228909604305725e-01
-8.309679599314157006e-01
-9.082917757982597040e-01
-1.011988885465920696e+00
-8.595952466508764989e-01
-8.992110672449645792e-01
-8.339007600354899630e-01
-8.054839635606466652e-01
-1.052654483623891579e+00
-8.091913864065556350e-01
-9.779856203466770204e-01
-8.823964541302179443e-01
-8.353446963091054611e-01
-9.254308237823751782e-01
-8.068802688037813864e-01
-9.442063029636643678e-01
-8.945140471837530471e-01
-8.703692480714573243e-01
-8.926753851579208865e-01
-9.527748968965307208e-01
-8.552642782978129299e-01
-7.916799520122369538e-01
-7.836410456712536998e-01
-7.218769637376143411e-01
-8.857597388276554629e-01
-9.004447368376511385e-01
-8.488180471315289743e-01
-7.837281741556013648e-01
-7.131971029515744576e-01
-8.373742255400666856e-01
-8.616327279446918119e-01
-8.104048718368971338e-01
-8.322368353310541922e-01
-6.879437740742181395e-01
-7.033016005789212155e-01
-9.512734993193857624e-01
-8.794574966314250286e-01
-9.131714583316505873e-01
-8.615424619234004489e-01
-7.384027716131635888e-01
-7.308366675779728316e-01
-7.354006996364116366e-01
-6.640205715323763691e-01
-8.563286904156318657e-01
-8.666013597988013739e-01
-8.725998123489083769e-01
-8.926710723551430915e-01
-7.718260224760885579e-01
-9.056359647185875383e-01
-7.513221578587809812e-01
-7.759446128384241970e-01
-8.398562417231550947e-01
-9.026537468799702424e-01
-8.255911888400010445e-01
-7.877651036597903556e-01
-8.396155473873916364e-01
-8.957679144272872040e-01
-7.731191745593167797e-01
-8.707407116416671089e-01
-8.272979571831502454e-01
-7.909223666912051920e-01
-9.092750959069392236e-01
-8.666431147232209753e-01
-7.837680065035087518e-01
-6.801721342979348828e-01
-7.075113607798567683e-01
-8.177874267574203326e-01
-7.783906070771499097e-01
-8.003549859565247671e-01
-7.446932565873709553e-01
-7.625923087720705151e-01
-6.946529784039204847e-01
-7.743599110553687215e-01
-8.759407469085161990e-01
-7.455046077433441498e-01
-7.633624853528816478e-01
-6.940624529159600264e-01
-7.370403053131822091e-01
-7.743201078908734658e-01
-1.001179222333148600e+00
-7.413876575856607198e-01
-8.455477849786957600e-01
-7.856201154019871735e-01
-7.587808142450329640e-01
-7.558482227037172096e-01
-5.887757371227100300e-01
-8.142329014787454966e-01
-5.721922655481367359e-01
-7.761891912988859721e-01
-5.536390778938231616e-01
-7.237111903460963225e-01
-7.757096615751395419e-01
-7.819508763739786428e-01
-6.657285831309980306e-01
-5.804138998798090698e-01
-6.412923369115195449e-01
-7.515248563881705701e-01
-7.926332673212259650e-01
-6.236854231283289751e-01
-7.761197773754910934e-01
-7.666944027420217189e-01
-7.094015869361831594e-01
-6.283802001748445276e-01
-6.716322119991539052e-01
-7.218902123562556117e-01
-8.679906034616733379e-01
-5.213102819117304554e-01
-7.582231320380904416e-01
-7.592569923612626503e-01
-5.430948091178169346e-01
-6.259976961526512174e-01
-7.253838613374541389e-01
-6.964470205020710791e-01
-7.334647667286244843e-01
-6.523832171881561726e-01
-7.488672889898306817e-01
-6.993690407602333181e-01
-6.660621217375622960e-01
-6.251954824830558977e-01
-5.839294121619211797e-01
-6.536026959478925535e-01
-5.951735156206129362e-01
-5.495521872497376448e-01
-5.186657872166571259e-01
-6.464659831143119151e-01
-5.937994404327513465e-01
-6.370927803425905367e-01
-5.962795036955855776e-01
-6.737703745482134243e-01
-6.294532825693784917e-01
-6.273688457317109224e-01
-5.944589003083767809e-01
-7.143180012999879036e-01
-6.572784947335463812e-01
-5.731867744770569040e-01
-6.058928889229200365e-01
-6.121832378224409954e-01
-7.530599041566296004e-01
-6.717475521950052597e-01
-4.444571261728434419e-01
-6.041225727751597940e-01
-5.886336577152940785e-01
-6.349040605205272803e-01
-7.760300603019935073e-01
-7.270908345540560980e-01
-5.463579967177897290e-01
-5.809828050508644148e-01
-5.355167134998184419e-01
-6.153052758595534133e-01
-5.733005461292124405e-01
-6.286219708464064748e-01
-4.312434336206964480e-01
-5.732204118417513206e-01
-7.372742014786071163e-01
-6.697422529150698356e-01
-4.962680037704998437e-01
-6.745077908735620520e-01
-5.859579173032942734e-01
-6.192287688727238226e-01
-6.886922097122287756e-01
-4.987845476229514352e-01
-5.996659342658217096e-01
-6.187276357826766437e-01
-6.889796495435346335e-01
-5.935490995154667493e-01
-5.166017842229244650e-01
-6.011715923297061837e-01
-5.365178726555764888e-01
-6.371879769602246668e-01
-5.986054909114547629e-01
-6.549118694380947625e-01
-4.683994933261310667e-01
-5.627368474162370848e-01
-7.460684102070498369e-01
-6.845466465937447564e-01
-6.187958524787185999e-01
-5.854773936990592675e-01
-6.378423248306783755e-01
-5.350791616174871423e-01
-6.356809312663632694e-01
-4.870383174998521580e-01
-3.758498296774825942e-01
-6.833961377332137266e-01
-4.989134270843970653e-01
-3.698155873575579844e-01
-5.067737741204804136e-01
-4.661892027817920447e-01
-5.501254623711958613e-01
-4.568017683337522450e-01
-6.352131185964917659e-01
-4.328394808065197386e-01
-4.870178418292351319e-01
-5.741801467050202668e-01
-5.042524401025746394e-01
-4.559795799687830220e-01
-4.132952214070150787e-01
-4.595158582479201281e-01
-5.173839618112914263e-01
-4.701684579102731187e-01
-3.912617823232052983e-01
-4.523457345754616776e-01
-5.175615362583185775e-01
-4.284614952387397202e-01
-5.706186641469764842e-01
-5.371900307011703291e-01
-5.544147731274812196e-01
-6.629856446490443034e-01
-4.683225863040536563e-01
-4.191035792719250974e-01
-4.309363960377789460e-01
-5.345500250044721291e-01
-4.856825145848161496e-01
-5.438289398454596579e-01
-4.787815562170355532e-01
-4.641792652228571847e-01
-4.694659775484474884e-01
-4.725883894716507161e-01
-4.559514534494396032e-01
-5.697151784612511927e-01
-4.172175152524649211e-01
-3.883748289629761485e-01
-5.138895810713903778e-01
-4.497668313541015039e-01
-3.833911419674647103e-01
-4.275519070147112410e-01
-4.914292928577806974e-01
-3.273919080620724120e-01
-4.112711349438899489e-01
-5.438866907717959664e-01
-3.007570898976646978e-01
-4.900967670837659274e-01
-4.593146502255920915e-01
-5.123779863049078287e-01
-4.397437360226191250e-01
-4.170739196913049174e-01
-2.600726555390245331e-01
-3.871794235119225824e-01
-5.150997091524270877e-01
-4.531068769011526998e-01
-4.582806441273976628e-01
-3.765536051808772711e-01
-3.724327230233653863e-01
-4.127783909754715874e-01
-4.789466072812857966e-01
-4.440564902087190124e-01
-3.789681975054208785e-01
-4.349301528765081026e-01
-3.648734418509198552e-01
-3.298518152001208015e-01
-2.472482500986799558e-01
-4.962532208968272185e-01
-4.738892275467024295e-01
-4.280085549636102882e-01
-4.333535372355398207e-01
-5.569734601423572684e-01
-5.568470224538100144e-01
-4.157221790690923680e-01
-2.423102026452043645e-01
-4.169465373644712924e-01
-5.605202018458737001e-01
-4.376294117938579475e-01
-2.847653692834115069e-01
-2.748784842226974501e-01
-3.903916911360634789e-01
-3.436617385192354268e-01
-2.949674569688489068e-01
-4.466479060923851940e-01
-4.215150700390985494e-01
-3.081541205440412323e-01
-3.408256869893904750e-01
-3.868598952508353617e-01
-4.317032669226217867e-01
-2.861818827445830604e-01
-3.506964350401507446e-01
-4.483263369802489851e-01
-3.539032961568782665e-01
-2.415356490962593250e-01
-4.077418842732716264e-01
-3.804723606912532863e-01
-2.724120474523101798e-01
-5.096977707967961235e-01
-3.694661379684837099e-01
-2.752278455080564568e-01
-3.038024921285703561e-01
-2.896118785896381054e-01
-2.874689528965960195e-01
-3.095060292780030253e-01
-2.842069319689954909e-01
-2.349140391955092388e-01
-4.234683143318511145e-01
-2.314082940553067458e-01
-1.217985984192694882e-01
-4.586431262785607421e-01
-2.275920148652490205e-01
-2.209184637981897181e-01
-3.180802267298807884e-01
-2.116163510149860760e-01
-3.857731760420942124e-01
-2.526463615493850234e-01
-2.956495282562107141e-01
-2.636455516971960011e-01
-3.069066869001855213e-01
-3.679967927684852924e-01
-1.970530426317796957e-01
-2.148112613770912505e-01
-2.221843972062086670e-01
-3.060311495842441554e-01
-1.407116499110434293e-01
-2.412374132043720865e-01
-1.484259947464304785e-01
-3.187539412208042489e-01
-2.754940822273070355e-01
-1.977021062300441667e-01
-3.704341388805618140e-01
-2.846334932161856401e-01
-3.870608052707459890e-01
-3.918376831887124268e-01
-3.759679502924301309e-01
-2.190045729575752498e-01
-2.134591953509309969e-01
-3.387747131182343163e-01
-1.758137372038158230e-01
-2.142428430618002200e-01
-1.403439538126562414e-01
-3.043400877338380273e-01
-2.538643475380922832e-01
-3.057340628414397243e-01
-3.585715106417644571e-01
-4.427623576596115829e-01
-2.033305934105557600e-01
-2.467761308364563033e-01
-2.467694647967255683e-01
-1.089953173651066892e-01
-2.213667640895950472e-01
-2.889136171859760793e-01
-1.858827727359032012e-01
-1.963167969876444263e-01
-2.985313490634911582e-01
-2.462098106904167805e-01
-1.635608810484842912e-01
-2.219007654547347774e-01
-2.121301360314719331e-01
1.137699774131573560e-03
-5.927301703554834628e-02
-1.744509041215041301e-01
-9.935986819183660612e-02
-1.956030542175936637e-01
-2.966840529134090465e-01
-6.245380270155920233e-02
-1.441218722512378758e-01
-3.841970114790449475e-02
-3.061114626816262008e-01
-1.049095848041709661e-01
-1.598303197657147678e-01
-6.308733438020740214e-02
-1.037256151477000954e-01
-1.726355456104234909e-01
-1.506902017292876816e-01
-3.082756526912505124e-01
-2.380741147690867698e-01
-1.546018445083868209e-01
-2.925728277192622961e-01
-2.561423968158956233e-01
-2.176175100436133214e-01
-1.378408426024826661e-01
-1.371681390621281860e-01
-1.894084018966391281e-01
-3.756950640929466179e-01
-2.241566613281638920e-01
-2.627296041584008535e-01
-6.839528848594630950e-02
-1.672425892184108698e-01
-1.437907737356586835e-01
-7.578348552925048831e-02
-7.858160519656919030e-02
-2.073502383726965603e-01
6.502185869347910235e-03
6.166922827902545506e-02
-8.865274482920065813e-02
-8.909220355917323031e-02
-2.726724462894646872e-01
-2.128952415568665171e-02
3.572898251773649198e-02
-1.781480281186960113e-01
-1.348322025523979520e-02
-1.329845898551454408e-01
-1.101782048627280436e-01
2.454799257068123255e-02
-1.368965472371166670e-01
-7.167232880735410760e-02
-1.264911306623193177e-01
-2.429548137245290118e-01
-1.478055319302492843e-01
-9.965678337622457805e-02
-9.829080776903294236e-02
-5.391483537566099139e-03
-1.246003057534238179e-01
-1.608950096474068003e-01
-1.084807588886878976e-02
-5.696823867808954028e-02
-9.097499361456516664e-02
-8.222211417985278437e-02
6.750673424572636860e-02
-6.961378641300024206e-02
-7.856972188901576934e-03
-1.530290780323603772e-01
8.678149636587957280e-03
2.090713639411455327e-03
-5.093702884940366077e-02
-1.870137140692633704e-01
-6.947732359099417776e-02
-1.110602289876194138e-01
-1.550975643892504030e-01
3.602861476650090489e-02
-2.339685110277663349e-01
-2.588760285031169520e-02
-3.005012801828943481e-01
-3.339270898358290274e-02
-1.758318923467943884e-01
5.804713798048612844e-02
-1.425609700366584354e-01
-4.197854896010706077e-02
-2.558450697118183279e-02
-1.113470762106849726e-01
1.910242091114604593e-02
-6.046022007212702512e-03
7.344738342525214403e-02
6.459287621474955887e-02
-1.919978097245889637e-01
2.760947984580265288e-02
-2.033309929794110682e-01
-1.150005794372983975e-01
-2.634693255184293592e-02
-3.131615067185493373e-02
1.132046610092716198e-02
2.134678783230894300e-03
-2.259901462980128985e-03
-3.233429846566239496e-02
2.093601339238638018e-02
-1.532035373271695422e-01
-3.988727447307190838e-02
-1.234300150246016858e-01
1.020301995642238779e-01
-1.756888616536489423e-01
1.092189726130171346e-01
-4.251692160348312377e-02
-4.543589323253780649e-02
-6.850036256142606750e-02
-1.024589580245824777e-01
1.245039542705311530e-01
-1.559908624020728829e-01
3.451972233193684181e-02
8.211159701098977304e-02
4.054088395452629806e-02
-3.654331742023067542e-02
-7.684737520119711007e-02
7.468164329760298981e-02
-1.093364838478410178e-01
1.531008372967678464e-02
1.476407875619419607e-01
1.524919285427718818e-01
-1.591222402613188397e-02
1.085505571649090228e-01
6.636596524826035570e-02
1.918619730109209498e-01
9.942051954591006602e-02
-6.067463058560290667e-02
-7.835777880431440967e-02
1.019179538737682578e-01
-5.492148372285270835e-03
2.138500350010723652e-02
7.222284186697429387e-02
1.647324736279089652e-01
2.202955743552412540e-02
1.174175253411057912e-01
-6.784719187392335149e-02
9.811734478614780874e-02
6.607998233697291723e-02
8.113325578596883303e-02
1.063871140749874239e-01
-2.530186645191245462e-02
8.481217292416295961e-02
9.571458920263434256e-02
1.951995912100720487e-01
1.590445410919632263e-01
1.905745777932459362e-01
8.301164174281829011e-02
9.297062380953736993e-02
1.159222155443219576e-01
2.914220034058402284e-02
4.180243226921571097e-03
9.038802489988523314e-02
1.459314847365742462e-01
2.034158585734932578e-01
1.562088441537141381e-01
3.437388999364917458e-02
1.614722368411138087e-02
1.222295973781214462e-01
7.940271207432585132e-02
5.023547350053850225e-02
2.453305126887800891e-01
-1.447627139041589121e-02
1.608582185604520154e-01
1.713813087373774746e-01
4.925014638854507271e-02
1.400464592738524250e-01
1.330506147062042732e-01
-1.526015147486944673e-03
4.686672293735275052e-02
1.621353341908400233e-02
2.492945029502714183e-01
2.172793014362207620e-01
9.505390111355385696e-02
2.191543335521059233e-01
2.493145519415098099e-01
1.068996754928070725e-01
5.577305416024647827e-02
2.394566215257838138e-01
2.291661488981432473e-02
1.686905507313481989e-01
2.217913630258832314e-01
1.888181759929601078e-01
1.372669759402175144e-02
2.518113657377301640e-01
2.603809794811804412e-01
1.049094386735040657e-01
2.054494907260024372e-01
1.193243026027385745e-01
2.229722818585689881e-01
1.807554475860685961e-01
1.275956628553802652e-01
1.648366411737635651e-01
2.295413138946121312e-01
-7.387101650054068991e-02
4.447847277738831845e-02
1.592695353406778369e-01
1.115615681144840471e-01
1.293081139817561509e-01
2.123720299349259044e-01
2.721654372776123321e-01
9.384972438099588310e-02
3.019080920653503530e-01
1.198975049213800159e-01
5.910135740408998389e-02
2.259942155347987591e-01
3.939126114090309994e-01
1.729545992821351075e-01
2.409214143280325460e-01
1.378920504936157199e-01
1.784713359903569718e-01
1.491470914457525554e-01
2.576960272246236472e-01
2.092928343479440734e-01
2.098312932896048422e-01
2.008752259612627267e-01
2.604210112001038580e-01
1.800696273812416037e-01
2.657195184675889554e-01
1.393525940299362720e-01
2.486642135368899720e-01
3.509088752065685490e-01
2.984565865874107549e-01
1.554884352296912187e-01
1.500128105841173620e-01
2.467816803285224903e-01
2.528921017615111122e-01
2.533152574814672708e-01
3.951058162508431781e-01
1.511437670840100889e-01
3.273122691670611595e-02
2.796200485222909982e-01
2.673526703642714053e-01
2.277069172453252133e-01
2.607614925317791044e-01
2.418293744295673398e-01
4.322507826782853724e-01
2.971161609288821004e-01
2.277237150556764844e-01
4.503452653057156696e-01
2.255352814541482509e-01
2.961162217367919181e-01
3.247143705638940725e-01
2.799425529516179068e-01
4.080296566736265063e-01
2.085480175951138493e-01
1.957238960018812257e-01
2.177723829211271056e-01
3.045841315165554453e-01
2.967773677368860663e-01
1.883652048668043311e-01
2.845974662938948185e-01
1.458977769707054672e-01
3.310195922567651383e-01
2.770009997892803888e-01
2.333351911536296341e-01
4.285743159191551799e-01
3.536571943657501049e-01
2.420773328830400917e-01
3.136302022431217834e-02
3.305674735811531262e-01
2.947481203552702600e-01
3.966235206226605969e-01
3.997513998553188785e-01
2.419389664377498972e-01
3.562081505174164997e-01
2.237240280684018867e-01
3.415078075510189493e-01
3.922025197374993666e-01
3.271965371001999134e-01
2.893178024019235628e-01
4.135434246915257739e-01
5.414201858875132833e-01
2.644818374922164317e-01
1.971058904346109086e-01
3.908912418663523236e-01
4.145485925741426159e-01
2.908214012413327110e-01
2.883298405959743294e-01
3.980927078973929834e-01
3.001971566624284660e-01
4.784134762043414923e-01
3.597413091910489080e-01
3.747354770898275733e-01
3.740312189555987099e-01
2.989161280640481588e-01
3.626968707245767365e-01
3.633606200133061570e-01
3.703617000455002306e-01
2.847956878376057266e-01
1.633791707631488122e-01
3.069245238839145018e-01
4.213583891520649161e-01
2.464937016859126695e-01
4.852423492310424247e-01
3.939529965862577643e-01
4.595653194852984402e-01
3.841695430574308401e-01
4.714642516976616515e-01
4.405509841477553423e-01
3.090632383521519366e-01
3.716960626683241120e-01
5.132222864548166008e-01
4.308017675086552867e-01
4.710146191182331132e-01
4.123415523874317534e-01
4.121586903366670218e-01
4.040913782536745269e-01
3.384744772933368506e-01
5.239382904096252513e-01
2.885282707361480070e-01
4.469308049168150831e-01
2.616401554576470723e-01
3.282955812692621711e-01
3.527963734392660644e-01
3.987724588639224299e-01
4.271295108058758561e-01
5.862224648596959797e-01
3.819569260723361670e-01
3.572599148552523252e-01
5.425659123705525166e-01
4.648093953091401165e-01
5.080736123121556425e-01
4.679033598469433675e-01
3.589443546323881629e-01
3.133054015612600773e-01
4.692728770372506797e-01
5.030416089126936718e-01
3.150060169602195703e-01
4.519765772616768928e-01
3.342952823991189315e-01
4.157579833514112311e-01
4.800232253856620557e-01
5.688106995136820165e-01
4.527415560449126741e-01
4.064616073541637564e-01
5.123804602831321109e-01
5.430668861339112974e-01
4.456595963805575211e-01
5.309068272590742321e-01
4.345686212187666042e-01
4.797793885023978744e-01
4.471929647922080475e-01
4.025418779004819592e-01
4.517614343678886812e-01
5.584798627807929794e-01
3.846407867897818078e-01
4.464453664161897040e-01
5.031805511391673758e-01
6.001954243193974303e-01
5.801069661930788879e-01
4.769759158446355563e-01
5.499583702084372971e-01
5.899827636242258588e-01
5.739604293696356496e-01
5.748177857844489758e-01
3.945992273325879540e-01
4.801680289016125869e-01
5.956542925634724650e-01
5.632447168569965079e-01
5.403506631893087997e-01
5.265624393709711359e-01
4.653853320628192902e-01
7.474109635882923985e-01
5.141923373608127124e-01
5.290381522711146145e-01
4.450607109355855795e-01
4.539935436946520575e-01
3.620211083978249200e-01
5.464679461338755040e-01
6.097961212117057883e-01
4.680858739998370321e-01
5.715372173027831737e-01
4.944928174457789982e-01
4.378968088293352379e-01
5.289275946340209478e-01
5.187945491488689109e-01
5.324443935789229254e-01
5.146604962684337981e-01
5.686663329506723707e-01
6.511885708536682138e-01
5.468600276872538357e-01
5.275111108345879041e-01
5.877036486336160159e-01
5.775939434414908424e-01
6.074876713262621353e-01
6.002483350343151836e-01
7.016869795346705185e-01
5.852674832136149918e-01
5.364534012286247266e-01
5.555639141802616310e-01
6.577969583449069235e-01
4.573308193075953931e-01
7.190293541642359676e-01
5.515400637557723584e-01
5.865326552012364303e-01
6.710981052649139800e-01
5.034052168395022342e-01
7.072660500237006875e-01
5.314154098287776629e-01
4.952324983011737736e-01
5.764722923031178059e-01
4.945182237778735224e-01
6.028652863401177120e-01
6.840671949204892854e-01
5.352884791898309125e-01
6.278692659059951220e-01
6.821553256948574839e-01
7.236194888459854813e-01
6.589485888786615897e-01
6.002286548331463578e-01
5.650453878063963487e-01
6.075470209238384989e-01
6.365482071759326343e-01
8.445024911232373865e-01
6.355624943899653712e-01
5.922851116628289336e-01
5.824273743098945522e-01
5.443011312052239425e-01
6.805583544245504823e-01
6.086392672758929034e-01
5.902065477002575999e-01
5.203779464148772238e-01
4.046551973637891875e-01
6.277404102032598798e-01
5.518680344818125416e-01
4.561973342272522824e-01
7.137745660227733380e-01
7.956215734301947951e-01
5.869367634902525888e-01
5.918609401683385673e-01
6.849485467315211684e-01
6.203419237305187739e-01
6.195171550613381983e-01
6.148157611897550057e-01
6.891663023753351602e-01
4.796225451243949500e-01
6.666242276065433847e-01
8.446649948402498165e-01
5.383297205625694470e-01
7.591510931025124975e-01
7.227298597321798468e-01
7.477353572275342586e-01
6.776206940216360497e-01
7.711929835580615400e-01
5.784897507423586438e-01
8.237381134839778518e-01
6.878210572167493542e-01
6.384607799648568394e-01
6.217064295910043059e-01
6.247716024667618884e-01
6.522551200121926573e-01
6.968601945219388138e-01
7.282188508107777514e-01
8.779952581239480747e-01
8.386083272983381187e-01
7.991347660912389017e-01
7.274341934078853988e-01
6.837124464772322829e-01
7.045765845714138109e-01
7.339798982972378649e-01
6.724155670779686789e-01
7.311811568575112830e-01
6.649461321618831411e-01
7.626920234826400913e-01
6.427637222505235837e-01
6.651988262882178038e-01
6.437986997161293523e-01
7.090558928661345739e-01
7.995118281283596362e-01
5.748156564313100514e-01
6.891637967506366591e-01
5.471047255991189351e-01
5.916912057571337424e-01
6.822314515953744607e-01
7.958766688679222989e-01
6.309948025494959145e-01
8.413873411907273336e-01
8.593801161065385275e-01
6.838787352205146775e-01
7.312635969370797628e-01
7.875730035510934979e-01
7.045014576848597221e-01
8.277440959865087766e-01
7.188254070020868580e-01
7.464051965301747860e-01
6.174496271132928760e-01
6.463546389128386194e-01
7.498051041863411648e-01
7.170875483229941505e-01
7.246849098196826988e-01
7.506559648359355519e-01
7.847567826685675207e-01
7.972940306171522051e-01
7.061291445759033669e-01
9.301585313571479885e-01
7.581793352157174537e-01
9.169891811669055315e-01
6.089736981073260447e-01
7.258279251242699681e-01
7.690150503011501382e-01
7.226149942313007113e-01
9.235083355511080061e-01
8.703168641952871987e-01
8.056125314469245735e-01
7.092883538054797210e-01
8.967173678084977562e-01
8.086608472104314105e-01
7.430463145034370553e-01
7.789033042082337266e-01
7.021957484676908390e-01
8.599774448846818631e-01
8.746072450174945390e-01
8.543019741356139285e-01
8.668125211391298768e-01
7.419133298483809869e-01
8.595286550210881060e-01
8.547849348002903858e-01
8.932787268606183773e-01
1.033737984368168217e+00
7.207765278331870196e-01
8.142391341183011777e-01
9.135871119201651736e-01
8.360868921384077002e-01
6.813938782060205979e-01
7.327324683907217029e-01
9.074854234430420608e-01
8.671645156107965491e-01
8.609641023802564463e-01
7.988104373052820062e-01
7.934687551690587926e-01
9.041349147026752631e-01
7.909047031103620951e-01
8.707317953791793297e-01
8.405466399130828714e-01
8.207790981110679729e-01
8.654322719774851791e-01
9.436738499113922485e-01
8.707319114979715780e-01
8.568272277230268852e-01
8.358265505274328211e-01
7.870784016372063263e-01
7.757186479135577128e-01
8.231660098599371533e-01
9.282685705231252804e-01
9.773898637739930617e-01
9.170774304955814360e-01
9.147625928840403819e-01
9.887736285239739908e-01
8.954227065400889307e-01
8.875954249450884737e-01
8.414088765688049198e-01
5.743170998509991021e-01
9.194314353268079332e-01
9.541375731230559154e-01
8.902045839146146555e-01
8.009378901795433103e-01
9.153244769799988578e-01
9.241762431449850324e-01
1.011910399541735783e+00
9.735231887082429481e-01
9.552288653432920995e-01
8.398495661828441206e-01
8.536624337906992821e-01
7.186727778506553088e-01
9.731196604497773794e-01
1.064971879208605143e+00
9.754091230830500558e-01
9.293982848782988970e-01
8.302822964480354173e-01
9.031241549903818999e-01
9.878165142730880310e-01
9.665879022003899257e-01
9.239331888789537039e-01
8.664339593357981428e-01
9.838226574709888483e-01
1.097655297003377273e+00
8.639195254407119329e-01
9.569952995566537446e-01
9.519649830348689834e-01
9.920728838956959228e-01
8.613008065048136652e-01
8.039534158195593694e-01
9.528948839973880869e-01
9.527187158396405176e-01
8.971200044765097470e-01
8.930600323847327493e-01
8.931934591701409243e-01
9.536447915909618267e-01
9.863508450745668288e-01
9.747189014620945002e-01
9.969736692929015431e-01
9.516425102120602553e-01
9.675503445732164254e-01
9.573312052811041584e-01
8.691650812893692013e-01
8.665895458640101578e-01
1.006856481935081149e+00
1.006794835216099582e+00
1.016584597543311874e+00
9.862046596190351400e-01
9.590331671073734077e-01
1.001888360829800151e+00
8.419571114961059699e-01
9.482605643839793208e-01
7.943150666617027067e-01
1.008909167938547347e+00
9.700321227974088023e-01
9.545463215645251243e-01
