-8.643237834928974017e-01
-1.122964378938021701e+00
-9.440335720135342168e-01
-1.019815835286633110e+00
-9.636470859932900757e-01
-9.902492824399721227e-01
-9.513786970286219891e-01
-9.657670182254474156e-01
-9.354907605858709951e-01
-9.913634325389232282e-01
-9.700999575444402279e-01
-9.599170581383114076e-01
-9.895117834210900298e-01
-7.280409884461149783e-01
-8.959759566026760380e-01
-7.440875443787406951e-01
-1.029996828592379954e+00
-9.494245898318492971e-01
-1.006526977808348766e+00
-1.102044432582766964e+00
-8.791884529663021031e-01
-1.000319767736059129e+00
-1.051897943551790338e+00
-8.328923135172556780e-01
-9.618742709255544421e-01
-8.836789212974592855e-01
-8.901787443355257956e-01
-8.885094211097959160e-01
-9.859523818099203973e-01
-1.055056575572545174e+00
-9.954215865741985469e-01
-9.536809942204439450e-01
-9.438821773479841859e-01
-1.009377350383010130e+00
-8.969818559459298291e-01
-8.611069258144073979e-01
-9.096496206847382027e-01
-9.781281909842635125e-01
-8.591345650153879854e-01
-9.666216708690198445e-01
-9.872759034766007691e-01
-8.877767083246128621e-01
-8.698944391942975418e-01
-9.404686855542414570e-01
-7.216802990050665834e-01
-8.755610823965810363e-01
-8.841666169848745316e-01
-8.897030111303788624e-01
-8.409202404160038835e-01
-7.559393628349659888e-01
-8.908424895586252168e-01
-9.297308803171308034e-01
-9.960943127186352442e-01
-8.691709625347348034e-01
-1.041694254364973204e+00
-9.587335972264595663e-01
-1.086045483408308199e+00
-9.149019228905157508e-01
-9.906291613995118484e-01
-8.613367963308363739e-01
-8.445633469847200203e-01
-9.764691140749950371e-01
-9.990498458551706484e-01
-8.588727296961983226e-01
-9.602789640092781465e-01
-7.878787195050557246e-01
-8.271382303032416283e-01
-8.710887646465005352e-01
-8.227717414857786959e-01
-9.659016838124584448e-01
-8.735988192762352833e-01
-7.136056859582113887e-01
-8.305736269619280465e-01
-8.026247149725601604e-01
-9.038432830631414339e-01
-8.274737634286468690e-01
-9.318736999934509324e-01
-8.550849638603960079e-01
-8.231234031075345126e-01
-8.193304833475787419e-01
-7.714106349899952919e-01
-8.208157491658484295e-01
-8.185842762523788396e-01
-8.269837706356885088e-01
-1.002805022428227000e+00
-9.451844011269767698e-01
-7.887399253796906207e-01
-7.875685784970216652e-01
-7.963894053535998108e-01
-9.266750093398921084e-01
-7.262643794316144819e-01
-8.743827727640061109e-01
-8.724937937299640511e-01
-7.377004762811005811e-01
-8.108920830177580585e-01
-7.894310741967891509e-01
-7.642596232845387805e-01
-7.429064901027286894e-01
-9.276603557393185984e-01
-8.539197159676268356e-01
-8.697665816704925890e-01
-7.484452788142407220e-01
-9.183157587677535094e-01
-7.112217491647241374e-01
-7.885247789252085582e-01
-7.286757840585159629e-01
-5.852365277987343628e-01
-7.741733774640996435e-01
-8.636722794153530725e-01
-6.816286328033673847e-01
-7.854856252972802766e-01
-7.997188028181867470e-01
-8.544623020837756044e-01
-8.552411939114794581e-01
-6.236887018435253172e-01
-7.300333747574583310e-01
-9.188416716606997436e-01
-6.766106996207116309e-01
-7.338220710216181164e-01
-9.085654123801732984e-01
-6.861500556737110124e-01
-1.013627874014445318e+00
-7.526789730228633513e-01
-7.718843939687197730e-01
-6.981786119212444186e-01
-8.492225328659883665e-01
-7.707784393308779736e-01
-7.944219281795382726e-01
-6.596653765029982797e-01
-7.605559556592210724e-01
-6.155203949419512099e-01
-6.855538174704812748e-01
-8.168168557163245636e-01
-8.230278807207995762e-01
-9.562318739300565973e-01
-7.576292385678702335e-01
-9.240776614909571585e-01
-7.126553694032812247e-01
-7.113096278799441174e-01
-4.522968956244337591e-01
-7.130964228493822388e-01
-7.260859199029887634e-01
-6.520143473141377655e-01
-8.457309406677582242e-01
-6.830462479020921185e-01
-6.492843566587614967e-01
-6.225746915377045054e-01
-7.257899794731780263e-01
-5.294655961802934296e-01
-8.313013261470840742e-01
-7.765645005453867267e-01
-5.767655596649353678e-01
-5.785942942125826827e-01
-7.513524321079552148e-01
-8.240151652327012410e-01
-7.034393007829492506e-01
-6.301289157437117705e-01
-6.186202528234336917e-01
-7.042513976752762250e-01
-6.132533725563020788e-01
-4.733988521626010249e-01
-6.745205474779991661e-01
-6.281213018892716216e-01
-6.803947441379679661e-01
-6.930200796269684327e-01
-6.933353591732064336e-01
-6.854980298917050519e-01
-6.108483214164031061e-01
-5.419435585767088392e-01
-7.005825207536543475e-01
-6.362501897191857880e-01
-6.046001670759594271e-01
-7.623504192563972381e-01
-6.662757271564876405e-01
-7.061706127191955673e-01
-5.873537961203325608e-01
-5.999085188846903227e-01
-5.866574293243801419e-01
-6.902867966149764944e-01
-7.598132697820232373e-01
-6.245476592457981369e-01
-7.254414266316899784e-01
-6.377378006814528044e-01
-5.299668108408226441e-01
-5.873938133804144091e-01
-5.384412127658819713e-01
-5.478511806062229539e-01
-6.400447006748322121e-01
-5.766137583279470347e-01
-4.828230598902714110e-01
-7.275019470022879853e-01
-6.465898543971339008e-01
-6.234968544000238921e-01
-6.275567199927081230e-01
-6.002597843181938231e-01
-5.372550545853482795e-01
-6.653772421714384544e-01
-3.857465319987113950e-01
-5.671036248473388941e-01
-6.100797685214615074e-01
-6.408299182680140538e-01
-6.836487918203152381e-01
-7.369678962038673786e-01
-5.807033244631982782e-01
-4.149302258424345524e-01
-6.469977515396453382e-01
-4.497871538689268700e-01
-6.261307026519965513e-01
-7.970764609653810950e-01
-5.008238546773080557e-01
-6.880059764674276712e-01
-5.782080130591082945e-01
-5.829710502359678470e-01
-5.010175472604314617e-01
-5.703385375148055658e-01
-5.384198559564939979e-01
-4.805858733643076364e-01
-4.798279299024847955e-01
-5.375319243050566964e-01
-5.127583048184016778e-01
-5.625951418357637568e-01
-5.586539010270545891e-01
-5.961262070239691235e-01
-5.674535719770934517e-01
-5.018693487615047966e-01
-3.746651529758789345e-01
-6.697462024898224175e-01
-3.210954972359961745e-01
-6.772603937175049049e-01
-4.746041220426530649e-01
-5.844762330072077461e-01
-4.893795794758865614e-01
-6.790019022745149568e-01
-4.875591253370762934e-01
-4.762782095623400713e-01
-4.777917415207169061e-01
-4.752267915230530271e-01
-6.747505604530019685e-01
-5.436792863988098023e-01
-6.245840826942639090e-01
-5.176487404286168603e-01
-5.652047342662499529e-01
-5.720024751055583501e-01
-4.356059037782875620e-01
-3.895339521386008141e-01
-5.035895341833587224e-01
-6.765026803595842742e-01
-4.930817474941841527e-01
-5.089534592588392803e-01
-5.553963573942118925e-01
-4.483330108077833165e-01
-4.092954768367446650e-01
-4.625332149501411028e-01
-4.685899995741246160e-01
-4.624358497029475434e-01
-3.976840958543125804e-01
-5.294169010888616356e-01
-4.237349752307871809e-01
-4.551553110036911098e-01
-5.902951025938346641e-01
-4.448801662280199021e-01
-5.703507238805005652e-01
-4.810483815123866025e-01
-5.679010949550782339e-01
-4.228082710572494962e-01
-4.380799853868970195e-01
-5.311405684265115834e-01
-3.419145608744417753e-01
-3.364046351962574066e-01
-3.573014932826419909e-01
-4.933850421709891076e-01
-5.025004630332337019e-01
-2.834237317344089346e-01
-3.925387669340086316e-01
-3.955784034272127880e-01
-4.445088249572952677e-01
-3.948457502867328550e-01
-4.443942055273374381e-01
-4.155510228675215467e-01
-5.499064620183614638e-01
-3.156403352999484491e-01
-3.535630320220546907e-01
-4.587841981885300013e-01
-3.359737581111122418e-01
-3.068331797196413024e-01
-4.472008630005149810e-01
-3.963586070567082231e-01
-3.285419690206332066e-01
-6.263333101963481919e-01
-4.421707561432937639e-01
-3.135854169707649741e-01
-2.851011394947092215e-01
-3.113658581084534638e-01
-4.295617296235544891e-01
-3.696074200342530647e-01
-3.852756660196740568e-01
-2.204573624449312486e-01
-4.120639712091218043e-01
-4.372230521452170060e-01
-3.969596048006371891e-01
-3.742877445313777529e-01
-3.300946086998995388e-01
-4.403718299707123363e-01
-4.493011204632430533e-01
-3.694076051079741019e-01
-3.365851373287355730e-01
-4.208921358442287430e-01
-2.560880993349492485e-01
-4.785452733579947937e-01
-4.710580667133296706e-01
-4.365724348771016228e-01
-3.203425854536885442e-01
-2.752420191597898524e-01
-5.335760955591678512e-01
-3.590662280394167905e-01
-3.335508484389967943e-01
-2.661354711102640880e-01
-3.599870325636470025e-01
-3.658239164107501828e-01
-3.543317237325874780e-01
-2.992032365849133235e-01
-3.634385021169253549e-01
-3.487092993412787556e-01
-2.045973216911067261e-01
-4.639610132502937079e-01
-4.762334773914355668e-01
-4.168848754607177298e-01
-3.520424965049200883e-01
-3.220928919310913630e-01
-4.156767351467051119e-01
-4.157326240249831772e-01
-2.011920275339970643e-01
-2.784856312709971249e-01
-4.045166513027538269e-01
-2.777461635329553369e-01
-5.048108109074465055e-01
-3.839990598702744951e-01
-4.525819242525681574e-01
-2.391509226575162239e-01
-2.160976368419492422e-01
-4.805712173126193143e-01
-3.603850205415911612e-01
-3.449079137518626936e-01
-5.319781202537339215e-01
-2.621293692148875532e-01
-3.504563298409591465e-01
-2.757524066891143821e-01
-3.153694262676970395e-01
-3.324447228124435272e-01
-2.957304190739755700e-01
-2.680843682078571377e-01
-4.044656582377593734e-01
-2.225067522476540938e-01
-1.618439420432728204e-01
-2.798821308188043089e-01
-2.741392174824510697e-01
-1.948180281237686107e-01
-3.730944884321993338e-01
-1.929606548364999064e-01
-3.035092834419190755e-01
-2.268655900918973567e-01
-2.301911540552752100e-01
-3.617661092476537332e-01
-2.157537192613820931e-01
-3.333817403793387646e-01
-3.924706123043216199e-01
-2.049073461579479227e-01
-2.617691356766247424e-01
-2.636646716006279534e-01
-2.907661063968409731e-01
-3.339031884974923425e-01
-2.944174743861354138e-01
-2.634178402381207040e-01
-2.767609583131698803e-01
-2.935695715650319948e-01
-1.709343179470696472e-01
-1.392475765882889849e-01
-2.493514051002687359e-01
-3.017915615649282013e-01
-3.253056175853218379e-01
-2.611103023380628718e-01
-2.103820496128081252e-01
-5.820213236171448146e-03
-2.710303616849836783e-01
-2.075880863405218102e-01
-3.064085538423256261e-01
-3.189913013717863288e-01
-2.157578895547168363e-01
-4.430972914655476741e-02
-1.877539640392518472e-01
-1.725743105506999664e-01
-1.749662874821962255e-01
-1.956568419540200554e-01
-1.599645187258690870e-01
-1.707696356998590070e-01
-1.854824921437303875e-01
-1.226334279592972282e-01
-2.567530577720522067e-01
-1.367637308869281421e-01
-2.196615677507938180e-01
-2.385301543768011123e-01
-2.498687579697288497e-01
-2.156718266582409171e-01
-2.550546482674299065e-01
1.460581436375687613e-03
-3.156926217000483037e-01
-2.635352398737401680e-01
-4.828286927516004662e-02
-9.661192412751752612e-02
-1.929412711270027392e-01
-1.796875713714229383e-01
-1.927736256382621416e-01
-2.121146376284913648e-01
-1.398387946160735973e-01
-7.611552140761052021e-02
-3.460008946633082449e-01
-5.009566875204148756e-02
-1.643482131307660854e-01
-1.923674316356977221e-01
-2.536676018609047567e-01
-1.138063053256472418e-01
-2.302332489355621292e-01
-8.226979777551919615e-02
-1.140309794467225385e-01
-1.287466398846700763e-02
-1.650158265776221489e-01
-1.905875907198523733e-01
-2.658697801808506678e-01
-1.320784063641097239e-01
-2.150314091460772958e-01
-2.206642709614668463e-01
-2.282273388442467299e-01
-1.603645929523254132e-01
-1.672557140487752059e-01
-1.030082499139369362e-01
-7.784189635287347420e-02
-1.630469605057207338e-01
-5.490987382161698072e-02
-9.946244917637314664e-02
-1.415909908395715788e-01
-1.059319179154494250e-01
-1.735025062416642727e-01
-2.783477314754410625e-01
-1.638430623238739114e-01
-1.449175216564597413e-01
-1.261921845605699088e-01
2.192411041179783207e-02
-1.621623676483494036e-01
-1.094932459965223676e-01
-2.083065650288217496e-01
1.787449533883615424e-02
-3.327433265933524981e-02
-7.964235543997470745e-02
-2.886582213302517699e-02
-1.502516830253563529e-01
-3.109570836999898114e-01
-1.138141398800363718e-01
-1.722956664292386031e-01
-9.295443654133125899e-02
-1.142207417277895931e-01
-2.059020454610297757e-01
-1.686522339842819462e-01
1.287700010802790215e-02
-2.448290678728636764e-03
-9.333994996499563046e-02
-2.449031310084623381e-02
8.279875542954418313e-03
-1.964978823208569370e-01
3.140762703144858725e-02
-1.984919061592157682e-02
-2.085725703885609253e-02
-1.702432448052990654e-01
-5.142022506803332893e-02
-5.973568279542699339e-02
-8.676117095404921320e-02
-6.768863335598787612e-02
-2.339131966686892883e-01
-1.431044073986989171e-02
-4.863974505612028709e-02
-8.893383496812361580e-03
-6.217468484602397399e-02
-4.006257425370109843e-02
4.085018401116979198e-02
-3.672858130977432745e-02
-1.610830144796733532e-01
3.220316172339846017e-02
7.340592031599862954e-02
-1.677516545908436796e-01
-6.422084430556926349e-02
1.772098711417982239e-02
5.155923639544505305e-02
1.318743556058629002e-02
-3.801193421090182101e-02
-3.870885662263193888e-02
5.751611725593643032e-02
-6.611308560335746320e-02
1.856525716209616039e-01
9.108626762455036266e-04
-2.189991507146714367e-02
-1.214254681755335685e-01
-9.531033851722983674e-02
7.717041003685198852e-02
-3.482147284114253671e-02
9.216368483295719893e-02
3.735800939804604509e-02
2.163671689101190690e-02
1.256269695611402643e-02
4.555835585687849354e-02
-2.422134300641010790e-02
7.653914331491341698e-03
1.236585356427845755e-01
2.934574845708637011e-02
-8.145411298407349843e-02
1.040294873044677812e-02
5.270112822158525695e-02
-5.676900790033519856e-02
1.000718879817767519e-02
6.704857580149009566e-02
8.902563821337536321e-02
2.015429888246187892e-02
-2.813878424329547268e-01
-1.773708166996991464e-01
9.234551380248236241e-02
1.077063663337871624e-01
2.242761643317475392e-02
5.219180666543594971e-02
2.646638035375572379e-02
-3.111360316246655766e-02
8.559908113981055944e-02
3.976033492482474591e-02
6.600235959039725542e-02
1.713654959766183761e-01
1.912266779760913860e-01
7.067261803153045141e-02
-2.218742653559032524e-02
9.398259120062441019e-02
9.106257385281753963e-03
9.837559051333617799e-02
1.467804219912607344e-01
-4.862690991530778384e-02
3.521301839653945276e-02
1.857521953706390283e-01
1.447868074743359837e-02
-7.702564223155324019e-02
9.736678291293293652e-02
1.439577258004805793e-01
1.669851308609049748e-02
1.619741789975981672e-01
-8.390390676532072378e-02
9.586795640580354771e-02
-7.188977645797665385e-03
1.259831097898246599e-01
1.530539875964362362e-01
1.496324264377611457e-01
-5.169627213556587941e-02
8.104298476564876508e-02
1.155083580892423412e-01
9.681985843009442705e-02
9.380778215973323286e-02
5.081762650639766454e-02
1.585177922739458845e-01
1.269234752981080738e-01
1.782082423562197926e-01
1.002434787605535199e-01
2.899333076731185344e-01
2.288862011038044764e-01
7.793713506414827463e-02
2.990104782108453374e-02
1.669384759082200576e-01
2.656404285365109308e-01
2.302214971450702308e-01
1.216775591777101012e-01
-3.612061366561546832e-02
4.293540787014796939e-02
2.060893885686966576e-01
6.907171588911548143e-02
7.112786835923201600e-02
1.370346600507557078e-01
1.841044205655362753e-01
2.203789503969318109e-01
4.569910356965863757e-02
3.016098065095012548e-01
1.495963801161121487e-01
2.094992801164227425e-01
-5.137876443739577276e-02
2.042467500489665022e-01
9.810648791174328420e-02
3.019029340252078475e-01
2.649998116021826666e-01
2.195429465002908531e-01
2.546295894402129112e-01
9.806209589942613269e-02
1.056191407804269594e-01
1.446854425941228317e-01
1.254846110338003473e-01
2.132602405416872127e-01
2.911183960371406254e-01
7.583493257507248342e-02
2.689193752335287124e-01
1.841619726170131421e-01
1.392947943786171094e-01
2.322210158209071784e-01
8.000007572213528595e-02
3.581917244693511582e-01
2.961470700836779102e-01
-1.112280597873866080e-02
1.107273323741038290e-01
1.830500451927342676e-01
9.791492014612841743e-02
2.278744238575556580e-01
1.105286975983201941e-01
2.340202260848618099e-01
2.616577679404167300e-01
2.640577437714604625e-01
2.784991059929158852e-01
2.549925402711663014e-01
3.509292671027993693e-01
3.063381124572524539e-01
1.737759526573846858e-01
1.539842842275995771e-01
2.760078671703629083e-01
3.339707661027930263e-01
2.988913601219099769e-01
1.753647780202307604e-01
1.982396419975570312e-01
2.532607057117221561e-01
2.740279397707238718e-01
2.840451604959683962e-01
2.929724042226191094e-01
1.140694480232659208e-01
2.941633244678665826e-01
2.305553785955944124e-01
3.303207388878449113e-01
3.785335754077736037e-01
2.799387061529923781e-01
1.419023150444234105e-01
2.845409592298555612e-01
1.988876901314428070e-01
2.513940738495281657e-01
4.026428369418219022e-01
4.280222273025865998e-01
3.342833601952691636e-01
4.118601017136225839e-01
3.219582190824566981e-01
1.835775321595365939e-01
4.449114824195875562e-01
1.648643915327547560e-01
2.847327695543326875e-01
3.884901099622226628e-01
3.430686115772833000e-01
3.818350248715892126e-01
2.504790283364150549e-01
2.326017219556960336e-01
2.913720237173487715e-01
2.742663088615461264e-01
2.915180951275265220e-01
2.922038509145983287e-01
3.842594408270706974e-01
3.862929595222137635e-01
4.337532875495768159e-01
4.889714069577736355e-01
3.772601229596350692e-01
4.193897836031367232e-01
2.498851571648723902e-01
2.771637942644659680e-01
2.552280898023088773e-01
3.036385752115783876e-01
3.086917145073591051e-01
4.088883244883221302e-01
4.883418599967301876e-01
3.184555632153567850e-01
4.356525319866405010e-01
2.697770189331642476e-01
3.784298755223086119e-01
3.407756930986056698e-01
3.363700818878889165e-01
3.489777246727794879e-01
4.870912543098990244e-01
3.226986463914600645e-01
2.666819441430772764e-01
4.873891253894638842e-01
3.515350993399629087e-01
3.584162378533136684e-01
2.377135529124989877e-01
5.036237041835962547e-01
4.259194929223601433e-01
4.446711383449215571e-01
5.433861366995971220e-01
1.704479620910251680e-01
3.245974956254080723e-01
3.577955920655249145e-01
1.617528692088191222e-01
3.186422277828244720e-01
3.653468205964488513e-01
4.087580812558080923e-01
3.249769791185623813e-01
4.807213046806610435e-01
5.189522540608872969e-01
4.875678264487204316e-01
3.747734869673232105e-01
2.688805467247036285e-01
3.477919712216900328e-01
3.283353171953399263e-01
2.960226682132763298e-01
3.263340590596729984e-01
4.327354663241301802e-01
4.849461490096516614e-01
4.648959655106008615e-01
4.793647798700540474e-01
3.256659985383950073e-01
3.643587823554053640e-01
4.812720051788286768e-01
3.965057974641498784e-01
6.032649391721573995e-01
4.801869174826237097e-01
4.781031726444828212e-01
4.217434794128877007e-01
4.071220177031573684e-01
4.651619378094380974e-01
4.766664319578277631e-01
4.003767365217666963e-01
5.338663924022625240e-01
4.197050597500068814e-01
3.756960363758654609e-01
4.498831037478233652e-01
3.398281338349966596e-01
3.553030305150322588e-01
4.203144688273197649e-01
3.972152701350493142e-01
5.114749003126739524e-01
3.672693722757858215e-01
3.793478992677132289e-01
4.836254379031272865e-01
3.596564743145466148e-01
3.672503635285653267e-01
4.225987880341151026e-01
6.212427468746655190e-01
4.048240220754953933e-01
2.998475738682185865e-01
6.799549767120115495e-01
3.845774369757397615e-01
6.434074470925337241e-01
5.766198420016915849e-01
4.813907742618571683e-01
4.513268040219036714e-01
4.746647374771670314e-01
4.586413414519914244e-01
4.016149904533967696e-01
7.800548466927358371e-01
5.907574137865967412e-01
5.858975646245443425e-01
5.536105571577836226e-01
5.593236983193722311e-01
4.507463697503256150e-01
5.749094654837244578e-01
4.911149840052398963e-01
4.475470847994379997e-01
5.443742427163180686e-01
3.787109866376037193e-01
3.219045054018513374e-01
6.839364927137985273e-01
5.149422509175500817e-01
5.945585426084005753e-01
5.651143847137302112e-01
5.683230312360977310e-01
4.956231740862351298e-01
5.639328591855968797e-01
5.661439266973340434e-01
3.235330334360399518e-01
5.550288453765812591e-01
5.966269136277186913e-01
6.240861698168572724e-01
6.162225190413880282e-01
6.904732564906939096e-01
5.780942395979185022e-01
5.682510963293868622e-01
5.944986703431973663e-01
5.849264822489252946e-01
5.643359030451665648e-01
6.328573959996082188e-01
5.150707657431808917e-01
6.452137033327445259e-01
4.969005840043146938e-01
6.704978700129299307e-01
5.433526431564879022e-01
6.162960192529957082e-01
6.408373737952659521e-01
6.314810896175626631e-01
5.632163867568950044e-01
6.749006797638215094e-01
6.039015512793743934e-01
5.254882774743322438e-01
6.223382831792838576e-01
5.615373892358400676e-01
6.090807959440368569e-01
5.624845330743694083e-01
6.654302138142170753e-01
5.904774576025868527e-01
5.762548460009349061e-01
7.061019228355543964e-01
5.806215128702575390e-01
4.215408912409725484e-01
6.004430710533587012e-01
5.989419228657101302e-01
7.312143969281734712e-01
5.318612382478827838e-01
4.689548313021229542e-01
6.748498786102381519e-01
4.894820570100759105e-01
7.106287303936804634e-01
6.632414385317826344e-01
5.208498780221050284e-01
4.854290721033832079e-01
5.472314222528839034e-01
5.909718325370733050e-01
6.931076971759918548e-01
6.189239224549971663e-01
8.120670477972530277e-01
7.396412365874776018e-01
6.661203094016751036e-01
6.483169010812921407e-01
6.378408959228495378e-01
6.479345482673474210e-01
7.196270504766431042e-01
5.563966271737909031e-01
7.628780177830950526e-01
6.380946711272345029e-01
6.926750824284138019e-01
5.404380351227533463e-01
5.452726086341328493e-01
7.844155297823265371e-01
7.341393299099541192e-01
6.799649069680203661e-01
6.689801386695735097e-01
6.827788964207368583e-01
7.158067815062889583e-01
4.449608433077634206e-01
7.771984131534573903e-01
7.014052370365726485e-01
5.816735051674374324e-01
7.562829875783856348e-01
7.186998259805225109e-01
7.137128659408430442e-01
6.479363690308557189e-01
7.737123473088314274e-01
7.213868286331318602e-01
5.931702711304787101e-01
7.100955612884527479e-01
6.198353711994949444e-01
7.720903250583914801e-01
7.272472672952983164e-01
7.385592715077715642e-01
5.860028972805635394e-01
6.922305515731392855e-01
9.492826600912807056e-01
5.949692741059252610e-01
5.929648710771125986e-01
6.944277763072070897e-01
6.060441962417431050e-01
8.726570177543260254e-01
6.943300847819300348e-01
6.681744740908572844e-01
4.946973134474426104e-01
6.262290847305406194e-01
6.226248254049522313e-01
6.689914053995340559e-01
6.354703900295030072e-01
8.226867176478190880e-01
7.847204619103828049e-01
7.575446146168908212e-01
6.926957528626606075e-01
8.068930664856807100e-01
7.258246478998316986e-01
7.614034959376649869e-01
6.934518703060660316e-01
6.766079975191957585e-01
7.974020411038627021e-01
6.996966428785796888e-01
8.501081105877751343e-01
6.303684591215971134e-01
8.426434628020956774e-01
8.214862836102762023e-01
7.480774878206564171e-01
8.165282656507596437e-01
7.196152798377843940e-01
7.996795212505549699e-01
7.099576132760720970e-01
6.668180316548002473e-01
7.686843811669487048e-01
7.803475235063253024e-01
6.429709288184315419e-01
8.736637974869790879e-01
7.781530474985932644e-01
7.403057533670832635e-01
7.765622427871246014e-01
8.515684408874666378e-01
7.256587888411457632e-01
9.017438076334964858e-01
7.666695465613533322e-01
1.007257347081378374e+00
8.274781464120434249e-01
7.431722485802704226e-01
7.142145237365379318e-01
7.965135287804935293e-01
7.058485099501460303e-01
8.560521133493586010e-01
7.201760242105111898e-01
8.900134102085111021e-01
7.718825050892552664e-01
7.805260087976377825e-01
8.802473989227864726e-01
8.144829801790929302e-01
8.589672429495611716e-01
7.999428636003230730e-01
9.456673961776167481e-01
8.708698684687757874e-01
6.335041665604184136e-01
8.317241465251058452e-01
8.770786609240335263e-01
9.901018788351123590e-01
8.693566312415792474e-01
8.929241036313988467e-01
8.985581058522513764e-01
9.159733620555303713e-01
6.500960662142742930e-01
1.082513924083362555e+00
6.885526550175288252e-01
9.692486382855955984e-01
7.541817004484129283e-01
8.798679077801374593e-01
9.845989043392320283e-01
9.846848941364979568e-01
8.136235850065158814e-01
6.630818243779024179e-01
8.923084904859427402e-01
8.492743190286453636e-01
8.596553380469191818e-01
8.315934124555851570e-01
8.467231014250131693e-01
8.958309255563131623e-01
9.120081371855812691e-01
9.529632583079669095e-01
9.702502908849069962e-01
9.175575200505851070e-01
8.741394947895596568e-01
8.215900303826290108e-01
8.443061787355845560e-01
8.363559809306435611e-01
8.254987168712998313e-01
1.072853885778433547e+00
1.008992935607348818e+00
9.140149183601307126e-01
8.803689542111777788e-01
8.119814409099173069e-01
8.924899258853966622e-01
9.257221871705122451e-01
8.428168650651624016e-01
8.626014721279477993e-01
7.696590478333608099e-01
9.583371966847045176e-01
9.664503296728833570e-01
8.640633159421419185e-01
9.251593101259673046e-01
9.237489484544388896e-01
9.075388551295363593e-01
9.538883460092737465e-01
8.620979171623581738e-01
8.402139760156843717e-01
8.651976788730826318e-01
1.005582873356251072e+00
9.344794288447441089e-01
8.828476866302096271e-01
9.192560201332853342e-01
8.293654354799498973e-01
1.053582954619522116e+00
9.245675403599404873e-01
9.104356069506089888e-01
8.804379032593211418e-01
9.483699276611136098e-01
8.438257157502382366e-01
8.877016021444836813e-01
9.657867187526631980e-01
1.024857864298444943e+00
8.895592210923232157e-01
1.029004027123839204e+00
1.115417457373468535e+00
9.420228424962588942e-01
9.765078491631256075e-01
9.665310581872548212e-01
9.795878281173013846e-01
9.794901820986635643e-01
1.052333355785079583e+00
1.127786092788054750e+00
1.021699338083104314e+00
9.052615511712386320e-01
8.547614594029353530e-01
1.180074214907876895e+00
9.402719601761246881e-01
8.547052923648787992e-01
1.055606173244742152e+00
