-1.010286024501828805e+00
-9.671847691728819862e-01
-1.156612948685725728e+00
-7.618482061950372364e-01
-8.292819332106966534e-01
-1.091200369781437418e+00
-1.095554785058123537e+00
-1.194242985640870058e+00
-1.103828928279998234e+00
-8.789122288150857942e-01
-9.741532526999798769e-01
-9.972350050691195511e-01
-8.871710497743545698e-01
-8.667370228899278217e-01
-1.132377605893801320e+00
-9.453715551682551066e-01
-9.815776017134141274e-01
-9.933780713636125581e-01
-1.100570088614354791e+00
-9.072197205795939912e-01
-8.878552289524980212e-01
-9.006608398986869490e-01
-1.068683094301416725e+00
-8.561370614051515560e-01
-1.074564455614386294e+00
-9.361851703036981887e-01
-8.769962945076680283e-01
-1.058607688576832517e+00
-9.446836010886902057e-01
-9.623630564577412283e-01
-1.013188638658857998e+00
-9.934231844264631572e-01
-7.856063110375818281e-01
-9.102150021437738214e-01
-8.488994510467353649e-01
-7.965533931397276168e-01
-8.250599617652747408e-01
-9.202132825082346423e-01
-7.947290728419633687e-01
-9.122594133311101583e-01
-9.042996525070188252e-01
-1.083352480608650970e+00
-9.263095863322415857e-01
-1.046024239458667404e+00
-9.563125992303087575e-01
-9.930868661251230911e-01
-1.037956920627331137e+00
-7.118923242088698311e-01
-8.738639650481949683e-01
-1.027674609838872266e+00
-9.650514888803490843e-01
-9.625061970724559934e-01
-7.846226939325012806e-01
-8.653941602734012140e-01
-9.726498638678386932e-01
-9.505734047695942879e-01
-9.730010228512862014e-01
-8.790540855845108137e-01
-8.502187726752784558e-01
-9.527849608430364325e-01
-8.099149443468617315e-01
-9.396248646854266084e-01
-8.526848096614028094e-01
-8.475943919319003372e-01
-8.495793166592077172e-01
-9.826393923923257834e-01
-7.347035580490633988e-01
-9.054550673324616161e-01
-9.524543878978347644e-01
-7.463741644640857764e-01
-8.690477155633872242e-01
-8.727662338291650723e-01
-7.428788804743513552e-01
-8.212308590473014203e-01
-7.504782895410625487e-01
-7.980953950858817869e-01
-9.090508185967133281e-01
-8.448786961450315269e-01
-8.602647731102389672e-01
-8.905995535772713856e-01
-9.280857882394185632e-01
-9.292944606441100319e-01
-8.373996498795016619e-01
-7.711930085252743927e-01
-8.169561814428759616e-01
-9.285946548609144147e-01
-8.184462317352774186e-01
-1.009895725903602992e+00
-8.630739016580989409e-01
-9.203272524139375355e-01
-9.450190088904676378e-01
-8.828824079646393486e-01
-8.041643459299879781e-01
-1.001358229886582185e+00
-7.574511715002357759e-01
-7.682238676247824527e-01
-9.391549498755110692e-01
-8.089154074202004052e-01
-7.229440345747167873e-01
-9.571993047695837031e-01
-8.255013292697036542e-01
-8.292841555174199630e-01
-8.049867088860491737e-01
-8.123376887681452718e-01
-8.368534508021308049e-01
-7.497693273785943635e-01
-7.557698896885506334e-01
-7.075910173443306084e-01
-8.772364653058213335e-01
-7.700230337311619877e-01
-7.806531561122258545e-01
-6.928995377878309769e-01
-6.976340264628470011e-01
-7.354067914227704339e-01
-7.964233864462142432e-01
-8.521684600244094909e-01
-7.781917073458105572e-01
-8.294854397958020265e-01
-8.484657675008961952e-01
-7.176218108725958000e-01
-7.300853485297525980e-01
-8.262321867302050427e-01
-6.655480484735176727e-01
-6.302220981946213829e-01
-6.801610374928466207e-01
-6.715741161934023484e-01
-7.121372264550500653e-01
-5.888139104794285483e-01
-6.602358395958282111e-01
-5.553497284795068101e-01
-7.169894888418398837e-01
-5.793311951914313918e-01
-6.323295553787292578e-01
-7.997329591143571559e-01
-6.774580944499809521e-01
-7.153648163132041438e-01
-7.233383341162827884e-01
-6.683570347189895511e-01
-7.055102250716143164e-01
-7.297103705502424598e-01
-6.662501594740865007e-01
-8.652044670205762955e-01
-7.797816754792489258e-01
-7.652061262633490513e-01
-6.844559280955010427e-01
-6.554160355605733734e-01
-6.387490212439118631e-01
-6.913820730705207973e-01
-7.327775927681910995e-01
-8.404379249560806064e-01
-7.361564247009300122e-01
-6.969114646648939537e-01
-6.494018763084731249e-01
-8.219963296860520741e-01
-6.627292681447740641e-01
-5.399781060921351461e-01
-7.059954477258745253e-01
-6.505365866913960238e-01
-5.266839735078892026e-01
-7.559333590907724165e-01
-6.165794568862736913e-01
-5.943642520656405859e-01
-5.034584494589382508e-01
-7.870695570525405582e-01
-7.093313728427486087e-01
-5.723901906431898556e-01
-6.776914196488358355e-01
-6.731430961464353047e-01
-6.852960611364036225e-01
-6.166482344685664252e-01
-5.361524471885299459e-01
-6.021398656775346359e-01
-7.603478640184158088e-01
-6.342159963978175607e-01
-7.107713589248790820e-01
-6.395809900019573391e-01
-5.116808873533562618e-01
-6.558837402326271881e-01
-7.149632976580766464e-01
-5.921699700370723907e-01
-6.147750420277523498e-01
-7.115824739671966492e-01
-6.292586031262414892e-01
-7.243406405658545655e-01
-4.395024370714097350e-01
-5.332044859039268836e-01
-5.825975640261977784e-01
-7.710126236176634285e-01
-7.606194713999475665e-01
-6.481421028495613079e-01
-6.278101643119433639e-01
-7.285117661128914790e-01
-5.627251771450761941e-01
-7.253459374824363648e-01
-5.718137566291108254e-01
-6.843126722371302151e-01
-5.922662007334486001e-01
-6.574860651333643835e-01
-7.093258462680791521e-01
-5.261427790927126757e-01
-6.471810317990226435e-01
-5.512161799895818337e-01
-5.349256769705532655e-01
-6.212122006726735757e-01
-5.454726607602212729e-01
-7.174034068125721975e-01
-6.385447314230388027e-01
-6.844955403077103151e-01
-5.643499167139379713e-01
-7.170857296720642982e-01
-6.138923828884598199e-01
-4.541586231131817808e-01
-7.022922871462597971e-01
-5.131514150788631934e-01
-6.477141343333737700e-01
-3.984895406428860531e-01
-6.713822534281573828e-01
-6.043065194886402258e-01
-5.224173142022063843e-01
-6.577252831999164107e-01
-5.860106542875864744e-01
-5.093585879992096332e-01
-6.222429163155035470e-01
-5.764365885267520584e-01
-5.000926792407202059e-01
-4.745614078935326829e-01
-5.584515726570472571e-01
-6.063183821932708328e-01
-4.505145578719297328e-01
-5.751363615010298691e-01
-6.737575803010807940e-01
-3.731355026025540145e-01
-4.601710452554640396e-01
-7.316274653534482475e-01
-5.923799889948262454e-01
-5.911044313801723238e-01
-6.096427932184401710e-01
-5.474193818257544475e-01
-4.988529513078139854e-01
-4.113326598567439429e-01
-4.024660115024175089e-01
-3.190329117378780110e-01
-5.252459969670827400e-01
-4.477292561804220306e-01
-4.480769224467644474e-01
-5.686465356396116499e-01
-4.955005685481925770e-01
-4.178570565302603956e-01
-4.108207234468563840e-01
-6.366543557449108048e-01
-3.961445396455887669e-01
-4.646481023256062159e-01
-4.933510798880023085e-01
-5.162189568626031067e-01
-5.058367375070877969e-01
-5.841715392844482047e-01
-6.166545788525510385e-01
-4.578962195377315747e-01
-3.583224087340612374e-01
-5.205645429737849605e-01
-3.981670389984819369e-01
-3.742830411326033557e-01
-6.333492726924895289e-01
-3.824734117325087612e-01
-4.481897358892485972e-01
-3.833845892274695411e-01
-5.087821203356314159e-01
-4.236467908869918086e-01
-4.153710012600274615e-01
-4.681319894572206763e-01
-3.594194422747273854e-01
-4.206089138027637175e-01
-3.115777454312350647e-01
-5.125661808174708511e-01
-4.359313421519730447e-01
-4.171681817948105220e-01
-3.312490121294368595e-01
-4.731411070493558579e-01
-4.530931368849113183e-01
-4.168597021522895685e-01
-3.618665374568566517e-01
-4.421798530950840078e-01
-4.944011611040406984e-01
-4.395506193817854124e-01
-4.263131510212346265e-01
-3.888809882899405546e-01
-2.758576331734893805e-01
-3.050221985487791554e-01
-3.207657988732982024e-01
-4.467851415747656763e-01
-3.386160919471075670e-01
-4.350209448616623176e-01
-3.077939859868605299e-01
-5.210402704294919696e-01
-4.233070116154093454e-01
-3.547808269529814651e-01
-4.068587188323318782e-01
-2.287606826531712323e-01
-3.113702731973309601e-01
-4.728516311942551065e-01
-5.331724478946586743e-01
-3.082256608269179354e-01
-5.120512728004109615e-01
-4.711188295453820341e-01
-3.507870193622101285e-01
-4.252782651693395866e-01
-3.264718991783706614e-01
-4.402912546730731735e-01
-5.632490176755189371e-01
-3.748685938454376920e-01
-3.792408139572337467e-01
-3.206019764483206691e-01
-2.735797309490283213e-01
-3.561294673831902347e-01
-3.796629333613623647e-01
-4.118563555700135992e-01
-4.797345493429638341e-01
-3.235153153610300647e-01
-1.987271394755563414e-01
-4.091570734761879047e-01
-4.311314437325826643e-01
-2.636249045691003157e-01
-4.379859535117317515e-01
-3.678804959738687375e-01
-3.335323770215222194e-01
-5.669781830439829529e-01
-3.807971350170450409e-01
-3.313796748799731073e-01
-3.704911350170229101e-01
-2.470104443101057701e-01
-3.121681706250983845e-01
-2.977077959583849243e-01
-3.323836989541310016e-01
-3.699113824177737153e-01
-2.452558105341238470e-01
-1.885723850250764777e-01
-6.021823252838780227e-02
-5.187924481381496200e-01
-1.978244236579349280e-01
-3.271249645007811013e-01
-2.617015010115387730e-01
-2.241087190272396945e-01
-2.984041387356068942e-01
-3.856908341197110568e-01
-4.906620767431140728e-01
-4.167639236555826798e-01
-4.158263699035786298e-01
-3.836556189324280552e-01
-2.406018781720924149e-01
-3.038210026822431020e-01
-4.306391427078470890e-01
-2.510084386224936126e-01
-3.178908295165104869e-01
-2.443088105282016087e-01
-2.843502097631243619e-01
-2.186111316531414162e-01
-4.863946009943872495e-01
-1.443483972554120420e-01
-2.514067244743526941e-01
-3.309071046408672556e-01
-4.127027945808283693e-01
-3.176314531777778560e-01
-1.977234988274932104e-01
-4.920912060934367060e-01
-1.524107775422326172e-01
-1.860917242701689012e-01
-2.976773071317780767e-02
-3.404335863994713551e-01
-1.814936190836317631e-01
-3.059510222174497973e-01
-1.781250706924948912e-01
-3.451891966335273176e-01
-3.078617726514539243e-01
-2.209423872541751432e-01
-3.370692647699760069e-01
-3.554135214269513732e-01
-3.560129149315174324e-01
-1.609876037681311767e-01
-3.097790746791085348e-01
-2.238243620058950056e-01
-3.111480951648692983e-01
-3.104324252262348760e-01
-1.828393233294985099e-01
-2.617460329535249985e-01
-1.972109468426951617e-01
-2.570034424075101631e-01
-8.580747448877781847e-02
-2.637573945684688614e-01
-3.023844909856123753e-01
-1.239926350654631942e-01
-7.956364268480191348e-02
-4.225788272803582823e-01
-2.219039445082020834e-01
-3.979304331038983067e-01
-8.728154867163788466e-02
-1.860975952168751335e-01
-2.808232717847407023e-01
-2.076487157622461943e-01
-1.787154186152685731e-01
-1.715344839917964936e-01
-1.143470844837119887e-01
-2.541049261637541856e-01
-3.081585392605290519e-01
-2.486234414628710199e-01
-1.824927737355945823e-01
-2.026905418757287691e-01
-2.182645818935403936e-01
-2.744229649122116310e-01
-1.932301773773868747e-01
-2.059223433072458753e-01
-2.112449059343310676e-01
-1.848043792367748961e-01
-1.645807734392975563e-01
-2.339982664393417677e-01
-2.089688202187497124e-01
-1.393548317089788879e-01
-1.823780601693769376e-01
-2.996199535577279138e-01
-3.261958380023507464e-01
-2.410999870620469110e-01
-2.471453214964744460e-01
-1.318931549344189436e-01
-7.935407476916696290e-02
-2.963442390601906951e-01
-1.427187266605674520e-01
-1.389055286391208954e-01
-1.050933707324344102e-01
-9.510561815097384741e-02
-1.344153829662699806e-01
-1.407643730424980588e-01
-1.678727014629055325e-01
-2.771293867931884369e-01
-3.557108125002116927e-01
-2.049763363169752051e-01
-1.134879486060663412e-01
-2.203044367566764639e-01
-2.792897170722159483e-01
-2.776884126331192193e-01
-1.629039235473564162e-01
-2.236572929978510316e-01
-1.116196455732425818e-01
-1.503738185016011142e-01
-2.024884099775448865e-01
-1.816127924048405728e-01
-4.579186540966396352e-02
1.056196678017220086e-01
-1.685314080580070095e-01
-1.259046082369805752e-01
-1.392524213735895078e-01
-1.118164521149996871e-01
-2.771326704516685058e-01
-3.748528346414469609e-02
-3.292855807967829534e-02
-1.689716254181460597e-01
-1.884788024315706689e-01
-1.515798001025822628e-01
-4.077157018096384811e-02
-4.976415057724406510e-02
-3.012107055141090284e-02
-1.615751449808207063e-01
-1.107898227432114156e-02
3.444218276748305801e-02
-2.159101885798824783e-01
-5.095268173047134974e-02
-3.522671766655841030e-02
4.877128379305285810e-02
4.980758503840316403e-02
-7.007155834807328454e-02
-4.193382838385861788e-02
-8.862449646766210054e-02
-2.161385793732007246e-02
-6.385423687049550379e-02
-9.705355127381067037e-02
-2.592320962614244606e-02
-1.541426265758942538e-01
-8.115557207375194426e-02
-1.396043777082908895e-02
-1.296843508490163818e-02
-1.307547963782801914e-01
1.527761571910713628e-02
-1.460717051487725737e-01
2.029734062024526886e-02
-4.597732486029877663e-02
2.584354575379749566e-03
7.915693648616911604e-02
2.244476358655395076e-02
-7.328196898177329055e-02
2.767388608809370071e-02
1.102324728363023587e-01
5.510894183962480181e-02
-5.304906367444903875e-02
1.407214525030429410e-02
1.254963922376051977e-01
-1.670147559214497923e-01
1.317971517392481084e-01
1.988416199096623704e-02
-5.419118329979141085e-02
-8.006341377102498685e-03
-1.065187645650997328e-01
-5.665269730274778009e-02
-9.831756247347128719e-02
-8.434609147271446283e-02
4.813554724893257669e-02
-6.778584629839114195e-02
-9.312092845801267504e-02
-6.766884703721723175e-03
1.130490549726051036e-01
-1.169282891021015784e-02
1.607548952576115520e-01
1.101661122601031439e-01
6.499996589839472259e-04
-6.630920696185939323e-02
7.732724257261913703e-02
-2.313423352542728212e-02
-1.207535635586596233e-02
-1.062740074350622399e-01
4.897015786995678049e-03
-1.707935926477201910e-02
-2.493338664221792997e-02
2.484056667434251520e-01
9.387818131818808504e-03
-1.040962998361515957e-01
1.173473419912628157e-02
1.851869345661662919e-02
4.385388878294629172e-02
1.021325131979043538e-01
-9.719605850014318565e-03
1.569920158772485919e-01
-6.593859739561490352e-02
1.078675978944214492e-01
5.735894598381850035e-02
9.871556345498744278e-02
6.496238417662153486e-02
2.134614314638356158e-01
2.246763790111466763e-01
-2.442862640857791645e-02
1.097888257775471305e-01
6.329896115308618343e-02
-5.644377490388381019e-02
1.045081902145420377e-01
1.633617883652652703e-01
1.229605439241379800e-01
7.349232078256114076e-02
1.783398218527960655e-01
1.746010698225159696e-01
1.894710919693730344e-01
1.451136361482894543e-01
1.559923455296185757e-01
9.329996314379447597e-02
1.121335125231212315e-01
1.029334261112043181e-01
1.457095300573749141e-02
-5.642560655113356555e-02
1.395828506472959751e-01
7.801517391039575200e-02
1.573779580692072078e-01
2.298287194098775077e-01
1.087087225016780401e-01
2.095068569710833162e-01
3.933982811530164353e-02
4.172426345076912790e-02
7.634528254521774637e-02
1.241650005514469829e-01
2.337140519407246986e-01
1.669562875188550788e-01
5.788397815442851424e-02
-3.543952415409479945e-02
1.387159388670617111e-01
1.051359018020285307e-01
1.099201537736031464e-01
-3.784077433886363223e-02
2.061498926707369117e-01
1.062173355151829618e-01
1.306229619033418832e-01
1.402924592235652024e-01
1.852216116601764773e-01
2.033122487437954151e-01
5.836139900493447080e-02
1.735056531382406508e-01
2.634778096730624464e-01
1.289924560377238572e-01
2.291129882418962427e-01
1.718879176546531384e-01
2.273717471955537806e-01
1.713222628144421000e-01
1.185158360962406121e-01
2.182174048293804847e-01
1.485591687342324163e-01
2.217327563860749529e-01
8.448880255285341756e-02
1.829978667346318644e-01
1.711302355782096385e-01
2.872118445064624770e-01
3.142134517119293813e-01
7.811759124300041157e-02
1.757556729306403720e-01
2.597084433994344410e-01
3.068066813384437430e-01
3.363849116991847188e-01
4.945372067349813883e-02
1.940774762341980486e-01
1.835039388808563099e-01
2.217900583681185200e-01
3.108701430811887656e-01
2.715305624577782906e-01
2.222102534695896137e-01
1.048174362595101217e-01
3.468220669068211026e-01
1.035115096138810725e-01
2.739678180777431749e-01
1.165743826716040404e-01
2.145874081839954373e-01
7.606917562435881741e-02
1.832217770939877921e-01
1.850759377596297439e-01
2.924917347808407286e-01
2.047493658823930640e-01
1.149232720157518373e-01
7.589442599663098754e-02
2.770173884791170549e-01
1.455820301633462266e-01
2.602641917385766779e-01
2.543602318885222480e-01
2.537917403075978795e-01
3.012629298752895202e-01
3.874690883283961051e-01
2.971890694646231457e-01
2.471606548450505647e-01
2.857830566409614859e-01
2.370810175411713905e-01
2.779575976289381800e-01
2.092771209341608707e-01
3.037227240190545907e-01
3.627130168470231175e-01
2.254197538359087316e-01
1.329918489309703244e-01
3.899263087685936324e-01
2.063541895207912091e-01
1.747535284783673926e-01
1.779721857249408623e-01
3.473551061438293619e-01
4.583308198148923207e-01
2.760079214281496718e-01
1.032947734240428905e-01
2.795449683574168787e-01
3.127220397432802224e-01
2.353608281308824934e-01
2.242487680719668364e-01
2.527996375038817356e-01
4.661203810431351902e-01
3.025305561495925666e-01
3.208664053404290395e-01
1.544766198160166248e-01
4.009550854037439160e-01
3.335061445580114747e-01
2.848341024437772706e-01
3.033585713223044267e-01
1.600395914126317154e-01
3.253866014300567655e-01
2.659552829843165322e-01
3.155609679526193978e-01
2.479898890798572231e-01
2.129045110423369302e-01
4.800407255265911055e-01
3.373975113238802392e-01
2.269651440586875624e-01
3.771242053150844487e-01
2.491895897259839288e-01
2.753096700857624590e-01
2.370250921595998261e-01
2.565097578224613817e-01
2.145623710472740475e-01
3.898325662518792312e-01
3.879944448018122771e-01
4.893615829200259060e-01
4.518443164024733560e-01
4.075439481698200916e-01
3.512515798942104084e-01
3.797963153451069940e-01
4.211636155904289747e-01
3.102247468445642475e-01
3.506559672464393262e-01
3.739550431904162253e-01
3.467551161374845536e-01
4.349363814443978904e-01
3.314492635279511767e-01
3.139885050029971869e-01
1.216526273263588698e-01
3.993247520237331871e-01
4.027936392092079654e-01
4.508138588867179886e-01
2.806525271511521868e-01
4.886352482807320707e-01
4.225909278638010913e-01
3.892361837345534314e-01
3.684330352767945516e-01
3.762257944580613134e-01
3.554851858236357520e-01
3.171974354589024991e-01
2.567758961122111883e-01
5.713815008251533767e-01
3.122163865725120502e-01
4.712397877341439334e-01
3.352196886404264498e-01
3.382237038403194118e-01
3.573711315459494609e-01
4.984848509332570621e-01
2.869669711962302139e-01
5.365229717334553117e-01
3.734610180849886052e-01
3.297304794960762009e-01
3.852955750311011229e-01
4.979821617824788382e-01
3.879240204098251543e-01
3.414007285681864290e-01
4.830478850563817983e-01
4.996110217749000215e-01
4.387481647678099783e-01
3.114274232973707202e-01
4.772923686165816970e-01
4.379669851204758269e-01
3.477731886132518491e-01
3.438442074129205439e-01
4.114889497483086300e-01
4.699982633180619929e-01
3.907410137601957101e-01
3.494137811248692604e-01
2.838265615490974669e-01
5.455218864033853921e-01
5.197868036249013723e-01
4.667644431370647773e-01
5.454680110355920597e-01
4.613902434398485242e-01
4.258046403468356278e-01
4.660388019545712579e-01
4.914980023997504999e-01
5.187302767323122010e-01
5.685893118251333922e-01
3.681647385344721801e-01
5.240619571527739273e-01
5.086566488426580435e-01
5.846443577822681981e-01
4.569441592546822362e-01
4.048348303034746687e-01
3.756324844745937419e-01
4.828240953700039806e-01
4.409251413526007468e-01
3.904927831535555671e-01
4.713649854649479276e-01
5.663666424313110737e-01
5.525576868437115374e-01
6.374813301115830333e-01
6.147609477527361532e-01
5.022238010230245520e-01
4.913046326408846420e-01
4.728632235186616128e-01
5.433112133255371123e-01
5.186470979242315815e-01
4.627913229945996854e-01
5.555035898646983883e-01
5.593439084309788090e-01
5.258773607206592704e-01
5.938833301594662606e-01
6.383421583625222828e-01
6.438539654190397199e-01
6.617100438548190189e-01
5.143443858854503947e-01
5.157175190059759551e-01
5.578426889088979879e-01
6.093760894971901321e-01
5.433023835766715992e-01
4.936731751742750585e-01
4.257109301750146013e-01
5.644334930106419401e-01
6.026753043431555268e-01
5.492626805865247208e-01
4.786771155507279496e-01
5.695635021404724663e-01
4.005932666514537277e-01
5.394069267078173135e-01
6.182015298291538841e-01
5.061172517964970252e-01
5.929985402771469349e-01
4.984500519624286974e-01
4.429762582493871892e-01
7.235684614242463564e-01
5.470190646062144113e-01
5.283637216062229136e-01
5.299030764515381131e-01
7.689720206626755594e-01
4.427107526629947554e-01
6.798592698688141756e-01
5.965935911812147996e-01
5.422758915203329533e-01
6.220486496399405540e-01
5.585063133383829648e-01
4.987123279809602683e-01
5.363353150474499120e-01
6.214470785936990760e-01
6.213064004767033799e-01
6.325492438305636567e-01
6.556426741407141989e-01
6.548141760142344170e-01
4.889269178196462562e-01
4.908092383677520876e-01
6.050995681118954694e-01
6.767009344090042511e-01
5.383759715578718685e-01
7.984233688735082879e-01
6.188344341223496192e-01
5.501231624933762276e-01
6.544854261390521399e-01
7.133017485251780254e-01
7.220889787254499703e-01
6.416125591274478568e-01
5.619306953845220054e-01
7.928448770061986561e-01
5.551527857917503139e-01
5.678045070314362563e-01
6.476541058658131789e-01
5.611025031791967432e-01
4.586256789027224334e-01
5.481078521117218605e-01
6.339878410475575654e-01
6.182217869025701251e-01
7.243253455356079007e-01
5.496019734519562716e-01
5.027095483240120455e-01
7.245138840910384515e-01
6.504096355972546206e-01
6.514082264003970835e-01
7.548134376020783076e-01
7.262519822940574077e-01
7.168841871892499551e-01
7.258424242179362107e-01
6.628920490751070149e-01
6.610636900889563794e-01
6.789399876007261581e-01
6.624462149468616223e-01
7.168659255339483449e-01
7.254369765488134503e-01
7.623702949364200565e-01
7.519917437023756479e-01
6.287766193146682170e-01
7.394556034191495097e-01
7.324446250041763973e-01
6.892166143724930416e-01
7.050850570149195251e-01
7.224040624903492747e-01
7.856866479513855417e-01
7.520098153749522618e-01
8.866636055383945170e-01
5.170065243762649310e-01
6.727769828251086714e-01
7.259506187951521028e-01
7.275827781760026980e-01
7.195071472297672743e-01
7.252812844311103957e-01
5.411884092628383991e-01
6.947124212802713306e-01
8.041016632782425066e-01
8.003110230803764935e-01
7.077321431980033717e-01
7.114420080060113172e-01
7.704357320621275651e-01
6.331996961268941959e-01
7.079789138345439214e-01
7.533876019358718423e-01
7.161765992970043904e-01
6.093915100577030897e-01
7.475229492681431109e-01
6.889810235565203556e-01
7.118250255902538459e-01
8.810419393940248645e-01
7.497731120276968086e-01
6.516234094640314112e-01
8.142267497042163793e-01
8.569250916659493233e-01
8.482654066542634208e-01
6.624364512068057209e-01
8.621640938025860734e-01
8.349659579683846866e-01
7.659400019873374710e-01
7.049108442290498155e-01
6.169702352202556250e-01
7.636987879222220110e-01
7.008632469959478195e-01
7.698061301506688991e-01
7.802357387150452572e-01
7.855939224280883426e-01
6.812599578691685975e-01
8.605889443189571608e-01
7.993860292883319119e-01
9.094898700662529256e-01
7.938530421637128853e-01
7.146093707694206598e-01
7.470124553133680179e-01
7.943898056301407218e-01
8.173008889650562603e-01
7.321670688042174469e-01
8.926502628037384923e-01
7.825601821785682644e-01
8.019894541634128293e-01
8.595256561255161243e-01
9.167087929117700984e-01
8.313045309321989151e-01
7.448857143720706286e-01
8.702053943816665527e-01
9.059043319027028085e-01
8.406240229964746513e-01
9.647380310011401949e-01
7.969293259603038582e-01
1.101895478984438626e+00
9.877103896719102716e-01
8.206451653117607936e-01
9.989296851074441763e-01
7.862065732555308939e-01
7.460533124784251013e-01
9.221924702838137922e-01
8.759886734944336562e-01
8.281352048460915993e-01
9.151330096082750387e-01
8.167293458026553266e-01
9.153803071345170128e-01
8.840513628825109604e-01
7.770026769788654919e-01
8.770645562872895207e-01
8.544595169224997733e-01
9.518806557873603635e-01
8.392773605714605178e-01
8.192683935534466055e-01
9.440232631019636056e-01
8.744724601206513848e-01
9.062582053453386299e-01
9.051186881212803792e-01
9.418162926614022101e-01
9.066174182367300327e-01
9.451365826380623281e-01
8.831253137207529802e-01
8.810825826028602092e-01
9.201083445313801290e-01
1.017424186968064026e+00
1.099137782326875534e+00
9.685073912800102880e-01
9.747976327250512663e-01
8.921652266212555249e-01
1.016765083270031456e+00
8.056637594241438105e-01
8.179177109736659457e-01
7.873228422897525780e-01
1.050601511713897818e+00
8.548156780775352237e-01
9.361592718852412842e-01
8.558209190393764043e-01
7.750968423513882044e-01
8.519631288841695849e-01
7.816786357155567355e-01
9.151930998029156328e-01
8.937796388907642831e-01
1.102124788938251942e+00
1.033707070292535724e+00
1.003946620567967463e+00
1.090826277259344224e+00
9.403729189074105932e-01
1.022225206306468515e+00
8.582984226316591192e-01
8.618290290619511351e-01
8.635836092138907683e-01
8.710496150874862398e-01
9.820654229930574353e-01
1.062058129199149548e+00
1.051290685639848288e+00
9.269767118351445179e-01
9.223642581186185518e-01
1.014295639265015092e+00
9.129684895403711309e-01
9.796780900676826942e-01
8.381740269452137015e-01
7.737938867727812697e-01
9.524752533123796994e-01
7.824906544381344808e-01
9.537567870136477444e-01
1.057634504990992097e+00
8.863812253628877702e-01
1.057453322948994190e+00
9.439692887551656142e-01
1.057820169891094952e+00
1.055941214363258496e+00
9.690982624023887215e-01
1.084260349571919191e+00
1.025567389823553333e+00
9.741639749982663465e-01
1.098384255785456176e+00
9.640600231579122825e-01
9.809370701668114201e-01
1.007534692081728300e+00
8.705845248959654947e-01
1.084823420183501863e+00
1.073819595381535486e+00
1.023923483323536221e+00
