-1.014098902165452287e+00
-9.481851858345894390e-01
-1.190907039072925055e+00
-7.528386915740130636e-01
-8.274093863074594157e-01
-1.109971979635960393e+00
-1.100436717928790831e+00
-1.172009454503416537e+00
-1.097797111265288672e+00
-8.782743149548190020e-01
-9.895641147598356335e-01
-9.950179965006542560e-01
-8.837310499207657877e-01
-8.682268200798308744e-01
-1.100536588679586147e+00
-9.483916988771242673e-01
-9.767645534457791712e-01
-9.864292386309975180e-01
-1.092712765473289105e+00
-9.361471834467287589e-01
-8.840081648709934292e-01
-8.656393458238911265e-01
-1.066227400327961927e+00
-8.860355268085057245e-01
-1.061533873456748545e+00
-9.314342401115465186e-01
-8.751238085045629500e-01
-1.057691266706849875e+00
-9.552272317540962954e-01
-9.508867805319466404e-01
-1.004065969930907798e+00
-1.017902803055531269e+00
-8.037436689859083216e-01
-8.887869966056710647e-01
-8.857889314783012891e-01
-7.960979093003557328e-01
-7.995330585680187063e-01
-9.242916420667246502e-01
-7.962359413994928303e-01
-9.270211376297204930e-01
-9.095960388029095123e-01
-1.098714035185601512e+00
-9.265269735295607045e-01
-1.057995191967171733e+00
-9.622590235966191896e-01
-9.677459587319745538e-01
-1.029370986470711236e+00
-7.220127990304249233e-01
-8.588087750367739970e-01
-1.047688747979536483e+00
-9.880393607924763399e-01
-9.533031188239790010e-01
-7.894938623961599289e-01
-8.546253935374575894e-01
-9.904893520100188642e-01
-9.690133250039535406e-01
-9.534999949445249756e-01
-8.797223502452757860e-01
-8.651549887473870548e-01
-9.658865623225578734e-01
-8.184603151743635729e-01
-9.264971859627239015e-01
-8.640346723919416494e-01
-8.368044113499857328e-01
-8.646776801377088484e-01
-9.949338093492631208e-01
-7.026014311821381364e-01
-9.156034112922311063e-01
-9.673886011889397674e-01
-7.586013193695820833e-01
-8.824853991930006192e-01
-8.811063881131062647e-01
-7.251711075020624842e-01
-8.289108858854735695e-01
-7.274009831179649721e-01
-7.920356808733604037e-01
-9.071179566924295612e-01
-8.423599156447599823e-01
-8.544569107137053310e-01
-8.879875020954629550e-01
-9.436694043290790868e-01
-9.057572583598627602e-01
-8.169426541147377652e-01
-7.525970741733801761e-01
-8.040221103354443510e-01
-9.232641264804088976e-01
-8.340847097382279030e-01
-1.030151420557902764e+00
-8.641457884982428617e-01
-9.519219000248784202e-01
-9.763592472478579420e-01
-8.803869940874751165e-01
-7.878248240624698973e-01
-9.895436464499542950e-01
-7.392113023087798496e-01
-7.577761425279511132e-01
-9.187640308168040226e-01
-8.141980260333410158e-01
-7.184207959311222913e-01
-9.541726034401953882e-01
-8.289348762561666861e-01
-8.255260880049256622e-01
-8.389832636311631564e-01
-8.204501665004644284e-01
-8.422596767477532609e-01
-7.723356560462414366e-01
-7.551018065905180654e-01
-7.316281814417833207e-01
-9.005131442629703553e-01
-7.644406270052539476e-01
-7.777051528344965936e-01
-6.751765643540165174e-01
-6.801907073680828475e-01
-7.538965312492421633e-01
-7.789643643026427089e-01
-8.495686362405219239e-01
-7.895844849287978473e-01
-8.616906511301755112e-01
-8.574705192692251288e-01
-7.083131839827656595e-01
-7.290447864042218784e-01
-8.274637923840704179e-01
-6.786748645944357117e-01
-6.219763624143673786e-01
-6.900827145974934851e-01
-6.872687842826001869e-01
-7.296850233562472976e-01
-6.088311169639776255e-01
-6.569126971851223518e-01
-5.614118606144705703e-01
-7.404757819028080501e-01
-6.018408583917208565e-01
-6.565447569420599372e-01
-8.058071641384839667e-01
-6.819145034127325200e-01
-7.537393621239195651e-01
-7.108618396227831537e-01
-6.797762757426700775e-01
-6.957517204080412299e-01
-7.255760944843098192e-01
-6.436639340002500154e-01
-8.623238884190471687e-01
-7.747076836984664316e-01
-7.563699835445465425e-01
-6.886934201169571113e-01
-6.600247358162970590e-01
-6.320238560320032839e-01
-6.880019633913276866e-01
-7.579826274116039375e-01
-8.144924141689106056e-01
-7.354059443574094690e-01
-7.002958917057814370e-01
-6.599562687872834177e-01
-8.062811431394784067e-01
-6.640830971529733118e-01
-5.446994430880196525e-01
-6.901147600231952728e-01
-6.332545245084062469e-01
-5.106399199377732456e-01
-7.406156577091290716e-01
-6.140806502848591419e-01
-5.646775300015383081e-01
-5.303389512879624901e-01
-7.960147089759650463e-01
-7.018057405008010230e-01
-5.625498739483354438e-01
-6.776429921171441828e-01
-7.019333482608847152e-01
-6.795607914904012725e-01
-5.970688420054584000e-01
-5.780507263334184742e-01
-6.172373717450917452e-01
-7.580335046499599994e-01
-6.192298059820854350e-01
-6.929463917598898126e-01
-6.239215589442025367e-01
-5.141030948644715881e-01
-6.350303163820626429e-01
-6.956404565504081816e-01
-6.012791758345978899e-01
-6.413894864846411137e-01
-7.409931488972156810e-01
-6.340392527671606659e-01
-7.034727717320051754e-01
-4.320423010393284469e-01
-5.455891612214408548e-01
-5.573773723786236145e-01
-7.792761184353236281e-01
-7.554414781189076056e-01
-6.252942241929290157e-01
-6.227689124336978077e-01
-7.202935190265473686e-01
-5.615867080918514054e-01
-7.241012818715866217e-01
-5.534839617830663583e-01
-6.851633831258382434e-01
-5.983760406481629657e-01
-6.661664828331979038e-01
-7.042410563310954608e-01
-5.196399529528116235e-01
-6.375901619535168097e-01
-5.373932045311018424e-01
-5.204302915497306392e-01
-6.300753148424095285e-01
-5.329190169092876683e-01
-7.129507040204625667e-01
-6.472209736640500699e-01
-6.724775415836099501e-01
-5.810928179356591450e-01
-7.055088465663941211e-01
-6.227668829759264169e-01
-4.607344315133081736e-01
-6.846078018821485367e-01
-5.336980631005495690e-01
-6.573332350135885349e-01
-3.822272335069420990e-01
-6.607210997834245259e-01
-6.065530483615908519e-01
-5.266992864421803366e-01
-6.411170633497732529e-01
-5.609483438213358486e-01
-5.012025855486139658e-01
-6.095578010095270560e-01
-5.720871849734205927e-01
-4.925161180838704134e-01
-4.785957780450360577e-01
-5.536187914713464053e-01
-5.824302457597367866e-01
-4.398166051710907798e-01
-5.803725178704763898e-01
-6.830232473040362962e-01
-3.806097430247602498e-01
-4.526356800126940527e-01
-7.216696060399186985e-01
-6.056260357696903185e-01
-5.823650202720532798e-01
-6.063743289383676238e-01
-5.229988862920401660e-01
-4.867748024498600445e-01
-4.257776825318854708e-01
-3.989283539278831725e-01
-3.095684619352719325e-01
-5.374694926634098202e-01
-4.609651838987633976e-01
-4.415427117925009304e-01
-5.482700478586375326e-01
-4.708480618177797727e-01
-4.233067566889535116e-01
-4.085874813327713961e-01
-6.264879928867306269e-01
-3.795636834372322910e-01
-4.717349080241796111e-01
-4.790972387382573250e-01
-5.041630837190254066e-01
-5.516376067659667370e-01
-5.669833412701353881e-01
-6.164929270891756907e-01
-4.660159012865420780e-01
-3.562267721953230049e-01
-5.172923962835109801e-01
-4.021289083877538362e-01
-3.822244558507001955e-01
-6.394735220930756192e-01
-3.669847146800014892e-01
-4.341586775560455913e-01
-3.930888286401649223e-01
-5.108849098782350939e-01
-4.358818034173174150e-01
-4.286461729438694190e-01
-4.904606183691693211e-01
-3.669144407689210463e-01
-4.288399429794521600e-01
-3.149372291829323212e-01
-4.801885217598287903e-01
-4.432589762493110430e-01
-4.310678957221952823e-01
-3.399010939296133182e-01
-4.664070693865361439e-01
-4.316850889292524474e-01
-4.164555868614250311e-01
-3.799504168720847508e-01
-4.208968417689580299e-01
-4.874167569353597407e-01
-4.149912567267848851e-01
-4.212361003229239675e-01
-3.813091121560234775e-01
-2.910338757919123109e-01
-3.174055158948954625e-01
-3.315454702978913870e-01
-4.317881143728420912e-01
-3.657130345440048891e-01
-4.185745038953079256e-01
-3.085990784130656639e-01
-5.253538889779164611e-01
-4.181132647413562387e-01
-3.540375712247686990e-01
-4.136068307708915537e-01
-2.220396808876330952e-01
-2.921109331705792345e-01
-4.753785929649476660e-01
-5.003340193181615714e-01
-2.905556318532894755e-01
-5.004778789874236855e-01
-4.970058573996090634e-01
-3.363295412927672090e-01
-4.437839969565598452e-01
-3.171624425139716874e-01
-4.006173600674177715e-01
-5.732892688464092945e-01
-3.629291987385975804e-01
-3.968485950638183102e-01
-3.371471649378277036e-01
-2.954634779765628050e-01
-3.586710226262977419e-01
-3.805965721898109666e-01
-3.824131598774999086e-01
-5.070243060053740702e-01
-3.427537990780523680e-01
-2.114284475207980907e-01
-4.163649835502453711e-01
-4.319252590997395003e-01
-2.509375241185251015e-01
-4.557067375221007244e-01
-3.824899699574940692e-01
-3.256123932008969657e-01
-5.783261798734364856e-01
-3.867911451701915859e-01
-3.355697598615418054e-01
-3.973529872755292014e-01
-2.532489937128219459e-01
-3.529798311973703639e-01
-2.901427756681428383e-01
-3.261285371259802779e-01
-3.528591402614350003e-01
-2.468778487486943674e-01
-1.988679258172949549e-01
-4.373651470134594377e-02
-5.216211944891812058e-01
-1.876718404996527423e-01
-3.320871701230271311e-01
-2.764915675679464058e-01
-2.333716580741782010e-01
-3.000971397288141329e-01
-3.802026376135525521e-01
-4.620395023807289947e-01
-4.144971683368849358e-01
-4.128073033663884339e-01
-3.916059799172769695e-01
-2.320818878306813438e-01
-3.130907022000110063e-01
-3.731897378874493021e-01
-2.704929897980054565e-01
-3.175367605827575934e-01
-2.335541909720944831e-01
-3.073096162862108960e-01
-2.131949257322881819e-01
-4.766358081282289771e-01
-1.694070063673231430e-01
-2.557376478731556713e-01
-3.304338041779943391e-01
-3.775280376900689294e-01
-3.245348882207156338e-01
-1.950326639899062353e-01
-4.923165164279478256e-01
-1.633985170651957031e-01
-1.935904936015616640e-01
-1.962167548857246188e-02
-3.473815190529409014e-01
-1.958632601267471240e-01
-2.840349175035578044e-01
-1.829059390301432664e-01
-3.418341108091799696e-01
-3.119953000915962615e-01
-1.969207769382217144e-01
-3.205400490265624680e-01
-3.401017426526452003e-01
-3.415977128138690255e-01
-1.437255716064579913e-01
-3.080208148658825640e-01
-2.366435584246572021e-01
-3.331915597266651985e-01
-3.200199293480350815e-01
-1.827275589842105585e-01
-2.583288741450242010e-01
-1.814025156968809560e-01
-2.727782023618727236e-01
-7.536945166058106604e-02
-2.683860652196140562e-01
-3.178839303759820045e-01
-1.353773245223094390e-01
-9.693895049708926848e-02
-4.112963826244037113e-01
-2.186534168928729871e-01
-3.939203535528075784e-01
-9.094801148863604356e-02
-1.887651559876878660e-01
-2.865291558046049736e-01
-2.157461362242481806e-01
-1.822441063818836249e-01
-1.694147314973946106e-01
-1.003277566768380341e-01
-2.828609655904155695e-01
-3.111733973651457652e-01
-2.399865853903738189e-01
-1.751127697448615073e-01
-2.154418466104944807e-01
-1.932897618447687316e-01
-2.679756101204554541e-01
-2.129517925326334937e-01
-2.171249254528158368e-01
-2.081597317019150406e-01
-1.821964946052681278e-01
-1.632460936707350041e-01
-2.122809920224053570e-01
-2.496467268502820247e-01
-1.247852367742410123e-01
-1.920205639967139666e-01
-2.716508842326818551e-01
-3.241180536525918310e-01
-2.335918111674792630e-01
-2.548818180376061782e-01
-1.308191501806419688e-01
-8.578536617866346081e-02
-3.160094492847219660e-01
-1.127640782753357857e-01
-1.602945891464042649e-01
-1.302916971092316356e-01
-1.097839355893152902e-01
-1.315356301055543298e-01
-1.446178831075957405e-01
-1.585043837133990885e-01
-2.356467179209691121e-01
-3.409532585555037909e-01
-2.174748761282711829e-01
-1.230709446797830925e-01
-2.480731913648015208e-01
-2.972998285394485851e-01
-2.659333028352126038e-01
-1.573836196312523861e-01
-2.289368420563052120e-01
-1.176358619448713283e-01
-1.580044962720660306e-01
-1.869810457316506414e-01
-1.657540991802473884e-01
-5.465801670600693024e-02
9.154476246998405342e-02
-1.618254775309047599e-01
-1.221603171727530940e-01
-1.457950054201112289e-01
-1.033161434459525102e-01
-2.926344150326703475e-01
-4.168716496490128959e-02
-2.426675092146281590e-02
-1.665742443426625752e-01
-1.989785776771745007e-01
-1.234097636237850848e-01
-4.626513281111929721e-02
-4.799916942619796012e-02
-3.595380848247180933e-02
-1.666555789076592520e-01
-7.817751393141933458e-03
5.473878521920171741e-02
-2.094758037713845833e-01
-2.226529918078751571e-02
-5.751626606497653449e-02
5.900431701103820564e-02
6.440022815368710851e-02
-7.279910906912344382e-02
-4.567084525373239084e-02
-9.843693357761718055e-02
-7.342775731140700236e-03
-8.090650762122579553e-02
-9.632285140724468342e-02
-3.007311424909588429e-02
-1.908836305963393931e-01
-7.570333072204243896e-02
-1.923345310804779669e-04
-1.566837838910259059e-02
-1.370642289305732953e-01
1.323520493487695578e-02
-1.389914000985753018e-01
2.948812352528355427e-02
-5.082324829034922525e-02
-1.880757030122073500e-02
8.844530426637120524e-02
1.873547669035402485e-02
-8.301325907766481105e-02
2.336657198994783816e-02
9.805494670176292948e-02
5.162909569868961990e-02
-2.491555290423826466e-02
1.091932778444882832e-02
9.735279585589066975e-02
-1.674154881935167871e-01
1.141839584415589165e-01
3.446993885694826093e-02
-5.845959461920988143e-02
-1.918503613056892279e-02
-1.336526185133382338e-01
-4.334769535370722182e-02
-1.258340462357478706e-01
-6.160730327388163480e-02
4.650114218687208950e-02
-5.813574006340731931e-02
-1.012879980425325788e-01
-1.014867742420364968e-02
1.015225921280784593e-01
-1.982698117803178769e-02
1.619938943590069902e-01
1.106929751615626373e-01
-4.581765921515977905e-03
-3.819439454875559609e-02
8.111622914759560043e-02
-1.001163637721010427e-02
8.327383893436064765e-04
-1.029263436610497184e-01
-1.021691452280126984e-02
-1.408653181037666444e-02
-1.247614059117500840e-02
2.481017134459636564e-01
6.259537093741075579e-03
-9.143089962521921965e-02
2.049614502208483430e-02
3.456669709151516390e-02
3.499649577635162434e-02
1.148131230311692647e-01
6.372363356201937550e-03
1.716260708959004844e-01
-5.982474528169304945e-02
9.935645561055510278e-02
6.370488982634438246e-02
1.064230292182311438e-01
8.063349981526589383e-02
2.318237939688896909e-01
2.198930252392802265e-01
-2.970999934891726743e-02
9.045159410204023365e-02
9.896762007297404962e-02
-4.823496322343219511e-02
9.663014185708528048e-02
1.647070048382288376e-01
1.173127323399980881e-01
9.064922237083863910e-02
1.725084425175778813e-01
1.702812033432854755e-01
2.001436950373072232e-01
1.455887940395951818e-01
1.518658463572973571e-01
1.162439454835630659e-01
9.657017327220507319e-02
9.394654339794875075e-02
1.463561209124644887e-02
-5.992852789724336521e-02
1.381324438115623665e-01
6.921690003449833262e-02
1.565250279669474498e-01
2.351177758273084450e-01
9.827170186523664919e-02
2.117026827387893662e-01
5.604716018041274589e-02
4.308323018509228192e-02
6.756108839222116358e-02
1.367254606313924592e-01
2.351585474808353948e-01
1.562791700776686443e-01
5.577725697079169431e-02
-7.136803582250984129e-03
1.156179818956892535e-01
1.049491478829369662e-01
1.240896580036555952e-01
-2.493378674443025300e-02
2.007644176403012015e-01
9.259497999015180170e-02
1.362044559515400433e-01
1.327345979913354124e-01
1.971818115287888584e-01
1.906968054075183772e-01
8.935707124244259003e-02
1.702095830215375749e-01
2.537504018216033552e-01
1.421667792736760194e-01
2.461140427963759147e-01
1.914565524117106954e-01
2.236977741067686654e-01
1.527538469240167229e-01
1.306875819178246190e-01
2.469128717196005796e-01
1.534993611758172782e-01
2.117469722395388942e-01
9.705489009949704038e-02
1.949261336126246746e-01
1.965304453081927749e-01
2.828791582169293828e-01
3.158855382714390592e-01
2.719097366447224828e-02
1.703215559652414557e-01
2.775666085865129418e-01
3.028403233584521792e-01
3.712674124349119587e-01
5.932829337401544084e-02
2.124090476171500430e-01
1.618948819393499217e-01
2.187499415986180751e-01
3.089431231457630544e-01
2.738954313274916119e-01
2.070024553864394934e-01
1.039817069627125140e-01
3.342168150734843857e-01
9.373767229932836176e-02
2.811525221866821855e-01
1.083300461635999107e-01
2.197056620370855806e-01
6.457548993021759720e-02
1.658803827639927508e-01
1.881207692181106061e-01
2.961182797505921283e-01
2.119941601084586735e-01
1.258696340994676088e-01
5.958250042307185884e-02
2.966483601677596393e-01
1.521376154049188523e-01
2.436325348158031034e-01
2.692775823820327541e-01
2.338240573514716036e-01
2.903602887579067038e-01
3.617225269559749545e-01
3.031097587148423034e-01
2.660619801760162884e-01
2.669455231115785421e-01
2.085605403498609067e-01
2.661871097869301095e-01
1.923928160482477612e-01
2.811138701448754329e-01
3.736127450123108429e-01
2.228809422271106622e-01
1.031806894577714934e-01
3.941419929139203249e-01
2.242709087042983052e-01
1.628701197791984634e-01
1.529652737447417254e-01
3.450203235401506086e-01
4.670520243772733893e-01
2.728450951101927813e-01
1.000315717276007016e-01
2.987584698898672064e-01
3.188136624988574530e-01
2.334667088260796997e-01
2.158355666306354947e-01
2.503232234826089919e-01
4.586164173856980275e-01
3.174279887383791854e-01
3.106675201737793546e-01
1.701894521067308652e-01
3.829241374851156121e-01
3.333131990147570889e-01
2.833085811060475079e-01
3.086098107328768547e-01
1.757449370647578002e-01
3.011211862942764217e-01
2.760421609273242538e-01
3.129913718679753765e-01
2.378277240509498458e-01
2.030166039987794657e-01
4.809693741185437910e-01
3.475339269595305036e-01
2.117640399709607713e-01
3.543460072026137775e-01
2.621438016641810531e-01
2.763999823090073638e-01
2.308055305874866792e-01
2.528196861787969651e-01
2.550618602109836486e-01
3.998716033224346544e-01
3.764911557172251344e-01
5.129480732467035509e-01
4.434728984015866016e-01
4.150992220664260768e-01
3.137389131359331063e-01
3.819915062316341925e-01
4.508597623020576539e-01
3.196879448192769257e-01
3.524280116254401296e-01
3.824959993272553094e-01
3.745097844925188157e-01
4.449150286960479872e-01
3.287973005780547298e-01
3.139755666756448571e-01
1.489273315189537927e-01
3.972331649877056114e-01
3.795750775584726400e-01
4.705713492753327287e-01
2.624796543696864548e-01
4.949764047534112033e-01
3.836235515071466651e-01
3.894028409896204690e-01
3.656078558502384723e-01
4.006079374175929297e-01
3.349079142149890553e-01
3.434165214061682403e-01
2.529283610033590257e-01
5.653696570604669347e-01
3.118671599563244690e-01
4.404192518267062706e-01
3.404660989584851749e-01
3.312923357510240141e-01
3.420078071534848885e-01
4.995232106762951263e-01
2.854975737545188408e-01
5.197458856275843919e-01
3.823141151162258722e-01
3.316214555326296720e-01
3.743561868882051002e-01
4.987377846235742096e-01
3.685580106483583585e-01
3.509964179311163557e-01
5.035990562529999437e-01
4.974094046880142006e-01
4.377492151041490476e-01
3.289338515553631992e-01
4.533257395777020027e-01
4.409597796737299014e-01
3.555010897734233732e-01
3.244963092071102007e-01
4.210148019468428759e-01
4.796074400851707553e-01
3.971263936004025275e-01
3.325624380391542512e-01
2.710875757432446576e-01
5.570149957839006793e-01
5.091467175500693498e-01
4.649460535333512223e-01
5.290273281222587221e-01
4.680589806130104891e-01
4.262293433546360255e-01
4.572507606587755680e-01
4.982859879902634681e-01
5.059375031019142099e-01
5.759470436737983423e-01
3.412308514524446390e-01
5.401016212672896666e-01
4.783203909986370461e-01
5.830408497658787770e-01
4.543052944460522768e-01
4.120788147431538317e-01
3.984668178293419571e-01
4.838868643407950310e-01
4.316746512013263648e-01
4.131933034206455302e-01
4.847502469940049852e-01
5.576486255724272256e-01
5.694764334290534080e-01
6.287389222214234685e-01
6.024696700457068399e-01
4.870266886804115458e-01
4.749301546395011120e-01
4.923414749598074569e-01
5.316201722073251590e-01
5.244445844306596660e-01
4.649499750356634320e-01
5.672081312744629011e-01
5.702716585578617714e-01
5.680159768836995360e-01
5.818857974323623505e-01
6.468725916053726932e-01
6.453926801081552034e-01
6.645930127002552812e-01
5.177544396219505574e-01
5.270524967085492563e-01
5.420032857693404260e-01
6.263151625411962353e-01
5.664211127573087756e-01
4.968224117539640217e-01
4.206878179169671328e-01
5.606513805254940142e-01
6.128412516523177311e-01
5.501953047145072828e-01
4.614275666279682997e-01
5.523659382628229864e-01
3.871937203941742123e-01
5.482836902558281267e-01
6.054908549276351026e-01
5.060719685703150006e-01
5.684704319454703114e-01
4.986456208225191755e-01
4.682075217026430702e-01
6.906776216730999840e-01
5.456426405663872270e-01
5.250114307973752226e-01
5.546078408147081529e-01
7.689664132157389975e-01
4.222964627516463954e-01
6.668116836110739021e-01
6.130169627679817879e-01
5.272597950441528791e-01
6.030647861399046628e-01
5.833376188873156121e-01
4.932814536423658081e-01
5.224471701530281065e-01
6.074816153741428026e-01
6.341500951287739607e-01
6.397836988321310425e-01
6.594959479478421649e-01
6.632234578755326071e-01
5.249487508214309983e-01
5.177187033068805233e-01
5.877534864698882311e-01
6.976134266894649105e-01
5.144212753685829531e-01
8.065843123360112443e-01
6.178229354293678366e-01
5.339845075092031212e-01
6.462818074801969237e-01
7.158521575614165133e-01
7.338055981474727041e-01
6.215053593881120220e-01
5.477466390344805092e-01
7.999966730144985050e-01
5.598228793756623300e-01
5.794097412054052265e-01
6.517267164205025054e-01
5.558945509819563924e-01
4.473853076703182552e-01
5.698509997631324708e-01
5.929700052690484169e-01
6.399677420592939647e-01
7.328410855395399714e-01
5.333936367932182732e-01
4.951032434141390270e-01
7.295683602401162871e-01
6.567445062729625471e-01
6.341940300485783277e-01
7.597394417855974913e-01
7.091192020387693251e-01
7.129642842317264195e-01
7.311728057266271286e-01
6.400385360878838581e-01
6.416674041347684154e-01
6.733742509574757173e-01
6.533037055701890194e-01
7.179688245224047360e-01
7.392158023484729501e-01
7.455443154550034368e-01
7.556105581297689611e-01
6.180629271191407925e-01
7.444473876936403833e-01
7.451420347757804485e-01
6.752835740331467607e-01
7.220061127877661633e-01
7.130714385587330062e-01
7.894232353010467440e-01
7.519699135001830514e-01
8.899700136445167775e-01
5.341339805514256911e-01
6.727525271514318561e-01
7.236431988821409034e-01
7.228082283550618659e-01
6.895906404986859028e-01
6.968674169692472553e-01
5.497361132462523781e-01
7.171944008593879039e-01
8.019689166630306065e-01
7.908650201300592153e-01
7.046054285533570605e-01
6.969932910844898188e-01
7.509290188362079954e-01
6.459849918390383472e-01
6.841248295282308378e-01
7.560349456870268936e-01
7.095590856033813232e-01
6.229434711653282220e-01
7.364808554595323464e-01
7.213460951902685991e-01
6.983084140725374089e-01
8.747199841266657394e-01
7.324822445810615923e-01
6.341628410303973284e-01
7.923529259586816753e-01
8.849735622138930058e-01
8.467788999499314961e-01
6.720398845313866332e-01
8.790428162219184882e-01
8.307888705232496784e-01
7.776879747911920049e-01
6.939749290225655232e-01
6.399444646194103470e-01
7.761888381941517423e-01
7.141406400147607414e-01
7.720178110243369751e-01
7.898482012451433221e-01
7.528905878701901422e-01
6.847904903429514745e-01
8.605228970677765155e-01
8.063787209937949285e-01
8.805198401030157607e-01
8.238077794827239897e-01
7.055894801017862372e-01
7.409958945466637026e-01
7.782125297914939122e-01
8.161473727099383124e-01
7.154479498970730544e-01
8.944719382689835241e-01
7.718912506122667105e-01
8.052674269177629851e-01
8.962028111034826550e-01
9.322834910321039503e-01
8.064397734792581041e-01
7.515324409480390599e-01
8.490340935472190376e-01
8.902455347039326394e-01
8.343282655880652765e-01
9.540123671672754435e-01
8.096847038867913682e-01
1.113192896081034444e+00
9.985009705243431677e-01
8.279419178861393558e-01
9.864343170273989214e-01
7.868168947348649356e-01
7.591474499292837352e-01
9.075843043532459964e-01
8.664813072996959686e-01
8.437472422180565257e-01
9.109473799777422220e-01
8.157764767733999278e-01
9.358742952443231955e-01
8.880786316673759950e-01
7.505629315734131390e-01
8.572235204676584841e-01
8.799239853009985790e-01
9.471248584287583760e-01
8.541745924956035685e-01
8.103364666837296060e-01
9.452755140823571045e-01
9.071509437147099453e-01
8.911222319076917975e-01
9.046471533454096825e-01
9.556272636204971027e-01
9.430063918342479479e-01
9.486687212112561163e-01
8.740396608361212794e-01
8.977799769812105923e-01
9.113685849454945531e-01
9.996949646407682355e-01
1.067854693511741448e+00
9.749990883690613508e-01
9.704477877069318525e-01
8.991605278905318022e-01
9.980772986047752315e-01
8.212074679760766882e-01
8.147877823628286720e-01
8.090631656478716183e-01
1.057176946856342559e+00
8.663693287164974111e-01
9.344948468316041090e-01
8.735116194677052803e-01
7.774733731814128523e-01
8.372645180916983287e-01
7.763031840742607992e-01
9.389328641585031887e-01
8.926980630265356487e-01
1.075040448379593450e+00
1.060494861833349400e+00
1.019766847344441230e+00
1.105156318008293725e+00
9.529600144726576572e-01
1.029399927131916970e+00
8.464263784088864595e-01
8.513792623377737234e-01
8.461323258717133866e-01
8.744359720185123086e-01
9.794846969299354500e-01
1.074991819166490448e+00
1.073085571210652622e+00
9.368250874165151565e-01
9.423383947185138831e-01
1.006820352060560531e+00
9.172633862845372965e-01
9.733889814960184905e-01
8.599170808163625335e-01
7.572517154224995828e-01
9.824360274258788772e-01
7.894836846525820073e-01
9.564029142693064589e-01
1.081294519073437099e+00
8.906455565461498525e-01
1.040640368820844097e+00
9.308041888909308614e-01
1.057625112515092614e+00
1.049695038823418969e+00
9.747551562718002049e-01
1.078466113123762726e+00
1.025326493655409621e+00
9.429510248045804843e-01
1.090733507734193086e+00
9.865257481870634004e-01
9.824922124902031317e-01
9.910864906254593931e-01
8.651249772576824482e-01
1.112652329556714115e+00
1.075493374551394599e+00
1.027250209104668688e+00
