-1.061955153933126672e+00
-9.659547378268730222e-01
-1.042990774878048699e+00
-1.074019048710545876e+00
-1.068759808070862238e+00
-9.672988242336227893e-01
-1.209657772220085192e+00
-1.000648646723853785e+00
-1.094301656829930192e+00
-9.542174876716204013e-01
-1.000416108213843636e+00
-9.895602660863279665e-01
-1.043122189119392695e+00
-9.239705808044992308e-01
-1.154121248247667264e+00
-9.614056948299346539e-01
-9.220331246416358928e-01
-9.655574574365091145e-01
-8.583968340905048233e-01
-1.069439222055694305e+00
-1.142606908320522363e+00
-9.688256117399545175e-01
-9.471547980479393392e-01
-1.059388725628114702e+00
-8.637546683260718394e-01
-9.344494701332431985e-01
-9.711513749467228784e-01
-1.032352354226406366e+00
-7.943513914932485154e-01
-8.844375692636998743e-01
-9.776933505954120696e-01
-9.456478407043401591e-01
-8.945101592767507048e-01
-1.060610139635286719e+00
-9.737029298818551393e-01
-9.383788320751402789e-01
-9.893112152285818972e-01
-9.050620214902851401e-01
-8.067497005062407300e-01
-8.186423992821292295e-01
-9.827235074856736086e-01
-1.001493571770080582e+00
-7.934462108909093869e-01
-8.108016395936475940e-01
-7.826897114355413354e-01
-8.767941664298036786e-01
-1.059241933506913647e+00
-9.123377420403575577e-01
-8.491405056798400075e-01
-8.741234094312838598e-01
-9.107404993669082627e-01
-9.912150222241535857e-01
-7.595390623674992403e-01
-1.019412936909618317e+00
-9.032006256457617566e-01
-8.976299814719793657e-01
-9.345759251867479245e-01
-8.273265547936808906e-01
-7.746305599171589007e-01
-8.437138657207220449e-01
-9.165364276753520389e-01
-8.508925538865491633e-01
-8.960968198525453010e-01
-8.891767104733685478e-01
-9.236558592418108171e-01
-9.329613625446526726e-01
-9.285922624034231854e-01
-9.648542821746451947e-01
-7.946575431308189330e-01
-9.463893797801856689e-01
-8.877405148256395373e-01
-8.572770618938339027e-01
-8.575387888028737082e-01
-8.919266647273382809e-01
-8.202487910807019222e-01
-9.318313733415227729e-01
-8.321116963635309949e-01
-8.744546942944828594e-01
-8.568752420706049477e-01
-8.680115026853985061e-01
-7.063419468395911727e-01
-9.824091682985595098e-01
-7.362051127755314672e-01
-8.647177173112925441e-01
-8.377513684428506968e-01
-8.250991138897433297e-01
-8.379058263821691499e-01
-9.130734405376388363e-01
-6.942730500097510360e-01
-8.617536878758563779e-01
-6.004477470261412320e-01
-7.062683440194348350e-01
-9.073381877950804641e-01
-9.231720851750825352e-01
-8.509272796888630586e-01
-7.472904196677216948e-01
-8.213577843069177487e-01
-8.387277792005685129e-01
-9.110629664379126247e-01
-6.780794637866209840e-01
-8.799978851884655562e-01
-8.467964834368063576e-01
-8.586782777155103075e-01
-7.941835735834804622e-01
-7.905914880158638747e-01
-6.622657963274273252e-01
-1.049983304654700467e+00
-8.736829531233804014e-01
-6.813879556143376259e-01
-7.892217910034377004e-01
-8.312310788062612366e-01
-6.527647743264605174e-01
-7.275706975944656874e-01
-7.785710069044590176e-01
-8.043285452174026018e-01
-8.580428022512140984e-01
-7.571848633192872491e-01
-7.680784578251095285e-01
-8.428977524949640143e-01
-6.228556178004877042e-01
-7.232717161063738631e-01
-7.330454383482392089e-01
-7.801737664837462560e-01
-7.323390050062825729e-01
-6.115011356100323869e-01
-6.506465307978243073e-01
-7.257935418054789478e-01
-6.407469903497194919e-01
-8.239244211321353761e-01
-6.546210293719058049e-01
-7.406866855816247597e-01
-6.928197208363945370e-01
-6.638741006069051043e-01
-8.134268949438464569e-01
-6.613697478557144516e-01
-7.947763151154555450e-01
-6.050055700341860909e-01
-6.366678054700873890e-01
-5.240295267108943111e-01
-8.214296715334377108e-01
-8.134208192194112286e-01
-7.683187388627249481e-01
-7.270931242536602390e-01
-7.008877179017298786e-01
-6.854944810309333558e-01
-6.129999406628552361e-01
-7.829845392247674063e-01
-7.758624150147913623e-01
-7.194038734335245211e-01
-6.110540750409824140e-01
-7.779971374882355128e-01
-7.409372776513357683e-01
-6.707933476034688702e-01
-6.103009462139062924e-01
-7.205780286804069901e-01
-5.699685507979068699e-01
-5.025660705099367354e-01
-6.608773618169020425e-01
-7.064654090964096467e-01
-6.874870373973396287e-01
-6.965354620145379760e-01
-7.084746743439456207e-01
-7.342438618566503594e-01
-7.298677157455725206e-01
-6.463670340069066489e-01
-6.368246075897802116e-01
-6.597521939712575056e-01
-7.075461336247420574e-01
-6.794587622583404540e-01
-7.263892793739991083e-01
-6.900692089917559446e-01
-5.599371601646849772e-01
-6.736137142067643024e-01
-5.807713207618833140e-01
-6.933588638618047861e-01
-5.823591817625460854e-01
-6.258906873990605080e-01
-6.480258007811775522e-01
-7.888482336622436586e-01
-5.935428118727861246e-01
-7.251146163561159597e-01
-4.904378045153295340e-01
-6.129865112511763137e-01
-4.761358815411042000e-01
-5.089634210923043023e-01
-7.670063657753113384e-01
-5.756187600510843660e-01
-6.292951691520092261e-01
-6.420268624972205185e-01
-5.397447654244971194e-01
-5.749058234628144914e-01
-5.117331762088361824e-01
-5.057743173299174000e-01
-6.975398651375818160e-01
-5.312795816068633936e-01
-4.159801244640031204e-01
-5.200689379803326018e-01
-5.997494874449610380e-01
-4.872086626954795219e-01
-4.979434810126530109e-01
-5.720179371537370550e-01
-7.090910841706790091e-01
-5.951298132059763546e-01
-6.797550292417261497e-01
-5.528847776310831241e-01
-5.677803513602777130e-01
-5.921668656386580576e-01
-3.768567491395590219e-01
-4.994860007091284082e-01
-6.540202418616847257e-01
-6.441747153847499074e-01
-6.216132945296902745e-01
-5.788643526385208737e-01
-5.802870199119419814e-01
-7.697431893158898086e-01
-6.382712746952848848e-01
-5.632531107729784603e-01
-6.990754765916679103e-01
-6.492596015698349765e-01
-5.955473738135768080e-01
-5.768629954307384899e-01
-3.875870049089614744e-01
-6.096185318636483386e-01
-4.780074194945080901e-01
-6.010014477660002852e-01
-5.700148689176626204e-01
-5.970904442532806167e-01
-5.477157303602157024e-01
-4.864281465548018768e-01
-5.137272665033594254e-01
-5.366286099179533586e-01
-5.825596971811543012e-01
-6.422315662420189364e-01
-5.719981285301658502e-01
-5.533909575022885052e-01
-5.353959571181382548e-01
-3.827370856516663644e-01
-5.576756259005181127e-01
-5.337726135076494849e-01
-6.096061147336423458e-01
-5.458289013328039285e-01
-5.535217521802949792e-01
-4.193937435312819484e-01
-5.724848761068856984e-01
-4.319258500792070299e-01
-4.921031912831745347e-01
-4.108565922740854415e-01
-5.358218226821038765e-01
-3.690026174513180712e-01
-5.442120084643049527e-01
-5.800673320400003830e-01
-4.884345569122797714e-01
-2.868759915340323152e-01
-4.783946330325101193e-01
-4.444806825372103476e-01
-5.674022145406359963e-01
-4.771629943471584756e-01
-5.105349753346400954e-01
-4.840768892568911297e-01
-4.880171201655840729e-01
-3.967913917392357770e-01
-2.867275329740562317e-01
-5.236174955339538695e-01
-5.446710435782604609e-01
-4.156967724072438419e-01
-3.646492478129904069e-01
-6.794701594388986576e-01
-3.442332233203692082e-01
-4.656004519799553654e-01
-4.078764800575001015e-01
-4.867912397952720571e-01
-3.777861829913599645e-01
-3.817248396725595461e-01
-3.562804884986291998e-01
-4.162100838013535475e-01
-4.835350321304174859e-01
-6.284257153692117681e-01
-4.185118695163583258e-01
-3.799729799934966068e-01
-3.421622967828802930e-01
-3.206746350416704860e-01
-6.149912954480252214e-01
-2.379677729124888563e-01
-3.698606331501316236e-01
-4.058948273038532339e-01
-3.660257375723283690e-01
-4.827298127574930486e-01
-2.458037707536213645e-01
-5.239215622168855724e-01
-3.370732882473053693e-01
-6.533393446575220809e-01
-5.451486890659866802e-01
-4.900021860460421208e-01
-3.409697805322798314e-01
-4.332566150630730029e-01
-4.159774585042953499e-01
-4.121486386836360483e-01
-4.228289882816672618e-01
-4.724329624528413318e-01
-4.223788654509628704e-01
-3.046693781497741282e-01
-4.409678221856152547e-01
-4.088323234945060447e-01
-4.308101431447865504e-01
-6.233744211751784947e-01
-3.798548848447343418e-01
-3.946444796764820850e-01
-4.662876336960294910e-01
-2.240597803544915056e-01
-3.218864217595816535e-01
-4.043472889178862384e-01
-2.795767298918303556e-01
-3.972900757472604960e-01
-3.758797123164818177e-01
-3.036116682327546501e-01
-3.134774074786646492e-01
-3.619629230298995193e-01
-3.895661212652650751e-01
-2.373624734534736380e-01
-3.466155548648995888e-01
-3.437783498191746556e-01
-3.220431785869385388e-01
-3.982610556289288839e-01
-3.886872546506377479e-01
-4.313191557381705898e-01
-5.218551382466127819e-01
-3.888377055691271678e-01
-3.890518035672454467e-01
-3.359434474946196847e-01
-3.477922374901523117e-01
-4.258628915642727608e-01
-3.898839410392623828e-01
-3.262199397920622634e-01
-4.167796747835338378e-01
-2.466543996426180385e-01
-3.436691869644432074e-01
-3.494470875796096832e-01
-3.545122313574795014e-01
-4.015050304852837426e-01
-3.295951782291147714e-01
-2.323934720033169754e-01
-2.647289938470516191e-01
-2.785784669442588068e-01
-4.557743834213347500e-01
-2.637692341104148630e-01
-1.785681620399535985e-01
-3.574194530305703776e-01
-4.462952158341099151e-01
-4.058849082937669994e-01
-3.000414438643941306e-01
-2.966334791630600987e-01
-2.974767239894287041e-01
-2.256524721244100584e-01
-1.562249719888868238e-01
-3.692614310095908015e-01
-2.312792523313934590e-01
-3.146313925770603537e-01
-2.269756347330962043e-01
-2.893427485019751111e-01
-4.167446682774801903e-01
-3.217829697612286100e-01
-1.582534958438607531e-01
-1.064908635089871353e-01
-3.592393568011806870e-01
-4.342629669033813422e-01
-3.552309493088301462e-01
-3.829183016644792659e-01
-2.842700914825357361e-01
-2.591841628155656108e-01
-2.299053742560689395e-01
-2.066168472561148439e-01
-2.723630676203666057e-01
-3.020705503823186144e-01
-2.852050976082830952e-02
-3.242038679895759001e-01
-2.231900431593588641e-01
-2.847476045712605264e-01
-1.943010800674166150e-01
-3.307189893217078458e-01
-3.300750279976402135e-01
-1.047044492546359562e-01
-3.073327980645197965e-01
-3.885485259666025537e-01
-4.862875990255839387e-01
-3.264407456905870086e-01
-2.712384936466128438e-01
-1.860744343982430049e-01
-1.842585354440283429e-01
-2.582564124547868656e-01
-2.546651154132981709e-01
-2.053588017065227089e-01
-2.527515121988771485e-01
-2.204830547011935871e-01
-1.362059714965503654e-01
-1.296181957352297576e-01
-8.419194413456702886e-02
-1.668299339957984018e-01
-1.627557935318320881e-01
-4.736457494125616979e-02
-1.765437765338780385e-01
-1.099828913898371896e-01
-2.379443720161411036e-01
-1.970715324291795745e-01
-2.130067359753410328e-01
-3.081010857116070478e-01
-3.162400028519826711e-01
-3.492701083746962282e-02
-1.719699822392324884e-01
-2.476045816147930401e-01
-1.610995436716641249e-01
-1.232290368803112407e-01
-5.377238081882386445e-02
-3.051480542463127499e-01
-1.366532725216165478e-01
-1.448161167612634082e-01
-1.671460810223331095e-01
-2.686124579028846271e-01
-7.320868356408011257e-02
-3.374736428753831174e-01
-2.043062126372953424e-01
-2.215799639113708031e-01
-4.860859785233270780e-02
-1.510594802954872973e-01
-2.036761324634054904e-01
-1.353646753204510167e-01
-2.417640057159659850e-01
-8.522556188630732443e-02
-1.023723879598116560e-01
-1.089656183658157251e-01
-1.312159747398990717e-01
-1.700906625132672378e-01
-2.335390964880074485e-02
-3.073231099110542222e-02
-2.242337634106834621e-01
-2.908181121358449986e-02
-1.403196613425310990e-01
-1.315455405709461956e-01
-1.659679089969994525e-01
-1.245446749853604956e-01
-1.366327186523653980e-01
-1.281671330830184141e-01
-1.352070821153982527e-01
-3.541532995371227122e-02
-6.526711636421711482e-02
-1.994274948323033758e-01
-2.887739756852733541e-01
7.546972550932633597e-03
-1.646784816964319553e-01
-1.033691039701339076e-01
-1.357122016589096813e-01
-6.172533595281204377e-02
7.397732572142520606e-03
-2.341017271910494357e-01
-1.109327986507228914e-01
-8.485054944561526424e-02
6.078129526044313835e-03
-2.456621495023521839e-01
-1.455701293676499586e-01
-7.548647366801385095e-02
-1.255410954167048843e-01
-1.195917895432700578e-01
1.043556885060990119e-02
-1.303482381629415127e-02
-1.055030017015799598e-01
-2.064148137640491321e-01
-1.008409579848514870e-01
-1.198131573170086728e-01
-6.853509445385347343e-02
-1.033069597028478254e-01
1.867955466950436960e-02
-7.772838278034459314e-02
-1.061312517459347265e-01
-3.769622431125786710e-02
-4.553733176552192397e-02
-9.496690374951126390e-02
-5.620497391902812279e-02
-1.999676865045011964e-01
3.014044251783731809e-02
5.247857429553811487e-02
-7.539554433928787394e-03
2.958209481127275012e-02
6.645235427413501150e-02
-5.874970878354212039e-04
-8.542045064493969386e-02
-1.941567456592676044e-01
5.641913865817455714e-02
-2.511853016584084802e-02
-5.175844940406022776e-03
-5.253089748083843852e-02
4.365241492490046227e-02
-4.413486831404933586e-02
-1.928424522814139314e-02
-2.386147326926016041e-02
-8.228106199766999085e-02
2.807264795414899164e-03
-1.711833228809112317e-01
-1.005563778666318797e-01
7.880135189236964210e-02
-1.022660625839420800e-02
1.855803183513936305e-01
-4.234386840857886497e-02
3.029359518906641485e-02
5.806845058899182122e-02
2.289046271633299670e-02
1.406755965299581468e-01
8.078206130976502142e-02
7.491043825535745413e-04
4.519037127700199080e-02
1.175406652573443983e-01
-8.279765384986707832e-02
3.262515480526392148e-02
-7.422380520356693101e-02
3.617701519783551173e-02
5.916766573871403562e-02
2.858267875204939176e-02
-1.656499606656012744e-02
1.147136820856845402e-01
-9.888357330434019432e-02
-2.090052874210558340e-02
-1.994908912755220115e-02
8.367770572445155930e-02
1.160014522019711392e-01
1.829122061693206625e-01
1.706270138122755603e-02
-6.731399622807905658e-02
7.818116314821559054e-02
-4.885843407118993509e-02
2.140734464025356165e-01
5.708299076304909625e-02
2.083235289083331387e-01
7.406729693905841905e-02
-7.200292277730949153e-02
-1.725663492066707369e-03
7.626296441284582950e-02
1.248768067482625005e-01
1.090254641787360979e-01
2.438947893433877911e-02
1.218430514687281890e-01
8.858796308873519154e-02
1.393273098807120691e-01
5.240882963033449693e-02
1.782825285088140144e-01
8.016336642471043328e-02
1.308062347992436925e-01
-4.119047827489820401e-02
1.602153731085039223e-01
-7.010939681021167991e-02
6.101161404926800508e-02
2.027350429645967400e-01
9.521498994216491540e-02
9.823239489804323765e-02
1.412150065963664602e-01
7.698341443687607699e-02
6.223204983479481856e-04
2.449220424341447266e-01
5.302765041542581090e-03
4.686837463296264494e-02
2.875960798531683738e-01
9.412141840238263946e-02
9.786572739014197386e-02
1.263243314748491997e-01
1.652688491049495167e-01
6.968230222872857926e-02
1.254356317561513556e-01
1.428594726322770792e-01
1.946477271377397011e-01
3.887672452516352517e-02
1.233286960625258888e-01
1.564161952893754204e-01
1.350496503152329719e-01
1.302331883076231211e-01
1.197241846166860885e-01
1.828733447038606019e-01
-1.168949237872395075e-02
5.667637336545992138e-02
5.235674177416126812e-02
9.444887552206801540e-02
2.580073717002990263e-01
2.637361032849944720e-01
3.589242259634047721e-02
2.109681717159793413e-01
1.289650330885815932e-01
5.201132747874916140e-02
-1.131356593015111697e-02
2.233618463199077975e-01
2.124815682320860821e-01
2.895935632343328292e-01
4.512901902883014599e-02
4.131590249730909825e-02
1.655712085234533337e-01
1.460405492388842374e-01
1.831338067804123559e-01
2.645133088999072069e-01
1.298447611663698931e-01
1.548140294547212525e-01
1.639547191093553846e-01
2.195487457274137300e-01
2.537466458902717936e-01
1.990124816608624114e-01
2.151292028414567292e-01
2.461600550718215374e-01
1.095139126658038753e-01
1.637866086222338757e-01
1.932756910325001132e-01
1.550850387589348400e-01
2.600271868890205451e-01
1.925757307646088212e-01
2.403442633330885037e-01
3.003938005549487977e-01
2.987417484570058512e-01
3.460815981060683666e-01
2.243400767759135550e-01
4.048807947308416533e-02
1.413899144283859988e-01
2.198955700824767323e-01
2.398123490469876717e-01
1.267975849198819949e-01
4.565064747750406382e-01
2.413457467868742323e-01
1.757730798303847319e-01
2.068515876585254876e-01
2.146026436883272381e-01
3.051834607863707083e-01
3.193348240222516621e-01
2.019665517803722332e-01
2.890747160485009903e-01
3.117286421734482005e-01
3.076358149676678422e-01
2.214562996498395941e-01
1.369061854183021287e-01
1.489137233116720471e-01
3.900232639530124001e-01
3.064195191626161718e-01
2.852962400630745243e-01
3.688539765151196970e-01
3.730213726908742644e-01
2.289043593845167257e-01
2.893278528038432662e-01
3.369320968046420339e-01
2.586221814347837156e-01
2.691648874919218004e-01
2.078641231647724574e-01
3.027320509751110778e-01
3.382287345036403825e-01
2.852369016500858057e-01
2.879150152360555048e-01
2.544765300981783329e-01
3.041560835569429022e-01
2.327084216350040480e-01
2.145554843075087037e-01
2.554667397709949328e-01
1.752795501814880808e-01
2.431755338081290352e-01
2.518468235827807655e-01
3.404579228441066419e-01
3.465562017153741570e-01
1.965946830758587005e-01
4.056507510047498988e-01
3.996433166037507978e-01
1.700879486936265617e-01
3.694936020170737079e-01
4.728476254284388891e-01
3.529802462422199638e-01
4.695024091904962948e-01
3.719882456396956805e-01
3.573698345667849496e-01
1.815289989544712212e-01
3.580279426857309044e-01
3.198198029472460457e-01
3.775396933013591139e-01
3.283773175180541570e-01
2.114370131054963409e-01
2.176384713938577242e-01
4.185975883430487210e-01
3.103194954518037063e-01
3.931559796553544261e-01
3.340601464396266707e-01
3.193553917875372461e-01
2.601830127664205849e-01
4.270233784799064014e-01
4.650839278937550225e-01
3.705852409300050554e-01
4.006750831817573744e-01
1.567172252657659248e-01
3.783183258173044017e-01
4.620004001992987219e-01
3.218084201188816107e-01
3.747164179294606989e-01
3.560728472902620068e-01
4.624095036592497654e-01
4.186001838732947844e-01
3.701181838923177092e-01
3.875699011028215235e-01
4.346514102135933255e-01
2.850216464931749627e-01
2.419845885834532029e-01
3.042484451094419895e-01
4.914373178277837151e-01
4.646477486302417192e-01
2.991958518565212555e-01
4.065255484823661059e-01
4.860161716689950229e-01
4.328729663642182923e-01
5.009880038516413281e-01
4.497688544862048499e-01
4.469966024082271394e-01
4.498756670655386092e-01
3.636830611572293703e-01
3.399532538012114968e-01
5.731921307499906471e-01
3.623651760431256807e-01
3.724945638975757367e-01
3.372707428266302210e-01
4.681351818137426957e-01
3.216045610372022523e-01
4.950263171898599546e-01
5.286924288713240605e-01
4.978891568983890292e-01
5.013976338171309832e-01
5.330083948021548945e-01
3.761064989020546090e-01
3.841009326866136053e-01
5.181450697725143995e-01
5.731463006606052346e-01
3.586561210468473537e-01
3.202103420869556460e-01
4.531657215152400942e-01
4.136018847669460374e-01
5.023946984792916348e-01
3.886085028397606167e-01
4.520135990768140433e-01
5.850844816227126488e-01
3.641003451943667923e-01
4.382675894920703419e-01
4.504891821371223570e-01
5.462496817237447733e-01
4.638732729160018886e-01
3.863134248274222027e-01
4.250809308482146887e-01
5.084451660513638060e-01
4.851589634798955109e-01
4.643677959845995407e-01
4.510756170915366514e-01
5.128556145792237952e-01
4.885269352989339287e-01
2.915505271594347469e-01
3.451235247023300423e-01
5.379692468730403743e-01
5.421625418285765940e-01
5.401207234216410802e-01
4.200047996718059284e-01
5.237879581008612062e-01
5.128607782560894446e-01
4.203260193736421679e-01
5.791428509191249852e-01
5.910691695120783296e-01
5.563035626442438542e-01
4.963482002988126585e-01
5.437610091348598074e-01
6.152737803492303037e-01
4.511663713201266024e-01
4.845672459709347568e-01
6.760306093683233764e-01
4.448420072330369623e-01
5.032546202820951109e-01
7.060791875044283294e-01
4.677340443772710632e-01
6.384107220978980646e-01
4.835806251315138971e-01
5.176448903015710146e-01
5.134326761885954493e-01
6.580637907183011226e-01
4.585192918564469644e-01
5.134156732269062884e-01
6.732015638357919940e-01
5.347474884696626907e-01
5.820034175412356348e-01
4.508435174662109857e-01
4.713784280723861131e-01
6.644255638514697804e-01
6.135748378120687851e-01
5.967224525878462860e-01
5.604283771858451502e-01
6.348097589718524336e-01
5.695694548809642210e-01
4.367261937249354853e-01
4.623623782562752416e-01
4.590062326007136040e-01
6.262199529754139959e-01
5.669085586795175047e-01
6.558084469166587382e-01
5.057913226852351896e-01
5.096944745567240087e-01
4.598306599898622782e-01
5.285838028796550070e-01
4.458202462967308932e-01
5.456286143927459031e-01
6.000478763143588523e-01
6.225622249843844047e-01
6.536370716166590711e-01
6.244670654479407279e-01
6.694712411793276585e-01
7.354672672964369662e-01
5.614101158459509078e-01
4.258078065527829970e-01
6.016392045659454402e-01
6.103814562720060177e-01
4.589443027541888487e-01
6.105091396859244623e-01
7.813246140819199992e-01
4.615790242741286686e-01
6.426126630602714274e-01
5.491360636473668899e-01
6.903216961513208849e-01
5.087109833305047957e-01
5.738271698814827460e-01
7.902929521948973690e-01
5.664054338190481763e-01
5.858491072029022861e-01
6.723824932817455968e-01
6.042248171618138652e-01
7.081996248801594174e-01
8.167292023720531535e-01
6.280184693965340514e-01
6.201768831639340451e-01
6.814948273277474655e-01
5.514426639588817514e-01
8.492892784411578688e-01
6.946174284325241644e-01
6.087609643754260391e-01
5.756105394092826399e-01
6.526579151277313029e-01
5.621026658729780801e-01
7.946767308338524849e-01
6.297283956699811780e-01
6.818812826232355517e-01
5.429746325047150046e-01
6.418250504329410244e-01
7.224831520628857140e-01
5.929273397624912345e-01
6.455409683682832300e-01
7.114724606422987430e-01
6.967927222352342520e-01
7.322340581414367167e-01
4.823147785260257225e-01
6.523190738228834551e-01
4.687999467949856558e-01
6.189595467163736542e-01
6.689028359692402725e-01
6.185030399873527873e-01
7.158194435391197485e-01
7.441624098363469608e-01
7.695369867897107197e-01
7.877282166668353458e-01
8.416331874418676584e-01
6.660385772441576036e-01
6.758806002705363136e-01
7.116008759224612401e-01
6.143593803924403129e-01
6.243437084960429262e-01
8.201477862379206174e-01
7.522119977337122787e-01
8.050770731526032398e-01
6.418758805577680082e-01
8.679316728165262784e-01
7.044112576961490957e-01
8.648369614044422171e-01
6.231773086864063060e-01
7.743336803453695349e-01
7.069469509294421528e-01
9.149448000562281358e-01
7.579874734921929758e-01
8.403641869833770039e-01
6.652557904040833359e-01
8.811103608531346554e-01
7.649918073065009594e-01
7.231691314924245662e-01
7.507987194377290230e-01
7.089538394589401937e-01
6.298825436144124268e-01
6.391271707217951459e-01
7.382500945823513572e-01
9.420711782074330243e-01
6.749789164042648837e-01
7.780614786578232689e-01
8.356166955867825319e-01
7.383456030306329021e-01
8.799711183510853241e-01
7.888732340334938531e-01
8.517662998578560130e-01
6.757712344236819213e-01
7.223797580879575131e-01
7.566916325231565210e-01
7.670362856021940567e-01
8.471586884519081151e-01
7.235192396565197637e-01
7.832260251082822089e-01
8.415385907911229202e-01
7.015828722470853762e-01
8.336438613323040592e-01
7.783587819503853256e-01
7.926224095672894654e-01
7.443550297756668099e-01
7.301369110962863118e-01
7.140154832114326000e-01
8.526438645621383650e-01
7.400205430456388012e-01
7.988785023874407365e-01
9.021488365559869882e-01
7.942289058733625895e-01
8.113330821264035375e-01
7.600595789733661789e-01
9.068623593786953041e-01
7.290178331477411566e-01
7.944133130865940196e-01
6.650318104926423723e-01
8.125485851463166709e-01
6.801201837059674959e-01
8.053294986034830183e-01
7.375533607977164952e-01
7.365875308890674766e-01
8.123448151543763984e-01
7.772521170937046753e-01
8.146909550097902741e-01
8.919403667154431892e-01
7.853777733453425336e-01
8.535477469341906653e-01
8.143379252535084545e-01
7.262024030596881952e-01
8.572235327053404630e-01
7.678055519705113685e-01
8.914478216656737120e-01
8.787198144954386780e-01
8.258124433142775001e-01
9.193819432456855623e-01
8.219676806937222802e-01
9.790364734403348423e-01
1.006283322575749484e+00
8.869270605822411335e-01
8.053011974969855880e-01
9.202523060849099323e-01
9.307972753978011049e-01
9.160395489837491745e-01
8.848809713131241539e-01
8.936865881878507389e-01
8.547060731150000201e-01
1.003184505160679585e+00
9.326599642126262024e-01
8.262057397607088793e-01
7.951512081566368684e-01
1.084213281419895258e+00
9.652575130846254847e-01
1.091750509375926992e+00
9.607719098768433552e-01
9.882678246354638096e-01
8.595047445394431440e-01
1.015074392156930294e+00
9.821273110110957383e-01
8.533678709735287304e-01
9.877427267242047115e-01
9.433962770461786773e-01
1.016351281706603160e+00
9.175169123031322593e-01
1.000241853044885332e+00
8.317456186103296956e-01
8.419144777054708983e-01
9.296055680125963061e-01
9.405465891508189014e-01
8.867548427593644478e-01
9.731338221695807755e-01
9.358540538026597355e-01
1.015433515317175184e+00
1.119907062758772165e+00
9.308264920569614409e-01
7.590858321154578814e-01
7.929431495549231768e-01
9.920592020016132384e-01
9.048583037265611750e-01
1.087176195206514207e+00
1.030652132439777491e+00
8.512159460861581373e-01
9.587696150318578692e-01
8.864292949111933773e-01
9.719380856517783052e-01
1.077012244971424337e+00
9.876151102200121379e-01
8.877472560925803169e-01
1.024750371131571969e+00
8.158528710714667564e-01
9.109672305298072148e-01
9.939619554900437359e-01
1.062294294329262589e+00
9.219441586875722905e-01
9.637770186974471409e-01
9.539133762575643383e-01
1.107269709875609021e+00
1.049983917658402044e+00
1.075930730520775258e+00
9.620806838491027246e-01
1.081266977415338504e+00
