-9.906934533272649945e-01
-1.012829116191049872e+00
-1.051478710514969661e+00
-1.141510775756868323e+00
-9.852694069408488575e-01
-9.326741875496145084e-01
-9.430252424955852808e-01
-1.061721797612938945e+00
-9.871734113421049006e-01
-8.002718833675573906e-01
-9.947186005373453987e-01
-9.215208910633819750e-01
-1.022709059929216791e+00
-9.092904210504995088e-01
-1.034928717246308416e+00
-8.967467043770982471e-01
-1.034697251008650287e+00
-9.955417417153540338e-01
-9.277986431946089185e-01
-9.748397788154282706e-01
-9.015296808362560643e-01
-1.033320154257576284e+00
-1.100185499522566168e+00
-9.829379925190999678e-01
-8.871383868131277328e-01
-1.010091096917962172e+00
-1.008335354982559551e+00
-9.807805177191951662e-01
-1.111160749168358164e+00
-1.022485510332075798e+00
-8.610664282424171923e-01
-8.661844917662288035e-01
-9.091293337556932697e-01
-9.810621286043887945e-01
-8.825700118609508538e-01
-8.778867763268559665e-01
-9.002515411972152881e-01
-8.213666344410595066e-01
-7.536437419348822608e-01
-9.078233898451176787e-01
-9.186328316530090188e-01
-9.734877977063347565e-01
-8.150098548329836046e-01
-9.722253897400056077e-01
-9.415441754706651567e-01
-7.483142330206260517e-01
-1.193957075329031836e+00
-1.079472135099776686e+00
-9.300253581444885009e-01
-8.571911989577736257e-01
-7.677304852340554042e-01
-8.817059394121096183e-01
-9.704356867748592519e-01
-8.501036884040706898e-01
-8.907378482528776065e-01
-1.015137499040889013e+00
-8.534214028142831365e-01
-8.956123348309007470e-01
-8.309209031150771585e-01
-7.903769384301712053e-01
-1.040396431633546781e+00
-7.974823625774146718e-01
-9.981787671708221010e-01
-8.750255956185284401e-01
-8.288358450223811680e-01
-9.364208561436766498e-01
-8.016431763209950212e-01
-9.462514533980908027e-01
-8.847055519670715684e-01
-8.539187551878412163e-01
-9.090940101419899833e-01
-9.541188585133996147e-01
-8.395293627562459005e-01
-7.953873060004340578e-01
-7.781412290859150982e-01
-7.124128470228183740e-01
-9.335560745656726889e-01
-9.061391159169189802e-01
-8.260921266729369661e-01
-7.950790780446318484e-01
-7.262148722410372015e-01
-8.081756879293340301e-01
-8.718301229706679756e-01
-8.074834217860569208e-01
-8.700019855156793103e-01
-6.998030458902889661e-01
-7.035352362258385783e-01
-9.814602983022898686e-01
-8.522091329074115151e-01
-9.149508434544785240e-01
-8.621623269418534630e-01
-7.558518314902535895e-01
-7.335789351333926733e-01
-7.308509992680373157e-01
-6.533686089705654787e-01
-8.373708806963238160e-01
-8.869031798547343248e-01
-8.372541657636282109e-01
-9.073967181556916728e-01
-7.625695914975240131e-01
-9.106572525183238564e-01
-7.290228603080918246e-01
-7.795561368914090128e-01
-8.479253726789263146e-01
-9.053690350471986781e-01
-8.280351902943010600e-01
-7.848257760660940496e-01
-8.309256132236706449e-01
-8.871030897271748872e-01
-7.773972062468107458e-01
-8.619138192202594473e-01
-8.315993023629124625e-01
-7.876525465526864611e-01
-9.238002270539001914e-01
-8.740627989309314172e-01
-7.879953404835150499e-01
-6.808124649154151387e-01
-7.099988397470207158e-01
-8.278789698355987214e-01
-7.800827186446256389e-01
-7.887388110887173509e-01
-7.153097391224070289e-01
-7.737374741497398123e-01
-7.137636049058030396e-01
-7.606379926454490681e-01
-8.598867329739731113e-01
-7.492594579953529843e-01
-7.601844436585942777e-01
-6.814803999829970316e-01
-7.354627580788244412e-01
-7.767620631145543131e-01
-1.005252356638813849e+00
-7.481899200842040409e-01
-8.613199247576923678e-01
-7.880619479826737050e-01
-7.519678889643810482e-01
-7.470500589780619816e-01
-5.952656901361683683e-01
-8.020127846570372920e-01
-5.652932360357184605e-01
-8.097139197907984309e-01
-5.776255775453622565e-01
-7.314877884978820966e-01
-7.551618328568613370e-01
-7.983988251607235798e-01
-6.649057495639666415e-01
-5.712475476391405405e-01
-6.379452819443277578e-01
-7.576448552567845995e-01
-7.979103340856203985e-01
-6.380947726185930424e-01
-7.681958266912680688e-01
-7.542261209496625707e-01
-7.119805556911468214e-01
-6.324987333028503356e-01
-6.847326612776893917e-01
-7.051845666305781579e-01
-8.713952877353384752e-01
-5.253876206944826377e-01
-7.358263380407873422e-01
-7.431136687498313131e-01
-5.395843004762491679e-01
-6.409969418497626359e-01
-7.113284688277276002e-01
-7.122023576434941550e-01
-7.542574736810133684e-01
-6.529962655674255156e-01
-7.571707023901824707e-01
-7.011165899129916390e-01
-6.705729651750136355e-01
-6.117165674270512721e-01
-5.718162359677226858e-01
-6.689324459744858675e-01
-6.229877302618734847e-01
-5.257722032944176505e-01
-5.200450354727360613e-01
-6.433342772385955977e-01
-5.851704859730523234e-01
-6.591927077903848575e-01
-6.194744154319954399e-01
-6.687227090196624646e-01
-6.371402048795371531e-01
-6.369714752150287262e-01
-5.902972802573035471e-01
-7.221877905848688162e-01
-6.592943377344684386e-01
-5.984679677487922955e-01
-6.019915692018330544e-01
-6.123017385031517268e-01
-7.503190107119206420e-01
-6.829467580150452299e-01
-4.403239662732033044e-01
-5.930210045142645381e-01
-6.039771527660047212e-01
-6.500274004792659932e-01
-7.691163131146074861e-01
-7.122129791502151974e-01
-5.518615171610998793e-01
-5.598965265960769155e-01
-5.318096500487471401e-01
-6.026752477134348362e-01
-5.981640159184447025e-01
-6.301943942692289635e-01
-4.409019107739566845e-01
-6.005097142905249097e-01
-7.482460560891460721e-01
-6.686697138839132748e-01
-5.213372367325210810e-01
-6.704807191048397508e-01
-5.723908501790481163e-01
-6.397846847189443409e-01
-7.180029879756222311e-01
-5.168080997212980421e-01
-5.900018328287411906e-01
-5.856555673806697060e-01
-6.910889380079676680e-01
-5.873290518405561711e-01
-5.230614039815527638e-01
-6.028035071446015136e-01
-5.575241005666704552e-01
-6.195700759666903368e-01
-6.268610016892625092e-01
-6.512440354748855187e-01
-4.907113038729790655e-01
-5.699793136374193825e-01
-7.585463957581757288e-01
-7.071246033292829525e-01
-6.292381383157571451e-01
-5.935978616287385101e-01
-6.343778796492686167e-01
-5.178658640794771006e-01
-6.222678122124013500e-01
-5.130446111032187506e-01
-3.762486910235018356e-01
-6.570530688185658441e-01
-4.786717740563515844e-01
-3.760596750307308445e-01
-5.043349290103998905e-01
-4.609009886055965843e-01
-5.624648193723144063e-01
-4.350937483595939681e-01
-6.384674166120130057e-01
-4.216425779316665401e-01
-4.835301408531472167e-01
-5.751485599562767836e-01
-4.761501031755662749e-01
-4.512809497511866552e-01
-4.490301568631371865e-01
-4.618629460340635262e-01
-5.209389504869478271e-01
-4.816351017134816725e-01
-3.993498379505408535e-01
-4.443430258956865830e-01
-5.170405229245562673e-01
-4.220300614736672840e-01
-5.842272609933699679e-01
-5.294683359267584599e-01
-5.506263073659092289e-01
-6.863639580500232595e-01
-4.333067886743618979e-01
-4.243440145544011277e-01
-4.097755321613516521e-01
-5.566243859064629040e-01
-5.044842384694768755e-01
-5.345327274870553813e-01
-4.515850079312579424e-01
-4.493294796413331293e-01
-4.660234438475909791e-01
-4.862577021516595877e-01
-4.474928273742340146e-01
-6.039871567837892252e-01
-4.147903100828337908e-01
-3.784332783030536773e-01
-5.028554362567049241e-01
-4.583779570477010123e-01
-3.820369722278331714e-01
-4.186381237002531619e-01
-4.996865777957248400e-01
-3.172559468216873957e-01
-4.079931663158057331e-01
-5.394435157917458756e-01
-3.228531823850843141e-01
-4.823362907013071244e-01
-4.651762848318420907e-01
-5.020666306861760741e-01
-4.307346520610194074e-01
-4.098148849218262724e-01
-2.627790203349529841e-01
-3.816322095369165668e-01
-5.253198906260465595e-01
-4.381468499037317610e-01
-4.737620730032733873e-01
-4.049934776910354972e-01
-3.672792186331432229e-01
-4.234079725797326721e-01
-4.607542971407109222e-01
-4.511143432528251229e-01
-3.816059023653395887e-01
-4.403688060023338569e-01
-3.649222298818154409e-01
-3.379017091328458955e-01
-2.503108974710092638e-01
-5.018199864229960783e-01
-4.480122092256719202e-01
-4.218824181649051819e-01
-4.266919895714780808e-01
-5.561808085946275959e-01
-5.634521956817610810e-01
-4.128773894364725638e-01
-2.420658809803102052e-01
-4.037503258145800356e-01
-5.531932507482656414e-01
-4.347223167022530865e-01
-2.912107807209525223e-01
-3.052390046640686139e-01
-3.655591111922025238e-01
-3.502373021539569864e-01
-3.054500917273852423e-01
-4.607163415118146199e-01
-4.128018771074149496e-01
-3.163177663336316781e-01
-3.383073906409519993e-01
-3.618410850935417922e-01
-4.356194533400284952e-01
-2.859091924711467669e-01
-3.428360906883177739e-01
-4.776983376196325404e-01
-3.838090821495157012e-01
-2.517666170532532055e-01
-4.163405995821181094e-01
-3.733660773149518608e-01
-2.678158246483364757e-01
-5.098319411827330061e-01
-3.818762641383277590e-01
-2.886305773117966988e-01
-3.104419395945163251e-01
-3.042969508576848225e-01
-2.688942088620113191e-01
-2.767447711228276930e-01
-2.590314287387693315e-01
-2.177284104379770546e-01
-4.282985790741639653e-01
-2.557397004314342914e-01
-1.245625033714004848e-01
-4.552957879372688255e-01
-2.132240424383036737e-01
-2.032942492161354808e-01
-3.190424304117100429e-01
-2.143108756349502153e-01
-3.737502181075869623e-01
-2.657268130421115981e-01
-3.160609435349316931e-01
-2.421477932435981695e-01
-3.039885754441413179e-01
-3.558280438958128511e-01
-2.011443728030840317e-01
-2.021295777958587447e-01
-2.342547274605648600e-01
-2.892684484178162374e-01
-1.386806381668830856e-01
-2.615017657736724566e-01
-1.610964405228294261e-01
-3.165805917772731015e-01
-2.545828294147488013e-01
-1.843789440310796279e-01
-3.751024520498085213e-01
-2.841166462375881441e-01
-3.943677521234704164e-01
-3.967202220610795971e-01
-3.487598007094863117e-01
-2.116000425273405483e-01
-1.972438695648384699e-01
-3.444032579310578046e-01
-1.748200096497697087e-01
-2.310493945410828642e-01
-1.491648671290730088e-01
-2.970318489013961671e-01
-2.683936963347542393e-01
-3.153164628030378780e-01
-3.585953721283906548e-01
-4.385296660743630559e-01
-1.856189856558330131e-01
-2.583572708548034780e-01
-2.274017274277276845e-01
-6.939226159223362000e-02
-2.349315221688794975e-01
-2.643474871586014574e-01
-2.224909571847310530e-01
-1.841788919382143785e-01
-2.951440816851155224e-01
-2.659376103256085311e-01
-1.585459763807671729e-01
-2.392142253497410442e-01
-2.117562863092642689e-01
-6.852259697444779314e-03
-5.532132302475039481e-02
-1.535630048462388320e-01
-1.079745185116810641e-01
-1.846751261798433852e-01
-2.996064642193954630e-01
-6.776853046510307454e-02
-1.365266824607748730e-01
-4.609916919977513627e-02
-2.900976850580375133e-01
-1.188715018700096104e-01
-1.749096575046553415e-01
-7.141748950003959373e-02
-9.867158235184116111e-02
-1.534631345888199661e-01
-1.438127311925744556e-01
-3.125596266478824492e-01
-2.241042995042767105e-01
-1.765559868352321593e-01
-2.766982512453169396e-01
-2.231929212491899628e-01
-2.300035687522818673e-01
-1.372381533689269184e-01
-1.371794290086581214e-01
-1.805819114274007653e-01
-3.656684222557732844e-01
-2.072522348644287582e-01
-2.495313926973572183e-01
-7.202036713038287297e-02
-1.928321569861445040e-01
-1.393440649079191462e-01
-5.595211448225673873e-02
-1.131213839373925167e-01
-2.223509390968878008e-01
3.641661864650691527e-02
4.090585603942554355e-02
-6.574440926900357307e-02
-9.320231381030724682e-02
-2.747189252899326362e-01
-5.067726476803089547e-02
3.716374870527641705e-02
-1.899364689390782013e-01
-2.242666610447606110e-02
-1.517483824645380341e-01
-1.076845751269440848e-01
3.234814779314473115e-02
-1.250436480195974975e-01
-6.304456903604031826e-02
-1.131269041158141087e-01
-2.214064067233475208e-01
-1.611863780976763305e-01
-9.938757410552076510e-02
-8.075790006591554437e-02
-1.501769089427746999e-02
-1.182163128192146029e-01
-1.641100061968657764e-01
-4.814466578451733446e-03
-4.517871735195724825e-02
-1.034390353830987874e-01
-9.269747663958205486e-02
4.866400815894369319e-02
-4.115741448366531940e-02
-1.432780951478806672e-02
-1.375942563896284665e-01
8.830621499171242839e-03
-2.726221496180141618e-02
-2.920945984828236808e-02
-1.898615542835719594e-01
-8.115957914528638961e-02
-9.161932646703259409e-02
-1.700746583629828557e-01
5.947998221496834936e-02
-2.584141100493861365e-01
2.840047639415790772e-03
-2.945776197788900763e-01
-2.751436487727962690e-02
-1.666942136266022223e-01
4.618685214285735141e-02
-1.425489603937056815e-01
-6.139586259182228112e-02
-3.654962633288640766e-02
-1.058131655388436232e-01
4.999126047243407367e-02
-2.588328509001737790e-02
5.963045975322033704e-02
4.770909018486113595e-02
-1.944420481242627730e-01
2.040370973367449173e-02
-2.227951102082699752e-01
-1.081687585047941963e-01
-2.560935727349938212e-02
-1.111564791572273482e-02
-6.579051705450084456e-03
-1.482547671085016755e-02
-2.547543194978145117e-02
-2.390005462125806626e-02
3.495830397510306387e-02
-1.557409354127347045e-01
-2.765018137822730648e-02
-1.140130392111721319e-01
9.156771674107498649e-02
-1.737605664035113961e-01
1.302132529833495700e-01
-3.045294263330341339e-02
-6.184306337255201375e-02
-8.007850336720973017e-02
-1.066492808946018361e-01
1.172817878452844104e-01
-1.660433212452528395e-01
4.629394259795142907e-02
1.030839466109801789e-01
3.325285178507770417e-02
-3.711943228324150745e-02
-8.479141124988059941e-02
4.868931372267144841e-02
-1.204777774449561772e-01
2.985284314141770784e-02
1.501279970849823397e-01
1.558707506049928082e-01
-4.816983124355776920e-03
1.142439851652926330e-01
7.983571817831858208e-02
1.885232149898175835e-01
8.923614758680857573e-02
-2.806271559443677260e-02
-6.497529941119023489e-02
1.208560513729192709e-01
-2.173783504538542855e-02
1.177601782008206102e-02
4.952039045495858216e-02
1.787104351531894897e-01
1.356231368158316783e-02
8.880979620776913164e-02
-7.618958209325027431e-02
9.877280795861061169e-02
9.187976445799674041e-02
6.717298491581276398e-02
1.056795326358019871e-01
-3.610043893032278267e-02
1.060491746288909354e-01
1.022552222975103980e-01
1.834771502773840657e-01
1.630006761079220989e-01
1.674634136705150655e-01
5.621266036469051847e-02
8.638250062863493672e-02
1.248017437431265669e-01
2.222616091281046091e-02
-6.516457952449524436e-03
9.416917689737060171e-02
1.445722886122385309e-01
1.841484023919114088e-01
1.900720588373812359e-01
5.175216297787818553e-02
2.131283176721811279e-02
1.259928855858392094e-01
7.616696736493061559e-02
5.929950896667567778e-02
2.536124834405742989e-01
-1.178708150543933235e-02
1.716858127137582124e-01
1.783348517969191305e-01
5.829013788076762431e-02
1.290268324806770339e-01
1.228371216633434987e-01
-1.029286284727614319e-02
4.606524336562509148e-02
2.397845806779342476e-02
2.478259766645113382e-01
1.949170438364559999e-01
9.661870413564355164e-02
2.039689762146817964e-01
2.296438516681416075e-01
9.549114509724061783e-02
5.376233029485227854e-02
2.432775178561073226e-01
2.678267414722926287e-02
1.641032199048942097e-01
2.299895228674543324e-01
1.726852997442914206e-01
8.077351489525161701e-03
2.364382198718568973e-01
2.794528342967111945e-01
8.583913134359436037e-02
1.699782418549675989e-01
9.690748829828112199e-02
2.258252516683464384e-01
1.940708312035381855e-01
1.350777458108974316e-01
1.630197214777287795e-01
2.517591034753792201e-01
-6.936325948270143094e-02
4.762322041325357802e-02
1.597397100148996718e-01
1.093089709984668145e-01
1.400667599331346935e-01
1.896584307325924479e-01
2.705199498831814542e-01
1.056938824374667463e-01
2.874266841173605536e-01
1.193839772475442512e-01
6.471929690742628249e-02
2.107563983810415431e-01
3.942750333889064041e-01
1.909027453299033117e-01
2.392483257556629328e-01
1.353897793870257049e-01
1.855832608923388971e-01
1.674870270725243859e-01
2.600051763215983636e-01
1.984644850096098090e-01
2.076694319418041501e-01
2.143775578166408347e-01
2.418673897859059951e-01
1.992302276135552719e-01
2.562444870405567454e-01
1.642939817094600796e-01
2.736580892066691750e-01
3.526275201938997572e-01
2.893553934394690330e-01
1.583840869338464519e-01
1.600258130651867894e-01
2.555196537099470588e-01
2.067959196125270516e-01
2.594214879534659790e-01
4.036931984451851418e-01
1.459963887181403297e-01
2.887664478200870077e-02
2.667074499123220921e-01
2.860395305135435273e-01
2.516550955698667047e-01
2.628661519915939659e-01
2.575543356604766965e-01
4.366712583435983230e-01
2.899336253318213763e-01
2.166708376185870200e-01
4.628412682754443619e-01
2.347640175048083533e-01
2.856282651781264503e-01
3.301475687355075461e-01
2.791664733040377100e-01
4.066476618008588728e-01
1.984025061050946892e-01
1.939624483337624161e-01
2.200718570215141612e-01
2.997318802243935654e-01
2.903329967334058459e-01
1.967174035355444550e-01
2.931030896579137068e-01
1.356576335603041916e-01
3.305439443705063263e-01
2.714500344201002391e-01
2.485631681963357265e-01
4.367101198199249135e-01
3.470820774505758988e-01
2.343675635651710498e-01
3.348304761696828391e-02
3.545591826032986060e-01
3.173436535113867696e-01
4.115419508972309459e-01
3.923553495705536798e-01
2.485935824074821388e-01
3.559997254381566112e-01
2.221098102050405865e-01
3.157019770391872870e-01
3.903532361231862313e-01
3.367084382858155922e-01
2.747008090280376735e-01
3.947261858306208571e-01
5.270604475763853713e-01
2.409226235947742878e-01
2.228138878034648107e-01
3.697342402904245651e-01
4.167850594206427561e-01
2.821663513401141410e-01
2.800592746311018066e-01
4.193179070070837677e-01
2.910652954751193344e-01
4.842685224940586619e-01
3.606179967287060362e-01
3.739452178136720151e-01
3.489299266399336630e-01
2.940489256791865569e-01
3.660011897964803862e-01
3.954185604007841026e-01
3.615995282733160399e-01
2.987718297120547928e-01
1.726266480574125406e-01
2.941886795156411494e-01
4.169660803639036462e-01
2.555026795589213640e-01
4.860730414106367303e-01
3.928969504937899759e-01
4.622551188828779578e-01
3.931724942612452867e-01
4.533524150066791658e-01
4.483200284344365238e-01
2.907455820839818794e-01
3.928613008691185238e-01
5.227974423367365286e-01
4.539556228307760066e-01
4.732424932672329998e-01
4.127285708770555561e-01
4.177148158054853622e-01
3.910678845562252093e-01
3.729327756811831596e-01
5.404102023783698971e-01
2.818122582640696372e-01
4.467435354907527967e-01
2.414138462697265619e-01
3.370099037560685407e-01
3.512363886298348059e-01
3.839094903548981863e-01
4.350002848179324033e-01
5.858580838792066814e-01
4.163044962666964666e-01
3.763644672974251204e-01
5.379775807234024043e-01
4.473385281095782484e-01
5.114797473889028945e-01
4.858871907793863021e-01
3.617898632790153557e-01
3.160985124568908566e-01
4.563503398758571583e-01
4.985104191245767757e-01
2.814684841898402734e-01
4.581206319164864982e-01
3.179210562862045397e-01
4.541859131771981972e-01
4.714569319076661880e-01
5.752772231331864106e-01
4.639966513729619213e-01
3.861134262862198074e-01
5.070028443134795282e-01
5.322768537468833827e-01
4.722437486869894840e-01
5.407157611792956509e-01
4.397815299513774812e-01
4.865745520638542487e-01
4.511580260014410038e-01
3.992251517089124291e-01
4.336636621992190355e-01
5.595404415358392614e-01
3.883168630660914777e-01
4.276163675328545355e-01
4.806264959149521010e-01
5.894139698224845070e-01
5.858776706804398327e-01
4.586007008313352507e-01
5.585242420377191097e-01
5.930066901538202373e-01
5.783585765349001928e-01
5.779386341473448097e-01
3.948693270286963153e-01
4.642469801798488338e-01
5.933322071390358943e-01
5.457871158738434314e-01
5.252268445773272676e-01
5.086860558815156086e-01
4.925202529402245566e-01
7.728284446040668554e-01
5.339847749209166716e-01
5.146305193194119498e-01
4.378544554579077985e-01
4.731886544033373498e-01
3.702678311559321478e-01
5.333185747120433584e-01
5.932390560664231316e-01
4.371658048161560228e-01
5.764584226957550905e-01
5.164499569791350941e-01
4.147738848795163302e-01
5.393581718712963102e-01
4.970095819344576005e-01
5.390714516125644229e-01
5.185578871291149916e-01
5.651920665068248528e-01
6.542198000692619475e-01
5.549436529102134141e-01
5.285362666551459698e-01
5.836463549047685717e-01
6.050341430596292147e-01
5.911844954373753902e-01
5.789218918970301386e-01
6.978428030003159810e-01
5.885293783250387101e-01
5.491733294385829911e-01
5.430913296000672297e-01
6.736802928538271340e-01
4.574164919944505026e-01
6.961687746392006826e-01
5.685330524759382165e-01
5.784106828026857050e-01
6.682887392970067175e-01
4.910961439499715309e-01
7.121929502005250878e-01
5.423034856845114771e-01
4.719182481667759110e-01
5.793287445346355646e-01
4.828067694607688920e-01
6.043175909381907074e-01
6.917487229252653469e-01
5.376875145586639260e-01
6.477752426238598815e-01
6.553186284124989935e-01
7.225579425750164875e-01
6.581011181348365158e-01
5.876006958830449767e-01
5.577021161153342677e-01
6.091616169933358194e-01
6.150279699837288838e-01
8.228696638551532549e-01
6.521337780152340891e-01
5.729454508193594364e-01
5.780690515558183362e-01
5.569382759902915536e-01
6.833602394370927868e-01
6.128084865393036429e-01
5.922333345658649106e-01
5.219804073839742209e-01
4.147660389450588680e-01
6.311854851895937202e-01
5.444204533261562950e-01
4.840824872461428341e-01
7.314093956779685879e-01
7.690654252011503988e-01
6.194648398305027115e-01
5.734377906015302173e-01
7.073514338718074335e-01
6.200094845389743092e-01
6.142181098571880549e-01
6.180099357143250538e-01
6.672399570154369242e-01
5.155550989093197201e-01
6.558022814984018067e-01
8.398999743411643681e-01
5.496683513577548252e-01
7.723372530400223201e-01
7.245078523252159730e-01
7.466153896372847987e-01
6.805084744621232584e-01
7.865767307957592935e-01
5.677394943020086515e-01
8.637166301311982597e-01
7.058913757747798945e-01
6.452452735967459940e-01
6.281546233744892405e-01
6.477933278653007498e-01
6.527404748540176493e-01
6.955434746440829485e-01
7.168370874691376571e-01
8.722246384615113257e-01
8.326925039283954444e-01
8.017277414034992278e-01
7.308293455406414951e-01
6.780422259164687881e-01
7.291968511743983639e-01
7.133864367375886140e-01
6.913653243936325188e-01
7.383445513565596308e-01
6.687985671911086394e-01
7.548400482595145622e-01
6.406083646532495512e-01
6.651488990539221602e-01
6.391561934845505499e-01
7.221290984235979593e-01
7.872642837663268445e-01
5.761616095408269578e-01
6.815298142304833107e-01
5.436346722805683873e-01
5.803035445503978984e-01
6.875751184711664798e-01
7.795004913288209325e-01
6.278049806497596474e-01
8.517692483626656541e-01
8.756727052292504476e-01
6.853585099476012799e-01
7.323262159860374210e-01
8.148267467572487543e-01
6.904778515605018985e-01
8.532903711746546715e-01
7.269857313604493054e-01
7.372276710173539804e-01
6.342988761634843486e-01
6.796263856096665945e-01
7.508999376784389890e-01
7.139566653491188353e-01
7.129154170099728516e-01
7.733912512541213369e-01
7.926247232627459116e-01
7.997760073607115272e-01
6.957575771212826110e-01
9.267191500963734008e-01
7.559313211085316730e-01
9.124297958830225319e-01
6.047105502000938992e-01
7.285429328120247572e-01
7.491320353853296865e-01
7.553050862593352344e-01
9.406156287987718079e-01
8.468414683062134296e-01
8.147367873389909088e-01
6.989399527560550274e-01
8.963355694346936131e-01
8.053036691600241603e-01
7.469514924138317413e-01
7.774741299700858033e-01
6.850587200639768337e-01
8.505404595825329928e-01
8.826004558201220318e-01
8.709073748358910905e-01
8.815182268826268208e-01
7.477997078482701010e-01
8.366753539568682063e-01
8.620756350282348102e-01
9.066224482265177187e-01
1.044053445978932793e+00
7.378895042413762262e-01
8.476908936011023910e-01
9.114796152561814857e-01
8.093860461780963966e-01
6.601696462336179572e-01
7.134773019949025574e-01
8.899841133712226293e-01
8.477832788365108341e-01
8.571267473111120472e-01
7.890388757226356464e-01
7.701651601608069386e-01
8.900865074095385410e-01
7.645222543122731640e-01
8.667145201952282108e-01
8.458331161739857107e-01
8.237824729507438049e-01
8.600905409364083543e-01
9.466392669914731606e-01
8.621524995925164969e-01
8.554999083188139508e-01
8.383767278463758466e-01
7.712416240502196763e-01
7.750434264980382570e-01
8.136353371774284193e-01
9.309134805150141023e-01
9.662282842154538143e-01
9.206501735477066184e-01
9.278492283343421354e-01
9.737052881148533512e-01
8.995815911864828429e-01
9.298737064121863627e-01
8.720998103418201586e-01
5.998250582064797998e-01
9.115809147963618297e-01
9.700181604590206730e-01
8.849791798618599215e-01
8.002653382086912792e-01
9.271723456505345240e-01
9.325341000875403408e-01
9.886041742801805476e-01
9.823203060266729736e-01
9.761817584418120974e-01
8.398747280764043976e-01
8.557235277410881746e-01
7.191616881132578687e-01
9.893603193834977771e-01
1.057690798933694110e+00
9.745965662488380588e-01
9.167460756994411097e-01
8.067421391025353383e-01
9.016263758815841189e-01
9.944668559171234712e-01
9.553468970036899099e-01
9.463633104351413250e-01
8.662639891224526156e-01
9.657587923626221871e-01
1.087989763439804580e+00
8.497532238074532174e-01
9.542701409555663927e-01
9.413231096340246573e-01
9.933075326765775648e-01
8.741501327552527734e-01
8.135866208316768766e-01
9.650966533475527909e-01
9.603122668270767104e-01
8.759935355877810359e-01
9.047235096302961299e-01
8.982353971168594020e-01
9.756148000094765349e-01
9.845656485236889965e-01
9.688954897846357994e-01
9.779154357221110372e-01
9.303780897946429818e-01
9.413138232299768093e-01
9.600358174667671385e-01
8.898141502042032913e-01
8.719486055032604765e-01
1.001193557724608274e+00
1.020254072097989573e+00
1.008754369145703489e+00
1.008057957850164055e+00
9.495962402058569785e-01
1.020067894327837843e+00
8.506265378043603720e-01
9.485725737685292147e-01
7.669791426045735605e-01
9.838572553507773932e-01
9.526267621701826060e-01
9.762027084677235012e-01
