-1.078320965012536048e+00
-9.728642704242619343e-01
-1.031965082202146888e+00
-1.067482415739972046e+00
-1.073740924293386856e+00
-9.797223724186413518e-01
-1.199893772510765233e+00
-9.916169486859636173e-01
-1.070377054924251725e+00
-9.630490729780672998e-01
-9.849825580242640433e-01
-9.922805203546125608e-01
-1.031435366120183383e+00
-9.039787371335914479e-01
-1.135220818186636116e+00
-9.748312488349295535e-01
-9.490585789436339903e-01
-9.917655700117425921e-01
-8.653555799066566800e-01
-1.048728967439513493e+00
-1.156284788839581079e+00
-9.647544167112063196e-01
-9.678271981787529565e-01
-1.049310567612972145e+00
-8.771255354231808354e-01
-9.263492018549849272e-01
-9.680190045087985196e-01
-1.045577744283781918e+00
-7.764903125090889535e-01
-9.032768346546553584e-01
-9.896116715277548659e-01
-9.629507854823194934e-01
-9.107269362515088007e-01
-1.028630706788809412e+00
-9.401245629107379820e-01
-9.276015282495294612e-01
-9.934318800381923831e-01
-9.090737915782025613e-01
-7.986799696680677574e-01
-7.884356466512041361e-01
-9.550121272153465624e-01
-9.891643359771443711e-01
-8.055971076344664583e-01
-8.134231697849031439e-01
-7.807171998899936627e-01
-8.716140757488388680e-01
-1.037458845295327059e+00
-9.128236251275034796e-01
-8.578517308935615926e-01
-8.541501626250672663e-01
-9.324941357335215786e-01
-1.012415884751136197e+00
-7.577149454047420463e-01
-1.026258591250464924e+00
-8.908318702957271906e-01
-9.094537694014962481e-01
-9.380545210219944918e-01
-8.394411930455339954e-01
-7.834599690651764536e-01
-8.485791694544957409e-01
-8.996975450403632557e-01
-8.532978913139576127e-01
-8.883275750690698969e-01
-8.704261225307254879e-01
-9.081087649123936734e-01
-9.329962024624087746e-01
-9.138518865742907282e-01
-9.461811070050458738e-01
-7.716047607852227763e-01
-9.291404802428891996e-01
-8.730801909119816351e-01
-8.397061747332160708e-01
-8.518092248342231665e-01
-9.048960439350270946e-01
-8.298357760972128183e-01
-9.415557740707212186e-01
-8.362626970040857310e-01
-8.944357771710212957e-01
-8.733758047778116262e-01
-8.645200429253601104e-01
-7.091858173998941695e-01
-9.966865878342594520e-01
-7.443220179830013494e-01
-8.797884841066488937e-01
-8.401103086857326652e-01
-8.246984497333481601e-01
-8.069994514737799385e-01
-9.102015132385198326e-01
-7.178910878206454793e-01
-8.845463574405771912e-01
-6.021147312848980082e-01
-6.795436231860882970e-01
-9.285572687955486737e-01
-9.196627744126869564e-01
-8.544939278085796897e-01
-7.344786227727972960e-01
-8.318169926904762645e-01
-8.527877216024835061e-01
-9.168183301525727469e-01
-6.781516199223592833e-01
-8.743990610720173695e-01
-8.579895691655109458e-01
-8.624142820361699879e-01
-8.016044632407725024e-01
-8.137498119321598944e-01
-6.731126587891981261e-01
-1.045870957019860104e+00
-8.838383884468182794e-01
-7.035781443075150854e-01
-7.728901709357630656e-01
-8.373385369212544838e-01
-6.471148537342531482e-01
-6.965206591443411366e-01
-8.033996809423182839e-01
-7.795373083289073302e-01
-8.380673828360478694e-01
-7.631289336697996140e-01
-7.366447199568008086e-01
-8.684512969736807309e-01
-6.388205085711402553e-01
-7.153023870630764725e-01
-7.566303174467240433e-01
-7.705779900578463293e-01
-7.234803289095111944e-01
-6.206825803482415305e-01
-6.554145313687910201e-01
-7.310917433623708162e-01
-6.584703190076697243e-01
-8.255405677226669292e-01
-6.830061680850116890e-01
-7.452042177990253480e-01
-6.966376372846986298e-01
-6.511658805613876888e-01
-8.227928967168400831e-01
-6.511049066096065152e-01
-8.050426144538818107e-01
-6.102404905441548566e-01
-6.432062014534792871e-01
-5.305736088650435667e-01
-8.253033490390102589e-01
-8.198954831259953613e-01
-7.704717779634109309e-01
-7.387897931561854259e-01
-7.145198083468821126e-01
-6.798722516416787487e-01
-5.997357437501197319e-01
-7.618713106579306782e-01
-7.730051938234128173e-01
-7.224190506055786498e-01
-6.313695284109901440e-01
-7.710938639193382071e-01
-7.391915703892574241e-01
-6.984775133079496046e-01
-5.885356323914016086e-01
-7.330120188568330919e-01
-5.922135520997670044e-01
-5.208878756927087794e-01
-6.635994670409769425e-01
-7.059291420527290528e-01
-6.922604475138569580e-01
-6.828278690200454415e-01
-6.976824947291668799e-01
-7.576388534264536512e-01
-7.341658919459659316e-01
-6.478516356729602244e-01
-6.505463363254931908e-01
-6.346293200305401783e-01
-6.900432279767230170e-01
-6.325438962066962656e-01
-7.255641732310940117e-01
-6.989901075996727275e-01
-5.653324477192757103e-01
-6.892776625689235326e-01
-5.383246660697311725e-01
-6.874406379104022191e-01
-6.195524979314949165e-01
-6.264992908775156577e-01
-6.643136005936983723e-01
-7.713039304780158201e-01
-5.934595294532988285e-01
-7.052500573427001873e-01
-5.238802576813178513e-01
-5.831163984336302786e-01
-5.008782775725428849e-01
-4.976839903746808624e-01
-7.488618067365265807e-01
-5.826716516782856070e-01
-6.344548094399578009e-01
-6.143009638228104086e-01
-5.513633581807957373e-01
-5.770244749428447006e-01
-5.236526078996001088e-01
-5.250622620604020740e-01
-7.241910009282797045e-01
-5.256206538421914765e-01
-4.301579700604797885e-01
-5.284848324770736738e-01
-5.924267592282959072e-01
-4.991048040785604489e-01
-5.065776946661875169e-01
-5.548303623636733350e-01
-7.529541757359747844e-01
-6.005871491227866565e-01
-6.884288199118947515e-01
-5.812685044937410117e-01
-5.631451933154277834e-01
-5.748690342863621572e-01
-3.775597725766225987e-01
-4.840030355946194907e-01
-6.385045709999779273e-01
-6.504228775249918382e-01
-6.302127832649322414e-01
-5.632869637450849121e-01
-5.728515482228573319e-01
-7.762529713180756907e-01
-6.706853463194061282e-01
-5.665347199194956662e-01
-6.820307838697111658e-01
-6.521486384502650502e-01
-5.622966314672570576e-01
-5.693898825119955154e-01
-4.221638721419710971e-01
-6.089496257402773338e-01
-4.645859018837543153e-01
-5.965189169238230837e-01
-5.812701726031127558e-01
-5.967608995069499933e-01
-5.461938970568724905e-01
-4.952873308392003460e-01
-4.989597739443139557e-01
-5.571807789845890646e-01
-6.031870572644201234e-01
-6.483970767531078705e-01
-5.706379651973660927e-01
-5.627101631176902874e-01
-5.123425762921450799e-01
-4.020847664940902511e-01
-5.613864746662802219e-01
-5.413645345143333065e-01
-6.164443352345121419e-01
-5.414708216276391539e-01
-5.533195670351390705e-01
-4.204735263584635785e-01
-5.815652206730621554e-01
-4.220940895432156448e-01
-5.100793476292744266e-01
-4.078048158145504143e-01
-5.213754465894991919e-01
-3.547375944569887141e-01
-5.318291823153546982e-01
-5.434803579064630963e-01
-4.724970840145304996e-01
-2.851944218234880313e-01
-4.755442929758747495e-01
-4.362854297724631514e-01
-5.415819616545441972e-01
-4.671537327084802627e-01
-4.977881161157824419e-01
-5.084599384561905300e-01
-4.982452315449842906e-01
-4.032578131657201248e-01
-3.083936233469436461e-01
-5.391809352692067403e-01
-5.102898048996331593e-01
-4.096625340698807349e-01
-3.971926926925293255e-01
-6.930222586430047071e-01
-3.615789208007512134e-01
-4.710514358706431315e-01
-4.163034394841155228e-01
-4.857890747983411583e-01
-3.835870154946166566e-01
-4.048258046350837192e-01
-3.635551300718006806e-01
-4.236474054813931245e-01
-4.692602368629533172e-01
-6.132657196618684914e-01
-4.118517215823911948e-01
-3.809537208070507552e-01
-3.345144810654319678e-01
-3.242017083743282679e-01
-5.997348695601628643e-01
-2.480472511638008581e-01
-3.705290706945053025e-01
-4.017440800154533642e-01
-3.898351190639519626e-01
-4.727563045022172838e-01
-2.421933131106428494e-01
-5.016696207186203127e-01
-3.617138794368777166e-01
-6.547148594256264609e-01
-5.253122245038899241e-01
-5.177561956193919013e-01
-3.705564380447690098e-01
-4.294180316410098897e-01
-4.193289334873636087e-01
-3.894602024918226157e-01
-4.471085323146358204e-01
-4.855949864644700242e-01
-4.421756498233813670e-01
-3.052716020211270753e-01
-4.240825117847254466e-01
-4.113357110402238170e-01
-4.346105245706147757e-01
-6.188804702138209768e-01
-3.782990928810869291e-01
-3.749048460998934962e-01
-4.769193564140180031e-01
-2.505739255869658955e-01
-3.238058270585542076e-01
-4.111622962294817496e-01
-2.828592913049834401e-01
-3.663699492600673846e-01
-4.045307678796811190e-01
-2.992172834342172183e-01
-3.040240513239486075e-01
-3.478540654908942598e-01
-4.077023748798296321e-01
-2.325058732769111902e-01
-3.732795566810594989e-01
-3.348378341547205150e-01
-3.408839281186153425e-01
-4.187485960336089219e-01
-3.899248885496277572e-01
-4.234072195527410765e-01
-5.246751052358962220e-01
-3.759754991569654314e-01
-3.667943358428819578e-01
-3.375905863686678443e-01
-3.478235667118471097e-01
-4.500931228166120124e-01
-3.942696988352405452e-01
-2.917714720862024658e-01
-4.008508706159166213e-01
-2.466987869000774047e-01
-3.495369415046696848e-01
-3.612610738191005533e-01
-3.613201330827296998e-01
-3.778995952838338224e-01
-3.181545659164995432e-01
-2.230861090579637218e-01
-2.480972825908676072e-01
-2.725872211241427978e-01
-4.490551576538301948e-01
-2.776087150286938865e-01
-1.577621302125428449e-01
-3.312551830435230826e-01
-4.503210932751768869e-01
-3.829599319871415664e-01
-3.152715564960502093e-01
-2.863068299352902746e-01
-3.154257692705709215e-01
-2.031486602330058733e-01
-1.607362449215042066e-01
-3.637700202396167426e-01
-2.380335321777125590e-01
-3.041524861197290597e-01
-2.249346784265949528e-01
-2.973948028872113181e-01
-4.139792320648925661e-01
-3.402898515692272530e-01
-1.429901090660728735e-01
-8.283967647266705925e-02
-3.730409086115678563e-01
-4.086816037993047934e-01
-3.466425482670561498e-01
-3.775161657827679762e-01
-2.730250093840397851e-01
-2.706736164815020662e-01
-2.282178492386710833e-01
-2.066159449463073339e-01
-2.682919916359973733e-01
-2.943935338232497312e-01
-4.440155010281254117e-02
-3.358050642650086126e-01
-2.373323013515948599e-01
-2.714900767268624837e-01
-1.687970728311001256e-01
-3.169955960760281743e-01
-3.297700554982546661e-01
-1.264316467586188431e-01
-3.308477298247323173e-01
-3.927611378020839927e-01
-4.491700255894591765e-01
-3.200644215364534806e-01
-2.516546001784374376e-01
-2.221462054289413679e-01
-1.595011129618476020e-01
-2.536969332038130354e-01
-2.673857048532480296e-01
-2.295179412556081211e-01
-2.317105420717322506e-01
-2.289775197973308030e-01
-1.327397433118105152e-01
-1.122434587865120542e-01
-3.910891279215354677e-02
-1.620748602167445263e-01
-1.611864912980191800e-01
-5.144174913202217980e-02
-1.773151883100339277e-01
-9.561129858814172711e-02
-2.216099352569732839e-01
-1.686986410377473711e-01
-2.086408626164364677e-01
-3.218878885087534392e-01
-3.150785378955714422e-01
-2.030713160860832256e-02
-1.568451037341956622e-01
-2.287052630412739207e-01
-1.399599506052577325e-01
-1.156032226997198015e-01
-5.045645506396710667e-02
-2.805998153447434307e-01
-1.408699687295565106e-01
-1.417678480187398726e-01
-1.917751812597893180e-01
-2.833372335008702558e-01
-9.290707425830974087e-02
-3.311973088378711294e-01
-2.100919519146655368e-01
-2.393315136344631722e-01
-4.304736545867620529e-02
-1.554436035304833652e-01
-2.013263501675167377e-01
-1.325622006807898323e-01
-2.205641500980005110e-01
-1.180207174555516214e-01
-1.298846135065535312e-01
-9.836381939324248536e-02
-1.347596955497026849e-01
-1.453925961544192125e-01
2.343509575844038989e-02
-3.874361012412774752e-02
-2.269113193995268285e-01
-1.053249298660571473e-02
-1.549738297316776425e-01
-1.428190987226484188e-01
-1.782181764106725297e-01
-1.402088406098049855e-01
-1.094442349202903453e-01
-1.286076692471322669e-01
-1.444804177870249173e-01
-2.124015642995451258e-02
-7.459532338264873719e-02
-1.840152608446783966e-01
-3.049212573578359842e-01
1.112708421883775757e-03
-1.545850335568541567e-01
-1.037031339652339929e-01
-1.567620130558784741e-01
-7.034164102771015004e-02
2.210819034543745967e-02
-2.301500965954963729e-01
-8.526731684499813668e-02
-8.847063607782744421e-02
-1.560599489135565399e-02
-2.734586943705643036e-01
-1.219005437474268150e-01
-7.972232810171456241e-02
-1.182457555723833292e-01
-1.083555697025009867e-01
5.295775481405237683e-03
-7.280479922980118840e-04
-8.630395536398952072e-02
-1.764013289646702565e-01
-9.353748899359083657e-02
-1.251302777920726139e-01
-5.233469668808143210e-02
-1.021889773071653490e-01
3.571662157232655121e-02
-8.759786505007241542e-02
-7.933271729690274943e-02
-5.042944528766005879e-02
-4.701337834161795071e-02
-9.512502468998396132e-02
-5.520488973522785087e-02
-1.856789129122370929e-01
4.488651160755881969e-02
5.976398404732576747e-02
-1.558475320820609279e-02
5.159241347811431566e-02
6.469169889798802309e-02
-2.054997258121621026e-02
-8.825437219677537137e-02
-1.749958761802603291e-01
7.422632640656591507e-02
-3.245743073310707744e-02
-4.153170692205129452e-03
-7.427611028365554979e-02
5.318452230377088835e-02
-2.939593308616742298e-02
-7.686623490483658096e-03
-3.547458924653418277e-02
-7.373895668978114326e-02
-2.648420255054837781e-03
-1.575102819830316858e-01
-1.075832247834844768e-01
8.383385862802920918e-02
-1.418887174390941024e-02
1.921866168030043620e-01
-3.776982953693212158e-02
2.769997892708755960e-02
6.825775971130029762e-02
2.456643173165208582e-02
1.585070805161701568e-01
9.038498110949216846e-02
1.357730851398002495e-02
4.835577204550766534e-02
1.323207563236742934e-01
-5.883144285709700910e-02
2.530873941646665307e-02
-6.295448566102315735e-02
4.610966970414909216e-02
7.188267742555042028e-02
1.653653973212635200e-02
-6.199627483218829622e-03
9.301968324636417096e-02
-8.657488045980757385e-02
-1.969696900076235019e-02
-1.954359081374018765e-03
7.227184897887761750e-02
1.035174528710432057e-01
1.636385409456706241e-01
3.005181602952625847e-02
-5.896530991857693027e-02
8.948359122487996309e-02
-2.619295619970615427e-02
2.264490932289003333e-01
6.671311506750816911e-02
2.182187961565692225e-01
5.844277825882798760e-02
-5.170029501075251027e-02
3.066836060834123847e-04
9.551074465656060608e-02
1.344737100373580851e-01
1.070680559700855072e-01
2.326375048677488400e-02
1.184328317776768558e-01
1.090614299588344160e-01
1.424950518435065816e-01
8.392480966460481862e-02
1.629703152528081678e-01
7.503681400857246941e-02
1.131718602749619690e-01
-5.050550229824080778e-02
1.688818554525346183e-01
-9.970589228354080624e-02
5.219938884560309383e-02
2.134134184241814614e-01
1.093754980816493694e-01
1.136715777157084467e-01
1.635963320961705825e-01
5.818220168687408822e-02
1.605426194586557012e-02
2.476636664818149258e-01
1.976672853361733165e-02
5.813557881418046636e-02
2.806415669358180986e-01
1.038795622609594432e-01
1.106772080741157543e-01
1.196715220238899202e-01
1.696739805476745744e-01
7.014984895126981368e-02
1.455077701350648567e-01
1.354422317515471264e-01
2.316020459906960316e-01
5.568839241986517363e-02
1.115243454266753725e-01
1.709753521777200580e-01
1.176610716586093813e-01
1.267956128919788816e-01
1.255723168764251441e-01
1.817651488708937335e-01
-1.689012854542304085e-02
4.776344265947378431e-02
7.408930887737029403e-02
7.338690482888229893e-02
2.649987668964270404e-01
2.641744159604375586e-01
3.077975271761762555e-02
2.105132273479895233e-01
1.391099136428392558e-01
3.319383627661375014e-02
-4.123128260662551649e-03
2.018058340184500921e-01
2.171401112810558420e-01
2.818211854948151629e-01
4.998356345386865962e-02
3.595187045851675617e-02
1.721363159848698088e-01
1.341285602330797577e-01
1.726121065604566684e-01
2.550410169918103653e-01
1.051852651980577508e-01
1.820145253881857439e-01
1.574007010178510024e-01
2.234098682153083937e-01
2.384243915244994572e-01
2.006486473993404629e-01
2.205882753792071937e-01
2.473283326345473154e-01
9.672295899817234810e-02
1.716407807098812299e-01
1.868746504922539631e-01
1.796211054492876380e-01
2.566110493897938438e-01
1.892910704827075741e-01
2.653616491912962339e-01
3.013811218728262853e-01
2.646037055264409688e-01
3.265676398077683174e-01
1.960246074090158941e-01
3.849951301181963464e-02
1.313612958330808989e-01
2.323236741585600063e-01
2.578871317866499591e-01
1.044294850018560733e-01
4.368945519305892367e-01
2.361532714059616511e-01
2.199785313687292188e-01
2.168079315389523365e-01
1.958221435090151119e-01
3.219161470536795466e-01
3.116443241743960257e-01
1.977849801442652655e-01
3.098889125009722245e-01
3.035496165556048620e-01
3.089336746656142219e-01
2.069382558647183123e-01
1.286532199701221346e-01
1.577953533472050140e-01
3.948210208436618296e-01
2.976531542374835637e-01
2.694061101895086074e-01
4.190928008028155238e-01
3.697793064544718789e-01
2.376560045803907673e-01
3.098741760840864057e-01
3.439162813686607589e-01
2.315853797038485706e-01
2.615365570993268829e-01
1.937292716470765674e-01
3.048523013296801643e-01
3.360127001186058449e-01
2.576961105920111961e-01
2.930515533934218708e-01
2.473894034720241220e-01
3.043620251378543196e-01
2.440325223942219346e-01
2.073138240440337010e-01
2.262436628426910679e-01
1.675019007678204275e-01
2.414028744536698412e-01
2.546727959866556534e-01
3.489652469519192723e-01
3.419126964235687516e-01
1.983647860153073816e-01
3.759281019679398539e-01
4.061708061718863894e-01
1.645196521832935910e-01
3.614043151379681129e-01
4.715140491970935543e-01
3.458601900804366136e-01
4.618048447509389143e-01
4.078419170333055788e-01
3.682255687513617537e-01
1.735917771860799041e-01
3.561338887006654796e-01
3.160620188156408328e-01
4.069242126681042460e-01
3.301923066995785527e-01
1.956298691192324135e-01
2.410396246578727641e-01
4.369624246001569401e-01
2.989777119030382346e-01
3.838507418891841660e-01
3.147082793910210285e-01
3.213702914629195106e-01
2.639531941789550751e-01
4.431764769280227001e-01
4.468390740990731413e-01
3.762716045727513281e-01
3.953436827702406786e-01
1.469423589143640796e-01
3.931938780224539243e-01
4.702872043841025418e-01
3.271172473169143835e-01
3.913365397467621909e-01
3.731877239902723908e-01
4.611062794921473862e-01
4.115669151550193638e-01
4.113361026113870333e-01
3.785093010545268477e-01
4.291343711751720025e-01
2.929009391096318304e-01
2.370549951385015619e-01
2.918772966054942741e-01
5.109197459375057759e-01
4.642373182841489365e-01
2.891563826764643741e-01
3.959772529517207040e-01
4.715147090747950354e-01
4.559205365756207051e-01
5.065170552216489153e-01
4.572621721759211333e-01
4.351324171133251206e-01
4.655914356488946027e-01
3.679955841773734360e-01
3.327225365281063496e-01
5.791819236534954118e-01
3.688914681103378501e-01
3.669584321969667773e-01
3.113780545758469409e-01
4.594519861109435666e-01
3.187086560138576719e-01
5.047050039009212119e-01
5.102595208689088002e-01
5.130967320684691746e-01
4.990936820064662549e-01
5.395115107240173735e-01
3.835628077074668685e-01
3.746243408691274923e-01
5.069757973449859900e-01
5.538670255175894841e-01
3.662419627266515487e-01
3.218040950488658125e-01
4.590378640586767478e-01
4.390680092905372423e-01
4.797188728689353865e-01
3.689104233355333107e-01
4.370602457259940565e-01
6.061100872647758875e-01
3.809458259362488164e-01
4.514952620429560359e-01
4.202149266978969511e-01
5.566831347383526252e-01
4.538071568545153922e-01
3.717881154962605628e-01
4.160380469075851684e-01
4.745977020022983939e-01
5.053536209433417969e-01
4.394540382199731976e-01
4.617351598151381298e-01
4.779133444691303079e-01
4.814717373762163466e-01
2.956242982682929510e-01
3.522996275354192131e-01
5.475993454205243527e-01
5.445371375649900036e-01
5.422953946211555021e-01
4.304639320953446147e-01
5.169576412847333158e-01
5.307591671468714356e-01
4.501713628445819237e-01
5.694657812155460297e-01
6.084568489354241771e-01
5.436249847228602494e-01
4.751313116547721260e-01
5.400428306725190142e-01
6.415213016756826647e-01
4.735887590903536393e-01
4.597941282383440353e-01
6.921476512338393672e-01
4.292334842076602208e-01
5.049202068439693214e-01
7.257324030327420017e-01
4.750819490405581713e-01
6.186418668056284931e-01
4.970705606286363043e-01
5.315908646803851889e-01
5.215527007163898165e-01
6.444262689285694679e-01
4.737770447205142954e-01
5.281646323563382595e-01
6.871285117761154471e-01
5.283752923555051773e-01
5.839474846578958100e-01
4.629953282422095695e-01
4.482959879577568807e-01
6.464786201738003113e-01
6.195095534271110038e-01
5.938628100157662404e-01
5.708993455467245015e-01
6.376357811543542642e-01
5.433222007086067062e-01
4.500457045034667036e-01
4.746050188976543849e-01
4.356605592844340902e-01
6.189929773392809365e-01
5.531669171660601458e-01
6.492610579660273995e-01
5.126725617519866107e-01
5.061649990814036659e-01
4.591873490107152844e-01
5.295999499038048786e-01
4.289039414360348856e-01
5.616805519046842443e-01
6.179816976468422984e-01
6.102443038218052784e-01
6.684072522022087570e-01
6.156352199789392188e-01
6.792813078594511778e-01
7.270097660681934526e-01
5.276363068635899767e-01
4.175547208656490983e-01
6.128418768931774840e-01
6.172891307750434375e-01
4.641030448949793330e-01
6.191735385487494581e-01
7.590365825518323728e-01
4.992783491118386596e-01
6.533025546959777552e-01
5.658087353605095737e-01
7.026977729170414966e-01
5.348973805023264916e-01
5.811575349271698165e-01
7.898399563087504793e-01
5.824454400957698175e-01
5.572364976871493347e-01
6.793508939722147089e-01
6.107284746746076687e-01
7.150092842672601812e-01
8.213434807821321515e-01
6.458343316837129588e-01
6.332395182698598024e-01
6.779463430369347954e-01
5.147338509090209069e-01
8.332872614308214354e-01
6.605085491568694067e-01
6.168152924901660894e-01
5.858300001853554706e-01
6.655390820154437614e-01
5.562194747362985137e-01
8.005019458290315582e-01
6.050911793978377418e-01
6.815017527191592484e-01
5.300331177515645864e-01
6.069317032683239077e-01
7.232972050333303926e-01
5.980466514063595973e-01
6.501389020452297274e-01
7.186961972870926640e-01
6.761711369927334569e-01
7.662255811794655980e-01
4.634158843836329034e-01
6.564749565808374321e-01
4.769050397708162192e-01
6.134416476718776989e-01
6.482902779838514151e-01
6.150698986022342662e-01
7.169770388021957652e-01
7.336500564003711755e-01
7.690594158852924744e-01
7.969648375317428535e-01
8.323278754117545697e-01
6.491372656184553058e-01
6.825395314138388292e-01
7.515210489673500582e-01
6.140927404203517792e-01
6.189720203476788418e-01
8.038603778081626627e-01
7.365885398671300210e-01
8.186006654286139828e-01
6.315960095655542839e-01
8.528618895999585670e-01
7.369140305112246159e-01
8.444318257857417187e-01
6.104998961670016211e-01
7.453744430128922405e-01
7.164069034646060041e-01
9.177724508749104393e-01
7.548600746567329933e-01
8.495795914650317027e-01
6.855778811075519119e-01
8.756455772104427826e-01
7.683078129671803147e-01
7.255121308971786975e-01
7.250926879884912468e-01
6.867549999666241467e-01
6.247808412849228388e-01
6.453726026321127129e-01
7.351847772453616869e-01
9.382622554617070509e-01
6.776758060514448401e-01
7.945283925052378793e-01
8.310225973363772889e-01
7.134454567099683953e-01
8.794296295593148072e-01
7.947363985515811802e-01
8.529219474595999273e-01
6.834509230824243886e-01
7.298154807771536356e-01
7.657813422275497883e-01
7.462998707530853482e-01
8.598810017532648731e-01
7.073734797207357206e-01
7.923384417803017721e-01
8.279936213571281733e-01
7.098136791815093938e-01
8.551666094093071102e-01
7.774036051271344672e-01
7.928849042609844577e-01
7.516947630848808126e-01
7.288394331350495081e-01
6.921355287084036689e-01
8.740213947737102140e-01
7.288096214645345405e-01
7.871493659357399197e-01
9.304530479225291417e-01
8.112863665477338948e-01
8.137565944487340497e-01
7.414315677415630468e-01
8.929479108560837153e-01
7.349129359363154590e-01
7.980061322889088204e-01
6.659745561422927285e-01
8.009333100184083953e-01
6.933503169023936819e-01
8.121444308611439622e-01
7.350804005671255359e-01
7.238384061096040378e-01
8.142319809885416593e-01
7.892332536245684205e-01
8.286647864601894842e-01
8.909963682943247143e-01
7.623900170094849438e-01
8.711422255072401866e-01
8.190060672571825018e-01
7.173980936259498620e-01
8.815679982048092445e-01
7.560141097504524677e-01
8.848352592695367669e-01
8.672495020401294052e-01
8.480437857726109696e-01
9.192398886680120951e-01
8.364009812247986675e-01
9.747943281168740537e-01
1.016800580854249514e+00
8.879106185539143992e-01
8.239600506441419059e-01
9.088795090274600641e-01
9.209034386304874031e-01
9.197861386909688131e-01
8.735946153232371225e-01
8.862056461074179214e-01
8.700317129839494346e-01
9.908299982858935762e-01
9.189840463613998534e-01
8.147091567033156734e-01
7.976494864925144368e-01
1.080973363631661632e+00
9.709468544173616156e-01
1.099358011335616281e+00
9.716534525444572301e-01
1.000525616788680683e+00
8.695073636232759640e-01
1.013204778564871233e+00
9.728499355067055099e-01
8.589497962745696880e-01
9.651796840066829697e-01
9.093351994948005723e-01
1.022463174672886499e+00
9.022594664019054633e-01
1.013263529428493959e+00
8.329345698120406150e-01
8.580286126633366317e-01
9.216016229804520066e-01
9.381207918846373728e-01
8.861060113428628204e-01
9.832623158709575817e-01
9.447421061379244200e-01
1.014106854048935524e+00
1.082812756317764302e+00
9.325070544874878298e-01
7.627448987011913317e-01
8.045198418034621435e-01
1.000138922479583137e+00
9.187367114506156396e-01
1.100943183403840564e+00
1.025761428425881583e+00
8.571013709751604814e-01
9.534012889319110062e-01
8.841636145585750617e-01
9.599660131241308791e-01
1.075133911141245457e+00
9.705596960702365106e-01
8.855891788219725225e-01
1.015804050409857551e+00
8.395299553468160703e-01
9.245695123658572712e-01
9.700888925668069707e-01
1.051551211770030525e+00
9.439537597459092266e-01
9.461569798085683880e-01
9.384124264035408336e-01
1.125237179052029912e+00
1.065048635387899845e+00
1.074642223665730034e+00
9.828615687753932129e-01
1.071234330724168737e+00
