-8.284791758225743541e-01
-9.921878603517824136e-01
-1.171700700315019050e+00
-9.676988164221134170e-01
-9.886461755445067334e-01
-1.105644694595235844e+00
-8.212332866254790087e-01
-9.948595017964386722e-01
-9.351872758238152228e-01
-8.074687786969285686e-01
-1.033757018738779898e+00
-8.737010966155357439e-01
-8.409424146884206808e-01
-9.997721049192045406e-01
-9.276366920815066752e-01
-8.732390261988176583e-01
-8.885272268777000271e-01
-9.175372449406347108e-01
-9.320885001457520636e-01
-9.885426178806798747e-01
-7.440282477351619628e-01
-9.335243910297124081e-01
-9.722128576411435130e-01
-1.007354902052548962e+00
-9.267498303092756018e-01
-9.639728568816321452e-01
-1.027132491560771577e+00
-7.974690652171714245e-01
-9.002664334782436439e-01
-9.914153187845651249e-01
-1.086271719738267194e+00
-9.384070696505582010e-01
-9.875606148018543085e-01
-8.391178346963160672e-01
-1.064619136944675359e+00
-9.159410020017014764e-01
-8.378446419335627837e-01
-9.121218003932233254e-01
-9.269473681275454124e-01
-6.616340132008651231e-01
-9.939757663422620348e-01
-8.872476736975678513e-01
-8.911398734075299810e-01
-9.304927202815519438e-01
-9.001854483423001874e-01
-9.248599496419986910e-01
-9.709125334495127824e-01
-9.458877867900039593e-01
-9.687525427021271840e-01
-9.491972982800224168e-01
-9.543253720950028995e-01
-9.401996266452042894e-01
-7.513080747388440894e-01
-9.217204484059359215e-01
-9.130586531456393873e-01
-9.763003143213181412e-01
-1.031928655006459028e+00
-7.806323897745121032e-01
-8.936329167685994612e-01
-9.069479158821404097e-01
-9.073841238740057991e-01
-8.821718617319559419e-01
-9.121503560388648513e-01
-7.626242360987515179e-01
-1.031389846240944985e+00
-9.487238146404795014e-01
-8.865380128235559321e-01
-8.992507888523134651e-01
-8.499928770999709560e-01
-6.086088098144887271e-01
-8.429339442440909602e-01
-7.289884669392560079e-01
-8.362050056468866011e-01
-8.339845119776873039e-01
-7.742606074670780325e-01
-8.364304042014295559e-01
-9.949114504403966386e-01
-7.198871549216474541e-01
-8.490472523283500994e-01
-6.641206150434011413e-01
-8.512698899776149908e-01
-8.185569591794887856e-01
-7.461954588527232035e-01
-8.817260940601512331e-01
-9.047400124422488865e-01
-5.719588480045844081e-01
-8.932834327508842875e-01
-7.619145305035481819e-01
-8.433162819958596179e-01
-6.849563674869041385e-01
-8.518396095894413822e-01
-7.635640038143594044e-01
-7.395879576773235486e-01
-7.102561831380945767e-01
-7.589503294978166004e-01
-7.688149244303024155e-01
-8.688720233418230077e-01
-8.477335129457114204e-01
-8.117313165983296441e-01
-7.297682988884488520e-01
-8.905910956863533068e-01
-7.934637116846537941e-01
-8.521245020500147760e-01
-8.921254547092142273e-01
-6.669440832005006925e-01
-8.156607198417004101e-01
-7.965498967903186234e-01
-6.535762574874436348e-01
-6.232621903979499445e-01
-8.659082790618293224e-01
-8.978753875751168678e-01
-6.752535555023476688e-01
-8.022485169096197355e-01
-6.784418505794588272e-01
-6.687644756853438066e-01
-8.327462000570665657e-01
-7.368882751825680533e-01
-7.424687479340563723e-01
-6.343179625776924624e-01
-7.046402042438644209e-01
-7.551296860825571500e-01
-8.376079643229299432e-01
-8.146988810749130616e-01
-6.577393826412615274e-01
-8.288035916635312361e-01
-8.365776927228522064e-01
-6.966878538739279536e-01
-7.867422883718997451e-01
-9.006419211186015295e-01
-7.617451585002600334e-01
-8.045643472055273859e-01
-7.195345286521683814e-01
-6.510028496565339884e-01
-6.088714249849660476e-01
-6.073919861328940240e-01
-6.839357479612383495e-01
-8.209960352831260355e-01
-6.641067004400094120e-01
-6.928031310452964497e-01
-6.963382750711690772e-01
-7.258453566022259329e-01
-7.121608453423441398e-01
-7.256168560511215837e-01
-7.437206368274549284e-01
-6.744564471038753117e-01
-6.038980071276228712e-01
-6.791350931972000016e-01
-6.606493094236798314e-01
-6.795484708660773920e-01
-6.194817323546626398e-01
-6.421578733588967358e-01
-6.635393260000379545e-01
-8.070844427496696172e-01
-7.487948638296637593e-01
-7.540401732579542493e-01
-5.570734328063646768e-01
-6.153037105658422101e-01
-6.732729891242961173e-01
-7.049153432737607083e-01
-8.823123719355626671e-01
-6.432765276399612375e-01
-6.714443013932628324e-01
-6.288575636244546629e-01
-6.105154265937382529e-01
-6.665657089132783764e-01
-6.256994126646472365e-01
-6.269365447676592540e-01
-5.911909398504907598e-01
-7.100240498852166127e-01
-5.961586212323068956e-01
-7.663576845243127433e-01
-6.689774847160342430e-01
-7.960234590246516584e-01
-7.324658675033994815e-01
-6.940954972479090879e-01
-6.793471738871792454e-01
-6.553634242560303358e-01
-6.015642059391772545e-01
-6.959101321431253595e-01
-7.425825064812225929e-01
-6.239682388247349554e-01
-5.453624695527624633e-01
-7.365358304238855958e-01
-6.104388031883006827e-01
-6.961819321509660208e-01
-6.258235482490184243e-01
-6.930566387369282433e-01
-6.276202294669975812e-01
-6.929154236611165807e-01
-7.943601856915523118e-01
-6.184630057576219198e-01
-5.448028898042069912e-01
-7.007804865366362712e-01
-5.518430673806911102e-01
-6.916145377160948238e-01
-5.752997219927581396e-01
-7.912144489004818704e-01
-5.523340967541802149e-01
-6.793458267466181422e-01
-7.282248899116561258e-01
-5.596695773878965774e-01
-5.281303458654680316e-01
-6.294055950408085076e-01
-4.839954419070994773e-01
-5.752576091386322199e-01
-6.804394811857530367e-01
-5.671972138592047408e-01
-6.412137699724468343e-01
-5.315099850254980662e-01
-6.309295082055565995e-01
-6.484573000680212695e-01
-6.390857474012351380e-01
-6.705230838389012460e-01
-7.154685143398575864e-01
-6.301979425798119872e-01
-7.327952381280412597e-01
-6.541911459742227875e-01
-4.841912771877791566e-01
-4.824847161992420475e-01
-4.987320256677103547e-01
-6.630580475364610260e-01
-5.726020515205633155e-01
-3.218631222659603663e-01
-6.182306137281367020e-01
-4.570282484071507834e-01
-3.932626725664535305e-01
-6.137448374908864857e-01
-4.749290579424597647e-01
-4.311087389025112793e-01
-6.899510398146152523e-01
-5.043441125605567787e-01
-5.971867254780864886e-01
-4.216203996070038706e-01
-5.526059122994008144e-01
-5.573238191910648842e-01
-4.545304497711764036e-01
-5.094061512825127647e-01
-5.858797959263936095e-01
-4.511416636298348770e-01
-5.068687262789083325e-01
-4.799328573106833584e-01
-5.709199420685853177e-01
-4.603576586978057605e-01
-6.264446349394557911e-01
-7.739170116020416268e-01
-3.917924614017221918e-01
-3.939477158350873087e-01
-4.990951310558293663e-01
-4.109147183667321568e-01
-5.033436669007651521e-01
-5.891274582938903492e-01
-3.937870321119663064e-01
-5.849189689498752731e-01
-4.096644152442819320e-01
-6.063906018714995128e-01
-5.996544016885760886e-01
-4.455888575413085584e-01
-4.102368710250561823e-01
-4.442549954058077066e-01
-5.649138907536864762e-01
-4.078686968031420279e-01
-4.860720554009781424e-01
-4.152066517880326768e-01
-6.132919923663772144e-01
-5.733494261105297474e-01
-4.906450397807065045e-01
-5.668036707330380564e-01
-3.555497948339227943e-01
-6.190491729213515315e-01
-3.962745137911976023e-01
-4.984626819576176704e-01
-4.531991607764930263e-01
-5.552621556737188380e-01
-4.537758019946599997e-01
-3.405070254672436514e-01
-4.967655746390773897e-01
-5.890734822398606685e-01
-4.249298011980731093e-01
-5.018699953609927489e-01
-5.189342526471044659e-01
-3.695770424099520390e-01
-3.795702383558025028e-01
-4.568989658191986991e-01
-6.303747487895789980e-01
-4.226432103777195137e-01
-4.505561361025817724e-01
-5.326990550455334983e-01
-3.617324832148624547e-01
-4.541174940221930911e-01
-4.594961645248542559e-01
-4.273344630682852641e-01
-3.556601635290240759e-01
-5.734592926196561136e-01
-3.515416935645681029e-01
-2.624792224591173673e-01
-3.800503174486541957e-01
-3.789755417828695183e-01
-3.802900971136126129e-01
-4.752666886663352575e-01
-4.368993490303235139e-01
-4.209202468302266076e-01
-3.735013698131115500e-01
-3.904945214243749074e-01
-4.738160595162526634e-01
-5.123069013261422056e-01
-3.533017496172978777e-01
-3.938383957097618127e-01
-3.844580712360692876e-01
-4.954848867825820125e-01
-3.276957714719663795e-01
-4.579143021893339882e-01
-3.509158420071513684e-01
-5.725279704286043714e-01
-3.612049677128220670e-01
-2.202919323458255585e-01
-3.889746890433741222e-01
-3.469266197081263825e-01
-3.336498540449542305e-01
-4.528311866481913861e-01
-3.084583966870473315e-01
-3.439358628811824969e-01
-4.088534358496234700e-01
-2.112533699469368587e-01
-1.992126671958860396e-01
-4.745492206836067761e-01
-3.948967058567838251e-01
-4.627730283458857397e-01
-2.731046730571162762e-01
-4.624259865763264421e-01
-2.551368787856913012e-01
-3.624691947422845062e-01
-5.962581868183906009e-01
-2.898218796553881926e-01
-3.688643716398372630e-01
-1.840621091206417481e-01
-3.873759765667865174e-01
-3.247872536644290098e-01
-3.804675211958747916e-01
-2.434245837916657884e-01
-3.259195447581187954e-01
-2.795293242065856609e-01
-4.181417480048430502e-01
-2.232323554290724377e-01
-3.522686518957127144e-01
-4.306746650446445224e-01
-3.034189824539859637e-01
-2.112247269257927218e-01
-3.867245008998154709e-01
-2.810473519162788869e-01
-4.053627730372727500e-01
-2.485067143866658279e-01
-4.172558542408588145e-01
-3.363926110890379517e-01
-4.050824464897821997e-01
-3.212257993547928958e-01
-1.914805212530787115e-01
-1.569395192173874687e-01
-3.593196890480667705e-01
-3.624847228883074646e-01
-3.902514354022034171e-01
-2.385540844631210133e-01
-2.815515668393255289e-01
-3.613604282594899408e-01
-3.571940929217578553e-01
-1.909269538616019668e-01
-1.182131976593415179e-01
-3.247258206101102385e-01
-2.923165235176258814e-01
-2.919319454862548957e-01
-2.982487345428541103e-01
-2.800786145920657749e-02
-2.632761071185193980e-01
-2.576327021753413438e-01
-1.211948444824538090e-01
-2.107480359281621030e-01
-1.393397478222860308e-01
-2.903665661063755121e-01
-2.687633944929962437e-01
-1.447586911694556111e-01
-2.098616196383736865e-01
-2.377393708066953826e-01
-3.875015179857831948e-01
-1.829025451369148125e-01
-1.489387501165613525e-01
-2.243535648405461658e-01
-1.758899827879791544e-01
-2.426749623211556239e-01
-2.289089855076586466e-01
-1.934616764117790544e-01
-2.582958272849592563e-01
-1.350238656198642084e-01
-2.401237100632716281e-01
-3.764201700268252071e-02
-3.390921351115878668e-01
-2.878703906625892928e-01
-3.085345994179630735e-01
-9.746231331342411486e-02
-1.843706128513588061e-01
-2.673034362723573643e-01
-1.317595050335488571e-01
-3.213787223902685453e-01
-1.236462977406934394e-01
-2.797630264242002562e-01
-1.469143061499835479e-01
-2.228779275565359597e-01
-2.987611414036939750e-01
-2.999726608961714724e-01
-1.882765070778992245e-01
-1.702343020994604578e-02
9.670783423714833515e-02
-2.745170642114171389e-01
-2.052924261522238447e-01
-2.236128293057308147e-01
-1.452471087876598121e-01
-2.007430294406393201e-01
-2.099275734392295756e-01
-1.848018449832079524e-01
-1.094705403558640378e-01
-1.449090083095731507e-01
-1.418537298229116950e-01
-1.926819383604549962e-01
-2.598363712205600806e-02
-1.847314587742311109e-01
-4.981174777977400575e-02
-1.587775947309996438e-01
-1.813064095999231407e-01
-1.617391236259674639e-02
-2.025948954982596806e-01
-1.917481203323830596e-01
-1.913610671561233045e-01
-2.448851668921097346e-01
-2.500413814553397937e-02
-2.251179177455629177e-01
-1.098625532482739170e-01
-7.590900184970644782e-02
-1.477963450478612384e-01
-1.350724224924844119e-01
-1.631434263685066777e-01
-7.070245161138295764e-02
5.450935655721750317e-02
-1.154679122190472168e-01
-8.053383690365609193e-02
-6.283410986580566238e-02
-2.308770959866840167e-01
-2.174319266884998381e-01
-2.138694293409017788e-01
-1.226440395565124297e-01
-1.086902051149215009e-01
-1.338497807852233497e-02
-1.047688254856371515e-01
-1.572629284947269987e-02
-1.180644800636962838e-01
2.117141955769018952e-02
-2.238781225669902175e-01
-1.030804104890079842e-01
-1.963080498883340019e-01
-2.473769186722657720e-01
7.946205421940188973e-02
-1.638603467372991562e-01
-1.010007011387138304e-01
-1.234996804960957276e-02
-6.303295529190700019e-02
-2.241172514916063216e-02
-3.447401398925491883e-02
-5.729452721451281511e-02
-5.450137485228666312e-02
-6.710402883751152847e-02
-1.219563273354625985e-02
6.215630255492213957e-03
2.137687144567226513e-02
-3.232238146033560716e-02
-1.199425235553319286e-01
-1.108238560062557443e-01
-1.819599659890010490e-01
-1.917216502937589551e-01
-5.423573515575631082e-02
4.571582434163630471e-02
-4.428882658959749918e-02
3.491561233375239243e-02
-1.805233931727049934e-01
1.202218720552931767e-02
7.720759761169533608e-02
-2.206792977035898773e-01
1.372716044976160787e-01
-1.016534605602537333e-01
1.713178648770850507e-02
-6.874913167267565628e-02
-1.712274961054178687e-02
2.586970162819829389e-02
-1.099292995004866151e-02
-5.587175448361920982e-02
-5.867201780866197758e-02
-8.897879709027999018e-02
-8.279487383405749468e-02
-3.054419577196296545e-02
3.977322654622787550e-03
-1.653140553525647427e-01
3.804295909073216603e-02
-7.885411086658941637e-02
-5.353395965928291721e-03
2.684297286255389950e-02
1.370951647407903373e-01
5.570305429629415078e-02
-1.580656132173573203e-02
-6.700818479261630434e-02
-5.143321460079407909e-02
-6.969721422029699631e-02
5.537427295371675356e-02
5.345573711753690699e-02
3.298054748964932698e-02
1.750579575287309342e-01
-6.966338421804686709e-02
-1.458795045444732930e-02
1.376953917528784058e-02
-4.608493481375765255e-02
1.383956146916856533e-01
-2.193740618785029392e-02
-2.938579533909365174e-02
-3.802471109977588470e-02
2.854271062141907527e-04
-6.739988439181106294e-02
-1.154393445759451832e-02
8.667752650628252065e-02
1.719239027723986138e-02
-2.558611956762047238e-02
5.113053536233058000e-02
4.104341435006925859e-02
6.688609173659802731e-02
1.754177214920790429e-01
9.340467474093359923e-02
7.918775838926096766e-02
1.592368629177037254e-01
-6.519798170465052056e-02
1.949320942844798843e-01
1.994441685879369264e-01
1.754724758492721692e-01
6.967009568302783007e-02
-1.202517217713961195e-01
6.738720581388281394e-02
4.048722851931642330e-02
-3.179471762936271484e-02
7.164686869491551646e-02
3.378418267718724666e-02
1.162863993657308054e-01
9.534884286044784107e-02
-4.931096700703548746e-02
2.217807061694393178e-01
1.330245849056305441e-01
7.396712123013561568e-02
9.138749273225049707e-02
5.333895141259201861e-02
1.759121896999674695e-01
2.806299415399120534e-01
9.401233987664397995e-02
-3.798094738195429820e-03
1.515999223676185725e-01
1.373818867731542159e-01
1.398086778600373115e-01
1.425343927233163333e-01
2.729374377545349950e-01
1.528401595754711739e-01
3.446952483881907808e-02
1.693973595753547057e-01
9.704720669093000462e-02
4.081629926168152400e-02
1.542279464013279200e-01
1.932686639018278141e-01
1.527079291712854503e-01
1.748577067594833390e-01
1.059769590569896169e-01
1.920585914886307477e-01
1.431688167347855700e-01
2.035075669127203168e-01
1.859303992175298514e-01
1.586816832174028913e-01
1.477668058236121795e-01
1.341416731472880597e-01
8.545124928396716224e-02
2.526254573185476304e-01
2.731500781296095082e-01
1.024384218968324295e-01
1.617143952165415732e-01
1.365348663730026335e-01
1.462138830126888112e-01
6.936743788976987291e-02
1.823400963905214001e-01
1.120572495996432633e-01
2.851028764734209742e-01
2.129531561632643788e-01
3.419210031809594152e-02
2.494307342574128283e-01
2.630006622881248535e-01
1.596401650289401564e-01
3.042341329629364433e-01
8.621154004681272354e-02
2.255470079311781562e-01
5.075678377503353017e-02
1.282885243880353410e-01
5.257114165738622363e-02
1.206099316754356138e-01
1.961708606290288037e-01
1.621052960605611493e-01
2.897572263940014214e-01
8.891352950781405973e-02
3.480194724840997011e-01
3.364811229446346696e-01
8.003190392708584011e-02
3.213202760478949677e-02
1.891812052273166844e-01
1.448673287721254643e-01
2.042531955961016388e-01
1.679335828183516621e-01
1.348674313652289958e-01
1.862764758150189104e-01
3.012502080659000270e-01
2.351221346187019057e-01
1.213664190231904527e-01
2.224501794205698268e-01
3.308308674891452528e-01
1.831550602892529078e-01
8.683829641548525269e-02
2.443372777389637152e-01
2.280328589169590692e-01
1.393641397317180175e-01
3.093805617287325727e-01
2.756131659466851680e-01
2.643522998029981808e-01
3.080567017967107413e-01
3.825327949386090887e-01
2.573330432672612522e-01
2.416656635740633829e-01
2.536748567648126618e-01
2.047973413648240260e-01
1.554126690201529659e-01
3.809344428631944446e-01
6.944065532685389508e-02
2.402023775250153592e-01
1.001373064260668300e-01
1.484091725059623335e-01
1.146532468501349628e-01
3.776789861293324280e-01
1.646193506608010781e-01
4.863612640724636060e-01
3.454831570354284787e-01
3.479401020788806531e-01
4.260183959037269763e-01
1.749753094440557322e-01
3.182615086244701130e-01
3.449180048756436134e-01
2.213723265998555345e-01
2.586327686676199722e-01
3.289999463871563501e-01
2.824037381866805196e-01
3.165140896347317656e-01
3.393636459974503916e-01
4.041047996260409558e-01
3.257491406739890238e-01
3.793392468376083904e-01
3.142446734262292485e-01
3.424641348786226502e-01
5.094473185603253657e-02
3.381016226538231528e-01
4.493893989110875897e-01
3.866426698540055273e-01
4.063352077149194330e-01
4.548967415791966284e-01
4.186804928395379544e-01
4.374716823043265368e-01
3.400299191337430305e-01
2.109419522408696179e-01
4.115289036261454703e-01
3.010808165195131836e-01
2.896486210396093663e-01
2.674184424511849012e-01
3.972529637851425210e-01
3.929571981778838263e-01
3.829924110158463568e-01
3.307556698620192082e-01
4.019527059583572481e-01
2.635048510127360744e-01
3.837400709443145042e-01
3.178749377411396737e-01
3.666019863914933286e-01
4.448802730066820366e-01
3.320871876465837924e-01
4.690542957364587373e-01
3.671448276772411590e-01
2.762591172628243719e-01
3.924528350303704838e-01
5.143048805466077233e-01
3.605454293212299599e-01
3.169788888021988216e-01
4.131794429327528828e-01
2.855845502430339744e-01
4.774847707320881152e-01
4.765110704999371838e-01
3.053487099102148994e-01
3.064800171248362459e-01
3.035925772265655187e-01
3.218666362217576515e-01
2.895857447020799280e-01
4.511664738099260830e-01
2.093706203771355800e-01
4.157034190815554475e-01
2.418429876494094244e-01
2.503987774660981769e-01
4.026498862541992851e-01
5.114930572802248721e-01
2.038804887199403004e-01
4.039115844151349721e-01
5.116054069142621508e-01
5.224334865677939810e-01
4.073724260585261936e-01
3.306735012472443724e-01
4.253715854635433113e-01
5.092493225857620542e-01
4.608361491462035775e-01
4.066220271304091805e-01
3.656974474691783161e-01
4.080215924546519712e-01
4.298524847273764160e-01
3.724220824806314667e-01
4.310075479697238476e-01
3.139204799415408753e-01
5.675433230688894382e-01
4.234311561392214429e-01
6.162695984983809216e-01
3.101729257685734154e-01
5.060101117616345734e-01
6.766027400452105933e-01
4.191877220236872592e-01
3.828434927466618509e-01
5.198309852918735485e-01
3.156158421458645780e-01
4.572096930385209923e-01
5.866287010137473112e-01
4.133661897343428593e-01
4.847904680177032577e-01
4.530032112300834135e-01
4.855715174608033480e-01
6.476724574601884221e-01
5.466497131655737585e-01
4.788916958521755030e-01
4.164229239055426413e-01
4.409910795104938219e-01
4.294317113781651596e-01
5.213170435479321796e-01
4.498221970507355061e-01
5.086720231786321378e-01
4.333806548662201275e-01
6.346068251271564931e-01
5.598699816166039511e-01
5.941363421334269201e-01
5.749428182745238702e-01
3.614724705254000470e-01
4.827790871457684485e-01
5.203228020726087255e-01
6.726473156953962640e-01
6.883836325630859898e-01
5.869161108812900318e-01
7.168123628206983788e-01
7.110470046816220746e-01
5.399832981932126685e-01
3.626057151453642158e-01
3.301210215986580265e-01
5.459599920032768283e-01
4.828813692997913631e-01
4.095264823516002184e-01
4.781058742029019037e-01
5.080393114734440552e-01
4.055112327272585304e-01
6.298806085783327235e-01
4.907417750682835367e-01
5.890867368621968136e-01
5.404695556090577391e-01
4.682596147994383395e-01
4.745620561659119052e-01
4.732739628649302310e-01
6.398825944641676200e-01
5.345213008669421617e-01
4.635607943323736269e-01
7.532737749158034957e-01
6.037740393807479178e-01
5.982535265266653024e-01
5.989507729784001588e-01
6.269490713905649937e-01
6.066698165189827741e-01
5.210327340259691686e-01
6.255780420264438479e-01
5.306429770813103630e-01
6.282181362078868014e-01
4.697653050599926994e-01
5.214368656765208110e-01
6.820058169027906070e-01
5.067247592610222284e-01
4.647725848733987308e-01
5.425853548397764348e-01
4.587221843095960483e-01
6.057070372824191473e-01
6.988750161631571700e-01
4.662387885081080152e-01
6.775706480357416295e-01
6.011910902846956395e-01
5.829607560634925134e-01
5.080978019094720688e-01
7.420556437710752462e-01
6.597531328343763102e-01
5.398311155015635965e-01
5.650177959866093946e-01
6.636095394644720979e-01
6.614265204808563725e-01
5.257509613692428196e-01
6.062791523786168479e-01
5.912018073952274300e-01
6.314740864988132030e-01
6.744629471344404381e-01
6.704816201371357476e-01
5.944715122540404906e-01
6.343062876243243942e-01
5.685968544489893306e-01
4.384326689453878489e-01
6.870003123502872455e-01
5.920350548390713730e-01
7.154284092043693422e-01
6.045488853313475408e-01
6.397052991538386690e-01
5.710372870717530525e-01
6.142967796567874172e-01
6.154290970308528008e-01
6.582702096533419311e-01
6.087709387884731038e-01
6.026581362961234145e-01
5.875931199780463077e-01
5.582067935265232483e-01
5.196821280973724644e-01
6.346214269626576643e-01
6.549091913677378418e-01
7.710511524985823595e-01
5.379142070232307837e-01
6.573367339998672509e-01
6.707778651049739471e-01
7.271374865145695532e-01
8.379767567678232387e-01
7.265508172760535288e-01
6.075083668113996360e-01
7.999226828302632430e-01
4.559669645722919107e-01
7.060764039194087349e-01
7.291503109070914812e-01
7.142032980264197972e-01
7.805852809361709665e-01
8.645352348120265429e-01
6.704941690243400032e-01
6.996477264930268669e-01
7.223197069738299669e-01
6.168154139154571336e-01
8.567342168431293370e-01
1.070684450570804414e+00
7.541901716829074731e-01
7.170886675156779022e-01
7.808008684291448676e-01
8.482714526737831218e-01
7.320055989117695283e-01
6.588602301644412851e-01
7.353005863221220295e-01
6.456403222368026773e-01
6.951126851569018328e-01
7.841300945520228716e-01
6.583061696560170706e-01
6.601665631387944044e-01
7.391487616440908237e-01
7.995217966550586253e-01
6.276796043780495937e-01
8.262198703622172236e-01
7.704841975831121514e-01
6.934437963619370926e-01
7.019328952503099961e-01
6.642788115670852367e-01
8.400757741611843965e-01
8.083044494118970524e-01
8.184281261691001008e-01
7.673057858232282813e-01
7.228571694430360184e-01
6.968349820673968020e-01
6.487049864559017998e-01
6.569189306508572690e-01
8.356371360979711893e-01
7.236430872367958234e-01
7.273472337638179352e-01
8.890922938690166699e-01
6.542113052626700176e-01
9.017786615493917912e-01
7.069424580325182061e-01
6.815022393681900992e-01
7.590637641619407683e-01
8.134385071618044361e-01
8.065640613056288544e-01
7.832996581703778327e-01
6.658699773129901356e-01
9.118918288996683552e-01
8.399029748727847577e-01
9.058593253915714349e-01
8.674601238822520211e-01
7.515460969895858545e-01
8.110109382743090345e-01
8.062706675241255727e-01
8.062021285924390046e-01
7.398596753070835197e-01
7.661312984241122059e-01
7.769225939734443198e-01
8.433642182139640120e-01
7.674330354406309063e-01
7.893192211361722554e-01
6.966857913867033902e-01
9.321784294458016484e-01
8.612419647955298352e-01
7.683878551432646864e-01
6.764412684144893717e-01
8.284209283046639616e-01
8.072227832342712128e-01
7.692927566126179784e-01
1.046754246342362249e+00
7.979353265753947877e-01
8.579516689040107558e-01
8.498365472033121426e-01
8.457505397920881407e-01
9.220481622813775369e-01
8.551154658794845043e-01
8.701496453256212238e-01
9.344322109212437333e-01
8.398278679907658084e-01
8.225255079246568402e-01
8.448672839539970170e-01
8.649945890192959341e-01
8.126378190955273473e-01
9.726729732978045551e-01
8.673988881128110728e-01
8.715840211172073415e-01
9.208419049038231163e-01
8.216924637593608916e-01
8.995031695244389836e-01
8.252688193172350584e-01
8.326685721573882093e-01
9.479505493821912543e-01
9.119053957626825913e-01
8.607078443240930854e-01
9.363720438329035112e-01
8.956099650635600540e-01
8.866884767081424368e-01
9.538218672263054643e-01
8.590051211993726676e-01
8.222779884762307923e-01
8.820038323017381776e-01
9.404592177046398049e-01
8.756026042865203696e-01
7.563761448622434713e-01
8.215596127977562446e-01
9.491952877182355808e-01
8.143825823725425739e-01
1.060955934259205424e+00
8.777887321034828494e-01
9.011997088787371268e-01
6.840379783528678370e-01
9.453385113904471115e-01
1.088160283578342602e+00
8.330757722643196139e-01
9.229772837251275508e-01
9.242535386780512674e-01
1.027589505498777589e+00
9.638265597402276841e-01
7.807438825653140180e-01
8.891490566760666958e-01
9.381626368947428851e-01
9.135109639657824632e-01
1.031520237879640867e+00
7.654137801850544598e-01
9.257273544545492339e-01
9.030943178406330984e-01
9.870749451385864015e-01
8.838726898043450797e-01
9.741717419952201640e-01
1.004843081643674862e+00
9.464927601398579471e-01
9.007473182380421051e-01
1.028165510248697290e+00
9.672878180761494971e-01
9.026041168548952776e-01
1.004885944017143817e+00
1.082107813174076671e+00
1.152186501093513948e+00
9.529404163335225553e-01
1.030486740972329507e+00
1.035888842898577966e+00
1.032276610438267683e+00
8.867190581694981422e-01
1.048016228801470495e+00
9.782781450221660347e-01
1.145770703216648423e+00
1.062728915590364531e+00
9.582729879985825150e-01
