-9.993627203564744432e-01
-9.719463657829296999e-01
-1.168941719577415661e+00
-7.336807504800625379e-01
-8.141717698415794624e-01
-1.102275594676900283e+00
-1.086078711766189420e+00
-1.194171581064808141e+00
-1.087403565066132671e+00
-8.828207089534724217e-01
-9.838993689503916507e-01
-1.002815716024366255e+00
-8.939045778985263979e-01
-8.620164868072375253e-01
-1.126757149179022255e+00
-9.397419940652904646e-01
-9.687686388296442574e-01
-9.868677795730792512e-01
-1.085474102945567676e+00
-9.287083558490278890e-01
-9.031027446625911059e-01
-8.798385151128971238e-01
-1.053100807492362678e+00
-8.688341501022068813e-01
-1.091690084705458474e+00
-9.383173572312492050e-01
-8.872378894555880136e-01
-1.033193181050216625e+00
-9.231194219820852975e-01
-9.650214835125874302e-01
-1.003287265194032329e+00
-1.015579319802871971e+00
-8.010787621297109640e-01
-9.089728167325820118e-01
-8.617663578500378563e-01
-7.808886772559394673e-01
-8.125233635983473146e-01
-9.098851865219039770e-01
-8.094631048198037693e-01
-9.274420027709032732e-01
-9.031749033081497569e-01
-1.085290850710769028e+00
-9.284282477148666501e-01
-1.053493628361828582e+00
-9.495724036763985021e-01
-9.881856707293276143e-01
-1.044562022444851301e+00
-7.277523198450703834e-01
-8.608813866835605122e-01
-1.022729111821962356e+00
-9.836184788898361120e-01
-9.665360706358430143e-01
-8.075831862902482783e-01
-8.456864567475537164e-01
-9.571935691708344240e-01
-9.624398201030736066e-01
-9.626215370684709782e-01
-8.660386976217927524e-01
-8.750085171181599675e-01
-9.596503410504119147e-01
-8.032244673571106164e-01
-9.277791744876147106e-01
-8.584691716740066036e-01
-8.508417311972976682e-01
-8.738630155661523125e-01
-1.023010531355513342e+00
-7.121983297744306496e-01
-9.029043542357334529e-01
-9.678448802051700106e-01
-7.521186470923495460e-01
-8.639458272983390197e-01
-8.361841449787582592e-01
-7.335812879345814386e-01
-8.290606901674492102e-01
-7.516120364040266288e-01
-8.050319069134204142e-01
-9.245223710549452800e-01
-8.388075211126607700e-01
-8.725088226729411645e-01
-9.062640989714731976e-01
-9.224817127242475046e-01
-9.100907029963731798e-01
-8.317557363104038926e-01
-7.821297137674060318e-01
-8.049998414977633798e-01
-9.203885510069327314e-01
-8.250406634102149805e-01
-1.010228355806451095e+00
-8.810069994986664543e-01
-9.555067121878131342e-01
-9.417531181837626164e-01
-8.684636660944416997e-01
-7.969480380303539668e-01
-9.948846042298373771e-01
-7.504361097329624863e-01
-7.489496156413639749e-01
-9.342643859200645551e-01
-8.190582873653966534e-01
-7.148938457995994700e-01
-9.440363287080808519e-01
-8.122383429161452728e-01
-8.233544208342163939e-01
-8.331518726733855296e-01
-8.292862421779992887e-01
-8.517997691207319644e-01
-7.610673633245128578e-01
-7.368381762777361788e-01
-7.025489382554823692e-01
-8.711428825072705662e-01
-7.787731110922959665e-01
-7.862566356543183588e-01
-6.756663145444653518e-01
-6.887034070825468479e-01
-7.439799323156924826e-01
-7.991384347372670893e-01
-8.561969033730308931e-01
-7.736668784625010398e-01
-8.454499608165534363e-01
-8.477900138596394797e-01
-7.017344848361449783e-01
-7.233549533994289016e-01
-8.229846224153684053e-01
-6.678721099983555565e-01
-6.233094320474205086e-01
-6.682026524191654326e-01
-6.567219447627986595e-01
-7.195960598148922749e-01
-6.136064285828257692e-01
-6.412914632478441401e-01
-5.610211559530019487e-01
-7.468667342659869313e-01
-5.964391214268977004e-01
-6.446451884327826232e-01
-7.903276001360923786e-01
-6.854532805681307073e-01
-7.323739195555437620e-01
-7.357965274524304045e-01
-6.534160896420571074e-01
-7.088577211898563490e-01
-7.587551783054409249e-01
-6.608335713646119602e-01
-8.628290784798515745e-01
-7.763898733505636418e-01
-7.675668846093007813e-01
-6.795690653310118012e-01
-6.601336955827472597e-01
-6.254161556765247543e-01
-6.887789062887946789e-01
-7.806480109477887952e-01
-8.326648924284155706e-01
-7.227215885064749434e-01
-6.813249458488690458e-01
-6.394399827594529073e-01
-8.114977867302510806e-01
-6.763178669994642789e-01
-5.180792906545348409e-01
-6.839639936199747305e-01
-6.567377017168060105e-01
-5.191282529053126149e-01
-7.442040057636990502e-01
-6.118901692280218629e-01
-5.840712231297371382e-01
-5.409314712015264037e-01
-7.912551257868640775e-01
-7.193599438235128707e-01
-5.596177946565947803e-01
-6.718636365103670682e-01
-6.851571130964732026e-01
-6.870482023966884011e-01
-6.356189812882615531e-01
-5.570095736211534421e-01
-6.033852138413570154e-01
-7.480705942161004485e-01
-6.237893537379648468e-01
-7.006568896844037608e-01
-6.309335936668442057e-01
-5.304705220830354673e-01
-6.373824292516945267e-01
-6.924266262886009660e-01
-5.961729790592115164e-01
-6.394916888281999556e-01
-7.208464616372780576e-01
-6.270336284826032447e-01
-7.184609863050104295e-01
-4.285533524156410201e-01
-5.442540360669437804e-01
-5.711301479893420296e-01
-7.718583290692816457e-01
-7.748771804544088981e-01
-6.300417451953466141e-01
-6.166450198517534620e-01
-7.366660152716164589e-01
-5.583855599018213711e-01
-7.356296790618037651e-01
-5.886939383631154543e-01
-6.890735504603470174e-01
-5.912405807434717442e-01
-6.478210134630799644e-01
-7.111296784523735148e-01
-5.250067032021074054e-01
-6.517486214429545344e-01
-5.620674892976833537e-01
-5.351532777583489775e-01
-6.352668809417751916e-01
-5.539388791692674285e-01
-7.285339071399449251e-01
-6.716157639234208165e-01
-7.033671290237502038e-01
-5.973900048103104599e-01
-6.870504605807442600e-01
-6.343776145828700086e-01
-4.329922220932400645e-01
-6.828810908959782600e-01
-5.299211081609176421e-01
-6.564205400149274450e-01
-4.125240804643973691e-01
-6.535270683645011403e-01
-6.088843140035551382e-01
-5.364469574455260625e-01
-6.525104530116049295e-01
-5.614180970913290603e-01
-5.160400273805970661e-01
-6.138035408418250904e-01
-5.720824304568717933e-01
-5.220920910660955538e-01
-4.901863438094191672e-01
-5.588636097854094986e-01
-5.892474993400409478e-01
-4.269215834240920882e-01
-5.635838826781349731e-01
-6.586884897454339249e-01
-3.626460460409535180e-01
-4.667175967193151753e-01
-7.091650165784165738e-01
-6.234189320379219801e-01
-5.854108834933555716e-01
-5.917988995348399950e-01
-5.293095067441669910e-01
-4.892591972380578302e-01
-4.208582656289806545e-01
-3.994787993708409646e-01
-3.084956526087225814e-01
-5.396327973281582757e-01
-4.726959888514631891e-01
-4.666734450188110284e-01
-5.871623304125193066e-01
-4.957472138078065638e-01
-4.431954982211733229e-01
-4.075165964471055835e-01
-6.274698483864523668e-01
-3.920565718141297840e-01
-4.703437987564909606e-01
-5.219038084430328572e-01
-4.854182244219463205e-01
-5.348085876718408072e-01
-5.622109282673090069e-01
-6.114936074402105293e-01
-4.618237962977722599e-01
-3.517511625150613885e-01
-5.244922215173664082e-01
-3.970310266330338012e-01
-3.972167765430044128e-01
-6.355331665369501337e-01
-3.859807739929966286e-01
-4.479341046152675587e-01
-3.908409134994609291e-01
-5.068163661307060197e-01
-4.406980615367873666e-01
-4.319827858364806983e-01
-4.877714105245347653e-01
-3.724360730641479988e-01
-4.344022768608903351e-01
-3.233765178597400869e-01
-5.264639396390999870e-01
-3.980491248051780118e-01
-4.425088857208497872e-01
-3.402293605760590145e-01
-4.784961859831216580e-01
-4.302348178167954562e-01
-4.312528441202652663e-01
-3.727994071006521803e-01
-4.253910366179138314e-01
-4.846558822790628107e-01
-4.242723061465913381e-01
-4.109647032761913343e-01
-3.750507581984722782e-01
-2.668379930747018514e-01
-3.084367679134571993e-01
-3.384128584613116386e-01
-4.473837543538827233e-01
-3.386235958707745630e-01
-4.473663129594817045e-01
-3.070633021804864415e-01
-5.331470421988125930e-01
-4.281904672175453341e-01
-3.844914995415965597e-01
-4.098681001062710605e-01
-2.383229963479587266e-01
-3.258875491481820208e-01
-4.555817952793762005e-01
-5.007084896739858459e-01
-3.096022933838004088e-01
-4.856051191525776467e-01
-4.746302980083272338e-01
-3.211421212313048112e-01
-4.304207054604924365e-01
-3.138829909893875447e-01
-4.450179815187687571e-01
-5.736179862978847410e-01
-3.752095196998971316e-01
-3.973297274529402623e-01
-3.097466586072443739e-01
-2.893710876133406273e-01
-3.591066722853134552e-01
-3.645936122011813052e-01
-4.113022623609894346e-01
-5.078289319483781927e-01
-3.433171746482919784e-01
-2.378392451842176181e-01
-4.149245021356171570e-01
-4.524784111954513466e-01
-2.481842913394931016e-01
-4.376527992995547511e-01
-3.786600832717029186e-01
-3.184806854137748333e-01
-5.567749197078858403e-01
-3.819772468202750626e-01
-3.430398317754211890e-01
-3.816647497104123099e-01
-2.683661406413297423e-01
-3.400503850677160655e-01
-2.816693524501784895e-01
-3.293653404510993310e-01
-3.560515508243197180e-01
-2.374271237538499446e-01
-1.980099990714588309e-01
-5.236455434400325015e-02
-5.149819004087929919e-01
-2.079485026888417687e-01
-3.396838427135016047e-01
-2.935459621209877135e-01
-2.233800086496988135e-01
-2.921394020893718357e-01
-3.740001095879249560e-01
-4.698297731352899520e-01
-4.094771268456833813e-01
-4.158766871224296446e-01
-3.943063851951897902e-01
-2.291429241894443469e-01
-3.082723542343562828e-01
-4.115462938925533720e-01
-2.617133647908229110e-01
-3.307932571802326138e-01
-2.423664965905585056e-01
-2.867344049370900705e-01
-2.279431499969575559e-01
-5.012093078413285552e-01
-1.685466872841367980e-01
-2.442960381444293783e-01
-3.500444951576836550e-01
-3.925112613858036115e-01
-3.322022092293516748e-01
-2.145123899368566178e-01
-4.710274680212509502e-01
-1.570205222812210699e-01
-2.243719269485917045e-01
-3.128516788998680909e-02
-3.233710419814516124e-01
-1.734821772121493966e-01
-2.736368237252557734e-01
-1.712870685765219558e-01
-3.315694740502930782e-01
-3.282822940316199034e-01
-2.079563587212561737e-01
-3.308406655734478230e-01
-3.424041281204985299e-01
-3.610009424530960520e-01
-1.405466974319330986e-01
-3.133237865298011404e-01
-2.213887910259589309e-01
-3.236229629140058295e-01
-3.126971243488865237e-01
-1.646749819104698087e-01
-2.412943536335832029e-01
-1.722257917906776237e-01
-2.531082264123430403e-01
-7.668381750991237755e-02
-2.659473236618444814e-01
-2.935375384179328417e-01
-1.318820866251505797e-01
-5.418833915289477526e-02
-4.085602742949462907e-01
-2.382905921411654360e-01
-3.967033732009145330e-01
-8.478729745804965134e-02
-1.925044498879652510e-01
-2.763817212802910372e-01
-2.284819419942579477e-01
-1.885781544087956618e-01
-1.610417641113950638e-01
-1.136505018163094100e-01
-2.887875921328242890e-01
-3.286308714272159204e-01
-2.394408074174209089e-01
-1.876097402685683313e-01
-2.224921943805203417e-01
-2.056059668330100232e-01
-2.596537390088842212e-01
-2.219855474038085474e-01
-1.964312528934178959e-01
-2.052930859610254122e-01
-1.969790708208127294e-01
-1.714992768680551893e-01
-2.232941027579692095e-01
-2.230254396848237175e-01
-1.071424477040234802e-01
-1.662673817327055825e-01
-2.700342060046110881e-01
-3.217706327628075402e-01
-2.233916584447955822e-01
-2.647992085555320174e-01
-1.351176607763283632e-01
-7.311041017621815186e-02
-3.308786001356963657e-01
-1.244937304211129747e-01
-1.729136177786904371e-01
-1.213524760247823853e-01
-1.133968906230070073e-01
-1.318029445484037165e-01
-1.213706010980422079e-01
-1.680285401959749625e-01
-2.861789189685907675e-01
-3.298215851354483474e-01
-2.114445199993200686e-01
-1.315586718862714610e-01
-2.355809406131234574e-01
-2.852533896618949516e-01
-2.665999182061060124e-01
-1.675033835252463799e-01
-2.334368767608446249e-01
-1.204690616087661231e-01
-1.307425440835982000e-01
-2.195600271290439609e-01
-1.787439006333532421e-01
-5.913762433909507121e-02
9.967993294904627100e-02
-1.815941876377966668e-01
-1.354642196585874592e-01
-1.603287979866784840e-01
-8.906530600507020501e-02
-2.712465984752617798e-01
-3.802059659131918484e-02
-1.503384271839227314e-02
-1.659681015142586979e-01
-2.038733465827002878e-01
-1.554138318698281285e-01
-6.014804208072639657e-02
-6.387286782681977915e-02
-2.543443430305234593e-02
-1.713069669974299492e-01
-8.703709906784625264e-03
2.369829799838762269e-02
-2.034597545118626005e-01
-3.720750454650799399e-02
-5.871046485954934530e-02
6.014728546545296262e-02
5.026165570612305122e-02
-6.742803789555056049e-02
-6.139823762735256013e-02
-7.126702763301988319e-02
-1.528541278917418950e-02
-8.752392523686132464e-02
-8.887293589343389644e-02
-2.475214261993924011e-02
-1.867565787681683687e-01
-7.534933453489069122e-02
-1.060446192063975793e-02
-1.967665995479792040e-02
-1.211698439888696521e-01
1.279906216762824629e-02
-1.553025179988458127e-01
1.475004976614776621e-02
-4.008795064188031693e-02
-6.264560521526297589e-03
8.442652681644159662e-02
-1.492656195874410415e-03
-8.197490369052298775e-02
2.125604814046369931e-02
1.098538620957560663e-01
4.623509020358499561e-02
-3.866634862739825457e-02
1.246066189985606948e-02
1.065136738396442601e-01
-1.654164939129723344e-01
1.218789462474113156e-01
3.476823203328960332e-02
-5.522033522941991596e-02
-7.623219955434418736e-03
-1.208408802189319120e-01
-4.598023458132048658e-02
-1.046202569454852127e-01
-6.943301302162249722e-02
5.423390745778488425e-02
-4.932619253300224438e-02
-7.458301263778724377e-02
-2.098438988701421815e-02
1.322325842344270475e-01
2.707801339224255588e-03
1.644802308126983859e-01
9.309537186046473733e-02
1.181856500233318535e-02
-1.250702346968096679e-02
7.830526469524848321e-02
-1.436772440699871783e-02
4.660755543697960718e-03
-1.058409477628003970e-01
-5.982798544275570035e-03
-6.546992474989112021e-03
-2.511645667064679385e-02
2.387788118500634993e-01
4.756919158800448021e-04
-7.528935112022981657e-02
-5.986128357238157741e-03
2.202864651663756154e-02
4.001632159777915310e-02
8.673844651672996120e-02
-1.592212480969947973e-04
1.519564456383987461e-01
-6.129132285598746371e-02
1.063357340732883072e-01
7.191607822986881282e-02
9.722518112388255085e-02
6.454077726424151118e-02
2.275560058646936001e-01
2.203141273323770410e-01
-1.755281068081273807e-02
1.199835237165604446e-01
9.805033731643103545e-02
-4.908111433712049332e-02
1.081122477093773293e-01
1.810152321335665726e-01
1.146738068131924332e-01
8.798680486053242489e-02
1.722909983476352824e-01
1.842974871135021064e-01
2.096529074480114885e-01
1.400526358403485772e-01
1.755292882544995103e-01
1.158351129690748382e-01
1.077484151865828049e-01
1.105888010382700404e-01
1.681333898795977014e-02
-4.640565569282599501e-02
1.635614343211991561e-01
6.756305308971370660e-02
1.433404084882340390e-01
2.244968384203141487e-01
1.007793426028971151e-01
2.086419442294436266e-01
3.813762908893548326e-02
6.022756697268998038e-02
9.576418110141605988e-02
1.262406107867652671e-01
2.513003104215387751e-01
1.617152701885868626e-01
5.085829721483436927e-02
-2.538066104969344261e-02
1.360651733247540129e-01
1.231794516564874431e-01
1.021643811645366190e-01
-6.029350604007240044e-02
2.021177479924805287e-01
1.248849003386524742e-01
1.362862357040854067e-01
1.226984998375687669e-01
1.787514616926185185e-01
1.805625363405045924e-01
7.548272582684709131e-02
1.667491850090582761e-01
2.677376347036654614e-01
1.517409381878417063e-01
2.278384671243159354e-01
1.679989778881997020e-01
2.395021597678346492e-01
1.639940439278955719e-01
1.378082424432222342e-01
2.167896926626461107e-01
1.555220530379531341e-01
2.166574740201572258e-01
9.540182979477895842e-02
1.851828308601547457e-01
1.664670837740231391e-01
2.831938122194785357e-01
3.078674800498525932e-01
5.552155661470469655e-02
1.633897066807772913e-01
2.720524883259192173e-01
3.122444548707012379e-01
3.522283625874249591e-01
4.431121873280224888e-02
2.034189047194416011e-01
1.752879110111849881e-01
2.139336892543678148e-01
3.151188309268542764e-01
2.826081611373699731e-01
2.157451515147496557e-01
8.863828852652103074e-02
3.309658453742594375e-01
8.757905964141865507e-02
2.659136034173864016e-01
9.411901859746241161e-02
1.933247559981419172e-01
5.859426945162355543e-02
1.812380899665759770e-01
1.918652029228601896e-01
2.978213044538040033e-01
1.809014579505624498e-01
1.260442857542488915e-01
6.835357072112918653e-02
2.999811076647343477e-01
1.422023912410390334e-01
2.505813947316897217e-01
2.609068236434655130e-01
2.390259524327998653e-01
2.858743590712822802e-01
3.642662671356884374e-01
3.153714298037327834e-01
2.697093276449616939e-01
2.692858127164241000e-01
2.412234008258535012e-01
2.661034230365392772e-01
1.967912970057368593e-01
2.744718740946713309e-01
3.872894320227464049e-01
2.224087101628842988e-01
1.188837189645882975e-01
3.925503598203658462e-01
2.207929406548527207e-01
1.633665124420972947e-01
1.678237516636982840e-01
3.569330064073479303e-01
4.687369472187349340e-01
2.955930682400202958e-01
1.190223453575840751e-01
3.063779860555789769e-01
3.089046534833707613e-01
2.374179707430845720e-01
2.136183683382872622e-01
2.433011544001815463e-01
4.383448371523226417e-01
3.027311174862055143e-01
3.277831410037853055e-01
1.436013879968232321e-01
4.302320739928827686e-01
3.279069365103546851e-01
2.798972756143366380e-01
3.103150057800144745e-01
1.592189924760222253e-01
3.101246536504005391e-01
2.676269147376243995e-01
3.284867100995736977e-01
2.367431068089165813e-01
2.304077708294756666e-01
4.927449286932404360e-01
3.335426609683020405e-01
2.148333403878458781e-01
3.729138933456438432e-01
2.469841704690182438e-01
2.997104712780838676e-01
2.453045092904569957e-01
2.599193488317227407e-01
2.554961039719392257e-01
3.857404009231366615e-01
3.847034565824606900e-01
5.098232251004909399e-01
4.485273711677726372e-01
4.151798007728271789e-01
3.186534737168326137e-01
3.915920947853723799e-01
4.208779186695842389e-01
3.190392900845002710e-01
3.550907811128604652e-01
3.844545609466902270e-01
3.685552518124946553e-01
4.379634700476228715e-01
3.382493026758214838e-01
3.411108162206919481e-01
1.206793561999986719e-01
3.819127715658697242e-01
3.997612229392695782e-01
4.517606682533490958e-01
2.618819002439984334e-01
5.008177045655319848e-01
3.821139381721080919e-01
3.856611978097957416e-01
3.791298682946868115e-01
3.985748850825652223e-01
3.584665326557280873e-01
3.446016096431205322e-01
2.474696764507424429e-01
5.664945835527093188e-01
3.091273206694523101e-01
4.818783122955859199e-01
3.310672965954776781e-01
3.297337456578150472e-01
3.822232075707211463e-01
4.751469160258239843e-01
2.775208065351301157e-01
5.179756822710803732e-01
3.970155259624674193e-01
3.370649424293650220e-01
3.804678849857999201e-01
5.012155420747599344e-01
3.615433659414637457e-01
3.439877051132518293e-01
5.182613160555912257e-01
4.946836798122575818e-01
4.399029569620461211e-01
3.236656466675091326e-01
4.829315228817877559e-01
4.666553001532935396e-01
3.430714590194199887e-01
3.424302606134797533e-01
3.998599193323433831e-01
4.578098194620200401e-01
3.919674165975129965e-01
3.379316718057533420e-01
2.808156163280938200e-01
5.722488263281039211e-01
5.181688763567355860e-01
4.651866755280931742e-01
5.327050109295454750e-01
4.357375697805846992e-01
4.248648125617502935e-01
4.611246685694221359e-01
4.565570223687049345e-01
5.200605201604201477e-01
5.817496727397053480e-01
3.427491226714138306e-01
5.121913297688366340e-01
4.852313922318000627e-01
5.867736317176310834e-01
4.593126170699665112e-01
4.021912609914590764e-01
4.021334094037447016e-01
4.862801569422642300e-01
4.537442170208224046e-01
4.040035065549542614e-01
4.752557499034869570e-01
5.644951400096297478e-01
5.391058062418643271e-01
6.048555558581296676e-01
6.057229404346282653e-01
4.951926412448098835e-01
4.661797597030205020e-01
5.011528232388633430e-01
5.402910432128094076e-01
5.189410442499269305e-01
4.573531312681570760e-01
5.673453214960691993e-01
5.451235604609846463e-01
5.542516293192716326e-01
5.927257341650162825e-01
6.478383373267934120e-01
6.539778768663618846e-01
6.672900755459417743e-01
5.243186194449971360e-01
5.138229480645237768e-01
5.449731833432991390e-01
5.991621944014747791e-01
5.433599158761071024e-01
5.092335762066441118e-01
4.256993151213256943e-01
5.355045692748655606e-01
6.068436170665507667e-01
5.659421784945789513e-01
4.777843384689177131e-01
5.702524096710450685e-01
3.844751138008728475e-01
5.379015766338066662e-01
6.282318335720918911e-01
5.321473122862471206e-01
5.851869831808865774e-01
5.000499696386933035e-01
4.430153682663803272e-01
7.135006451806816807e-01
5.338459897882193994e-01
5.160789455210452736e-01
5.330019059069818210e-01
7.878084946401273658e-01
4.264024396980785614e-01
6.725428371200632416e-01
6.071349617313039904e-01
5.372727219248496500e-01
6.178065768698953741e-01
5.710355381873778446e-01
4.948787868555577507e-01
5.274942275473881725e-01
6.196377017359613326e-01
6.336066509701611116e-01
6.425337959529816567e-01
6.656965088302831957e-01
6.537743850076618291e-01
5.210225858509738295e-01
4.944203953051776179e-01
5.743604015826149212e-01
6.975560137289209539e-01
5.223356984792422164e-01
7.781781993936639497e-01
6.172739658175984134e-01
5.668915311972031468e-01
6.624123490906914657e-01
7.111651595112054025e-01
7.276165751988649122e-01
6.284541736431167314e-01
5.615525067159201633e-01
7.977579663184972691e-01
5.688066279830579219e-01
5.914239365567874884e-01
6.505861239051673461e-01
5.584588837471895495e-01
4.516664259151583760e-01
5.669821186921194522e-01
6.173867749361008350e-01
6.188222788554437193e-01
7.266952526163097392e-01
5.324415878678412373e-01
4.950169472448425756e-01
7.328101697278676108e-01
6.646168641070347993e-01
6.436520437495728553e-01
7.585983555761802721e-01
7.091734425781921480e-01
7.248503327863595747e-01
7.270050163057849568e-01
6.527933370537041258e-01
6.395142375546559732e-01
6.655006645535023191e-01
6.443681147275637233e-01
7.241395723048507094e-01
7.283772752993825650e-01
7.451933613705480353e-01
7.834411070821921674e-01
6.244145818468006537e-01
7.156490836173420300e-01
7.587066480398992896e-01
6.863460964332280811e-01
6.951922773224271657e-01
6.948101926837346731e-01
7.791435399413003671e-01
7.595640743797958949e-01
8.940463018894322378e-01
5.360447046394485326e-01
6.596447919916949010e-01
7.216825813400263856e-01
7.102269499773414818e-01
7.115573106316688268e-01
6.979714755381901670e-01
5.368650281791956802e-01
6.994173819641932299e-01
8.068700864820260721e-01
8.027250001734275164e-01
7.293966032350579498e-01
7.075466720001618581e-01
7.470781241476526224e-01
6.267919100313095182e-01
6.897202736722919392e-01
7.643698581667215386e-01
7.368494321048605356e-01
6.153073693010395750e-01
7.364670476195996907e-01
6.888349052585596155e-01
7.046123605605040252e-01
8.854657098276522698e-01
7.505697061495169020e-01
6.209290105180312880e-01
8.223300301630661613e-01
8.662432701772094790e-01
8.571463483130343786e-01
6.759437478006715683e-01
8.589101738912762185e-01
8.350816672228567050e-01
7.634700938229224132e-01
7.024273343692309934e-01
6.112556343917001644e-01
7.400106679220661565e-01
7.281109622187649233e-01
7.794546432345564879e-01
7.922643311916190978e-01
7.714917106202519026e-01
6.876142455938013542e-01
8.674900532359943739e-01
7.972030533943547104e-01
8.802776110201412374e-01
8.195622291007571558e-01
7.083096062474731891e-01
7.413433615702751389e-01
7.985092141634554386e-01
8.274291981771063620e-01
7.149818864616271918e-01
8.993539285255338633e-01
7.792572163099532601e-01
7.918279802015784075e-01
8.719607089003927891e-01
9.390662149615383036e-01
8.187153947996800296e-01
7.331418746085889282e-01
8.874500399621817470e-01
9.090587804371489389e-01
8.648514378192898588e-01
9.581303195378831905e-01
7.798067424836758743e-01
1.105219404698661423e+00
1.010091105940631673e+00
8.179347974928231624e-01
9.957920293781185039e-01
7.908202400405992538e-01
7.537541453971197125e-01
9.135385731069365356e-01
8.742323707440406988e-01
8.498335120201016002e-01
9.107878619040352675e-01
8.093224703369182871e-01
9.238963629059230298e-01
8.729690549984394643e-01
7.454829913891951598e-01
8.508185912594626865e-01
8.692639370791589437e-01
9.422813959114555438e-01
8.485977167078656569e-01
8.194345036125715298e-01
9.593440957264631752e-01
9.051287067794194785e-01
8.864284166875556759e-01
8.945981555228390558e-01
9.602262175368821984e-01
9.153520043013798624e-01
9.429604791415419074e-01
8.870852990960592654e-01
8.964269238724856814e-01
9.260656198223282676e-01
1.012417765658055968e+00
1.094503559208356958e+00
9.802581447359598465e-01
9.764253068684133341e-01
8.830369626868717070e-01
9.945185494576345153e-01
8.196936029333484752e-01
8.001539036090425938e-01
7.854232266402844109e-01
1.063007809935253567e+00
8.541051012019469368e-01
9.399971364074070079e-01
8.445385983980345790e-01
7.445532584900588224e-01
8.657180743207266715e-01
8.116192241119811746e-01
9.025810772157392137e-01
8.926824601969745032e-01
1.091466765593054111e+00
1.031562445654249593e+00
1.007493620610392382e+00
1.091360007877484106e+00
9.618855038606007879e-01
1.033716271326131864e+00
8.851979144592129201e-01
8.419982902998202068e-01
8.516566319342132596e-01
8.659972751563708160e-01
9.721507516076045574e-01
1.060626748279583476e+00
1.055244853877237654e+00
9.414143806195528486e-01
9.069929925643442914e-01
1.005276271490903373e+00
9.083738206287088612e-01
9.740561068094435448e-01
8.470623462445460161e-01
7.757532228423505982e-01
9.781249564998726331e-01
8.179040669513703010e-01
9.365473800553150152e-01
1.078787706978620919e+00
8.875535815666975026e-01
1.064337751304341051e+00
9.507997250128162881e-01
1.063407144422510608e+00
1.035559265835098053e+00
9.880778437196474639e-01
1.093929325130844843e+00
1.030021716406069876e+00
9.701846789460363274e-01
1.106248428002629458e+00
9.801335942879455532e-01
9.915240343825741931e-01
9.957654013391799008e-01
8.616820867453445221e-01
1.088208256005335217e+00
1.063958550149511018e+00
1.012239388952847374e+00
