-1.074657947826059390e+00
-9.671244341208629081e-01
-1.035479648877472458e+00
-1.040089809705257551e+00
-1.052117254939103574e+00
-9.752107995464215362e-01
-1.209301860310000976e+00
-1.005362662754210268e+00
-1.083883083090753097e+00
-9.719214218041243303e-01
-1.012803556756743273e+00
-9.967995615653685304e-01
-1.043541772606747298e+00
-9.309866066403459373e-01
-1.146475980680931483e+00
-9.857015786187640627e-01
-9.444129117350813507e-01
-9.814997839661505630e-01
-8.698549307837897260e-01
-1.038130342625085856e+00
-1.142193376735599175e+00
-9.609542467967782109e-01
-9.476556519273741097e-01
-1.031794586163412353e+00
-8.791125405173093599e-01
-9.595556350726111017e-01
-9.819321774435273431e-01
-1.032083259563413069e+00
-7.767033089318606809e-01
-8.577709204577662616e-01
-9.752536476757707185e-01
-9.513713830362311441e-01
-9.105715780719118024e-01
-1.057732796965227484e+00
-9.554223688812016890e-01
-9.385482959813846726e-01
-9.818885543352064982e-01
-8.987252704898028854e-01
-8.086707272620858866e-01
-8.102693282303443656e-01
-9.642000159298718120e-01
-1.007520020398134264e+00
-8.020803768796608280e-01
-8.172461198620525336e-01
-7.887431405564154785e-01
-9.001196813951651832e-01
-1.047076501826477157e+00
-9.094788774680713228e-01
-8.743541233099985099e-01
-8.500175960592143420e-01
-9.288740118705655080e-01
-1.008052641049422826e+00
-7.645850147446107137e-01
-1.006319695155164284e+00
-8.897853421709556176e-01
-9.011514964454745424e-01
-9.238755965705883755e-01
-8.419662188888167309e-01
-7.888128379148356961e-01
-8.269589651926271268e-01
-9.120077366049512690e-01
-8.490288660709230939e-01
-9.064065319413022737e-01
-8.603193691183966818e-01
-9.025203875437627365e-01
-9.238889366285766291e-01
-9.023252864170193677e-01
-9.546636230606659890e-01
-7.647846313425332720e-01
-9.285510117440517464e-01
-8.677556255768109628e-01
-8.512547095783008499e-01
-8.902890197731261335e-01
-9.006618882087499278e-01
-8.144898462825466146e-01
-9.188136797289657709e-01
-8.230415229960228451e-01
-8.681529130075428258e-01
-8.633694591712461897e-01
-8.716268711595575036e-01
-7.065721374435824931e-01
-9.919216887978025143e-01
-7.480937967628562557e-01
-8.608076390584858961e-01
-8.175018178303525840e-01
-8.225443693987165572e-01
-8.257621048424458321e-01
-9.128840582317000463e-01
-7.015861477448753769e-01
-8.917172572620931659e-01
-6.096378876642106759e-01
-6.854168923828607429e-01
-9.284902869082245491e-01
-9.140167060709996072e-01
-8.494404905818462304e-01
-7.407699169944893525e-01
-8.283750373319194171e-01
-8.481238977283725999e-01
-9.148489832352034723e-01
-6.692246122536960051e-01
-8.674113671516342494e-01
-8.636487855385694967e-01
-8.483454723259570285e-01
-8.044661798599447300e-01
-8.227067494832986938e-01
-6.613827415397929288e-01
-1.046382031777503885e+00
-8.659147031191110067e-01
-6.796007634090595051e-01
-7.895227230180041911e-01
-8.610081464493811731e-01
-6.574572641318630062e-01
-7.061351122711756467e-01
-7.973606537441049191e-01
-7.901720919776978880e-01
-8.257793066357838052e-01
-7.306970831451485848e-01
-7.646276085781226195e-01
-8.535899266776938443e-01
-6.318687858618494690e-01
-7.202734712109661874e-01
-7.284388273587537599e-01
-7.974814303114231562e-01
-7.412697869676185825e-01
-6.246713229478835228e-01
-6.737524265850719507e-01
-7.316295514762125585e-01
-6.313872003808425060e-01
-8.268129475156942298e-01
-6.552722711398423217e-01
-7.538034924029206607e-01
-6.647396417553268488e-01
-6.531324835879757096e-01
-8.141028429182803894e-01
-6.531899966386880418e-01
-7.898703436188451166e-01
-5.990747548028908520e-01
-6.065136545644989052e-01
-5.278585941865868714e-01
-8.233556600747954368e-01
-8.371996155186370858e-01
-7.541731355017884386e-01
-7.252652660919288730e-01
-7.246164682015956426e-01
-7.034829360925299868e-01
-5.960271961941665531e-01
-7.748239259038215421e-01
-7.793891155263489301e-01
-7.271759744998915753e-01
-6.019311786709109491e-01
-7.719320732934036311e-01
-7.362923218072031650e-01
-6.850571654141225375e-01
-5.926168976462217186e-01
-7.301703466293771871e-01
-5.722283113097763607e-01
-5.172535574872209052e-01
-6.566476099285000201e-01
-7.144537033469350318e-01
-7.044739914359753330e-01
-6.732539503749088716e-01
-6.986892382210515562e-01
-7.405476607486310980e-01
-7.329623397339489754e-01
-6.696752409522324090e-01
-6.583516173513591641e-01
-6.608144983754420387e-01
-6.842168845260307997e-01
-6.646189816259516769e-01
-7.546975799006013785e-01
-6.774617144455876705e-01
-5.598297645401122402e-01
-6.846475520011526816e-01
-5.597314454721613597e-01
-6.776848479795970492e-01
-5.970161893859615709e-01
-6.155431073205621662e-01
-6.374388759398308402e-01
-8.068958589536756598e-01
-5.980723857329579563e-01
-7.189340607246155201e-01
-4.886936115336230069e-01
-6.074976123548773144e-01
-4.907992868584192814e-01
-5.239850858708607895e-01
-7.698589559647710523e-01
-5.826400636218002083e-01
-6.297851204607566311e-01
-6.214901562621798492e-01
-5.453836085291882130e-01
-5.634638276704877491e-01
-5.234710528747340552e-01
-4.900734046903890695e-01
-7.069513591158391730e-01
-5.642003687220534802e-01
-4.372066750556360959e-01
-5.360508131589103442e-01
-5.982979945761690566e-01
-4.928240981232732132e-01
-4.900822068384944608e-01
-5.707887277982770513e-01
-7.338794923596801967e-01
-6.085879283017400221e-01
-6.837206310973835688e-01
-5.768136144952878963e-01
-5.537903377743740307e-01
-5.821424608576216686e-01
-3.835499571473057756e-01
-4.911403366363312761e-01
-6.445286972908308432e-01
-6.687843997153838371e-01
-6.191788655194465640e-01
-5.737333083972853132e-01
-5.751505653374341387e-01
-7.798063347709180970e-01
-6.411948837496644904e-01
-5.691211958436029894e-01
-6.858081374583721024e-01
-6.442180385378908358e-01
-5.799768538441052446e-01
-5.478632378636323352e-01
-4.120907878076332520e-01
-6.323354657542332724e-01
-4.871094012866429290e-01
-6.084094275634077675e-01
-5.663908534111430360e-01
-5.894883875109904192e-01
-5.249740267790895532e-01
-4.617612785514957352e-01
-4.978856063522911768e-01
-5.380304851905605146e-01
-5.725750768733713914e-01
-6.303983633977524592e-01
-5.748631841203057924e-01
-5.408126429022959147e-01
-5.182417076707789283e-01
-3.937971605738442293e-01
-5.567150064470224313e-01
-5.291665240469596299e-01
-6.111226589033127432e-01
-5.453646554953581749e-01
-5.585342668401956923e-01
-3.937555726824298885e-01
-5.938199265540374805e-01
-4.067263938382054134e-01
-5.047569508391406279e-01
-4.075405072239444704e-01
-5.166557679789252067e-01
-3.682022557692802289e-01
-5.304530174557742228e-01
-5.633295503897262080e-01
-4.650156542582301600e-01
-2.841090759992393466e-01
-4.793628489111026458e-01
-4.417564564223130374e-01
-5.537991463310122375e-01
-4.516775004867183974e-01
-5.132656896822718195e-01
-4.878546988231658443e-01
-4.981384972195226357e-01
-3.965024316740667354e-01
-3.076847450421149599e-01
-5.183620367606149859e-01
-5.221034088183784672e-01
-3.957951769088849381e-01
-3.974606715393622092e-01
-6.591323607945720475e-01
-3.459223368312679958e-01
-4.688672779543705538e-01
-4.017447086821669955e-01
-4.828810927684092369e-01
-3.978955474992845187e-01
-3.910859252095272853e-01
-3.753180482895724368e-01
-4.221368440384819509e-01
-4.754596963687835465e-01
-6.264494401598200701e-01
-4.079668988145906949e-01
-4.108035312307796727e-01
-3.435695306474133570e-01
-3.328679988993741290e-01
-6.380005860032087472e-01
-2.552157016466169437e-01
-3.668310542420056275e-01
-4.009396682547873292e-01
-3.760453714431518657e-01
-5.045727956234680178e-01
-2.276355372638442509e-01
-4.942148286179989247e-01
-3.330850316935913269e-01
-6.590573860062386435e-01
-5.301278282192501967e-01
-5.175938161481773436e-01
-3.681709099044585543e-01
-4.383796967469862915e-01
-4.127426732880544735e-01
-4.025477337971694047e-01
-4.320708840616324653e-01
-4.792167445469012188e-01
-4.487448372753499171e-01
-2.811784036969379730e-01
-4.287814235134686514e-01
-3.939853015188639618e-01
-4.502063350983640522e-01
-6.179021505465035480e-01
-3.956507367507987594e-01
-3.711069836859070548e-01
-4.679496018533481072e-01
-2.430276865409528031e-01
-3.184086671498609356e-01
-4.252372743015622736e-01
-2.834712837796569684e-01
-3.852369503523690453e-01
-3.868093509041332090e-01
-3.075662669357258072e-01
-2.886679908762838642e-01
-3.554184981594027959e-01
-3.622077044018135461e-01
-2.389360744178631313e-01
-3.894372866830084212e-01
-3.311569078305788283e-01
-3.478992991196773743e-01
-4.018471777432816028e-01
-3.889172946045782453e-01
-4.253791408224611437e-01
-5.286271087397398372e-01
-3.809280271488276748e-01
-3.675880664846670198e-01
-3.459801796616677749e-01
-3.594637869818448905e-01
-4.332809700710227863e-01
-3.718836393928639517e-01
-3.066089109552334602e-01
-4.183968738580916003e-01
-2.432711486628790776e-01
-3.521721571054637345e-01
-3.692072435470831748e-01
-3.594776465543376154e-01
-3.922957329391669745e-01
-3.167407756856719381e-01
-2.266610065718287215e-01
-2.548311084355180944e-01
-2.753935197655174028e-01
-4.462758740481375663e-01
-2.722063177272240342e-01
-1.668962591834847187e-01
-3.432317664993749240e-01
-4.567682657626617737e-01
-4.104576868611881091e-01
-3.007385183946433282e-01
-2.919178172968741047e-01
-2.924352324890485133e-01
-2.019880261361730878e-01
-1.480908817206117167e-01
-3.410900373592314350e-01
-2.155891288433841591e-01
-3.104820386715156921e-01
-2.191598098834741937e-01
-2.961409719261227091e-01
-3.990346597502661408e-01
-3.634942002305208142e-01
-1.731245381059311472e-01
-9.007698433376883085e-02
-3.874984537752200753e-01
-4.206826121511497707e-01
-3.576761278102771890e-01
-3.798716370480404447e-01
-2.944832130938291326e-01
-2.766805623536381376e-01
-2.070586623312337393e-01
-2.111126481327544047e-01
-2.578721081152583472e-01
-2.937583243719918968e-01
-4.145656923335246796e-02
-3.264546935399815220e-01
-2.326034677851738230e-01
-2.871708208589395239e-01
-1.726575660492415676e-01
-3.045971932405038274e-01
-3.304557722940599795e-01
-1.150408537706018863e-01
-3.186078995006833559e-01
-3.772899516433788070e-01
-4.762128202269658717e-01
-3.274312156861905465e-01
-2.633397931227103861e-01
-2.238908212340522674e-01
-1.776826562756858574e-01
-2.634467020447473495e-01
-2.791849085479219394e-01
-1.957218443378524741e-01
-2.525205251394599393e-01
-2.279001985827919241e-01
-1.553094535406617238e-01
-1.148931688349391911e-01
-5.103239856538443336e-02
-1.844889604473243516e-01
-1.817221276160311261e-01
-3.797861658780635197e-02
-1.828270128564115082e-01
-8.450227540963681228e-02
-2.340288708602681900e-01
-1.951379440675276855e-01
-2.086673176020595599e-01
-3.257437011657854375e-01
-3.178983804372292887e-01
-1.961001020743124990e-02
-1.562180541010602386e-01
-2.222814682132476793e-01
-1.501455499570915342e-01
-1.195033280866116543e-01
-5.551949162076896815e-02
-2.995828341408092732e-01
-1.505992914353500300e-01
-1.093379373263970167e-01
-1.868883805979483226e-01
-2.670867339659718787e-01
-8.500831172898373755e-02
-3.299617175354717102e-01
-2.258153660362586523e-01
-2.237269180511564926e-01
-6.135799583879941038e-02
-1.663187937539861994e-01
-1.918305921200847697e-01
-1.236783355986551119e-01
-2.222483145293189799e-01
-1.104219307804707728e-01
-1.300931154230076381e-01
-1.203199828278463251e-01
-1.454485853650014648e-01
-1.528995780812707761e-01
-1.000760321057011116e-03
-3.521988977371214025e-02
-2.133252211236459916e-01
-1.362938096409777207e-02
-1.330462203560454637e-01
-1.278854912200705907e-01
-1.942058797788628055e-01
-1.438390292957570649e-01
-1.186629536195839413e-01
-1.279837848488365182e-01
-1.294708930506127953e-01
-4.921749034473981571e-02
-4.034969487273005334e-02
-1.595294485760370418e-01
-3.101422948593428042e-01
7.274119866395455276e-03
-1.721333962992086519e-01
-1.042063495426390624e-01
-1.580924487785059229e-01
-7.261040693961497150e-02
2.656243612448732153e-02
-2.329936732870049598e-01
-9.394405535586199119e-02
-9.921744946392783981e-02
1.978112763344819832e-03
-2.712869064013422871e-01
-1.205466632557441881e-01
-6.355054500344216317e-02
-1.311747406762014123e-01
-9.945659203485708588e-02
4.176037799590247811e-03
-3.115565591264626497e-02
-1.302300569616486325e-01
-1.866545629835171249e-01
-9.559199313325580927e-02
-1.124190291254157786e-01
-5.241962019674425294e-02
-1.036005717168349133e-01
1.248259394124059431e-02
-8.045195174862067311e-02
-9.102786233073470457e-02
-2.656098951838636868e-02
-3.711836524491636535e-02
-1.055482502374822662e-01
-3.051682896788633290e-02
-2.030249902435580511e-01
4.361977024713669521e-02
5.307125546520212456e-02
-2.123687520099013307e-03
5.129447092000986169e-02
6.588601113019677824e-02
-7.058834531854798859e-03
-1.014160402030076652e-01
-1.788830020331784176e-01
6.553053045406560806e-02
-3.110895613560533263e-02
-1.101812230463262120e-02
-6.444084655096909975e-02
6.350422324450447076e-02
-4.461226206566754060e-02
-1.050516469826975018e-02
-3.828748658845839564e-02
-9.999333194118931178e-02
-2.976554615149748506e-02
-1.671306706796611419e-01
-1.196643318276703477e-01
8.126902506857044961e-02
-1.901121335839507653e-02
1.778065699736278704e-01
-3.801679071575943258e-02
5.007863619630264357e-02
6.829283363371589644e-02
-4.556624948238702406e-03
1.160555818252319293e-01
9.362405684848205956e-02
-1.800563430110871041e-02
6.304504743773856057e-02
1.146879368097269564e-01
-7.291749197199298704e-02
3.301054218305091853e-02
-6.019446620296807493e-02
6.075034876511958143e-02
5.602059178344569179e-02
6.103035274712955219e-03
7.909650530722747708e-03
7.882822669829653295e-02
-7.717232211143570941e-02
4.775750142335218745e-03
-1.468882244059656512e-02
8.194109539032783107e-02
1.115193616932163984e-01
1.488987959242998871e-01
2.022814231090000817e-02
-3.194514858365381932e-02
7.936973275728066712e-02
-4.139400814093059655e-02
2.312718163365512503e-01
7.188385954103208852e-02
2.078200496801738129e-01
6.646931963030970614e-02
-7.373858577712805173e-02
-2.434709513026921124e-02
8.528722470468733108e-02
1.335318097144028437e-01
1.173895134627055276e-01
2.445362761470227034e-02
1.349944823362245749e-01
1.135710884235814483e-01
1.447384544420321217e-01
6.269989579508507271e-02
1.714144675886561664e-01
9.115924028655973677e-02
1.082409093881272211e-01
-5.526438870838926848e-02
1.678956232824978245e-01
-1.059354079318129416e-01
5.024269207087340983e-02
2.077133116039506511e-01
1.085888830822837325e-01
1.249011061360832953e-01
1.407220523983864213e-01
8.590665784430488727e-02
1.473782997588013108e-02
2.222001434773901163e-01
1.419135374695641195e-02
6.185305111918531357e-02
3.052125486496718443e-01
1.040891134939932738e-01
7.012184501787920021e-02
1.448144085385778268e-01
1.735379411762086876e-01
7.687533032985578718e-02
1.382551190198235413e-01
1.514302217007032769e-01
2.276808480245556265e-01
5.274195134892827735e-02
1.135878204533039559e-01
1.730013199569315208e-01
1.225558779569912160e-01
1.321149790192389095e-01
1.155346512193904107e-01
2.025529073036053951e-01
-2.688665636700572625e-02
3.634302723347090230e-02
5.983480774283195941e-02
8.130725685114353896e-02
2.509302777290586262e-01
2.625324531488508195e-01
3.379192760813919810e-02
2.047442554565001016e-01
1.409153399437480247e-01
3.426435424653389433e-02
-1.285317065258000276e-02
2.140747487662283954e-01
2.429989719494836664e-01
2.780608281104972601e-01
4.553597804032900181e-02
5.828356241924192299e-02
1.762511200838831338e-01
1.294344884467024392e-01
1.527153553235036099e-01
2.419171701048617174e-01
1.416404279588171777e-01
1.507294575746206955e-01
1.445428843065096891e-01
2.475283774287958261e-01
2.516970717417612025e-01
1.997912508395194020e-01
2.169551441718239604e-01
2.459149037475454880e-01
1.305228384325104185e-01
1.512928481317349083e-01
1.863330337026379568e-01
1.540996272077892193e-01
2.693179234338145545e-01
1.964456899371328225e-01
2.327090900190537381e-01
3.031501711951904432e-01
2.981294079757952353e-01
3.369378771702486453e-01
2.000765761109156715e-01
5.589230184680402114e-02
1.445304870181309265e-01
2.120583937795878504e-01
2.555402199700734789e-01
1.197335302579497635e-01
4.509603883171409144e-01
2.301127992805830635e-01
1.748097472747205672e-01
2.180657141695888646e-01
2.164590220611724569e-01
2.983818187371456987e-01
3.184961365229725949e-01
1.760682912031896197e-01
2.918577520263175851e-01
3.312668253871997592e-01
3.106434730388001886e-01
1.981325054338100577e-01
1.277374632022178491e-01
1.624825764438197206e-01
3.884157749511676361e-01
3.039674916971164542e-01
2.791929342907599199e-01
3.951129775156704826e-01
4.017865663498619289e-01
2.358855504024654770e-01
3.027180659084985348e-01
3.503608709181156855e-01
2.687399495902705326e-01
2.873991929300226955e-01
2.142470196005308025e-01
3.248715479018145502e-01
3.334181799663704093e-01
2.662402850597603288e-01
3.035166114467760523e-01
2.576762186812574518e-01
2.906086923602675398e-01
2.435371201774569616e-01
2.055869714764121392e-01
2.520647712726606371e-01
1.906974439241985175e-01
2.325027830013888241e-01
2.530636199830325617e-01
3.496090963405374397e-01
3.526425896028109186e-01
1.656276722045743055e-01
3.943347237277494144e-01
3.992717950898881929e-01
1.601192023513983154e-01
3.680714320462957212e-01
4.642421935851662185e-01
3.448587903413246614e-01
4.610345293731047400e-01
3.927833907067498354e-01
3.540434701089348879e-01
1.893434918259668531e-01
3.519086570265979041e-01
3.189428320380922610e-01
3.696308678388914304e-01
3.178118807206715135e-01
1.956181031531104286e-01
2.056443318177645918e-01
4.634346563998559265e-01
3.124453830792259246e-01
3.939879171592616802e-01
3.291979000922909404e-01
3.164085070365001973e-01
2.694085396875047222e-01
4.325066079983322376e-01
4.653065369061814560e-01
3.677727599218915122e-01
4.323638066184041784e-01
1.516631495142215791e-01
3.668734068382846769e-01
4.639819466796204495e-01
3.258406897096614574e-01
3.657259285751510713e-01
3.660000616823011477e-01
4.721200306176252526e-01
4.032626282995524503e-01
3.942276372830479381e-01
3.831604367515205056e-01
4.337103126162586975e-01
3.002626660817394044e-01
2.666662636594896441e-01
3.093189650320604112e-01
5.004524089596918968e-01
4.650927073563464464e-01
2.994355211116141446e-01
4.040836189823348024e-01
4.655082673125787718e-01
4.320024372246109023e-01
5.194007363038566361e-01
4.637914974396797341e-01
4.231164168238596424e-01
4.655160212876574555e-01
3.864418835261201890e-01
3.309594499824920488e-01
5.957562304772900941e-01
3.850651788026122069e-01
3.549267429373059723e-01
3.276523944819146883e-01
4.662168350734364752e-01
3.202007522852257093e-01
5.099209895960675754e-01
5.169846282196010057e-01
4.880085990414507191e-01
4.970077749975549963e-01
5.451105016635607869e-01
3.868593268578445210e-01
3.878154055028695812e-01
5.074063509720172505e-01
5.579903956260182651e-01
3.618691918443769362e-01
3.149606795143882199e-01
4.406465162540680325e-01
3.989767290108551245e-01
4.986742617192545524e-01
3.998277397922683774e-01
4.419704061518460181e-01
5.799934353662211661e-01
3.657297989631772550e-01
4.669582819195816636e-01
4.362846141522656040e-01
5.658845425067713375e-01
4.598801961184488807e-01
3.787741361781006844e-01
4.374416332246833239e-01
4.858157200470454851e-01
4.997532242468663011e-01
4.557901325339487331e-01
4.555684762838193014e-01
5.103751886879536181e-01
4.846436232159917479e-01
2.787767908870797950e-01
3.406611491242987344e-01
5.575190835648072829e-01
5.644726367838269754e-01
5.363344372511960056e-01
4.307480529691562476e-01
5.153144781746084035e-01
5.222496959141840200e-01
4.188762212750137826e-01
6.025176937721949955e-01
5.641029179749306177e-01
5.262288518302760121e-01
4.888216423783478537e-01
5.308144164170114365e-01
6.376190948291505789e-01
4.576660467243892638e-01
4.617707426189419095e-01
6.770931406599943747e-01
4.230084784078667615e-01
5.301284403890530461e-01
7.179977634752185978e-01
4.687096306125065892e-01
6.260977228738351386e-01
4.746580147588710386e-01
5.404538998026698904e-01
4.953242551104186098e-01
6.441462244304211326e-01
4.528049051236117117e-01
5.224348443726781754e-01
6.744115904611073242e-01
5.399397777476565574e-01
5.695261001151906699e-01
4.509574505021924362e-01
4.547639509269605917e-01
6.535662138654860787e-01
6.136818671745319920e-01
5.960818723297469646e-01
5.793844394188087943e-01
6.388468163771096053e-01
5.742604825756713050e-01
4.400068394366728475e-01
4.450874120752822405e-01
4.330693998742590201e-01
6.266439294871951615e-01
5.899731322305370451e-01
6.662960793453851505e-01
4.957268518229959176e-01
4.920307933863378724e-01
4.456469511705609121e-01
5.512745912312931873e-01
4.313422795183416980e-01
5.634270582570983787e-01
6.088330443202908393e-01
6.287800358045871896e-01
6.678157370313196894e-01
5.766628408959044716e-01
6.839297992589334907e-01
7.251398090360736681e-01
5.481629867895655428e-01
4.179542834722937417e-01
5.977983862121022396e-01
5.972991125831690340e-01
4.652512216845394177e-01
6.204777450936920236e-01
7.782251405858712223e-01
4.816393775742567329e-01
6.430574392628375380e-01
5.482380461882457867e-01
6.833237080347659420e-01
5.263129223580369498e-01
5.847910141657278738e-01
7.948787803538219787e-01
5.405795470535742497e-01
5.666567757728236954e-01
6.922485622133671690e-01
6.183502561484618409e-01
7.231881092890382057e-01
8.088955242853320682e-01
6.272955680948987256e-01
6.141247357429150400e-01
6.670160647109689700e-01
5.277163030447212799e-01
8.559827769341613601e-01
6.941165261920319018e-01
6.217061154055648631e-01
5.722264512456096686e-01
6.348361786604809209e-01
5.603266633123261675e-01
8.026319210016048533e-01
6.051681397889951963e-01
6.751578447817377926e-01
5.470698674704027598e-01
6.484883314963485468e-01
7.158181068947560011e-01
6.026222557296224691e-01
6.588876674147094992e-01
6.964272751526626726e-01
7.013150628149094068e-01
7.677389150095176307e-01
5.046953849641854228e-01
6.454874992105605891e-01
4.835048180865534895e-01
6.101419234039168193e-01
6.847276867865529359e-01
6.210896453396800299e-01
7.138413189702093042e-01
7.746951303432639824e-01
7.513403073862829906e-01
7.891285196060925378e-01
8.166722475199355014e-01
6.344728662063986446e-01
6.704581523380761521e-01
7.672021731598039906e-01
6.321166015746536582e-01
6.022051780560212508e-01
7.997023188172529551e-01
7.343112278420171890e-01
8.069224707604361058e-01
6.393823354315765206e-01
8.516957080498955834e-01
7.265447412743166744e-01
8.623240876667919164e-01
6.092374346889191106e-01
7.620378336573477851e-01
7.068298200310234591e-01
9.297747743355369021e-01
7.694918267321253502e-01
8.634670927445526889e-01
6.680718433047151406e-01
8.755595830388449574e-01
7.596330086589647701e-01
7.321312865003887227e-01
7.256263929278762292e-01
6.920469510543537650e-01
6.385742892433036166e-01
6.444316145745986324e-01
7.495403338971605711e-01
9.332841479578316557e-01
6.600720115094997897e-01
7.692403408130656928e-01
8.431949827116207441e-01
7.255313015057899273e-01
8.705985398191544711e-01
7.879459246553914831e-01
8.553154395701340063e-01
6.872832891495148644e-01
7.151751389105409640e-01
7.706830340902586229e-01
7.697754817396967875e-01
8.406011811393674371e-01
7.343013470423518374e-01
8.012822164999320318e-01
8.545029861612408739e-01
6.958168988845488956e-01
8.372315479602305821e-01
7.865573476606551040e-01
8.011658441491423810e-01
7.552120454466695332e-01
7.218028170838675095e-01
6.955367891308165129e-01
8.567145318450295477e-01
7.327180862963749153e-01
8.077040281877633232e-01
9.024306989059156514e-01
7.718212395692364280e-01
8.211318750617342399e-01
7.364485978090752338e-01
9.019635313024899625e-01
7.327312463900412798e-01
7.928041860706210864e-01
6.879125679735269561e-01
7.944274554285681855e-01
6.916425664599812340e-01
8.083391043503296292e-01
7.565540504419129286e-01
7.401398284343551071e-01
8.195367066736156669e-01
7.827461431236586442e-01
8.136204597709449926e-01
8.863576627232516714e-01
7.577938630239881013e-01
8.395375033573881929e-01
8.260634318503239371e-01
7.295485020098252393e-01
8.634404681902658751e-01
7.521304315193988455e-01
9.036955623747628952e-01
8.613204977582262778e-01
8.285657886057085086e-01
9.112786473479360660e-01
8.073173492589093003e-01
9.447556996671507834e-01
1.027750842116552876e+00
8.772129900941626479e-01
7.900412398459391028e-01
9.151116475345291157e-01
9.067368211175828030e-01
9.266131909807988620e-01
8.752122730916277460e-01
8.966384381460305031e-01
8.351787887727353255e-01
9.922932293393651459e-01
9.231110819049377358e-01
8.190276393584664527e-01
7.901750405732297367e-01
1.080531132879385625e+00
9.758134591461515850e-01
1.089015815318749913e+00
9.589159232195558769e-01
9.906785823139754310e-01
8.578825208943577918e-01
1.018759854592579783e+00
9.894957115124529690e-01
8.538868188716375318e-01
9.555477136912415848e-01
9.423332542053316496e-01
1.029934932191597818e+00
9.119097732229806130e-01
9.998664245935457995e-01
8.315805547118433338e-01
8.571586662521933908e-01
9.303466455461133489e-01
9.468066520867483016e-01
8.730050319322966157e-01
9.704729182736518966e-01
9.356998163763182719e-01
1.017925598599117132e+00
1.117016353385183347e+00
9.292553623484993697e-01
7.835374788303447469e-01
7.933071524385988393e-01
9.966056911550482678e-01
8.936852165238923229e-01
1.095891049173666199e+00
1.034559179094372006e+00
8.692261280351779584e-01
9.613371097998979486e-01
9.076425285951188471e-01
9.743734689820636730e-01
1.068738102068335083e+00
9.772047327218708057e-01
8.959442660095929822e-01
1.013803139062255942e+00
8.440018809978405701e-01
9.228766876711002043e-01
9.683511831907355427e-01
1.052519677445602264e+00
9.501927526669780022e-01
9.654858507065866569e-01
9.430467279133900593e-01
1.128833747845191970e+00
1.041035219793298605e+00
1.067812320610503019e+00
9.872728771267154091e-01
1.045619766881535462e+00
