-8.811395779726564070e-01
-1.126462222440820504e+00
-9.362434569955396801e-01
-1.036575983654081989e+00
-9.592145797612081637e-01
-9.807566672776913963e-01
-9.336448540764664683e-01
-9.680610550896026067e-01
-9.623047234376729264e-01
-9.975900483608423075e-01
-9.618364383163181541e-01
-9.786217204546659998e-01
-9.993377299186200213e-01
-7.391111745275928957e-01
-9.224939679303122420e-01
-7.471730551052127023e-01
-1.051325698716518708e+00
-9.832137927061406213e-01
-1.039022881247461783e+00
-1.117078752926530916e+00
-8.900687021065482041e-01
-1.016354984962866359e+00
-1.048275587099388950e+00
-8.245065016435301208e-01
-9.521625606593014934e-01
-8.879543073023277167e-01
-8.894661172666707971e-01
-8.906235037833961643e-01
-9.891204170983532995e-01
-1.067643512283967810e+00
-1.040571611918563066e+00
-9.458779866315423224e-01
-9.700793167033500142e-01
-1.006170041757125544e+00
-8.851400129792290628e-01
-8.584420385203127557e-01
-9.091115643802889501e-01
-9.703269367323379413e-01
-8.654681548176151873e-01
-9.677931144151329379e-01
-9.728505933696330876e-01
-8.842031370094750597e-01
-8.932148716426973056e-01
-9.364729487889121851e-01
-7.243600844790131221e-01
-8.603962539775372731e-01
-8.860208124730238888e-01
-9.031754998935803691e-01
-8.449080719883015345e-01
-7.499102084391198186e-01
-8.951125344923274163e-01
-9.258967379457012647e-01
-1.011480181149300162e+00
-8.959787023608263290e-01
-1.026049460319130135e+00
-9.605625137200436425e-01
-1.088333121393894043e+00
-9.216395423406612553e-01
-9.870887156598965317e-01
-8.656347372885121461e-01
-8.274498679502774179e-01
-9.543135271035060319e-01
-9.943196671621574723e-01
-8.432314212095760597e-01
-9.752381156578907584e-01
-7.800575318860387686e-01
-8.441659511949612948e-01
-8.625147616048419730e-01
-8.243630976661203702e-01
-9.635308700647731150e-01
-8.792695477327214792e-01
-6.945498401282040879e-01
-8.353277460304410207e-01
-8.006908950239691736e-01
-9.217720439116792175e-01
-8.452182542533143161e-01
-9.100624436286232077e-01
-8.629273935232845139e-01
-8.154542903555823674e-01
-8.385518385895928128e-01
-7.377153410572038217e-01
-8.298782691523870492e-01
-8.192606926538226197e-01
-8.233490099637231774e-01
-1.004684325136487866e+00
-9.358258308332275677e-01
-7.649092831771013845e-01
-7.873451675416121009e-01
-7.857028503730382196e-01
-9.168073500820931310e-01
-7.354145095336640514e-01
-8.951879769990676028e-01
-8.776547437449577771e-01
-7.434772813043787343e-01
-8.141996618790624529e-01
-8.022223115720208408e-01
-7.777425729032624302e-01
-7.369216878743120036e-01
-9.333108750980529944e-01
-8.521919134926259076e-01
-8.530811151953309190e-01
-7.473681525992422747e-01
-9.458363237187362715e-01
-7.104369695152616959e-01
-7.757862346438137990e-01
-7.230940910670478061e-01
-5.730101689079933891e-01
-7.878212114710483327e-01
-8.621390016422517677e-01
-6.852255690470043792e-01
-7.752112841200334836e-01
-8.012025949642722633e-01
-8.384057447370257821e-01
-8.603524560979862734e-01
-6.318487288612568697e-01
-7.374665241822667694e-01
-9.152808492366791837e-01
-6.906135728763518333e-01
-7.268144326006891198e-01
-9.041037175762134392e-01
-6.987727167578730025e-01
-1.006500666189360516e+00
-7.533233724537742315e-01
-7.690858477858371067e-01
-7.138906335243893064e-01
-8.345346783231180066e-01
-7.646958041139646500e-01
-7.973350096190133796e-01
-6.491941188447452049e-01
-7.565569121986799317e-01
-6.368966750023552503e-01
-7.103631953583423586e-01
-8.318640166558526339e-01
-8.317756166808135676e-01
-9.582124255799384649e-01
-7.408456897304738220e-01
-9.368301349558342261e-01
-7.180569007296665474e-01
-7.252332991807105556e-01
-4.601536487467143832e-01
-7.195683692355181460e-01
-7.316120127344051260e-01
-6.630294775053932055e-01
-8.414678395772616781e-01
-6.917302056332245153e-01
-6.679424727466134470e-01
-6.377020058404133662e-01
-7.217680971325988182e-01
-5.289344225230974139e-01
-8.362943886444117458e-01
-7.541023345599012773e-01
-5.534679477843829076e-01
-5.811746488341560379e-01
-7.495032094353898389e-01
-8.148634464384949538e-01
-7.069797858135067337e-01
-6.383363788188204380e-01
-6.186688353940817953e-01
-6.915315280792651009e-01
-6.081309297215340415e-01
-4.717864247765744534e-01
-6.782472567363642124e-01
-6.280848476785946266e-01
-7.006748171289877147e-01
-6.740975935626919435e-01
-7.051892528901594348e-01
-6.956956491748446103e-01
-6.092620236215413598e-01
-5.776525520197842711e-01
-6.984686296749994527e-01
-6.334646464472531990e-01
-6.007248682941361828e-01
-7.661187448254610510e-01
-6.680349674556154138e-01
-7.053386337711743392e-01
-5.838767570924131567e-01
-5.832760137036656634e-01
-5.811884523551555937e-01
-7.122550989429358159e-01
-7.618954286454145963e-01
-6.173178840579340854e-01
-7.441599035469068646e-01
-6.278892347053086631e-01
-5.538044264610278988e-01
-5.856078664683044277e-01
-5.481731761951014192e-01
-5.523104808709934366e-01
-6.355693055970977889e-01
-5.906332631304823666e-01
-4.753866145451023928e-01
-7.240336801380184983e-01
-6.534598912251416980e-01
-6.246151134035721197e-01
-5.970301742815369295e-01
-6.058846941386550888e-01
-5.378901875519038756e-01
-6.586692152950284207e-01
-3.879697942081170581e-01
-5.811700986687176052e-01
-6.123016686885000004e-01
-6.531974713003404487e-01
-6.795315089605892256e-01
-7.401831641493048508e-01
-5.509959603061869160e-01
-4.229936963793906601e-01
-6.390515637457505616e-01
-4.646080747980608217e-01
-6.355369939782575806e-01
-8.117427938422040468e-01
-5.044410926231632786e-01
-6.665324224138531317e-01
-5.732839451533970898e-01
-5.706880444691089238e-01
-5.027059373928042252e-01
-5.862075107254652861e-01
-5.337006840016381704e-01
-5.059660962782288607e-01
-4.988740750847722727e-01
-5.529585309169220420e-01
-5.207582207040074573e-01
-5.613075060980454722e-01
-5.708303813613355704e-01
-5.971455874863590418e-01
-5.665237962695889307e-01
-4.878933917158396194e-01
-3.805950056612318888e-01
-6.818105484173077047e-01
-3.006861919036666886e-01
-6.501141080059620325e-01
-4.650692089627443959e-01
-5.866558922887890049e-01
-4.917216279889310426e-01
-6.970507777502181757e-01
-5.004329450685811587e-01
-5.088906461593145636e-01
-4.630972953409761006e-01
-4.794220976723799210e-01
-6.661428554713404449e-01
-5.259670246017558171e-01
-6.134970131178055786e-01
-5.130418253105395454e-01
-5.434925333648524814e-01
-5.822306948468507493e-01
-4.357633545610174464e-01
-4.126126366270805312e-01
-4.822181364046285723e-01
-6.582852498145370657e-01
-4.923270014778872716e-01
-5.072871166458480241e-01
-5.470621667402424393e-01
-4.477219223243715795e-01
-4.085244282602476518e-01
-4.581528163305234602e-01
-4.866718697971071372e-01
-4.420687601519622256e-01
-3.986956500309475904e-01
-5.288081692866248851e-01
-4.457073655189902617e-01
-4.454715942494276160e-01
-6.033749611119255674e-01
-4.711562536466748496e-01
-5.697204798483954669e-01
-4.833193741669568610e-01
-5.734184112307150194e-01
-4.034122117383295847e-01
-4.406699230598838390e-01
-5.443131146797224318e-01
-3.451295882878572252e-01
-3.063322635283710627e-01
-3.706353254310689738e-01
-4.828705332584593557e-01
-5.093756325804118523e-01
-2.697150896990733737e-01
-4.029045971688223760e-01
-3.924936180393520102e-01
-4.533675150970095657e-01
-3.806941644136239700e-01
-4.606502850256921078e-01
-4.124572253627260543e-01
-5.554802575724491209e-01
-3.438801295292492899e-01
-3.629758259515397101e-01
-4.636064984749624363e-01
-3.339569249837381903e-01
-3.215593243763625320e-01
-4.417367651464780276e-01
-3.956631170994764912e-01
-3.123803064675765295e-01
-6.267327072309689662e-01
-4.346112348466938391e-01
-3.172831725399461456e-01
-2.959380795849236301e-01
-3.020771110967909179e-01
-4.381466790934930300e-01
-3.906770331365703730e-01
-3.960471974338513612e-01
-1.869151937467285474e-01
-4.300000343646637191e-01
-4.418383134010802071e-01
-3.896449916254630108e-01
-3.795133157303218763e-01
-3.351528186383051500e-01
-4.334311350343383884e-01
-4.813375611719757363e-01
-3.813281565544398011e-01
-3.383437078746116544e-01
-4.301374164483174334e-01
-2.447019360643822306e-01
-4.611273731707656309e-01
-4.783339826968692199e-01
-4.380555918255233383e-01
-3.425654583719753288e-01
-2.984694721279108620e-01
-5.396777763465661071e-01
-3.447983783496465504e-01
-3.305152727324852657e-01
-2.779495100285387377e-01
-3.484273819052681187e-01
-4.032757252348059818e-01
-3.562770821278495315e-01
-2.819040299717895937e-01
-3.551299206088728289e-01
-3.555200377049407279e-01
-2.161602499411617029e-01
-4.467290040659560035e-01
-4.771284183429094772e-01
-3.965073277407568098e-01
-3.878131093569833210e-01
-3.194463693938176529e-01
-4.207896049635878599e-01
-4.312567129749027006e-01
-2.271328924174648989e-01
-2.888150361959075929e-01
-4.049988232347350170e-01
-2.725620828693516851e-01
-5.148819025658541992e-01
-3.705008707910344423e-01
-4.408933915213584243e-01
-2.364778792972534738e-01
-2.301047341807417601e-01
-4.801652030568686613e-01
-3.608755162556825935e-01
-3.616733931033175864e-01
-5.238375507913886064e-01
-2.559411757333991955e-01
-3.270921572823022871e-01
-2.644851781502609023e-01
-3.198874007779606288e-01
-3.439930418090562658e-01
-3.073747600643912947e-01
-2.776478363839788854e-01
-4.353380181643154989e-01
-2.111078198654581795e-01
-1.575105818044137684e-01
-2.520500948951963638e-01
-2.682613803677202924e-01
-2.094463950338871228e-01
-3.238579101120783177e-01
-1.894344440954476294e-01
-2.835024595192265906e-01
-2.168906931118435299e-01
-2.394290680741390787e-01
-3.636400208033300774e-01
-2.165568624632584482e-01
-3.045300005550038991e-01
-3.821500885492844501e-01
-2.097832293266417292e-01
-2.540638294546815334e-01
-2.567551738459996069e-01
-3.072418738570751873e-01
-3.336594946224126224e-01
-3.026915501091745342e-01
-2.746846332223443210e-01
-2.942761463917774045e-01
-2.651663606244428206e-01
-1.997194233953109854e-01
-1.340940271715242438e-01
-2.623638263204968180e-01
-2.897534388757043722e-01
-3.275171233670733928e-01
-2.769297939507833761e-01
-2.153926543759394352e-01
-2.890228657278871849e-02
-2.897507973682688087e-01
-2.424632773970514243e-01
-2.844306590613490671e-01
-3.336928099796397373e-01
-2.017263825764903096e-01
-5.219648879135025538e-02
-1.896959816167455015e-01
-1.717008838368697665e-01
-1.926952332556408354e-01
-1.850700428319956015e-01
-1.449120455367669535e-01
-1.703079810531540894e-01
-1.899274803502984665e-01
-1.449874336207551406e-01
-2.709945078602330470e-01
-1.651139652799492041e-01
-2.180428291637948046e-01
-2.188821262303658755e-01
-2.710228236372525523e-01
-2.142809228706606395e-01
-2.391779073619943186e-01
4.222324607035336450e-03
-3.398760437362087217e-01
-2.844023861288649258e-01
-7.109691630589280720e-02
-7.854660902666121824e-02
-1.726576953542669490e-01
-2.040766376246669622e-01
-2.039649335155150067e-01
-2.034946403172079588e-01
-1.373931444276562108e-01
-5.339672138699827486e-02
-3.425897317251291874e-01
-8.256486916388981745e-02
-1.678903742342675032e-01
-1.703155869270564504e-01
-2.610632549693364113e-01
-1.374269980914351319e-01
-2.249822949412245976e-01
-9.679987441010692861e-02
-9.935992311029659407e-02
-2.683194912774235913e-02
-1.885141386613038983e-01
-1.629525053961970726e-01
-2.638255943110145996e-01
-1.283752383970248878e-01
-2.331408811218052823e-01
-2.103290705411255679e-01
-2.077828630912702812e-01
-1.573910998221961233e-01
-1.856476487024936728e-01
-1.028708330361493839e-01
-9.153645975582644367e-02
-1.473234167869223177e-01
-6.221855950241968192e-02
-9.420445022518481037e-02
-1.445528657672388861e-01
-9.502327080183413377e-02
-1.605347779231525440e-01
-2.642567266431989359e-01
-1.754679974860569869e-01
-1.492344665663096204e-01
-1.478476780724754802e-01
2.644005486877788400e-02
-1.512067599026292453e-01
-1.111748121301783659e-01
-2.323218477996010223e-01
1.978486033742961336e-02
-3.121984837913601221e-02
-1.020003047685499875e-01
-5.399067875123047394e-02
-1.519036109921798328e-01
-3.021552982551251598e-01
-1.126335657318399824e-01
-1.932502092912732894e-01
-1.255732730565516930e-01
-1.169178917223866604e-01
-1.946255483054286362e-01
-1.861925772515659605e-01
1.531725413276696819e-02
-5.229047245171987435e-03
-7.535244934812246331e-02
-3.027424167365273117e-02
1.619224384120928131e-02
-1.897031744021244193e-01
5.441866827934884604e-02
-4.249812102534602717e-03
-2.687001060212743792e-02
-1.614429609271574029e-01
-4.715199780666482626e-02
-5.621973752456736750e-02
-6.757338133623129461e-02
-7.224859940921560253e-02
-2.203677929221755372e-01
-6.986973629499893673e-03
-6.361185686777927339e-02
-1.651398770173044886e-02
-6.129463136157006081e-02
-6.161415614463078283e-02
6.082595394117200349e-02
-3.281996489251221699e-02
-1.308904580607953005e-01
1.951507616991055710e-02
6.486986929858488959e-02
-1.678927172669613666e-01
-7.386347779196920926e-02
1.392824810633172365e-02
3.339603562022554900e-02
2.034733754701545556e-03
-2.577353461866647988e-02
-2.914431001082546172e-02
5.855174605831241913e-02
-8.179587804503689330e-02
1.643962496750714652e-01
-3.242870127413384658e-03
-2.550896749846951611e-02
-9.402633731531070960e-02
-8.060747179035117338e-02
7.015024433409787485e-02
-4.786637919506130101e-02
9.532023491190058651e-02
6.467085092810535840e-02
1.083666322369477263e-02
1.101398221825285358e-02
4.824955705240064480e-02
-2.482672055297453426e-02
2.138903735570286263e-03
1.255499145134242878e-01
2.484387203284746035e-02
-7.679950337704369301e-02
-2.922017695951763944e-03
6.400165375089494901e-02
-6.467080321724272274e-02
1.381089140296167320e-02
7.496425086545263627e-02
1.115361404285235281e-01
5.717784703708918281e-02
-2.663061810206240887e-01
-1.753602451943401808e-01
8.769783383528698129e-02
1.070574509253937184e-01
4.740795783876210895e-02
4.696106783617003122e-02
2.087950835617770600e-03
-4.988288053258758958e-02
8.629272913456374761e-02
4.066773277821001537e-02
5.051860178234810622e-02
1.428014365380185779e-01
1.727863327392278048e-01
9.138491895176580060e-02
-2.181533984374255108e-02
9.421742984242863217e-02
4.052577738374366773e-03
1.083547768439432762e-01
1.455556776792345242e-01
-1.627924572774819972e-02
3.841852144177384382e-02
2.060874070674410530e-01
1.531220351678416226e-02
-6.764956226891656599e-02
9.313506081519717927e-02
1.445209505314766496e-01
1.028378626659825351e-02
1.580143580457161745e-01
-1.172806135210835571e-01
1.291094275205802167e-01
2.441423765211531583e-03
1.379274751989210401e-01
1.426332864902123687e-01
1.745902336807388100e-01
-6.752338846956601470e-02
7.679998790445960455e-02
1.075412683139050363e-01
1.221980130267304315e-01
8.065507200307049651e-02
5.162576428430332848e-02
1.687131247441151782e-01
1.038800779394189466e-01
1.665232290191018816e-01
1.000150950653146964e-01
3.090100701841744235e-01
2.270806475525713464e-01
8.289160804751175005e-02
2.262354693979107961e-02
1.584836026010041088e-01
2.670571277546433531e-01
2.053924284995457261e-01
1.299759710646484212e-01
-3.218238243284150812e-02
5.052557953786168676e-02
2.163733003969615099e-01
8.735647588944037145e-02
6.203132871957862948e-02
1.412764965618738822e-01
1.570208207250044508e-01
2.225888063629705704e-01
4.639141885586425818e-02
3.022241238347592174e-01
1.515775558079173191e-01
2.342665253965316996e-01
-4.401263867514096373e-02
1.957160883769094306e-01
1.108807663978268188e-01
3.075668458776381065e-01
2.921119498466645537e-01
2.203352972461345982e-01
2.551406218441689688e-01
7.394447652654796699e-02
1.021917545108162184e-01
1.211605976320034722e-01
1.157116030143247182e-01
2.300581717893952494e-01
2.865440928894472661e-01
7.705681175134591887e-02
2.677758683544335661e-01
1.878497531664524989e-01
1.575169450156208295e-01
1.993335687728226557e-01
9.332884593890057590e-02
3.563820613871132026e-01
3.053640734354666764e-01
1.107939195001216882e-02
9.328683560237072125e-02
1.984543335772041561e-01
8.445303665737499688e-02
2.310048283959093562e-01
1.054563745082243292e-01
2.036950656252644598e-01
2.635553447579012665e-01
2.506029157898335136e-01
2.779907772067505833e-01
2.654533022083483407e-01
3.240346368989315273e-01
2.969687018840000969e-01
1.703279478247584910e-01
1.677625227228384530e-01
2.570760486436329817e-01
3.350702321056432953e-01
3.133072920958694940e-01
1.603537032561542508e-01
2.052060351055597365e-01
2.452430676821611422e-01
2.698428723703471532e-01
3.053310517167742710e-01
2.884666110421553742e-01
1.157260784110112350e-01
3.079851350274737110e-01
2.112001376596573388e-01
3.167379824691739509e-01
3.758610564623309225e-01
3.076340123231919299e-01
1.366157756106286814e-01
2.629864567114509888e-01
2.033227415922201631e-01
2.572711690399533402e-01
4.206881126336559085e-01
4.356481655539255482e-01
3.264660941633150681e-01
4.086583287683878130e-01
3.105188461708631720e-01
1.751906685468521130e-01
4.691092327860965638e-01
1.789094089464030035e-01
2.777373902878352840e-01
3.969323061158328558e-01
3.548509513831961670e-01
3.849975788463618764e-01
2.643381641089073697e-01
2.181183000846394771e-01
2.821159820562970655e-01
2.822940186750727554e-01
2.974563726624971927e-01
2.814464701908869215e-01
4.041523131337290686e-01
3.989697939641713709e-01
4.109647712085868765e-01
4.996450368954479249e-01
3.498583580754767164e-01
4.084428041473127102e-01
2.658856984141881319e-01
2.746241452511442582e-01
2.231161086742795285e-01
2.833050923414003885e-01
3.009222632258848340e-01
4.179207810077523733e-01
4.988546308827100373e-01
3.324206253872062367e-01
4.498305772486874132e-01
2.586206304796558886e-01
3.634944952107695970e-01
3.365578398582358410e-01
3.689577407154286948e-01
3.556940997572946572e-01
4.792869871333281795e-01
3.423434716876659345e-01
2.698543315000487275e-01
5.086300133241281607e-01
3.309993204826848223e-01
3.754468525314889615e-01
2.429852452876466451e-01
4.975071250429021208e-01
4.320218373256402566e-01
4.771564139343918987e-01
5.245963061748452061e-01
1.754315728510188466e-01
3.185459190977327215e-01
3.449320702053200183e-01
1.660895850616372349e-01
3.106826612209945826e-01
3.598649183284963748e-01
4.196060576653103946e-01
2.977686155211221597e-01
4.758436279723887719e-01
5.176428986834419321e-01
4.935260894835183931e-01
3.602263489767651983e-01
2.971044467954573332e-01
3.447166254660170015e-01
3.141131211525757250e-01
3.026564383279914394e-01
3.359061712952837730e-01
4.434477084492456367e-01
4.931997415367204707e-01
4.764241889571787514e-01
4.758029621994659952e-01
3.358223745238252955e-01
3.631971011155135098e-01
4.870645993298918786e-01
4.209965084013638226e-01
6.173295052753919876e-01
4.845740752910077109e-01
4.926970960388933896e-01
4.036634538707860043e-01
4.198888753339907187e-01
4.686655898453392366e-01
4.567076048615795192e-01
4.152389411521230644e-01
5.215409860796734742e-01
4.020772332674379390e-01
3.973730441278772729e-01
4.356978012397400013e-01
3.501140537828980048e-01
3.784710046594765842e-01
4.227422691007705069e-01
3.857308828290358926e-01
5.221241799246902904e-01
3.617730111414523830e-01
3.730575595964485403e-01
5.013252535471161009e-01
3.392593451431495932e-01
3.485109835173439419e-01
4.061745015672277304e-01
6.373442895738775649e-01
3.989303133496233666e-01
2.633311051606862518e-01
6.704370776490961026e-01
4.052006609936996129e-01
6.426940554301464603e-01
6.171396178599573012e-01
4.875220150859979062e-01
4.703136107586624592e-01
4.864015078505226630e-01
4.467864840734240284e-01
4.071708542262295616e-01
7.780848698012250431e-01
6.081680892274856642e-01
6.181821900747629384e-01
5.878036825331675042e-01
5.648994704862161376e-01
4.518443478842672500e-01
5.670268885076134024e-01
4.814177171235106689e-01
4.534977344383384068e-01
5.405366729018622474e-01
3.423005068514749505e-01
3.280222808144052649e-01
6.744595998453096763e-01
5.135633125466187998e-01
5.800788334874251717e-01
5.696631894469679214e-01
5.608412146664699671e-01
5.015442561536552768e-01
5.428409180207668383e-01
5.509024935753991103e-01
3.352892380659028837e-01
5.732219684680758265e-01
5.942528903260285711e-01
6.440145297673968150e-01
6.051854176966642296e-01
6.591068421456385273e-01
5.859497210530051348e-01
5.702818033763379368e-01
5.966148317819870428e-01
5.667402840640815009e-01
5.533998796689060251e-01
6.161353233750217484e-01
5.053765144116970642e-01
6.347976776078420036e-01
4.829107197779202165e-01
6.795475026341690761e-01
5.140492330854112835e-01
5.778997228482876114e-01
6.387696398071263104e-01
6.585336654950565416e-01
5.649160512522806155e-01
6.479588986522611949e-01
6.202931253524853750e-01
5.248452554816007698e-01
6.499636776287003315e-01
5.674164751061342438e-01
6.084515950883762070e-01
5.568902899469689860e-01
6.641338812142320025e-01
5.911449114949860473e-01
6.080727538450360070e-01
7.021170484489505093e-01
5.802627032450545785e-01
4.371161581861412460e-01
6.286252150464158861e-01
5.981882674365970320e-01
7.243578052990289340e-01
5.406057858795664250e-01
4.419646624706606297e-01
6.992788176688489177e-01
5.074506934031459693e-01
7.138150057513875657e-01
6.467085579856057809e-01
5.151377057271664395e-01
4.789768884440249175e-01
5.386959694025356127e-01
5.614211294701975108e-01
6.801061429043546713e-01
6.260216298639665888e-01
8.151060825636383678e-01
7.740958823382270149e-01
6.375086536057107400e-01
6.434438751278891422e-01
6.599782402580826046e-01
6.604193998570987434e-01
7.135419592193409377e-01
5.722334858262630997e-01
7.278547712223605304e-01
6.386077156052726300e-01
6.721953957770775423e-01
5.303773356568495245e-01
5.426926330841391755e-01
7.694052930499366560e-01
7.294734601986470057e-01
6.869419194995078914e-01
6.623291230893054715e-01
6.719261312960210786e-01
7.299720235771272048e-01
4.555721902408981228e-01
7.848559302109335833e-01
6.887319599400201220e-01
5.618810583286548699e-01
7.811050217054755773e-01
7.222130396443847689e-01
7.078092281682389908e-01
6.546168399387144454e-01
7.907056186700198719e-01
7.233850743538391415e-01
6.045050957805067071e-01
7.115988112202695781e-01
6.361588252410539379e-01
7.738599913327939284e-01
7.020751617007195966e-01
7.214469743487496034e-01
5.686605578358037150e-01
6.771973464970540979e-01
9.398320154435738649e-01
5.997325539365016001e-01
5.746178877156362663e-01
7.061826843248166785e-01
6.065268299836020782e-01
8.736702552609703076e-01
6.689613691708810039e-01
6.421851683957658929e-01
5.128963650708352473e-01
6.234503733992367014e-01
6.487352568743913750e-01
6.848745249536625224e-01
6.537906830889709253e-01
8.205380108754375401e-01
7.767274872758090920e-01
7.380104326551147897e-01
7.007239309889536916e-01
8.027592143239562494e-01
7.503855564505896858e-01
7.662611360156426077e-01
6.851308665504441953e-01
6.769917074572820992e-01
7.925129341701400154e-01
7.057354522854496492e-01
8.385622713537517203e-01
6.226965114205591512e-01
8.156638458115086365e-01
8.302632179253517375e-01
7.605140650104504907e-01
8.162902731336140194e-01
7.024729195970511597e-01
7.812819063422635768e-01
7.145058398269323874e-01
6.734479217494993009e-01
7.540440284308783658e-01
7.871104781805251527e-01
6.621888938923611301e-01
8.815797811717341892e-01
7.872146925334772005e-01
7.413612278731255278e-01
7.803673677442852785e-01
8.380584796532268843e-01
7.317524647169298957e-01
9.259942636410162242e-01
7.983616815557473823e-01
9.898470766527361908e-01
7.995488338435371434e-01
7.647795553140555036e-01
6.973170511681313632e-01
8.000961485691984176e-01
7.313219461476215821e-01
8.410137400909110106e-01
7.018320410847302959e-01
9.037242464684568377e-01
7.748407025138482895e-01
7.629644968876576616e-01
8.768120050261172249e-01
8.297140535228493263e-01
8.913638126397867012e-01
7.976178630244614709e-01
9.500308504132605192e-01
8.787516392085265027e-01
6.424437074522519886e-01
8.233965723060130415e-01
8.618684686760679226e-01
1.004085332995444224e+00
8.838162770804248725e-01
8.897710015119365545e-01
9.069701039739316295e-01
9.292816387668296763e-01
6.585915574412961604e-01
1.060170085970653542e+00
6.885440481628084530e-01
9.813293169791150738e-01
7.535831546991815788e-01
8.719193272258959349e-01
9.970517399591175556e-01
9.668877530137912624e-01
8.034924927819150353e-01
6.534653841763313764e-01
8.827349174696458300e-01
8.826391696206553616e-01
8.507519928371320983e-01
8.211760834884581639e-01
8.340694620411926996e-01
8.782309530357378380e-01
9.221159271753257558e-01
9.205762148561764668e-01
9.509729563792491680e-01
9.002597078497164285e-01
8.614314482470059042e-01
8.320830014811324560e-01
8.573448769124358826e-01
8.396307666428701744e-01
8.093261762432560902e-01
1.078690094712364100e+00
9.923920586438863545e-01
8.954248771027562004e-01
8.472295855824081290e-01
8.058820503883842301e-01
9.045361453321781875e-01
9.207149271691081882e-01
8.515968073006429107e-01
8.623524087773223323e-01
7.933975340363864648e-01
9.698769683242653983e-01
9.793292610227033457e-01
8.730012167414019641e-01
9.209769066992193887e-01
8.991100422647638757e-01
9.146956121661208305e-01
9.678338546212384985e-01
8.727171159005485679e-01
8.630847219257076208e-01
8.783896601371802282e-01
9.964952093472010386e-01
9.205512364694738991e-01
8.818256825552224232e-01
9.053880292945476471e-01
8.281184823331193545e-01
1.069150489135282989e+00
9.463298087595717334e-01
9.046679054586956870e-01
9.025886594349908920e-01
9.457938982421835172e-01
8.351233996225086997e-01
9.012309509485931791e-01
9.766339487272046593e-01
1.008934016738753270e+00
8.896161292618087746e-01
1.033991132434698645e+00
1.103639804430061044e+00
9.511117521986680590e-01
9.807626134459508371e-01
9.436276300005945750e-01
9.615088207641749873e-01
9.757908696095087819e-01
1.033393313745498254e+00
1.134883702069539257e+00
1.021367900022260189e+00
9.117533193536224712e-01
8.616072813605392122e-01
1.174058237319046016e+00
9.420018479127452160e-01
8.717779837120991360e-01
1.076015098463663167e+00
