-1.053211639490560403e+00
-9.968136442536369435e-01
-1.028425574732899639e+00
-1.049943985323379181e+00
-1.046645243784916302e+00
-9.830809887013115533e-01
-1.227451930203923069e+00
-9.969867914979330115e-01
-1.077981824879067352e+00
-9.613011818481076443e-01
-9.888180776380142145e-01
-9.892372683059729166e-01
-1.031085964856506942e+00
-9.353840170892681050e-01
-1.151446350636518678e+00
-9.833616991489438908e-01
-9.200540371902560244e-01
-9.743930159864798712e-01
-8.521927809280147592e-01
-1.051564674034993097e+00
-1.164793111035850037e+00
-9.811689252218530610e-01
-9.466978992263156423e-01
-1.050680223058005680e+00
-8.616414274290472575e-01
-9.521630268295949717e-01
-9.644710582522543207e-01
-1.039532937449368033e+00
-7.857652135716604036e-01
-9.052620021551031071e-01
-9.709284177686470230e-01
-9.447615168931369212e-01
-8.887091814694548786e-01
-1.033407536085466649e+00
-9.567050288556498971e-01
-9.232240810988858737e-01
-9.754000485075629001e-01
-8.991137507482495073e-01
-8.137508914477586952e-01
-8.115236519821957817e-01
-9.497747350913562370e-01
-1.007976816016749266e+00
-8.026963812473314475e-01
-7.922013417546596159e-01
-7.933841937562801094e-01
-8.783534659626305308e-01
-1.044046946299053147e+00
-9.042335971401983530e-01
-8.605135907250360816e-01
-8.660706597955966091e-01
-9.458022857238476133e-01
-1.034754174761997048e+00
-7.679696859670029907e-01
-1.002508976899305626e+00
-8.834141389599281524e-01
-9.100149809471741458e-01
-9.419806283620792975e-01
-8.431158855195181046e-01
-7.800635281501641094e-01
-8.417585892866040753e-01
-9.072274071053915145e-01
-8.422769626552801814e-01
-9.007333382078761552e-01
-8.549009666523458284e-01
-8.939966404578844061e-01
-9.184724447556448235e-01
-8.905479633508852633e-01
-9.523593105965981742e-01
-7.804802573642591890e-01
-9.176233958614756769e-01
-8.672613149651897668e-01
-8.506772412448551091e-01
-8.790773111956491359e-01
-8.848605764284347419e-01
-8.491408456595928023e-01
-9.311838953694773213e-01
-8.242939027794204954e-01
-8.592483700141397840e-01
-8.556089365449497386e-01
-8.604040196180277045e-01
-7.114715348531374106e-01
-1.000985863407508170e+00
-7.336740110251421809e-01
-8.992326596414744744e-01
-8.302039798789315750e-01
-8.390287730262354637e-01
-8.276770152007011383e-01
-9.309213085551241162e-01
-7.071553713216609527e-01
-8.767081105686808096e-01
-5.931586622159914501e-01
-6.747047419523339862e-01
-9.050315365646073307e-01
-9.280209667716381450e-01
-8.513885796360100011e-01
-7.266039176187185644e-01
-8.402024688833692467e-01
-8.474616897638904689e-01
-9.041294731769300430e-01
-6.927557563241515393e-01
-8.800431767963000640e-01
-8.365640576396008443e-01
-8.632136298334700530e-01
-8.188113661721040382e-01
-8.118446738050272282e-01
-6.630466311616423081e-01
-1.041709574986229292e+00
-8.714673431147359484e-01
-6.891253711402937077e-01
-7.767075035963627583e-01
-8.628715167682999843e-01
-6.770206773996005900e-01
-7.029595016592385948e-01
-7.853467948142989208e-01
-7.988298382713581169e-01
-8.498500885634235891e-01
-7.691404039454661223e-01
-7.563834298878285844e-01
-8.662116648487520054e-01
-6.324792309558291414e-01
-7.350202886841142869e-01
-7.338802252685212579e-01
-7.848704932023752301e-01
-7.374160747046594189e-01
-6.244726369347017858e-01
-6.713541389994547304e-01
-7.139819776230824644e-01
-6.624166948595737736e-01
-8.032273407235422935e-01
-6.936286573246910336e-01
-7.453573327828741935e-01
-6.850926831026119546e-01
-6.634432721492536933e-01
-8.259257924018028607e-01
-6.648973357771723602e-01
-7.771707578854861742e-01
-5.968647750432062304e-01
-6.374680877441138982e-01
-5.321485932812840547e-01
-8.270523979684522020e-01
-8.318180557812260290e-01
-7.688539367753732812e-01
-7.144218390496951399e-01
-6.974830554888866718e-01
-7.017892335123543379e-01
-6.011788736975668401e-01
-7.668184261735345730e-01
-7.621751408142765083e-01
-7.342283026720178851e-01
-6.270877884747169118e-01
-7.534652091422830988e-01
-7.229594095381336460e-01
-6.829161994770598376e-01
-5.998545742523208046e-01
-7.241707654899531832e-01
-5.559285450251929550e-01
-4.894285001904976617e-01
-6.678081556187815959e-01
-7.118568839262056080e-01
-6.650204552201550712e-01
-6.984333502073030164e-01
-7.184477698609641472e-01
-7.377314203867475495e-01
-7.414337064514739950e-01
-6.512405839828578902e-01
-6.485909885228096083e-01
-6.687386111444365566e-01
-6.920130995629097947e-01
-6.444622376241893047e-01
-7.399561587196293866e-01
-6.770035471630689861e-01
-5.536809301777727566e-01
-7.013502498240894445e-01
-5.665361558441662782e-01
-6.921186102659118156e-01
-6.011471092715252595e-01
-6.370869028419035018e-01
-6.550906314923271578e-01
-8.061303319230904707e-01
-5.848144835460636903e-01
-7.090239092537801158e-01
-5.295210386635554878e-01
-5.939356149418502095e-01
-4.994098088783673339e-01
-5.276832829359350274e-01
-7.554030898745439648e-01
-5.940183971548279596e-01
-6.398823759107462594e-01
-6.295741006023997111e-01
-5.556330116935098706e-01
-5.551554774747869958e-01
-5.154751732217595084e-01
-5.171548092119814255e-01
-7.126534175572896146e-01
-5.551962673571388951e-01
-4.246880532962111210e-01
-5.301169068779703064e-01
-5.846136058742936736e-01
-4.873005216878353862e-01
-5.117331581376722838e-01
-5.659193776763160599e-01
-7.417929555227269489e-01
-6.096164568554606200e-01
-6.642272274579907876e-01
-5.899719554826121648e-01
-5.855836024402786277e-01
-5.991707469369519368e-01
-3.670064793793290092e-01
-4.919166609682173452e-01
-6.566325887343331669e-01
-6.482077366861790368e-01
-6.111380103265000585e-01
-5.785744480079978436e-01
-5.664655969070158115e-01
-7.799143352095154746e-01
-6.509190158590842934e-01
-5.596002338807073428e-01
-6.869563358504283679e-01
-6.536270736750290355e-01
-5.755942317567753763e-01
-5.617427516162925016e-01
-4.243234688987940206e-01
-6.212311742808991344e-01
-4.686813371418818153e-01
-6.033699028844904388e-01
-5.763380988477747602e-01
-5.950941511465022149e-01
-5.529982983147925246e-01
-4.753592894268546254e-01
-4.789041654098573630e-01
-5.656082258956037778e-01
-5.978466769912541556e-01
-6.287573773624152151e-01
-5.770267315600903224e-01
-5.874252970873649060e-01
-5.167307811150323449e-01
-3.958452728660505904e-01
-5.563992996430605631e-01
-5.472547414591265591e-01
-6.150421363476481496e-01
-5.661365799690156742e-01
-5.788065331258155366e-01
-4.209958934340741199e-01
-5.747146109021773475e-01
-4.160594020120967351e-01
-5.011642934293477625e-01
-4.142879697950982432e-01
-5.256897318203354041e-01
-3.734483488635991777e-01
-5.341261393313243566e-01
-5.653153285055387833e-01
-4.705952017400743537e-01
-2.758017511976301739e-01
-4.894676139676790716e-01
-4.705920874631717155e-01
-5.369193152518589862e-01
-4.902114283357590363e-01
-5.187996257045774939e-01
-5.075074551972262871e-01
-4.872952236341732135e-01
-4.123237401926934109e-01
-2.889935387350251461e-01
-5.452064797424872600e-01
-5.214057394042637128e-01
-4.230103127888740766e-01
-3.939256492618967154e-01
-6.719096589082450555e-01
-3.586110732710691695e-01
-4.671104320209807370e-01
-3.981617016551495247e-01
-4.941908975562927520e-01
-4.059600567148635708e-01
-3.817349874705453505e-01
-3.680934845024592117e-01
-4.371799682384977515e-01
-4.818920164720087995e-01
-6.288707568726937813e-01
-4.169330769646367174e-01
-3.889301250932514775e-01
-3.455381462218530819e-01
-3.276411434225710573e-01
-6.234056281148502299e-01
-2.526627122878530862e-01
-3.766293066961065583e-01
-3.926766986371442170e-01
-3.837899843554286039e-01
-4.831114462602462689e-01
-2.218637732247024374e-01
-5.216301873469195716e-01
-3.487150172885767341e-01
-6.747641404959708877e-01
-5.045847664849312242e-01
-5.264810370035780673e-01
-3.666206617811973989e-01
-4.406012906607360557e-01
-4.215375274879450962e-01
-3.969667114569512822e-01
-4.585523316714059106e-01
-4.715490294944998384e-01
-4.392328017772101911e-01
-2.968614108691591258e-01
-4.298445218457312422e-01
-4.101353502958157149e-01
-4.347572567795613407e-01
-6.136861769075139250e-01
-3.898642874230449640e-01
-3.886382806610932938e-01
-4.778636800695976738e-01
-2.444590901734075838e-01
-3.213608807148670143e-01
-4.144174114712859680e-01
-2.693162519378226594e-01
-3.747088646761861930e-01
-3.983682256758790952e-01
-3.038316107731525162e-01
-2.988625260032747866e-01
-3.767539292447160126e-01
-3.841923291750795055e-01
-2.300364783303718852e-01
-3.772448504651343404e-01
-3.550006150282376538e-01
-3.334976194108904002e-01
-3.765744018161455986e-01
-3.619033378533615952e-01
-4.258089830640157114e-01
-5.329259894428057809e-01
-3.758391837309283390e-01
-3.490713349886364059e-01
-3.317838085937476200e-01
-3.594815606617242643e-01
-4.356278197948230679e-01
-3.784819479849751978e-01
-3.240580647092669020e-01
-3.856035921313090697e-01
-2.371441394173852690e-01
-3.496856458425066094e-01
-3.767828080983849359e-01
-3.416064537651101740e-01
-3.837304231526424414e-01
-3.112744347136135459e-01
-2.510847391356871294e-01
-2.612920929818732807e-01
-2.803740341729132890e-01
-4.564113561599426050e-01
-2.673251933418322457e-01
-1.638536176790082732e-01
-3.243283888211248578e-01
-4.482640613077724101e-01
-3.888405326252414307e-01
-3.097256124140551625e-01
-2.702082574746196286e-01
-2.967164729596799000e-01
-2.043493108347046172e-01
-1.562136363290584640e-01
-3.708834334214576867e-01
-2.370185457419781705e-01
-2.892699644089011812e-01
-2.108439084077344539e-01
-3.007777777789358842e-01
-4.303629097967222594e-01
-3.394183513810717923e-01
-1.482287875522891596e-01
-9.814179297260688939e-02
-3.832441970538348897e-01
-4.126453696629696632e-01
-3.621083698612007629e-01
-3.857798242087079332e-01
-2.701489898410759927e-01
-2.869385154478789612e-01
-2.123383693522787885e-01
-2.114475619892715597e-01
-2.557084404595879046e-01
-2.841534113405519979e-01
-3.495147200720103570e-02
-3.350018373296322904e-01
-2.183957022546576254e-01
-2.692277871874801942e-01
-1.914175219637526681e-01
-3.161587032996926450e-01
-3.435285694273209067e-01
-1.017199426661691969e-01
-3.124982124916077519e-01
-3.867122691148025537e-01
-4.642890044480939560e-01
-3.269547500660452410e-01
-2.641607334494479042e-01
-2.082015461728958794e-01
-1.779051153736922741e-01
-2.463790165253987030e-01
-2.572866945493266777e-01
-1.985473722546592656e-01
-2.351670748917265574e-01
-2.133764547016012147e-01
-1.470451933597792249e-01
-1.053526508197690781e-01
-7.280033681404173007e-02
-1.602425555318641448e-01
-1.647602404047825431e-01
-4.692713796191310544e-02
-1.954642137615125175e-01
-9.682493426448696150e-02
-2.176598476611540378e-01
-1.997805059601424904e-01
-1.944650359081593893e-01
-3.057231188673687483e-01
-3.015940806810716857e-01
-1.808007624311780068e-02
-1.811440939902199121e-01
-2.461388490366903381e-01
-1.398179496450616954e-01
-1.223179139774807911e-01
-6.257105020461108114e-02
-3.003324686879083050e-01
-1.426390909873447022e-01
-1.373259065927518452e-01
-1.775525284330750631e-01
-2.862064589053295305e-01
-7.122515165860578146e-02
-3.186054741184787265e-01
-2.137630662172008700e-01
-2.354525088125986598e-01
-4.520171673822397096e-02
-1.489057361329212126e-01
-2.066553345542597730e-01
-1.157401358371841354e-01
-2.203892809890833360e-01
-8.970079361217438152e-02
-1.278710193907378612e-01
-1.183561963381469101e-01
-1.411433266486386839e-01
-1.557266242021849989e-01
-8.167917713558845924e-03
-3.593555523947448288e-02
-2.011731872950063282e-01
1.181622852618171259e-02
-1.404033803304889916e-01
-1.356675799980679720e-01
-1.665428088512120874e-01
-1.455265214361072812e-01
-1.147455843795201352e-01
-1.201825585220871601e-01
-1.211057087596370124e-01
-4.399008813552486574e-02
-8.537080059712880142e-02
-1.842918135532614909e-01
-3.098979204338286886e-01
-8.663687543849453096e-03
-1.706684676900523390e-01
-1.028331131430477580e-01
-1.272116737336195513e-01
-7.386167287853348529e-02
-1.241107078078858240e-03
-2.171167849616875978e-01
-7.585263555122721824e-02
-8.436870309340892271e-02
-2.239146491955875534e-02
-2.679837393803222167e-01
-1.277213189681745131e-01
-6.600816404034089147e-02
-1.204627063979923779e-01
-1.237603779254246861e-01
6.465512795372373514e-03
-2.016462100673729191e-02
-1.214203588032525954e-01
-1.808192428067796065e-01
-8.765589552297847753e-02
-1.076571964971117235e-01
-6.095895489239674947e-02
-1.187326354203455669e-01
2.932300315362286816e-02
-8.870831136600267064e-02
-1.005624197414603099e-01
-5.414505748010071257e-02
-4.516344338767496608e-02
-9.345860634204271322e-02
-7.067388872510721454e-02
-1.833440876283736753e-01
5.470394351006364897e-02
3.818559978423062551e-02
-7.535914854532677586e-03
2.812808648784890023e-02
6.318529417116892921e-02
7.242272082657359375e-03
-8.399976844771581130e-02
-1.880429028205070074e-01
5.267464882482168070e-02
-2.831244030060820621e-02
-2.857943343813913045e-02
-4.182139786208215193e-02
7.568991866392651979e-02
-2.874612744253272900e-02
8.530787819438173311e-03
-2.022949353411574239e-02
-7.522030667272450177e-02
-2.359311989285957627e-03
-1.817390169062744754e-01
-1.150908184593717881e-01
6.250582229056163286e-02
-7.028081906652207562e-03
1.903063381932358633e-01
-1.461910817221018580e-02
3.315639329560490095e-02
6.192920065134011748e-02
4.084026168987641564e-02
1.273689115992082954e-01
7.145664457068527653e-02
5.410507294684727304e-03
5.095512496954963944e-02
1.205903249570784708e-01
-7.175214119392689383e-02
2.899305622236245106e-02
-5.979336000181154076e-02
4.571721819620768595e-02
5.905557609040751332e-02
4.536576893858497266e-03
-1.964753369030650121e-02
9.525805351970187407e-02
-1.054752990610156593e-01
-2.255232612480641968e-02
-8.156148654018469590e-04
9.027151440727780585e-02
1.376222476192084376e-01
1.817032166359879852e-01
2.301077271347528805e-02
-5.413420076310821588e-02
7.975014263483741483e-02
-4.364204207330948243e-02
2.164515002915755326e-01
7.672844544050376470e-02
1.944392861382028548e-01
7.203819278773429535e-02
-3.813141063274676917e-02
3.725793675420160803e-04
8.281483941653544623e-02
1.268021105240366431e-01
1.117563308796322291e-01
3.016551310008114967e-02
1.453329524710340603e-01
1.170072072265960494e-01
1.535485569314122278e-01
7.351208605601888824e-02
1.888258963346178820e-01
7.913017730953590678e-02
1.068801554364601919e-01
-2.846846542049193823e-02
1.704901579772406806e-01
-8.391918558185731958e-02
6.736977562106430395e-02
1.959801128992043895e-01
1.294886359195190628e-01
1.264145120933158062e-01
1.642428866985831681e-01
8.249818893782329132e-02
4.796992999119921268e-03
2.510588280236923930e-01
2.367318427276132384e-02
7.715067211315530804e-02
2.765788220783751417e-01
1.139330857404355912e-01
8.967929854161894865e-02
1.184812494511124359e-01
1.929448236525883875e-01
8.404165756974417423e-02
1.562386487996212103e-01
1.661265406034374559e-01
2.257404302796415796e-01
5.602055621157511767e-02
1.204129291246104072e-01
1.522244050112623592e-01
1.202388859436344104e-01
1.389225934960623965e-01
1.222582503403747828e-01
2.002218808534304284e-01
-1.472993358269193871e-02
4.293625086056802181e-02
6.830111305048956749e-02
8.824847997990635518e-02
2.423244419993307863e-01
2.747130443963213819e-01
3.567076063673722125e-02
2.222560870908952269e-01
1.410242908540866313e-01
3.567008161420500562e-02
-2.301750006296176751e-02
1.993822437391923885e-01
2.463189410603739693e-01
2.901615877381605313e-01
5.765288748808908986e-02
5.928529237176850819e-02
1.789273385495644408e-01
1.367015433350139419e-01
1.828987161566185959e-01
2.682284042643944821e-01
1.193558465126292323e-01
1.756706829185102903e-01
1.561363342611114258e-01
2.438861135020920501e-01
2.509000945860879739e-01
2.081344246380658347e-01
2.043384586123626334e-01
2.446597554685390197e-01
1.020647327904842111e-01
1.683380117418231403e-01
1.861716451199484368e-01
1.647793383166856473e-01
2.720881857377399626e-01
1.774460817457051975e-01
2.726660042296115694e-01
2.866550896223823419e-01
2.918813471697479511e-01
3.384556784161625864e-01
2.067674547797942464e-01
5.406271962302620221e-02
1.300651530682371271e-01
2.175354612378024854e-01
2.530995234096329871e-01
1.025948463776142350e-01
4.468005410701221258e-01
2.455060460690450808e-01
2.002318267627835047e-01
2.074921448032047699e-01
1.947026370899858083e-01
3.066295365748611945e-01
3.134942583755589429e-01
2.165724394660067664e-01
3.045996874076066785e-01
3.052384178406854498e-01
3.013638342840894158e-01
1.931183596802204527e-01
1.433417872929919901e-01
1.592045548871032778e-01
3.899918219168751476e-01
2.997666664272836679e-01
2.758888402999812306e-01
3.693435656060211625e-01
3.751669680355363967e-01
2.148173991692499396e-01
2.881866792117296905e-01
3.421477022675203927e-01
2.555091011598410455e-01
2.585815707459448443e-01
2.197303678819431672e-01
3.253148932763935686e-01
3.374240517274784135e-01
2.718838757076261770e-01
2.913931133233191306e-01
2.371485071892906193e-01
3.134966620222334743e-01
2.653251761419849752e-01
2.006339754185150759e-01
2.495872463432733668e-01
1.931265793797332653e-01
2.254645605198499214e-01
2.471321754820725025e-01
3.396851553221754139e-01
3.554547520964499441e-01
2.034815580850758976e-01
4.144227692783962191e-01
4.033691530789351165e-01
1.716235942137246118e-01
3.640507765017858555e-01
4.681338687654854613e-01
3.439000556772675576e-01
4.542325511320103315e-01
4.112289339040485769e-01
3.666578111195616940e-01
1.786705167775235192e-01
3.591475619276987552e-01
3.229080984385850894e-01
3.893095343957005405e-01
3.357953134110054916e-01
2.148486136434295535e-01
2.158857680982485261e-01
4.492914632691045185e-01
3.060659761248080146e-01
3.704182128645374106e-01
3.092243880431569947e-01
3.230280526123990303e-01
2.433063921685140463e-01
4.430633882586254568e-01
4.651977664170772742e-01
3.567869927647109307e-01
3.774040305854258759e-01
1.637154803026508176e-01
3.780970282027547036e-01
4.635742322381430358e-01
3.086806301069642822e-01
3.717314246683176560e-01
3.864544659408013505e-01
4.512505852355933045e-01
4.198560061795764131e-01
4.022399184015484352e-01
3.929601670015040460e-01
4.026935187294312102e-01
2.726652659569882009e-01
2.541491758060206996e-01
3.232602629548771422e-01
5.095523573127317407e-01
4.894166292838404431e-01
2.887891663341752291e-01
4.048612724093536008e-01
4.906487244004634207e-01
4.393168185757763688e-01
5.264296627539730711e-01
4.525649417268006736e-01
4.318010211239566853e-01
4.520144920799162858e-01
3.827351951663909846e-01
3.278115526639975852e-01
5.842547998494981298e-01
3.845704329709077052e-01
3.439665144768874749e-01
3.164660854945238744e-01
4.907421258027630517e-01
3.317744749019667649e-01
5.076655118994620741e-01
5.323586077224328195e-01
5.131554377965643621e-01
4.940244979328758945e-01
5.367576892615032458e-01
3.950133546672005003e-01
3.925176984341399722e-01
5.074723920093774376e-01
5.690484787938477895e-01
3.750892648878340063e-01
3.141762716892180785e-01
4.603179922664323853e-01
4.407117343593849879e-01
4.907423349451233707e-01
3.822947059670891434e-01
4.444658709668985463e-01
6.002533947253219093e-01
3.610735183616257671e-01
4.540778587478090933e-01
4.451116530232929747e-01
5.577223948102721929e-01
4.446042870910376643e-01
3.671306055502974730e-01
4.407358133978633852e-01
4.728733663342926663e-01
5.104281809443002027e-01
4.447822758628219852e-01
4.715917023363381255e-01
5.092013362670370080e-01
4.731018865184322131e-01
2.722699858008281737e-01
3.161674005584069191e-01
5.682459968041116971e-01
5.266131979016874798e-01
5.388382207900251908e-01
4.169691778183818864e-01
5.219590265261211393e-01
5.114819977374185367e-01
4.451578390146818665e-01
5.729405907347215887e-01
5.985333054340864489e-01
5.428132623165837778e-01
4.875192267742506913e-01
5.409894522974703079e-01
6.280855293021599950e-01
4.732000987765177524e-01
4.747831528749497099e-01
6.776875637430059829e-01
4.525913875841620082e-01
5.145054400051036758e-01
7.138308704216627110e-01
4.645683064680751762e-01
6.208888717862384166e-01
4.750118449740153848e-01
5.275202937385848889e-01
4.983305952008074691e-01
6.401063111775051606e-01
4.391178014679663066e-01
5.279572923560988951e-01
6.706652324703605839e-01
5.387153357943917920e-01
5.682596826361965281e-01
4.350291287508307181e-01
4.569031876136242509e-01
6.452452109064155117e-01
6.224641450033571166e-01
6.104655368132758664e-01
5.724285705444495109e-01
6.447264258603596643e-01
5.418472803147282857e-01
4.490904290106337293e-01
4.613961960150046449e-01
4.474074729268895934e-01
6.174521732761905080e-01
5.810261755128753869e-01
6.565953455174556863e-01
5.107118461512420993e-01
4.860888567894193768e-01
4.617767260864304446e-01
5.313934174905626806e-01
4.245248382234986240e-01
5.611175803122583350e-01
6.289484706570271921e-01
6.362962968902302618e-01
6.538294969234820231e-01
5.838041299916124638e-01
6.566723160113757674e-01
7.522524737889311197e-01
5.682033901049006186e-01
4.188497847910516714e-01
6.105755743382926815e-01
6.057294541508337904e-01
4.746487516651391458e-01
6.214607196157547753e-01
7.776138786510082834e-01
4.828072676566463328e-01
6.081058057281949480e-01
5.716235379538787686e-01
6.789192812071087602e-01
5.193527479702124694e-01
5.734966164668047206e-01
7.790396831334680527e-01
5.344696273449469626e-01
5.987116630046835919e-01
6.902253094876733552e-01
5.790614009761317904e-01
7.086658354525001702e-01
8.006741819055910314e-01
6.349817507013619799e-01
6.229502200563324932e-01
6.699787678524055101e-01
5.274833078040279677e-01
8.321692771626557628e-01
6.891337641593575647e-01
6.277795456233464799e-01
6.023683226467752005e-01
6.522206704757225193e-01
5.418667314162600723e-01
8.173940184534383979e-01
6.186385077876860317e-01
6.737073837016323008e-01
5.458953553327356989e-01
6.153758039634658061e-01
7.304437662422185173e-01
5.889040698880829705e-01
6.749580723932770976e-01
7.226058303793418958e-01
6.968058868416766582e-01
7.575407073044184703e-01
4.861047596075321886e-01
6.416368409574084719e-01
4.679945712905555499e-01
6.225805073283281477e-01
6.544920146562442920e-01
6.324422908966170764e-01
7.331244666453060610e-01
7.554836969798283119e-01
7.751022774347362532e-01
7.913509931918293328e-01
8.253235101442339960e-01
6.728652208491883169e-01
6.743196985808387334e-01
7.690270900101285889e-01
6.265657950324048375e-01
6.247618236528011959e-01
8.155477736569702873e-01
7.350480014084652680e-01
8.272286548009114560e-01
6.384704314041673712e-01
8.645652406691181069e-01
7.257364993434375355e-01
8.724415589255072323e-01
6.484954249269602178e-01
7.713051353799084131e-01
6.942255522187721350e-01
9.131066553857614121e-01
7.541670566766988104e-01
8.566800609123778054e-01
6.679742797290830758e-01
8.983567505881806525e-01
7.786747930419499752e-01
7.418007713368179878e-01
7.088849397409370257e-01
6.703953050330185848e-01
6.160146472389552708e-01
6.204092431716118350e-01
7.562867345570276623e-01
9.542153754730962056e-01
6.723064177459877611e-01
8.045245386098676121e-01
8.330323909300649809e-01
6.950623983401968964e-01
8.838094789142058039e-01
7.866654132678289058e-01
8.506535910591218608e-01
6.784854644682235536e-01
7.170262721586705412e-01
7.773175327540587931e-01
7.797767822967510698e-01
8.418551069683065657e-01
7.299533065807172205e-01
7.991061129137585484e-01
8.342851256068899435e-01
7.097669643655423188e-01
8.539198241576156923e-01
7.827890764667382317e-01
7.808596614947849179e-01
7.467026652044350676e-01
7.159993893226452855e-01
7.217656870240460876e-01
8.597420961229894631e-01
7.274159874315109242e-01
7.816313671464513169e-01
9.145147259129472461e-01
7.751680935806565254e-01
8.316521478908270870e-01
7.182496015709097792e-01
8.857224149753319953e-01
7.267950558321610854e-01
7.873154964301044556e-01
6.867598030206411019e-01
7.831869371154989157e-01
6.838332132589456380e-01
8.220862556094135076e-01
7.494282488483164917e-01
7.370286590746473188e-01
8.184845766229823516e-01
7.836922707449063275e-01
8.108800969442290230e-01
8.822176048982653951e-01
7.633577775458104675e-01
8.553018702250932970e-01
8.138382173650395845e-01
7.154317836283633492e-01
8.909312468546620734e-01
7.442822720132040715e-01
8.996770055131818600e-01
8.776778570435396221e-01
8.429180164812670739e-01
9.038227230110922328e-01
8.064521881807905634e-01
9.709837118619207841e-01
9.987559365658444932e-01
9.044406569908469695e-01
7.858385013155577692e-01
9.307538832567208154e-01
9.312789365103069095e-01
9.270318234140522140e-01
9.143982787975559745e-01
8.886575561439580273e-01
8.616669325015322567e-01
9.795932458444845947e-01
9.334813306406856137e-01
8.370628241179369766e-01
7.954874173522049619e-01
1.062894455511450786e+00
9.697163731932453290e-01
1.075730955448355397e+00
9.414418096584434847e-01
1.002151749078494136e+00
8.728516787224235296e-01
1.007945593760513070e+00
9.809708352759418659e-01
8.465192965089762822e-01
9.906307057059066112e-01
9.243827581121062398e-01
1.021301420021554218e+00
9.171064348047361925e-01
1.000497941496652832e+00
8.419761654757784708e-01
8.488523675680775815e-01
9.438026508889655330e-01
9.272851816520741863e-01
8.839220211315202969e-01
9.932339306017425873e-01
9.522536733979353185e-01
1.003956095801990855e+00
1.092902350783472309e+00
9.127755212333363843e-01
7.685576936814439986e-01
7.946838977242275392e-01
9.999288259123846334e-01
9.084832904015525123e-01
1.092608632061973672e+00
1.022798334617352367e+00
8.606768077864732636e-01
9.649481306008511616e-01
9.023106740178379326e-01
9.962821572740172549e-01
1.077677407113740937e+00
9.766663112198050722e-01
8.963756214455733673e-01
1.020902510313465683e+00
8.064534781332839408e-01
9.396195849573419911e-01
9.716333625160440413e-01
1.067078494970121527e+00
9.308865752146101569e-01
9.591418591268894289e-01
9.424158725844324902e-01
1.100956208118907931e+00
1.048633329426635230e+00
1.083390802617064219e+00
9.678349929889683567e-01
1.079124560843392588e+00
