-9.975688443062454835e-01
-9.615375485411069567e-01
-1.156801836487422408e+00
-7.344033734116163226e-01
-8.497529098907873335e-01
-1.103726746669862147e+00
-1.109071123988130347e+00
-1.180777091252076305e+00
-1.105167606523899115e+00
-8.748943681983631926e-01
-9.901998100941576952e-01
-9.999587785275901863e-01
-9.013801678577466614e-01
-8.805508856533778017e-01
-1.111506572578074392e+00
-9.476324449213240353e-01
-9.771334997731634386e-01
-9.895182243607186789e-01
-1.101061434103318248e+00
-9.123571745629169838e-01
-8.902792259838477884e-01
-8.942317202550218447e-01
-1.059309282396495577e+00
-8.740146566851616505e-01
-1.077674832706273955e+00
-9.196896971730342818e-01
-8.735099238999929350e-01
-1.053946775425839144e+00
-9.381359601164229733e-01
-9.577470813338923028e-01
-1.022419763251092961e+00
-1.010799027212781587e+00
-7.857656662055539920e-01
-9.041473257138237241e-01
-8.783977860041727315e-01
-7.831096389588743101e-01
-8.239414179254073156e-01
-9.250365952062036268e-01
-7.992350380811181765e-01
-9.346235172234607091e-01
-9.040059874608024071e-01
-1.082046174079162038e+00
-9.231369386903525154e-01
-1.037949108939490328e+00
-9.491491687559971968e-01
-9.837115823754798427e-01
-1.050251761973493458e+00
-7.295995018367116280e-01
-8.522212090269442042e-01
-1.034399969672490149e+00
-9.851617337057355650e-01
-9.673352206698313527e-01
-7.884238224417333685e-01
-8.621388207333485765e-01
-9.670035644014185472e-01
-9.666660310929201527e-01
-9.416504969931175362e-01
-9.015575707032028596e-01
-8.355975421884945797e-01
-9.759729703728239336e-01
-7.875827497945342426e-01
-9.240943875066405244e-01
-8.627890662248155484e-01
-8.442205000077060983e-01
-8.434089688927725037e-01
-1.015874697051423192e+00
-7.270413374850545063e-01
-9.141163898495519025e-01
-9.584598409089281068e-01
-7.757043546391313438e-01
-8.733712186347377671e-01
-8.758517117504091010e-01
-7.220978501152048867e-01
-8.308105946347957849e-01
-7.428622442677750293e-01
-7.904446461929400813e-01
-9.204999044550967735e-01
-8.584735915719714505e-01
-8.550063394756698409e-01
-8.927143634154142138e-01
-9.315952817733100799e-01
-9.128478558723288616e-01
-8.035699249698416979e-01
-7.740833690518533761e-01
-8.133020696612051070e-01
-9.151335425221461817e-01
-8.248454484406424481e-01
-1.019139529204271755e+00
-8.661246048988709978e-01
-9.384476009625557502e-01
-9.648006201654670821e-01
-8.723220200042330896e-01
-8.007656502664070031e-01
-9.973849610497936835e-01
-7.345243947470089241e-01
-7.554779377980195276e-01
-9.230976980991068004e-01
-8.050018882854358404e-01
-7.251893328459920740e-01
-9.279333378115662834e-01
-8.230375652156480815e-01
-8.378495614511610734e-01
-8.120414418863803885e-01
-7.969813240841469026e-01
-8.605010039813737466e-01
-7.543303206347174994e-01
-7.400523915015605469e-01
-7.129692853033571254e-01
-8.834083306688332859e-01
-7.882517111603913884e-01
-7.723441266943068539e-01
-6.957950391838241266e-01
-6.922306455762476940e-01
-7.380064950414322311e-01
-7.903951229043659765e-01
-8.403763187849552230e-01
-7.988030514389197201e-01
-8.494374510676149237e-01
-8.510436011490052355e-01
-6.924027574161392140e-01
-7.316820303371859291e-01
-8.250684182284793167e-01
-6.801919991734356463e-01
-6.191032723328071530e-01
-6.635093687599666890e-01
-6.819857574994651062e-01
-7.221918850642196075e-01
-5.860470172562909363e-01
-6.601952832201555266e-01
-5.675709304161296043e-01
-7.255667788534536644e-01
-6.054811716394215004e-01
-6.234747831845379729e-01
-8.047674004494982380e-01
-6.648683225119133011e-01
-7.362707547090454607e-01
-7.254766426487299080e-01
-6.602132173468823195e-01
-7.087994321163297862e-01
-7.496058682201216516e-01
-6.573735466311702025e-01
-8.623831209619752247e-01
-7.698695584619131838e-01
-7.611108491546348942e-01
-6.861470673610379212e-01
-6.451501587746274469e-01
-6.323706678805445236e-01
-6.919104898911861978e-01
-7.774887913996753053e-01
-8.377413194157729004e-01
-7.439805694540289061e-01
-6.923649867497515542e-01
-6.337725518857213469e-01
-7.901259020643590647e-01
-6.536131214964943092e-01
-5.256297555028951463e-01
-6.846379349070773612e-01
-6.455603530140389124e-01
-5.157007042236781968e-01
-7.307739491431789469e-01
-6.112370018176264130e-01
-5.909251814527901603e-01
-5.499225152437299258e-01
-8.033050317788071881e-01
-6.985838002271888003e-01
-5.603774186281920144e-01
-6.928577538914140188e-01
-6.663777620496349474e-01
-6.651952546788005849e-01
-6.264535834050748431e-01
-5.646236011510171737e-01
-6.328580570660187199e-01
-7.480852182340308465e-01
-6.374823393488147083e-01
-6.994074717702689625e-01
-6.314886705364738395e-01
-5.099027955221819841e-01
-6.518645780481467922e-01
-7.061830308038500315e-01
-6.113308416259889411e-01
-6.432291158996475966e-01
-7.227601891378946375e-01
-6.324389249373413291e-01
-7.041491508458296300e-01
-4.081111912822100729e-01
-5.336078573129908742e-01
-5.753581637127971327e-01
-7.600968132045664571e-01
-7.759236725856626382e-01
-6.486034851646802490e-01
-6.343997474319857943e-01
-7.162387616520421441e-01
-5.440274799603500577e-01
-7.187908208055916459e-01
-5.575436443946946152e-01
-6.858828393440862259e-01
-5.950562140628150587e-01
-6.498127313560613239e-01
-7.222167988465811872e-01
-5.362405084840518033e-01
-6.498381715980665607e-01
-5.469942369328215648e-01
-5.416074026544200892e-01
-6.284533730135565266e-01
-5.496119146977253012e-01
-7.348341151438155805e-01
-6.604452405850914642e-01
-7.007607745183180858e-01
-5.672374824607183674e-01
-7.017333065926558699e-01
-6.226106723560066447e-01
-4.510004314330717246e-01
-6.962384362286400119e-01
-5.382006264518500727e-01
-6.781518495898067878e-01
-4.067499772131656366e-01
-6.537444328680067640e-01
-6.104063802939011518e-01
-5.389815863309053157e-01
-6.433428364665606525e-01
-5.789778052584620971e-01
-4.988792737173086689e-01
-6.211401306118894405e-01
-5.731707955064541116e-01
-5.084502923832396881e-01
-4.630546573334350380e-01
-5.529990185696779248e-01
-5.735513097984550335e-01
-4.147034509753777520e-01
-5.726188133205012409e-01
-6.670670827668409020e-01
-3.461627024877347858e-01
-4.560997621741990082e-01
-7.247225532647587620e-01
-5.839393704296467202e-01
-6.068587017747913981e-01
-6.189487365084308523e-01
-5.188124626985743948e-01
-4.833744220758481869e-01
-4.220999022950961965e-01
-3.802935729026055145e-01
-3.137756861167314004e-01
-5.535652662031765869e-01
-4.419085132182960507e-01
-4.381093110472610852e-01
-5.716927438068367673e-01
-4.962859951315441442e-01
-4.277923380530989639e-01
-4.008485855482364912e-01
-6.063316346715942329e-01
-3.882298064965955531e-01
-4.702844304450732316e-01
-5.090370432239912368e-01
-4.941379833483180439e-01
-5.220655334866014519e-01
-5.658703712497835658e-01
-6.278730227415146858e-01
-4.610816983596570107e-01
-3.445134601658446649e-01
-4.915038247907356217e-01
-3.878414256484762901e-01
-4.008453905148111618e-01
-6.440314671521557566e-01
-3.735960394940944784e-01
-4.240378543287844915e-01
-4.007181236371645805e-01
-5.047565189227578575e-01
-4.388423699008051071e-01
-4.275938118546407929e-01
-4.970029492780068670e-01
-3.946339243151952281e-01
-4.256343463593898480e-01
-3.125115637693581805e-01
-4.876925494850252729e-01
-4.455074143390003183e-01
-4.104883744507217824e-01
-3.601813341409451086e-01
-4.816500240536013555e-01
-4.603224801751833462e-01
-4.371554562391845589e-01
-3.682530032435578082e-01
-4.210516533727433619e-01
-4.964919311997686435e-01
-4.083159530960946415e-01
-4.318972307704984637e-01
-3.802422803768657489e-01
-2.801877435587892262e-01
-3.076926380159832886e-01
-3.277144172292500435e-01
-4.468437469831625930e-01
-3.629854159492628685e-01
-4.251951987462991855e-01
-3.019011572264204135e-01
-5.240753763651494479e-01
-4.121470728211218959e-01
-3.721200003656303101e-01
-4.018004265715697243e-01
-2.488480683461442855e-01
-2.990585368504205532e-01
-4.551856249617126093e-01
-5.110075871457969710e-01
-3.095159143791237910e-01
-4.817875092788427294e-01
-4.821493879350134404e-01
-3.449410219832460545e-01
-4.498608710802121102e-01
-3.288899128768094093e-01
-4.314812910684956981e-01
-5.570356361189091610e-01
-3.724328317820705947e-01
-3.789837129087621492e-01
-3.016288388647794805e-01
-2.741611767005424083e-01
-3.581356162014883160e-01
-3.902443281320197022e-01
-4.090672802681920017e-01
-5.114216806243661040e-01
-3.118964971662533947e-01
-2.151614459819914116e-01
-4.086314228356007217e-01
-4.254145623694907674e-01
-2.664688504851078221e-01
-4.321294739467932411e-01
-3.986332286301613181e-01
-3.144503618960253766e-01
-5.918870016810520163e-01
-3.801192522226797266e-01
-3.422131562725356235e-01
-4.081924747749720583e-01
-2.509980484826005442e-01
-3.581966249914941836e-01
-2.848857245630611046e-01
-3.314382549678135392e-01
-3.584625500165909973e-01
-2.571575106603032346e-01
-1.962219508834676940e-01
-6.327170409366124348e-02
-5.311504070973179781e-01
-2.087526300141354652e-01
-3.348610901436870901e-01
-3.019853723566218728e-01
-2.185545115491526191e-01
-2.930584774618087418e-01
-3.759234517251252017e-01
-4.866993844177235906e-01
-3.989988717455955625e-01
-4.192268126564360764e-01
-4.005505577534968498e-01
-2.487868763250523363e-01
-3.176524765312115361e-01
-4.058285028482331303e-01
-2.807408321433103038e-01
-3.335790432076777279e-01
-2.485906663501822322e-01
-2.811066324209609002e-01
-2.371249429654360974e-01
-4.875249533997581541e-01
-1.688781338267314747e-01
-2.725450390362557096e-01
-3.349561125106712556e-01
-3.870519809091354513e-01
-3.206024597913458285e-01
-2.190307813384279323e-01
-4.854402087123140253e-01
-1.405813267747482165e-01
-1.738884028622477984e-01
-2.184699350851892347e-02
-3.379391464745304385e-01
-1.917273666315288949e-01
-2.806070956862730670e-01
-1.759844749776042216e-01
-3.451032205132458230e-01
-3.222994775728206807e-01
-2.097071171899397291e-01
-3.369644605318568575e-01
-3.404998981899705623e-01
-3.482089234356711138e-01
-1.561138688680386299e-01
-3.055334565319813844e-01
-2.177676606892182121e-01
-3.086614081050781944e-01
-3.003771973548552410e-01
-1.741345742349704462e-01
-2.588616918334080697e-01
-1.863354850187305678e-01
-2.295352533705589948e-01
-9.234166104212829240e-02
-2.690004388837786697e-01
-3.006293634231977929e-01
-1.269648984267856828e-01
-9.214350843229973664e-02
-4.095072138942735807e-01
-2.296203867196256465e-01
-3.897256387974893932e-01
-9.002146080262382610e-02
-1.806198218534242061e-01
-2.662399615925570839e-01
-2.289857311494930270e-01
-1.529139971977457324e-01
-1.506578575943335885e-01
-1.113330376788313203e-01
-2.928293488550450241e-01
-3.292469846810395229e-01
-2.318508029759041578e-01
-1.719811198675953723e-01
-1.998550581078925303e-01
-2.271573091786550647e-01
-2.786911858940639419e-01
-2.173239124770666442e-01
-1.993616366390750516e-01
-2.166702403994850978e-01
-2.076529057760044261e-01
-1.640908751272968091e-01
-2.138155941560972717e-01
-2.162531503829356605e-01
-1.400413997060315774e-01
-1.898845426087380217e-01
-2.771644086444230437e-01
-3.296580729476002447e-01
-2.473967695591612892e-01
-2.717794006677734520e-01
-1.280101742189803660e-01
-8.435818949743190132e-02
-3.228816406663051475e-01
-1.326305285757524988e-01
-1.477741189674866562e-01
-1.109673055516485068e-01
-1.067493762601235130e-01
-1.147530740418439277e-01
-1.386556816336256825e-01
-1.721902390345508571e-01
-2.624310991124262360e-01
-3.587252018751785343e-01
-2.014004082850303357e-01
-1.041320969841354888e-01
-2.388942795786374862e-01
-2.742412506426203933e-01
-2.500331866226412902e-01
-1.457162663021538407e-01
-2.387279638391974212e-01
-1.057327491916681961e-01
-1.565703634655644660e-01
-1.719883613007064938e-01
-1.848694388464775795e-01
-3.944559188705280134e-02
8.702573484286103833e-02
-1.752936613581511371e-01
-1.287304744855229666e-01
-1.395877766980473111e-01
-1.017261042418490802e-01
-2.706323150813625955e-01
-3.286656838645921064e-02
-3.638405622938170603e-02
-1.672953004181472469e-01
-1.861480037680580957e-01
-1.401220394003534486e-01
-4.582013466857420142e-02
-5.124960830420287328e-02
-3.241604287388765576e-02
-1.388487044725002784e-01
-2.010193748578130782e-02
3.909219594654693430e-02
-2.005874596568308910e-01
-4.212931061763042218e-02
-5.601389400501761984e-02
5.146091981709806362e-02
5.449955501241225686e-02
-8.827471155482390086e-02
-4.174432540025663219e-02
-1.067887138644236233e-01
-2.542273195539240457e-02
-5.424442758635635020e-02
-9.822231931602301569e-02
-4.628005081388576747e-02
-1.599767861082226350e-01
-7.294409485790528946e-02
-2.708820623962536131e-02
-1.638292300397501192e-02
-1.338494269331103881e-01
-1.996720818192690254e-03
-1.620015533610411340e-01
-3.227017431666616724e-04
-4.333379940280333853e-02
-1.499952616533380308e-02
8.492288432796396558e-02
3.642396169193806016e-02
-6.510020936376818834e-02
4.375955660214276427e-02
6.794164133579275178e-02
2.891571945075109562e-02
-3.095603513494078751e-02
2.936484699974954704e-02
1.168635533753923095e-01
-1.456170474023240624e-01
1.134267845639315292e-01
4.578133519196839890e-02
-5.924285833048526656e-02
-8.399207778819858111e-03
-1.309501273487476414e-01
-5.462297124256491193e-02
-1.164855167065941971e-01
-7.762991156343848620e-02
4.555874620923915791e-02
-6.047039449814246848e-02
-7.985679090548068737e-02
-6.637692124746799420e-03
1.266320385913375368e-01
-1.837328075198768618e-02
1.723812380344721673e-01
1.145491378975234537e-01
3.552259367123838159e-03
-4.297785961829829471e-02
7.684210089161865043e-02
-1.780101683004210733e-02
2.846650681069922296e-03
-1.175671642404874095e-01
-1.336660126344168913e-02
-1.537398070848008773e-02
-1.083962471286388854e-02
2.352064457518114882e-01
4.209459642763956240e-03
-7.142751683547246544e-02
-4.801182041735928410e-05
3.184758001553893852e-02
4.297412795338353964e-02
9.135209898368981674e-02
-3.763283238574574238e-03
1.455651304727994255e-01
-6.865261955404443339e-02
1.207391644267528791e-01
4.683777486939303542e-02
9.018540615997644450e-02
6.698432801650403001e-02
2.131593059825222791e-01
2.397627873451467495e-01
-2.536223325020409494e-02
1.139843423574303377e-01
9.033522512091171630e-02
-6.884689336921985536e-02
1.126777566525324209e-01
1.666465572240218296e-01
1.178687553106347874e-01
6.957306398270322878e-02
1.635508698893652357e-01
1.721855891043430897e-01
2.016489747320502068e-01
1.428930990344772223e-01
1.675213922100706465e-01
1.046271597636468653e-01
9.901274205691334984e-02
9.946384875148801819e-02
3.270080580687106941e-02
-3.968101469831811223e-02
1.439612682270042798e-01
6.465686894678891738e-02
1.695962112755027562e-01
2.466246391074722877e-01
9.778913913739994968e-02
1.847245954009556490e-01
3.867299167713749569e-02
6.199986486565899763e-02
7.865596837375486705e-02
1.379610000852162233e-01
2.489818431081453620e-01
1.707108610101389645e-01
5.475275768681830968e-02
-2.663634138591800676e-02
1.418213801621892589e-01
1.127098467051203950e-01
1.260637684193576802e-01
-3.728377227261788635e-02
1.948317451756831076e-01
1.000807519427051595e-01
1.122755972880064568e-01
1.402641457924100610e-01
1.727433930565366593e-01
1.904226224665974410e-01
8.094019372941411994e-02
1.695634225191741118e-01
2.656275284604193154e-01
1.441578065362307537e-01
2.344526917419049172e-01
1.562960469755752813e-01
2.208977069609665278e-01
1.511780390642298855e-01
1.125566192111284586e-01
2.328040259497491660e-01
1.552568158423402733e-01
2.470307302484309742e-01
1.103877423117630430e-01
1.963206404748163436e-01
1.871669692730925372e-01
2.787985544036827856e-01
3.053168544807137730e-01
4.648847881123758380e-02
1.752099587760583554e-01
2.659840723017691810e-01
3.053562076636536227e-01
3.530670367708590995e-01
5.881510293690307700e-02
2.070042296688328065e-01
1.469846136643984114e-01
2.177144339683945995e-01
3.246323759803327880e-01
2.638762917337643676e-01
1.937530646301057202e-01
1.130886321619615220e-01
3.190677576824726969e-01
9.933316314986033457e-02
2.770707001404504322e-01
1.157886361670361630e-01
2.127263335226408925e-01
5.704062859763909393e-02
1.704716311868794965e-01
1.815934792773431228e-01
3.185118949463469629e-01
1.827734391125732105e-01
1.170534832299402611e-01
6.046878668268782647e-02
2.956500786813899828e-01
1.475325397667240634e-01
2.593860813704320645e-01
2.531646020782168383e-01
2.250150855141509754e-01
2.819777579507666831e-01
3.717166386210737916e-01
3.104055657375784372e-01
2.478942653160900456e-01
2.853188347359559285e-01
2.249361968119321098e-01
2.854798416892981305e-01
1.691895604348377657e-01
2.712754626852452167e-01
3.436005146548478106e-01
2.232628965962727419e-01
9.842265736427391332e-02
3.857095928773079385e-01
2.079195171180402146e-01
1.380872820712086002e-01
1.590025708776939828e-01
3.444725951664929786e-01
4.780266486552302574e-01
2.605457139911221409e-01
1.276956732350654489e-01
2.780051635068060967e-01
3.206990421235617617e-01
2.201474186478536987e-01
2.409412826057303059e-01
2.678146322004234525e-01
4.448421631328375869e-01
3.192346478411012822e-01
3.289887267234002377e-01
1.460930200954791425e-01
4.100912203851259097e-01
3.103463626490132188e-01
2.777969134563367803e-01
3.096582262260041407e-01
1.389611189240928246e-01
3.091976721378928983e-01
2.593880088432795605e-01
3.126878323355271605e-01
2.405285641336664670e-01
2.327005375646893637e-01
4.556238891567377380e-01
3.444915628657549966e-01
2.247341650278705250e-01
3.832610584403536302e-01
2.637102859587555082e-01
2.837276560156553606e-01
2.337109125669592780e-01
2.501143580042410330e-01
2.303388107590756684e-01
3.742710786562624681e-01
3.807306820210726861e-01
5.086997652022821059e-01
4.391849247790441391e-01
4.126845613276506897e-01
3.145749500271662891e-01
3.812943920325254643e-01
4.260496083011538482e-01
3.291267880775195498e-01
3.493648195866977946e-01
3.970955561823574786e-01
3.709868303321618987e-01
4.354382702937449334e-01
3.529423424993106684e-01
3.372516881671107081e-01
1.350352014348362439e-01
3.797911546064460242e-01
3.884476449005296872e-01
4.559341800661779187e-01
2.879024181085296230e-01
4.793767355149889942e-01
3.982227702522623258e-01
3.986991139397265682e-01
3.567903788648140728e-01
3.992349453331656695e-01
3.445658508124411767e-01
3.317841883377696810e-01
2.444864385121166273e-01
5.545129943976702114e-01
3.226265907537398392e-01
4.570664777045505001e-01
3.278486140223910716e-01
3.419089544182786766e-01
3.555075172861199562e-01
4.879392326883577602e-01
2.938941213306880962e-01
5.276522713493640993e-01
3.838981118517248992e-01
3.456741244016263148e-01
3.697094638691976187e-01
4.747254148540107632e-01
3.761897096109071970e-01
3.482032747536311090e-01
5.038062016401483323e-01
4.932214487442165840e-01
4.233006667783978938e-01
3.171693272849706036e-01
4.747435215563676758e-01
4.492150260450604171e-01
3.507155747228466458e-01
3.394021204176684847e-01
3.903183215367614367e-01
4.664828860797094467e-01
3.960398093432981326e-01
3.441316372618084540e-01
2.881785502302851576e-01
5.569557393543207446e-01
5.192041157270373963e-01
4.597341311382188156e-01
5.518589607791676288e-01
4.670245293445886015e-01
4.441139806735980300e-01
4.590812985456023676e-01
4.699557604377658793e-01
5.092347454277433849e-01
5.453491067360805022e-01
3.439714691492460341e-01
5.344110876020273793e-01
4.702123241668122455e-01
5.859643864166436122e-01
4.645379010877179748e-01
3.971419336013964907e-01
3.799187799156977796e-01
4.870485647836843013e-01
4.419172556541151042e-01
3.968359159831301719e-01
4.593615830679080858e-01
5.637779457662061011e-01
5.640137622636740566e-01
6.292655408533432970e-01
6.092618011791050003e-01
4.964354294320589278e-01
4.583968348993752717e-01
4.917385117619615387e-01
5.399461961131979404e-01
5.359204089180552577e-01
4.343398433877649345e-01
5.749784336832792775e-01
5.430441847751965589e-01
5.514731006789184153e-01
6.086103101371269641e-01
6.267020747871225872e-01
6.282658087801407110e-01
6.446643774330528265e-01
4.802902600899188190e-01
5.246196500209537872e-01
5.351346554200538952e-01
6.239748281342173408e-01
5.617429093444916699e-01
4.982154257686474685e-01
4.127967495605366355e-01
5.314258245662999425e-01
6.137427305871163696e-01
5.662365389665020565e-01
4.783696784577309846e-01
5.654726277780867116e-01
3.917465916574215390e-01
5.581354946174325038e-01
6.110442594798141114e-01
5.291996825134823723e-01
5.737465160634950267e-01
5.088364941781905459e-01
4.521804331114567255e-01
7.157277065793871129e-01
5.404857243131733213e-01
4.976052788033935581e-01
5.642119715559834603e-01
7.776436013567629146e-01
4.244951364128263238e-01
6.655775223426098064e-01
6.274857702828779971e-01
5.406983388302202265e-01
5.975631148589707342e-01
5.858415265503529312e-01
5.030806423606059008e-01
5.418127562043828505e-01
6.237927450431104415e-01
6.402060293380656963e-01
6.309755678663857559e-01
6.572715726892454091e-01
6.531480346584789265e-01
5.242718586263422909e-01
4.874829769381661126e-01
5.895831748427823316e-01
6.880726580231244505e-01
5.152603529914885350e-01
7.925744965656003060e-01
6.157535790503988471e-01
5.472902108464703375e-01
6.689940206823180580e-01
7.085735477372552271e-01
7.317118363217931520e-01
6.488844737608169266e-01
5.495554389096600767e-01
8.061225560837055326e-01
5.730492817649475157e-01
5.842523329956518241e-01
6.607228456116900350e-01
5.680293965778090426e-01
4.575322403288485384e-01
5.655163582756140839e-01
5.876486859909065830e-01
6.271684578777209085e-01
7.298586048423573169e-01
5.372584586023949615e-01
5.088885545008174915e-01
7.245461325271919106e-01
6.700110170637380014e-01
6.255548923106625248e-01
7.394323989352973303e-01
7.122988442263005204e-01
7.083073842605466242e-01
7.323680780404128177e-01
6.587343221949122363e-01
6.496872994250966205e-01
6.897452889670310228e-01
6.517192281169948975e-01
7.293412075266910710e-01
7.288904767973869436e-01
7.582945204309897713e-01
7.816467742301530519e-01
6.363916814908535668e-01
7.320259068919895418e-01
7.271604824062539718e-01
6.802270976470965458e-01
7.014550512235349089e-01
7.236949310204912056e-01
7.941217838888973146e-01
7.567080558217753605e-01
9.112929703798898773e-01
5.331051895458338574e-01
6.461855269612373220e-01
7.269993999497298409e-01
7.130638958047902376e-01
7.054722823492071138e-01
7.123782681425763208e-01
5.402876675820492691e-01
7.022211237120292715e-01
8.025680328410218500e-01
8.061999479311531269e-01
7.077452650712017235e-01
7.021105639353704131e-01
7.491347895612546770e-01
6.331557323669588788e-01
6.719332787309959532e-01
7.487593713995976952e-01
7.259206956681896195e-01
6.139912639711477826e-01
7.273534637898387833e-01
6.965986819943594810e-01
6.989531575898055848e-01
8.803320389000187651e-01
7.468993133987511523e-01
6.675768789986619156e-01
8.273378166988055726e-01
8.619291037007478229e-01
8.516845672016819524e-01
6.727464116848708153e-01
8.809254787281798338e-01
8.555278576784219879e-01
7.757825381933025621e-01
7.288126316866655463e-01
6.126687898789393572e-01
7.354274942060531339e-01
7.056067560337294653e-01
7.606726942117452150e-01
7.785951941330107040e-01
7.820606908292477844e-01
6.801278479645527231e-01
8.580783027655398687e-01
7.845327262345530572e-01
8.909321159948091484e-01
8.230298627542859125e-01
7.350572979813793095e-01
7.452305712231909185e-01
7.874328115048239152e-01
8.329914412784875655e-01
7.219964513524249616e-01
8.941883422409357962e-01
7.821179018975823460e-01
8.066425438645415946e-01
8.880583391530091353e-01
9.042214547771894040e-01
8.173646994045693503e-01
7.637517053142778289e-01
8.764369184229047205e-01
9.132505139160894680e-01
8.275891732020450586e-01
9.656365208296555647e-01
8.073456717743885402e-01
1.115367239052836856e+00
9.919748369478628147e-01
8.323292331680374190e-01
9.928371967277799248e-01
7.785862740046962660e-01
7.501995175681429595e-01
9.186226922823925722e-01
8.894001125268409247e-01
8.557611598908235750e-01
9.073563007900550259e-01
8.228273309171437733e-01
9.156977051149342017e-01
8.784068839907842596e-01
7.761273339972291074e-01
8.949033251440782211e-01
8.654775400621897985e-01
9.287730099716541288e-01
8.404724553506343065e-01
8.192317632871113364e-01
9.424697091204686794e-01
9.052058754114076233e-01
8.756303145221757678e-01
8.956983017007443815e-01
9.347367924095030256e-01
9.213751668178755683e-01
9.434881827886528738e-01
8.573325574742849398e-01
8.932100784235199598e-01
9.111490854510637671e-01
1.011629406130478692e+00
1.093965857139099551e+00
9.630046081201623087e-01
9.763825762163351740e-01
8.897714504186831075e-01
9.978436448721890173e-01
8.089657023143512760e-01
8.250211261686953845e-01
8.151081169393409320e-01
1.051782638908041800e+00
8.540723071890244933e-01
9.260214692291116600e-01
8.601383796647059654e-01
7.741716762607875335e-01
8.422076940961923386e-01
8.122157160858155533e-01
9.167059051372532519e-01
9.068160193824204018e-01
1.081578355031804106e+00
1.053708431395390388e+00
1.024589327743659073e+00
1.092484123367644555e+00
9.433097975102699984e-01
1.040582037197816945e+00
8.649503790690430405e-01
8.575693131698436389e-01
8.740553102754349268e-01
8.687964084105438411e-01
9.766529602318435588e-01
1.077125489898562050e+00
1.068096442979212135e+00
9.453355998082972889e-01
9.339301887711629613e-01
1.015222615976066889e+00
9.194683385030183453e-01
9.861059327239311001e-01
8.449893702881789981e-01
7.509193692368743012e-01
9.624037461818231165e-01
8.003135374363001819e-01
9.453369062474533679e-01
1.077749187252678542e+00
8.995705765866823800e-01
1.025002689861592486e+00
9.266406293794335891e-01
1.057591161804101398e+00
1.061264199557803378e+00
9.943377899803341746e-01
1.092622598786028076e+00
1.028268430610160822e+00
9.439741968637288538e-01
1.091157640126047879e+00
9.700695228148381588e-01
9.925071102460029104e-01
1.008216032936872342e+00
8.716274372026401318e-01
1.086005469326756012e+00
1.078098701993927211e+00
1.018072199632134911e+00
