-1.053485018935506501e+00
-9.588808257141440139e-01
-1.047869623385440097e+00
-1.057723537337000419e+00
-1.075244990118041866e+00
-9.780989469392006308e-01
-1.202076685523549182e+00
-9.958962657534027318e-01
-1.083697800685862855e+00
-9.610520622095616305e-01
-9.969902595908379794e-01
-9.865693331896373541e-01
-1.036342630411056787e+00
-9.260373978695677355e-01
-1.156089755706259936e+00
-9.725203548795418040e-01
-9.242811433685439448e-01
-9.876632015458058911e-01
-8.704647245230049402e-01
-1.050398935351792185e+00
-1.142941450630857725e+00
-9.725952587555308781e-01
-9.496752392506589979e-01
-1.062860077199932141e+00
-8.673611781609709137e-01
-9.509967123935155753e-01
-9.863058364564089020e-01
-1.025634036663343407e+00
-7.705036247136396454e-01
-8.953374638604525426e-01
-9.843070646624364484e-01
-9.480173820408452912e-01
-8.914264545245489391e-01
-1.047552579526598748e+00
-9.615910071794316893e-01
-9.342505920561997579e-01
-9.636551196511747852e-01
-9.060021810603756665e-01
-8.127279891031935488e-01
-7.959445550920460910e-01
-9.710718703357440473e-01
-9.969097768018538863e-01
-8.014163718065224762e-01
-8.215505546139074688e-01
-7.832553094865800647e-01
-8.852471226746796429e-01
-1.032228584484295331e+00
-9.111066657082725895e-01
-8.789943059215973298e-01
-8.532484149290735509e-01
-9.150989130409984407e-01
-1.003924080469558833e+00
-7.849930939621880821e-01
-1.040584519565056709e+00
-8.662162210925662409e-01
-9.096086099213424037e-01
-9.438853647540461633e-01
-8.245339503856872199e-01
-7.884225192272085181e-01
-8.450269502979051994e-01
-8.766655870051458521e-01
-8.568455263004451927e-01
-9.075953028870549222e-01
-8.676238303502250560e-01
-8.902043335094488308e-01
-9.374673815438104851e-01
-9.000605702528624574e-01
-9.477031912625015764e-01
-7.786835894919573731e-01
-9.178632711996953519e-01
-8.685346394526153313e-01
-8.407018571147494290e-01
-8.775616000227772773e-01
-8.859650861234580344e-01
-7.998587652957613869e-01
-9.394986418929341943e-01
-8.177284246845560878e-01
-8.723114923857204772e-01
-8.556892062680706568e-01
-8.711803560361683907e-01
-7.018792900925611145e-01
-9.913023764513760883e-01
-7.332007121476630251e-01
-8.540094715381314483e-01
-8.241840265631246165e-01
-8.530217118984054769e-01
-8.053286479852802549e-01
-9.393674068655981646e-01
-6.856769795016908198e-01
-8.750472200047818561e-01
-6.129942608305483098e-01
-6.972512356353580687e-01
-9.174437498992397133e-01
-9.176272950901434022e-01
-8.519188165433143611e-01
-7.281269934359682061e-01
-8.183053131516038192e-01
-8.498787366834881229e-01
-9.114652713252198168e-01
-6.813554208507115462e-01
-8.845851885875625209e-01
-8.732169958951293554e-01
-8.650016899559284100e-01
-8.024408878746341900e-01
-8.084661013106408944e-01
-6.601208526825993461e-01
-1.035361802103705875e+00
-8.787217269775607908e-01
-6.922193091106302321e-01
-7.725993569145636064e-01
-8.532571266965929269e-01
-6.425078658044159896e-01
-6.918819026834761576e-01
-8.000110997821207048e-01
-7.798663730568619057e-01
-8.290705947457659430e-01
-7.438793102496382703e-01
-7.645724143017511576e-01
-8.644941934016028284e-01
-6.396826199211331776e-01
-7.244092005999345218e-01
-7.409452692488098791e-01
-7.854152614912272012e-01
-7.197089062287140848e-01
-6.050570103206328598e-01
-6.772381843084553932e-01
-7.245825609565299530e-01
-6.189857511813342539e-01
-8.308547189453083792e-01
-6.843476781061229586e-01
-7.380543590014331246e-01
-6.834641109686750982e-01
-6.591297960301514269e-01
-8.163842417144260288e-01
-6.596079267261758527e-01
-7.691412922775415772e-01
-5.971215249179543383e-01
-6.326409855989633124e-01
-5.190583160852473288e-01
-8.355275112660958126e-01
-8.143087190056729208e-01
-7.684568050835087760e-01
-7.136828618455587359e-01
-6.988356213551806251e-01
-7.044736111985181459e-01
-5.983535362892383747e-01
-7.691185065309898983e-01
-7.631811361091891399e-01
-7.355494479840373190e-01
-6.200948256490248500e-01
-7.883158856559556726e-01
-7.433052990688820971e-01
-6.989551399389770658e-01
-6.037880389842104067e-01
-7.195597402260905939e-01
-5.729395910841479367e-01
-5.083213160676738340e-01
-6.723898227696745167e-01
-7.063691926242459118e-01
-6.741792603916573201e-01
-6.872647836789382847e-01
-7.206458044942443131e-01
-7.539056205901392138e-01
-7.335571282616358824e-01
-6.699154890720787625e-01
-6.417126279979420422e-01
-6.505158070609613485e-01
-6.804655281003199052e-01
-6.676092592928842828e-01
-7.382489332197064158e-01
-6.781809167919443659e-01
-5.656658375979748410e-01
-7.114443872111116951e-01
-5.565093917927937950e-01
-6.804858677210257056e-01
-6.063769273943412363e-01
-6.440834382527516055e-01
-6.212746845632846071e-01
-7.960161206667119016e-01
-5.912948890856204454e-01
-7.021669759151829560e-01
-5.332484276179322302e-01
-5.894822681121499874e-01
-4.900099868004154091e-01
-4.962602324441401369e-01
-7.690252265903902984e-01
-5.682997985874106428e-01
-6.388594686107995635e-01
-6.258397395074033476e-01
-5.496715927651818490e-01
-5.732563448288084951e-01
-5.300718147650571588e-01
-4.932649411382958871e-01
-7.346024565333517664e-01
-5.224491819257860437e-01
-4.228866973665713624e-01
-5.254141898490853890e-01
-5.918580738165011290e-01
-4.896300540244572508e-01
-4.974643957116958171e-01
-5.774952879465534705e-01
-7.273428309575266093e-01
-6.116860009398925602e-01
-6.782313203862403439e-01
-5.888935012883340647e-01
-5.428632069365273427e-01
-5.698381301962225365e-01
-3.760505014388510481e-01
-4.948359792730072093e-01
-6.584245738546407045e-01
-6.520678069797549714e-01
-6.086035229041023564e-01
-5.837879059114166047e-01
-5.817665435088165138e-01
-7.843829775308184260e-01
-6.346699126869957963e-01
-5.550226778705228403e-01
-6.756928652352016673e-01
-6.629152634761418250e-01
-5.588755324421961213e-01
-5.519590270576446578e-01
-4.115166458568449426e-01
-6.061212653690306595e-01
-4.770227651941398861e-01
-6.082176609619052154e-01
-5.790704354511003737e-01
-5.856415324028272362e-01
-5.445982593603485578e-01
-4.762563151928483340e-01
-4.944175639416908408e-01
-5.508535419637703434e-01
-5.905233191398090442e-01
-6.108521192349832818e-01
-5.726421412751656614e-01
-5.595324356924706866e-01
-5.199012734778781786e-01
-3.929160965626679602e-01
-5.626858926126384608e-01
-5.176510252084874919e-01
-6.136568263813790836e-01
-5.338819237555517683e-01
-5.498418758150140917e-01
-3.991140812723568687e-01
-5.968366891573562150e-01
-4.001959395044546453e-01
-4.981724184626619145e-01
-3.972075709697338586e-01
-5.368734796228006312e-01
-3.688167976124397396e-01
-5.404327859235810161e-01
-5.657058351179181654e-01
-4.498078128640313755e-01
-2.861780081068211468e-01
-4.833775721918637802e-01
-4.297903805026086488e-01
-5.577349453670930046e-01
-4.693405968419541163e-01
-5.019767233587941746e-01
-4.909696524300938836e-01
-4.972297770733593025e-01
-4.185172305345897792e-01
-2.981300217774627281e-01
-5.363049547194079780e-01
-5.219717422152290176e-01
-3.923002674594197603e-01
-3.671533636395577505e-01
-6.575993468306354783e-01
-3.446772643111687962e-01
-4.692341451505905314e-01
-4.069920250581566257e-01
-4.902411855869853174e-01
-4.145290313333401810e-01
-3.908349117402615813e-01
-3.688501356667139297e-01
-4.508821437985784941e-01
-4.805292199819001242e-01
-6.281279616864731130e-01
-4.027035471010348977e-01
-4.016758987069709574e-01
-3.363449120766632827e-01
-3.360925442434564148e-01
-6.116265966275160615e-01
-2.439014540091472005e-01
-3.646283960337030061e-01
-4.068131296639535543e-01
-3.931336276439421629e-01
-4.772147945151678505e-01
-2.408126446789637110e-01
-5.008412053366780858e-01
-3.363287207938257528e-01
-6.413809622628450224e-01
-5.329996254234806718e-01
-5.113432459739709612e-01
-3.547196929027946477e-01
-4.099840380291623343e-01
-4.318438719196037723e-01
-3.741230966203245578e-01
-4.412017436365434642e-01
-4.620761391212226954e-01
-4.294396436537307737e-01
-2.943446922332170201e-01
-4.300538419530408052e-01
-3.813256356373612710e-01
-4.338625907757884814e-01
-6.313406318482767121e-01
-3.785156274823312517e-01
-3.884077366388009045e-01
-4.708236568383749043e-01
-2.481035170907774923e-01
-3.301622274306516003e-01
-4.295984931058817735e-01
-2.789510298042060521e-01
-3.751155877873025846e-01
-3.719992433362499518e-01
-2.939046144507974634e-01
-3.113472695550819624e-01
-3.587119711410053369e-01
-3.720498420093676928e-01
-2.370083573633789964e-01
-3.651535740908900540e-01
-3.555149969592210635e-01
-3.394037570922442404e-01
-3.882992241418404267e-01
-3.904567966430510517e-01
-4.185647955378879459e-01
-5.119965990481127882e-01
-3.836501268319560953e-01
-3.707824234030595578e-01
-3.465246796772208926e-01
-3.497663958955309904e-01
-4.389917661813865779e-01
-3.889248095157310514e-01
-3.222353509370197711e-01
-4.096610566245016960e-01
-2.451238737851572369e-01
-3.622900181657300323e-01
-3.654327924959691609e-01
-3.627056416494559565e-01
-3.888363334138286165e-01
-2.917697245698013253e-01
-2.297773066890406723e-01
-2.358415478178980673e-01
-2.698109083788275409e-01
-4.473249044739082692e-01
-2.568747538932832919e-01
-1.876867360734470747e-01
-3.322076851807434505e-01
-4.589244876782284654e-01
-3.916390580798558285e-01
-2.885949941946714392e-01
-2.789684394979360937e-01
-2.833229769870420078e-01
-2.081108598336169069e-01
-1.521078655470272656e-01
-3.467527565048934002e-01
-2.405240040759732967e-01
-3.119410608116262584e-01
-2.184439318915197825e-01
-3.023629513359397669e-01
-4.152423580961248639e-01
-3.542993688085706583e-01
-1.433639621104778328e-01
-8.723649036116265520e-02
-3.712322058999880103e-01
-4.192120024713648641e-01
-3.502655236318633070e-01
-3.847778799299718666e-01
-2.851641171157954791e-01
-2.646799020860177709e-01
-2.196314625343014915e-01
-2.143285954299999352e-01
-2.793760935402245238e-01
-2.979626497979664390e-01
-5.460542617473750776e-02
-3.341646642199815331e-01
-2.041106256895689752e-01
-2.839569351746762949e-01
-1.734280709270978327e-01
-3.064705659070500743e-01
-3.208906190685130166e-01
-1.402418698677576347e-01
-3.093186146557743710e-01
-3.900859430185339427e-01
-4.655864586172561714e-01
-3.221683645698463772e-01
-2.843964495508916057e-01
-2.156757551775803083e-01
-1.627230879937285324e-01
-2.556909234982842616e-01
-2.617074573925347591e-01
-1.957176689268737280e-01
-2.409098668425046219e-01
-2.141476887771186777e-01
-1.503593590369474986e-01
-9.849517650389083556e-02
-6.160320805425981844e-02
-1.745723983424795900e-01
-1.799676177920439546e-01
-4.543674430216890908e-02
-1.883185411658613584e-01
-1.007316318344406714e-01
-2.136362071744261903e-01
-2.026497108375465983e-01
-2.016623852045027476e-01
-3.086408002537402995e-01
-3.126256222705035004e-01
-4.089764226849060269e-02
-1.683899544955778094e-01
-2.373642196352016287e-01
-1.531103522708809617e-01
-1.239590180094934657e-01
-5.120042750496007350e-02
-2.978129236852082307e-01
-1.396126027945246428e-01
-1.338184742530376947e-01
-1.990072671083935874e-01
-2.748773446715414015e-01
-8.843900605100678269e-02
-3.322411415568354287e-01
-2.059787182729269917e-01
-2.196464478552059285e-01
-3.059806419568603109e-02
-1.421854895414449704e-01
-1.915354557673642488e-01
-1.159147929211613581e-01
-2.357339877256880156e-01
-1.136283050496859764e-01
-1.364348989945860235e-01
-9.103221544278523869e-02
-1.429987552152591213e-01
-1.495336255432079264e-01
-3.229164868134191350e-03
-5.781795372720829190e-02
-2.141957173039391593e-01
-1.666066182759999570e-02
-1.418050232530363997e-01
-1.401439563123294263e-01
-1.691214564123183495e-01
-1.369023784462864157e-01
-1.215602941775631024e-01
-1.362164469878626716e-01
-1.196721415967685609e-01
-6.283024456281322001e-02
-6.822799205243652854e-02
-1.884894748151761668e-01
-2.877614771653606018e-01
6.873288073268299381e-03
-1.582647629714629411e-01
-1.021321142246762875e-01
-1.500155588549646479e-01
-6.225099743864677404e-02
6.637619719704441860e-03
-2.210417976384854155e-01
-7.652015526399663647e-02
-9.383025914186958472e-02
-1.127096163548422028e-02
-2.667509357851192142e-01
-1.329651045924219177e-01
-6.942969758270552127e-02
-1.279450343138848201e-01
-1.052615037272433413e-01
1.569940871133030519e-02
-2.745797658473304176e-02
-1.061210385431870934e-01
-1.722896321467745351e-01
-7.025714800859994558e-02
-1.118841424997221029e-01
-5.685216779881780563e-02
-9.942534316554189899e-02
2.205191831764287402e-02
-9.439771723870475639e-02
-6.942980337615518860e-02
-3.099952555541063068e-02
-4.045020406763589343e-02
-7.931152111100636670e-02
-4.134638249214790673e-02
-1.806629096134652057e-01
2.297421072565258501e-02
5.296302315542101430e-02
-4.766101955452960691e-03
3.593755815908469126e-02
7.516443215116440368e-02
-2.984607135060852318e-02
-7.410386423307956105e-02
-1.721615168738306334e-01
5.028347971319163667e-02
-3.504772714408338485e-02
2.587827506080273184e-03
-5.454514519054737970e-02
5.118963054009940949e-02
-5.481125079337558631e-02
-8.948276438231719809e-03
-2.048076045560883948e-02
-7.484794902713043374e-02
7.806865283451461593e-03
-1.536644642947877781e-01
-9.911493968658119380e-02
8.506138439815320862e-02
-2.146894356106233276e-02
1.875044143760285220e-01
-1.035895597007695755e-02
5.217534630305306620e-02
5.980220606158698909e-02
3.209761314482081213e-02
1.518726029543123746e-01
8.925162824093126057e-02
-1.923727850908456619e-02
4.934919287410671762e-02
1.284690591988158770e-01
-6.309578716593700065e-02
2.121631812165193295e-02
-5.819442938341465310e-02
6.494651019647400270e-02
8.360580168530115652e-02
2.083906663439704515e-02
-2.243444389900211069e-02
8.723632588981217184e-02
-9.711885551554673424e-02
-2.341549693709609956e-02
-1.230420511653108201e-02
8.919919852864505172e-02
1.184105564508825398e-01
1.713404515936441386e-01
2.401219541700450044e-02
-4.598324729066938232e-02
8.131670105854887920e-02
-3.647681647135853078e-02
2.199454513436521486e-01
6.139404877910097091e-02
2.020444966778798812e-01
7.816404545673492910e-02
-4.632071441374538412e-02
8.626519512861835493e-03
9.228894960984178331e-02
1.468600408365730581e-01
1.027446266112984896e-01
1.901538592624697072e-02
1.271391285683101668e-01
1.037652384318649007e-01
1.594682326683604656e-01
7.394012355792721480e-02
1.669054755123878797e-01
8.597758311662746789e-02
1.043237253281828203e-01
-3.917843106293859151e-02
1.750605298919839514e-01
-9.836757747984625766e-02
6.831514721495009212e-02
2.198873131491546618e-01
1.014583857767399483e-01
1.005352138655414840e-01
1.470949499435738328e-01
8.819543728012467498e-02
-1.620008213136975989e-02
2.207328480690593231e-01
7.407248202105861951e-04
6.587269532619574597e-02
2.696007562428894277e-01
1.133334637311131377e-01
1.025777449887875642e-01
1.300509428230842146e-01
1.780617430024014347e-01
5.550652139269610097e-02
1.384451327817363409e-01
1.356639431413826091e-01
2.195341587863540167e-01
4.403856569652701142e-02
1.072171338497515808e-01
1.726823001846132799e-01
1.308674899321642937e-01
1.338962296248244199e-01
1.246600279773752845e-01
2.198520076363261466e-01
-1.376850116165647363e-02
6.028383592907275712e-02
7.761072679567150578e-02
6.195156424592257460e-02
2.520520155421090425e-01
2.606675502455839122e-01
1.716273791747488855e-02
2.126684958270285697e-01
1.446068613539707171e-01
6.062905695083745800e-02
-3.778165485163351763e-03
2.026654104636459452e-01
2.327463888684707660e-01
2.869907709775147420e-01
4.635965174557132862e-02
5.631298471705389885e-02
1.644640912342138217e-01
1.492240589623199387e-01
1.780519331188172294e-01
2.736679212074408230e-01
1.366222843474586002e-01
1.675924394628687253e-01
1.505970062296289047e-01
2.319104671085521763e-01
2.524895571049828313e-01
2.178488113705032980e-01
1.915664655427704588e-01
2.502411167568369121e-01
1.166669949488813030e-01
1.544490648554937007e-01
1.941491139797359433e-01
1.628946568404895101e-01
2.649160037689872182e-01
2.022618974174114626e-01
2.543457968181374040e-01
2.961583538742370569e-01
3.044214130792168294e-01
3.386778456177552687e-01
2.167231839241484104e-01
2.709270640005019895e-02
1.447875863484218428e-01
2.277482073196968049e-01
2.550309932306513705e-01
9.157739888176785747e-02
4.448371214858969913e-01
2.463350734622116456e-01
1.913138934807938063e-01
2.235706938506131780e-01
2.013562648588286819e-01
3.146691123160076931e-01
2.970044310095183993e-01
1.957280541020700593e-01
2.978834593293471777e-01
3.078804746024951244e-01
3.069023179186328720e-01
1.993485725466979386e-01
1.343918370305093868e-01
1.929597880274051269e-01
3.976751210773291634e-01
2.954232619458422304e-01
2.759387150281578105e-01
3.793754185817426738e-01
3.882574778482366651e-01
2.355806550825614576e-01
2.988141411861739982e-01
3.498773889096734035e-01
2.339117210827699467e-01
2.797410327419199705e-01
2.279476522048508313e-01
3.136628402714399244e-01
3.353634385278542740e-01
2.673738376352270407e-01
2.988697576622642571e-01
2.717764502256266868e-01
3.082535820587524178e-01
2.519962597624800238e-01
2.074425072169249207e-01
2.356978474301572313e-01
2.047896434906581187e-01
2.535711476233882267e-01
2.623662483348874197e-01
3.377488771792848676e-01
3.605682446621918946e-01
1.840762763524906032e-01
4.180158878963799451e-01
3.778930084790474986e-01
1.596788665860345846e-01
3.521807353861176604e-01
4.543554496770005890e-01
3.450292334948113493e-01
4.570670702114426054e-01
3.910469520866785009e-01
3.762957279339820826e-01
1.671662463450301062e-01
3.420404400808779166e-01
3.425190974618919082e-01
3.760008984441201019e-01
3.461173556135380136e-01
2.075635433188746659e-01
2.088888165598716540e-01
4.326379083085222232e-01
3.066955471816938950e-01
3.846108621188807364e-01
3.122573508294305689e-01
3.062523400595832945e-01
2.705750642672054562e-01
4.491378272918735703e-01
4.719347605614405139e-01
3.642929729569355790e-01
4.025460629301962912e-01
1.585356848900721927e-01
3.584981941841948738e-01
4.647117047100376985e-01
3.157874955481128065e-01
3.709945416140383312e-01
3.761531642218676197e-01
4.842923851804299407e-01
4.147601430157557001e-01
3.880350291887321723e-01
3.895852826844971584e-01
4.398106999291768737e-01
3.005440008778987870e-01
2.420311159730746953e-01
3.214528256465575273e-01
5.159322166306489210e-01
4.690694389982477674e-01
2.961936523649385533e-01
4.114186148095269058e-01
4.969817599345939807e-01
4.344274553282272411e-01
5.064004165653765988e-01
4.538381707407647125e-01
4.298509305937806557e-01
4.554088125988862701e-01
3.762588158880483813e-01
3.344050884557963066e-01
6.034593170531843409e-01
3.729943366198859578e-01
3.645247597659458938e-01
3.219132498091912264e-01
4.540509470585196161e-01
3.207155844940671185e-01
5.023232269025709185e-01
5.124837929428889272e-01
4.997851163177695066e-01
4.953612482422578012e-01
5.473458579326589968e-01
3.979805410408017163e-01
3.851806878284729785e-01
5.029685549606977002e-01
5.609067623837942218e-01
3.687645067557976386e-01
2.943169022656316747e-01
4.492501267463178127e-01
4.245913451989821730e-01
5.118855775647104256e-01
3.846726734989601160e-01
4.320450289704510505e-01
6.075767567841765526e-01
3.365477005324633564e-01
4.506408960548881071e-01
4.302450526430128264e-01
5.528303831699539206e-01
4.764154479072760795e-01
3.649587414446544553e-01
4.515549502430813433e-01
4.923047902913652019e-01
5.002408784036983525e-01
4.753218763062845298e-01
4.827580562707007861e-01
4.963505855538964395e-01
4.938001430993728680e-01
2.811453197950642413e-01
3.195341686196250808e-01
5.647971004670321316e-01
5.559368073152632928e-01
5.453241540026518841e-01
3.982452660469269490e-01
5.330544295126339316e-01
5.203201795434297949e-01
4.567026858854885685e-01
5.638348344143481183e-01
5.873622468761515725e-01
5.304189754737935747e-01
4.849686597594074500e-01
5.439995366202378113e-01
6.213932360191257720e-01
4.627563610602011268e-01
4.753940451652345911e-01
6.717921432147648808e-01
4.378968362288012672e-01
5.145374907967349420e-01
7.132320322397011081e-01
4.724077618001923384e-01
6.357699633891645830e-01
4.602363343391501216e-01
5.223891041711390404e-01
5.150291632389117913e-01
6.388985482018881834e-01
4.469187891387437217e-01
5.389465537823628916e-01
6.641731743798361398e-01
5.203905058348714530e-01
5.779614237904985297e-01
4.578170160043229520e-01
4.455811097113395736e-01
6.326164174009264451e-01
5.982100649050445806e-01
5.847473447602897778e-01
5.860271800536291931e-01
6.488927360327131355e-01
5.632209254503907081e-01
4.679386110108114671e-01
4.553279626746914999e-01
4.636744582498124601e-01
6.262974983880442714e-01
5.588090414353134028e-01
6.745325015903976817e-01
5.035176854940441871e-01
5.098670565336121951e-01
4.598691789490727544e-01
5.319651267070322209e-01
4.371321308559394381e-01
5.671577740087170305e-01
6.176856476871396273e-01
6.382358223063281377e-01
6.509108563992288543e-01
5.944729893264577569e-01
6.611078840082634800e-01
7.193841343881319794e-01
5.535022978250219161e-01
4.116860492392969695e-01
5.967173060988905098e-01
6.005563452993172291e-01
4.985990293643629556e-01
6.034905663990344227e-01
7.887500831953226932e-01
4.860910187302502350e-01
6.482389789996936269e-01
5.627433901759359980e-01
6.842313058853450869e-01
5.116843386647614844e-01
5.629832836288036768e-01
7.916063774509225492e-01
5.536276555155652535e-01
5.605517569104722098e-01
6.694870002880017879e-01
6.164687119413169158e-01
7.097606060472722023e-01
8.017876321439176834e-01
6.262849846820286448e-01
6.257727954246826707e-01
6.728712930884678256e-01
5.419278829969170763e-01
8.416461318223116272e-01
6.889849883358323268e-01
6.173851842740997187e-01
5.880250323437082871e-01
6.574164031243672213e-01
5.497636231455721445e-01
8.091537482612243259e-01
6.111225927433591165e-01
6.688232262668949435e-01
5.461507376946326264e-01
6.244481172120289747e-01
7.320522114042568029e-01
6.056749181392752091e-01
6.554241051858566980e-01
7.072804313127797338e-01
6.826310699512050384e-01
7.694431439006944595e-01
4.756567800648537347e-01
6.528849896013462217e-01
4.526619123448319404e-01
6.076066763544121230e-01
6.734543306566772580e-01
6.309700718695351318e-01
7.275935055767780435e-01
7.364662964022109515e-01
7.500576375504766080e-01
8.148231515325830010e-01
8.053441085351342732e-01
6.674494710482559157e-01
6.685202358705110148e-01
7.613328906549493569e-01
6.140493119663542609e-01
6.162567013197286503e-01
8.166879036300759287e-01
7.456790316279094943e-01
8.271975347864851669e-01
6.319857348463454594e-01
8.536380802598841910e-01
7.338149346989739641e-01
8.528220664010506269e-01
6.156798379254478926e-01
7.640145916486777988e-01
6.967060097231567717e-01
9.230483911415556797e-01
7.566255902236704856e-01
8.349774143129196080e-01
6.636030009164070043e-01
8.847719757579995958e-01
7.611802969843908251e-01
7.176503834418427319e-01
7.320813704421617052e-01
6.754195709636642286e-01
6.383402942255630430e-01
6.135021799259350317e-01
7.428879259419999270e-01
9.396693039536690994e-01
6.806352207409214206e-01
7.948664085486054631e-01
8.410909757635487427e-01
7.102184276681412500e-01
8.901930324876597966e-01
7.840853264414652246e-01
8.358272179630390486e-01
6.689087045347609228e-01
7.192464916433912725e-01
7.797167947273236921e-01
7.656494429810091207e-01
8.463880093393872928e-01
7.470248430283199514e-01
8.164492850109275057e-01
8.419069340315677996e-01
7.027681438351227605e-01
8.511587076202216107e-01
8.001687054142845312e-01
8.024845789949984765e-01
7.450361396507071410e-01
7.293171236497343335e-01
6.986832949906734980e-01
8.700818994916547089e-01
7.420628618146466460e-01
7.818306722719287061e-01
9.159618797292892189e-01
7.956300217625678073e-01
8.133861884396885733e-01
7.402455675963151016e-01
8.916018472346404211e-01
7.382831183434668265e-01
8.033325979976312370e-01
6.570366685610401492e-01
8.296055746298149902e-01
6.716250737802412774e-01
8.252313240931242744e-01
7.396631873024321902e-01
7.378846799659836142e-01
8.031508521142496360e-01
7.740211345509028229e-01
7.716926099211860457e-01
8.709716700496227260e-01
7.542229171522325526e-01
8.556796843452787460e-01
8.248032260010942363e-01
7.185726234987832584e-01
8.710339564336788687e-01
7.548596027850422718e-01
8.921549654013294361e-01
8.800054754463595419e-01
8.500123255098832598e-01
9.165771290518549552e-01
8.169759502533411322e-01
9.490432977196567865e-01
1.009569283057838884e+00
9.078316540612942909e-01
8.191224642062087113e-01
9.165066270090469480e-01
9.478089318507029182e-01
9.217547928625402509e-01
8.892598452960486233e-01
8.964368863669054388e-01
8.592784415099896655e-01
1.009217405570794313e+00
9.218959099312410421e-01
8.315721133907023610e-01
8.014603085687210804e-01
1.067913381159553587e+00
9.845788064064293632e-01
1.077005982201062029e+00
9.613244581932924859e-01
9.837830565627555535e-01
8.680458243581848921e-01
1.024033845163490053e+00
9.715818287106186002e-01
8.519030810668195564e-01
9.885301740624697908e-01
9.230648689942153595e-01
1.032828575519330272e+00
9.019637207491368880e-01
9.981518204712221953e-01
8.367317090827069981e-01
8.624057268049442060e-01
9.148522403528180913e-01
9.249317388837493548e-01
8.862901524148529830e-01
9.923767662470659445e-01
9.419898569855255088e-01
9.939784487201676066e-01
1.100592118693249244e+00
9.411567597700467580e-01
7.652702266929674035e-01
8.094974895394125847e-01
1.013880372516295925e+00
9.000695863260526064e-01
1.089169421239824631e+00
1.038157891051182613e+00
8.377760365124999886e-01
9.620574345621094592e-01
8.971113046848634420e-01
9.644970746038910026e-01
1.061502690155965434e+00
9.728572338054021218e-01
9.067878360940315741e-01
1.029346115082800273e+00
8.375057809507863160e-01
9.330456327759103496e-01
9.961135169105130860e-01
1.063787390423625467e+00
9.200969362383145667e-01
9.539807951343466375e-01
9.360579404432890493e-01
1.117963979808207275e+00
1.045804183520234520e+00
1.076896872630692226e+00
9.811314193238704906e-01
1.068843629656976102e+00
