-1.020617648761395380e+00
-1.012085489991543685e+00
-1.035255648279921115e+00
-1.134139486291492860e+00
-9.990212546007999350e-01
-9.028201282509071834e-01
-9.379082297976955029e-01
-1.070635032940384646e+00
-9.909812772525686819e-01
-8.065587028477041454e-01
-9.950793728472658861e-01
-9.531888325658951500e-01
-1.034524276080365901e+00
-9.126907642354900041e-01
-1.030347327122852263e+00
-8.989130804558952414e-01
-1.038188953715199370e+00
-1.003367216967528952e+00
-9.256289834928602689e-01
-9.644908714733491095e-01
-8.941901748429474939e-01
-1.018432821447246894e+00
-1.103008045969447792e+00
-9.792706098104521084e-01
-9.053550940020325122e-01
-9.939884039267603555e-01
-1.021639883399919624e+00
-9.815518946832507696e-01
-1.122553886263234268e+00
-1.040887574224235612e+00
-8.822399344495964746e-01
-8.872521481740345273e-01
-8.972819998312197010e-01
-9.716063492240243349e-01
-8.963945930606730395e-01
-8.711784871386314411e-01
-8.701824503940568389e-01
-8.289762542730548800e-01
-7.643887513443485826e-01
-8.771411027704382191e-01
-9.338375181061295827e-01
-9.586620681335978889e-01
-8.164634210392203162e-01
-9.825022594201175963e-01
-9.176273908337884144e-01
-7.666193868555198909e-01
-1.207906088153190893e+00
-1.073868204356001499e+00
-9.467153765216955730e-01
-8.811711543678415470e-01
-7.783796285941206872e-01
-9.016893688670845064e-01
-9.805252022022402647e-01
-8.374794867453898561e-01
-9.251880342146717728e-01
-1.021533409390458669e+00
-8.513526314171225851e-01
-8.817916359455847397e-01
-8.320191268406299523e-01
-8.020973195926818233e-01
-1.049842878950860037e+00
-7.993681340264123802e-01
-1.004551743851342493e+00
-8.767080494448625805e-01
-8.375872819210293807e-01
-9.135420656750770085e-01
-7.969970832358052037e-01
-9.316451864129140503e-01
-8.773358521188935333e-01
-8.639333245260387706e-01
-9.224188250033923397e-01
-9.359153603911172237e-01
-8.266248356519543261e-01
-7.911819829752483324e-01
-7.817039424067052655e-01
-7.198027754585138993e-01
-9.079482673606517062e-01
-9.245144029252913009e-01
-8.325186483578839169e-01
-7.843038451495605301e-01
-7.293751945935713632e-01
-8.364060773969771434e-01
-8.571704832817421682e-01
-8.040313497541612398e-01
-8.703361860588159082e-01
-6.699937459150541175e-01
-7.163431469511628569e-01
-9.730609496746602805e-01
-8.658073569685301729e-01
-9.375094064584406084e-01
-8.771741951049005781e-01
-7.569214317515639001e-01
-7.039068539429336191e-01
-7.433296111090885727e-01
-6.732347811781239644e-01
-8.426825229532272088e-01
-8.716529732652359419e-01
-8.552776192854435466e-01
-8.992704201783975337e-01
-7.667462672696562231e-01
-9.149056768430431363e-01
-7.449694292880084667e-01
-7.522804395947061407e-01
-8.459179832520564712e-01
-8.895172490895602024e-01
-8.092353507468960094e-01
-7.779719974501393409e-01
-8.220558515228013619e-01
-8.909095627789915817e-01
-7.777872299280377266e-01
-8.683308793506232526e-01
-8.346667108294120174e-01
-7.935509698393009570e-01
-9.338361568669780732e-01
-8.655021775381861460e-01
-7.827006293555824890e-01
-7.032981827673998598e-01
-7.126353245700085548e-01
-8.136421549051766622e-01
-7.775809633936556775e-01
-7.922372306875955505e-01
-7.325727654798618316e-01
-7.539565922308952839e-01
-7.055421019310299524e-01
-7.894523007257818747e-01
-8.653225309297803980e-01
-7.480796610652115097e-01
-7.498855745321150179e-01
-6.804242191024019171e-01
-7.399133113441224152e-01
-7.999391481080977417e-01
-1.017345334837014503e+00
-7.391948689975130771e-01
-8.571132603378146531e-01
-7.971972362651281729e-01
-7.416451710622157245e-01
-7.375537332056422146e-01
-5.823259514417843397e-01
-8.144987590276117073e-01
-5.689963797223900333e-01
-7.836109255360773629e-01
-5.557399018489209697e-01
-7.362247016039250580e-01
-7.524551931571535901e-01
-7.975726890152284865e-01
-6.923327726970238682e-01
-5.764187137926920501e-01
-6.335750658966631255e-01
-7.738124184841572717e-01
-8.175441769982013662e-01
-6.245211707449193073e-01
-7.946588155656543195e-01
-7.751867364226927570e-01
-7.044037097844635387e-01
-6.326460844761934155e-01
-6.871747543407832337e-01
-7.046846121984294831e-01
-8.760642230949674536e-01
-5.273721037399409228e-01
-7.467345085738025245e-01
-7.670155894390339180e-01
-5.404241616237639434e-01
-6.245455907990844491e-01
-7.447115980231826526e-01
-7.114155486898927627e-01
-7.472581945922909252e-01
-6.537423786233479417e-01
-7.448348209625964556e-01
-7.183232383591318104e-01
-6.819957162612587664e-01
-6.356858283640244300e-01
-5.707470867990267482e-01
-6.750653208352680457e-01
-6.176464325347995610e-01
-5.488591926119970044e-01
-5.254587835530556417e-01
-6.456113772160260167e-01
-5.934384504023777485e-01
-6.612968179472685781e-01
-6.264920820841086702e-01
-6.859115157384402250e-01
-6.328481644290164798e-01
-6.212627676869393323e-01
-5.999811686303891944e-01
-7.124711244501618079e-01
-6.459197471441883165e-01
-5.760622341750898379e-01
-6.117281212429476200e-01
-6.121572317669244923e-01
-7.522327894507900847e-01
-6.779413954647821594e-01
-4.563685491394282590e-01
-6.136925405562032587e-01
-6.179874076011909745e-01
-6.112289924631130189e-01
-7.789954000589699445e-01
-7.311526604645027794e-01
-5.488398461828679631e-01
-5.489314386470768303e-01
-5.317096949948241225e-01
-6.097604508793256217e-01
-5.861693114213165634e-01
-6.252869225379262819e-01
-4.416457988840427618e-01
-5.875032072322894372e-01
-7.441358637088263395e-01
-6.670934119062392753e-01
-4.848407793497948592e-01
-6.654817077491532729e-01
-5.884992989684338927e-01
-6.241006489026286186e-01
-7.075281629642363734e-01
-5.324552380016119857e-01
-5.798186067105831620e-01
-6.026260220686643354e-01
-6.783290438473106310e-01
-6.001631756048760868e-01
-5.102098097999892001e-01
-6.036225980606747532e-01
-5.631277490180186529e-01
-6.220944174987429465e-01
-6.141492284649496813e-01
-6.569569786675066858e-01
-4.802722123729309955e-01
-5.626471837325737191e-01
-7.367355624134177550e-01
-6.902011123269390369e-01
-6.224957812398853596e-01
-5.890685810180145143e-01
-6.339557204305774629e-01
-5.216647639087838018e-01
-6.073496599353779279e-01
-4.913634397265106979e-01
-3.752040078184487037e-01
-6.651043218915174693e-01
-5.129256007762200698e-01
-3.625452466924359296e-01
-5.154000237468405743e-01
-4.599346790359389869e-01
-5.646443734566145567e-01
-4.728142532281514043e-01
-6.494341403763174148e-01
-4.132271160121959164e-01
-4.925343132256540524e-01
-5.880637465602199798e-01
-4.732086069435573750e-01
-4.532707029502231477e-01
-4.442546257748822836e-01
-4.820049774078534743e-01
-5.266132424656494448e-01
-4.972984936635138631e-01
-4.192466573771138072e-01
-4.360182760490385889e-01
-5.173820287664099293e-01
-4.237172372703638112e-01
-6.018290665475533041e-01
-5.335821873845764118e-01
-5.747733389001156157e-01
-6.586496650187998458e-01
-4.297943317641178540e-01
-4.232115081885536867e-01
-4.101030914113855119e-01
-5.582683869100066865e-01
-5.071680605061881231e-01
-5.392514959839295186e-01
-4.688802583243834032e-01
-4.428579416706311944e-01
-4.867060294546768917e-01
-4.846170411410788414e-01
-4.752551574787011734e-01
-5.999058674980561889e-01
-4.261154912596329392e-01
-3.812917901787339359e-01
-5.160933164804512030e-01
-4.380752174602722815e-01
-3.781877629700888810e-01
-3.937593741479121778e-01
-4.988848498184880187e-01
-3.266953996331756205e-01
-4.181468492505218126e-01
-5.357014545970496533e-01
-3.014657210107698493e-01
-4.965729140612749060e-01
-4.696478589204377552e-01
-5.092734118855953840e-01
-4.396716200862599289e-01
-4.142883323542639884e-01
-2.690529473613337275e-01
-3.959799282349844018e-01
-5.255635708236269243e-01
-4.572128325470449783e-01
-4.710325061281715464e-01
-3.925358724630402807e-01
-3.760510687323946333e-01
-4.012568517545276880e-01
-4.820058576322505672e-01
-4.413752717838786421e-01
-3.579641795208010069e-01
-4.234466455184469624e-01
-3.588098902195935302e-01
-3.546604281978642526e-01
-2.626874607222277613e-01
-5.047738239012320438e-01
-4.764494487345136697e-01
-4.255983990669087169e-01
-4.259686324096492727e-01
-5.422549785819980039e-01
-5.696317820035563528e-01
-4.099216087140750697e-01
-2.310145053187139808e-01
-4.147512731181249301e-01
-5.698305423040470608e-01
-4.440117372992601896e-01
-2.904022138716125245e-01
-3.189726880761682426e-01
-3.737961604054518272e-01
-3.519481234412636939e-01
-2.982591709545712733e-01
-4.526827949690480635e-01
-4.446568929610787424e-01
-3.022039180890996324e-01
-3.399163327596783635e-01
-3.682190956078091326e-01
-4.416694124124446175e-01
-2.947288439217153888e-01
-3.515910786362336227e-01
-4.520926827638005463e-01
-3.510955834685468568e-01
-2.533963984989589524e-01
-3.971316085905251536e-01
-3.883040771746332775e-01
-2.708057388606183724e-01
-5.249445580157663382e-01
-3.614229552046360761e-01
-2.916515124669787906e-01
-2.968946550511364357e-01
-2.756722290632386829e-01
-2.622245229636316899e-01
-3.162801951736375905e-01
-2.536276318352047032e-01
-2.310769357298286530e-01
-4.141879572898896633e-01
-2.376940184455069716e-01
-1.271377689464834315e-01
-4.618862209929013307e-01
-2.358801797558277014e-01
-1.936721460114358695e-01
-3.225420331414123321e-01
-2.140608468099959305e-01
-3.844673211441714811e-01
-2.538269791460402991e-01
-3.042468976707877193e-01
-2.546507532790893147e-01
-3.131990679523853349e-01
-3.675853077684523851e-01
-1.805660752342725939e-01
-2.048144643481739358e-01
-2.372596588771437032e-01
-2.889851317864574609e-01
-1.514715649457752111e-01
-2.381946621788773588e-01
-1.621258956951223407e-01
-3.296746706452108322e-01
-2.716144148340588482e-01
-1.765822666087300818e-01
-3.737908503302815877e-01
-2.827062226260918520e-01
-3.884539578690567319e-01
-3.866773297060171477e-01
-3.625516804478009503e-01
-2.428577449243032316e-01
-2.168408648897764968e-01
-3.301910293832168719e-01
-1.907759581285984052e-01
-2.232913948995798037e-01
-1.522766963264825246e-01
-3.008951247326981382e-01
-2.439610362488018880e-01
-3.115992531802344589e-01
-3.628085944312167133e-01
-4.771935029185109811e-01
-1.813741640377424802e-01
-2.427161705403936554e-01
-2.386901678294058027e-01
-8.052638688659988220e-02
-2.453348669719346842e-01
-2.751871051710905736e-01
-1.990068908914665868e-01
-1.903632481033502022e-01
-2.786398833790498797e-01
-2.456643281357720754e-01
-1.791822925377014042e-01
-2.237688368362711899e-01
-2.140100767700945650e-01
1.819654829509883935e-03
-5.890504584162836732e-02
-1.607274821401377951e-01
-1.014704628895990862e-01
-1.742801167361769099e-01
-3.013885434793582840e-01
-4.637796689120742000e-02
-1.563212192926409505e-01
-3.680385907495623693e-02
-3.127969085261475546e-01
-1.080932267681161824e-01
-1.982064363987887934e-01
-4.106158085661400226e-02
-1.170040059982949687e-01
-1.595457833594027541e-01
-1.365041025833354238e-01
-3.098448336869298325e-01
-2.174831099409386959e-01
-1.540352464193030235e-01
-2.943213304861814761e-01
-2.305504152900087755e-01
-2.578885376281419561e-01
-1.267275194686105222e-01
-1.461514224508580484e-01
-1.488220310579153050e-01
-3.725881178300198826e-01
-2.394255985426308742e-01
-2.524056472696124542e-01
-7.176081639634815379e-02
-1.559339554842711639e-01
-1.448384081348600416e-01
-3.569430099587857924e-02
-1.053166532231130520e-01
-2.020169763537170426e-01
1.872182636562018734e-02
3.036293954934967884e-02
-9.280777468283939180e-02
-9.786030934733391806e-02
-2.816599166986165637e-01
-3.405381900972771769e-02
1.873434636088729122e-02
-1.921873124062362381e-01
-1.265041488700754078e-02
-1.476464811820473733e-01
-1.101991465171464346e-01
2.993628117429888644e-02
-1.313104147498388441e-01
-7.328883691532943334e-02
-1.265943600823876691e-01
-2.321635715626989560e-01
-1.521115004240360669e-01
-1.141197819683998221e-01
-9.314632667979123870e-02
-1.077267029448537861e-02
-1.390121747815234454e-01
-1.657073766410781523e-01
-9.365513132299460239e-03
-5.311848502690794116e-02
-8.509910982559765191e-02
-9.139991144461280526e-02
5.640742842101864607e-02
-4.620858103394440142e-02
-1.104377490390775866e-03
-1.618374327310405647e-01
1.107425670588472154e-02
-2.122580405124528669e-02
-4.316228289709449217e-02
-1.781733089876024467e-01
-5.450595254513488502e-02
-1.035621453422379962e-01
-1.822989643530288362e-01
4.833484957194677384e-02
-2.458015290153443833e-01
-2.686077727411115279e-02
-2.864787718422975860e-01
-3.967629684741970364e-02
-1.741553495461857226e-01
2.476779479964027683e-02
-1.432046727670875375e-01
-5.938116118765187496e-02
-2.393504189857008010e-02
-1.171393876699199366e-01
6.195429111846089548e-02
-1.663634368108896783e-02
7.016463617840400235e-02
6.169886252953752509e-02
-2.033042086685106775e-01
5.275503529005550613e-02
-2.276379973444407345e-01
-1.089202442324515296e-01
-1.524143832723393911e-02
1.440996222025394367e-02
-4.256888896161246244e-03
5.511195165940332638e-04
-1.503801835508100822e-02
-3.407099205044115259e-02
2.565942122062621691e-02
-1.528459821323222279e-01
-3.881410913085191899e-02
-1.064660492316419349e-01
9.894980827495396258e-02
-1.561020864960700194e-01
1.162680625840450954e-01
-2.140218552433473601e-02
-8.977203426542586240e-02
-7.397530503844676475e-02
-1.078223934709531817e-01
1.253594116086657329e-01
-1.576209322128371837e-01
4.290614371022341555e-02
8.737973987603590842e-02
2.016829106546520062e-02
-4.559639508782918627e-02
-9.221163001011439819e-02
4.305474849582630048e-02
-1.084495423524663299e-01
3.313270295308522878e-02
1.594170332488243635e-01
1.615835772952914084e-01
-2.235417933631222639e-02
1.111756954390217544e-01
7.661117164257288947e-02
2.059761393780457917e-01
7.365799357091092070e-02
-4.853761779513653118e-02
-7.025191403206848539e-02
1.140498768814268149e-01
-2.002190289873155213e-02
2.213087698211466461e-02
4.640559815791208548e-02
1.716862081201619150e-01
1.719514062654173628e-02
1.169472056700258250e-01
-7.443150118715370633e-02
8.502982255247368282e-02
8.034428074093837024e-02
6.188327833939229194e-02
1.005171802677595067e-01
-3.822600878722132167e-02
8.390997697477255157e-02
9.910044703160279800e-02
1.732558367444591296e-01
1.496276763036336610e-01
1.670048733511547423e-01
7.313407672840682716e-02
9.331846470956189910e-02
9.926180144598127641e-02
3.383777310632490182e-02
3.743722892455908979e-04
9.923877040311238074e-02
1.729693600762817196e-01
1.833019934043326749e-01
1.832942095729442888e-01
4.071290323298552144e-02
2.343963996734694383e-02
1.313218471351877970e-01
9.795934252283215737e-02
5.872165308699055231e-02
2.431093879035042538e-01
4.622514350988686342e-03
1.894003402818856818e-01
1.621412401050233432e-01
4.945086301373786963e-02
1.267884876424861806e-01
1.329178328338440906e-01
-1.367257135923064838e-02
3.882888346080462516e-02
1.368397655095019740e-02
2.360645002570913864e-01
2.204555422544104415e-01
7.428618590773318486e-02
2.144526008683830531e-01
2.269955818473579634e-01
9.733547240995304994e-02
4.000051402273337858e-02
2.234308542469543024e-01
4.014614057737866948e-02
1.470084220569773947e-01
2.160806670113108174e-01
2.021265875367417031e-01
1.385225736279460836e-02
2.412733874747798324e-01
2.605711989480823387e-01
1.076057524699190748e-01
1.850895415424079204e-01
1.182128781093877284e-01
2.329177458615356855e-01
1.903988949760198335e-01
1.417821437568969334e-01
1.540457071595520699e-01
2.520842831383916516e-01
-9.069684430458278823e-02
3.288469932997407918e-02
1.492267021602044497e-01
9.417175248947676214e-02
1.492237209382809848e-01
1.878554676692872627e-01
2.760594143315257543e-01
9.604525842921070311e-02
2.823934014365728773e-01
1.267924819918118950e-01
7.275586474077594401e-02
2.176539866509819565e-01
4.203600617979707521e-01
1.953724695662703015e-01
2.231416830619107339e-01
1.344102281640102425e-01
1.465243602700843917e-01
1.692907248174943813e-01
2.663369777109440562e-01
1.994724329841094379e-01
2.150023512991048602e-01
2.395628766735715121e-01
2.497973987419009056e-01
1.947981377871876307e-01
2.616704348475223374e-01
1.532088876725292981e-01
2.794442940837755240e-01
3.572172058931689098e-01
2.968795857848086639e-01
1.561593911072627350e-01
1.534345046598244444e-01
2.589295765569928354e-01
2.278270520090299456e-01
2.492405547805056631e-01
4.082841166484680318e-01
1.505908577220108624e-01
3.939835017298092684e-02
2.780146941540136973e-01
2.536247247184777454e-01
2.471992582100382696e-01
2.487013310409904865e-01
2.522752018394904261e-01
4.460532081980314034e-01
3.028321488321856769e-01
2.303028785541945400e-01
4.440512025503317584e-01
2.224280487723342137e-01
2.952675985717326257e-01
3.010827745860767957e-01
2.711896332046473956e-01
4.104456680763113319e-01
1.863976944392850832e-01
1.919450815814509881e-01
2.377155685983613487e-01
3.209160268870251964e-01
2.963026691267786061e-01
1.818474154661365860e-01
2.755818646573008346e-01
1.589767117145003128e-01
3.099283328826222816e-01
2.593936220634522893e-01
2.428527247209426310e-01
4.313233815308036845e-01
3.396169738387345149e-01
2.442498418452199727e-01
2.939118554201231373e-02
3.412086263658513086e-01
3.065322265570565308e-01
4.047582604154532082e-01
4.039426668791652464e-01
2.567975197978400459e-01
3.518640908176421389e-01
2.183135725100387448e-01
3.253849376656078318e-01
3.774090412071612333e-01
3.214859567061853496e-01
2.930564866191212037e-01
4.049518376909946316e-01
5.236918210428403997e-01
2.468366712309330580e-01
2.061719317129674101e-01
3.743872771790905940e-01
4.124554604152340653e-01
2.963580809673736494e-01
2.954743266471360763e-01
4.002387609136610624e-01
3.072177296309218653e-01
4.868001436607323207e-01
3.548089301666010331e-01
3.886541611114570638e-01
3.689460703370162631e-01
3.022557949763170493e-01
3.835918997679953479e-01
3.786153096115595362e-01
3.458127627803940229e-01
2.895729324147391370e-01
1.532261214609169087e-01
2.934325827287555533e-01
4.306745506611666663e-01
2.339303731495919747e-01
4.687794878535284648e-01
3.904666662032087454e-01
4.662121422476659394e-01
3.876305587584449874e-01
4.696939383121551681e-01
4.342273069790237305e-01
3.034827184159541447e-01
3.844066509623789707e-01
5.232173872104517454e-01
4.263819902508682591e-01
4.667442699002354867e-01
3.954681539344867547e-01
4.234529228523484234e-01
3.908713997034095611e-01
3.471806637670370455e-01
5.435194222410125731e-01
2.747751963592688362e-01
4.522284927835074630e-01
2.582652826200732554e-01
3.483189360886040364e-01
3.524166204398346269e-01
4.165620122025475158e-01
4.417781463198997560e-01
5.809014179872160621e-01
4.017354358685707449e-01
3.905191274688676328e-01
5.325882878976018198e-01
4.580063415128605153e-01
4.877068447333393064e-01
4.500100326607737178e-01
3.348058319304678676e-01
3.350774716217256310e-01
4.761057303998659229e-01
5.029250202805854997e-01
3.286551033952740952e-01
4.503120424067805772e-01
2.970450476444702059e-01
4.378117966139999928e-01
4.846758852238375326e-01
5.823691693647540246e-01
4.556270953684803393e-01
4.152860045436848613e-01
4.851161879085335582e-01
5.322014824759155882e-01
4.638399325719438360e-01
5.213559340440923062e-01
4.370803984109133400e-01
4.706186598705521806e-01
4.678671300178919856e-01
3.952846138338764193e-01
4.296615750039042836e-01
5.575282026893481069e-01
3.972896861447944850e-01
4.408778401330234464e-01
5.093701623794175681e-01
6.077299725297837796e-01
5.894935592337272601e-01
4.756701851918086477e-01
5.672305802328500013e-01
5.831175500229485165e-01
5.681339704968398907e-01
5.761339974281102227e-01
3.669989015938487920e-01
4.740381970603887440e-01
5.908523769431299755e-01
5.517737458935948469e-01
5.503035952801217379e-01
5.401832997029792915e-01
4.622885459662044449e-01
7.647775957148964521e-01
5.117702372857870774e-01
5.194042745015415852e-01
4.122909014238478886e-01
4.529053895022888687e-01
3.651949972325193028e-01
5.648766743789433997e-01
5.935574462448401922e-01
4.449320088436241605e-01
5.896168726907633495e-01
4.989661660272696753e-01
4.349009848941366441e-01
5.364077085917987597e-01
4.863838695648777799e-01
5.281547208998327303e-01
5.230418480154307437e-01
5.771551086455549706e-01
6.522881261234455552e-01
5.518842784845414684e-01
5.064179408395224069e-01
6.232750603123539124e-01
5.877042255109312663e-01
6.128442159874208928e-01
5.909813747875501955e-01
7.036089559049243380e-01
6.090863600369004205e-01
5.580673715600189544e-01
5.543758977122538179e-01
6.678373998947034762e-01
4.604155343703328351e-01
7.275799254756506462e-01
5.617183025932949159e-01
6.118952986323805687e-01
6.663796117157191334e-01
4.887368307291188319e-01
7.174883663905083919e-01
5.573757123998963614e-01
4.678626103806672321e-01
5.849482559068237553e-01
5.103136590433171582e-01
6.140771743788511206e-01
6.950778802994369565e-01
5.441709837431339958e-01
6.152303233200285826e-01
6.835943735223795059e-01
7.330070486676021346e-01
6.551266505119147654e-01
5.862723310451400938e-01
5.684652409616874902e-01
5.976077685734595413e-01
6.327521175490531391e-01
8.504687479802961469e-01
6.410067978818799750e-01
5.948204935652988690e-01
5.560744375281621021e-01
5.401607081549125722e-01
6.604640223839594038e-01
6.069119279692510860e-01
5.933942113567050036e-01
5.330454754763017666e-01
4.031520738715162477e-01
6.340221265830613406e-01
5.558706689482343366e-01
4.705832538815872268e-01
7.216803275510317306e-01
7.921764202854882919e-01
6.050006444834122865e-01
5.932115641991256849e-01
6.939999549605322393e-01
6.244129000654183859e-01
6.250392058854099542e-01
6.143188612150011219e-01
6.783427016703634793e-01
4.816392370438994930e-01
6.688819496997044922e-01
8.408048503407461460e-01
5.526492057479703846e-01
7.617932064471275577e-01
7.206137517330457598e-01
7.504125833237604848e-01
6.797223505808541733e-01
7.653971774508883108e-01
5.867286000810347790e-01
8.555286121644235520e-01
7.110366179459571834e-01
6.149297880708552988e-01
6.233666176960711569e-01
6.349334817938092623e-01
6.650732261223571973e-01
6.832509589828272834e-01
7.290981473792695899e-01
8.608308083016414924e-01
8.244835131515413362e-01
7.766778081846573700e-01
7.458021166232469135e-01
6.896791450928062561e-01
7.139829717594966541e-01
7.186550502364315030e-01
6.938087907609608029e-01
7.133851048386550264e-01
6.552062774346715246e-01
7.610551748050422560e-01
6.742969145834826206e-01
6.822928676897986877e-01
6.480065657344100671e-01
7.278159499826508672e-01
7.711445131395526786e-01
5.835757590650757498e-01
6.900110699762056488e-01
5.501805006642686013e-01
5.756650060650854162e-01
6.775019221841275252e-01
7.850909557091837465e-01
6.415632383783599346e-01
8.585666521528649842e-01
8.795561478345469419e-01
6.972691797657833979e-01
7.326804348013915558e-01
8.164544335059629176e-01
6.998466965753085134e-01
8.084495946368038810e-01
7.200127620479214174e-01
7.370841917174895119e-01
6.340459624243109937e-01
6.577202504753192347e-01
7.588016086055020537e-01
7.124319128407782253e-01
7.033997988087015152e-01
7.609937125335396457e-01
7.945854093173903010e-01
7.954640085609154809e-01
7.016625626123156323e-01
9.246341454908201252e-01
7.782558733727857891e-01
9.053066125181538082e-01
6.161774100100977369e-01
7.179872235606702402e-01
7.452211770321063300e-01
7.396139138200310548e-01
9.309852427592569812e-01
8.573728033759896450e-01
8.136993506892600259e-01
7.041217870582148208e-01
8.742580112218599764e-01
8.168036777590048647e-01
7.403936991023041259e-01
7.683488805084431883e-01
6.790866307173692995e-01
8.528632693219082572e-01
8.953647377637616867e-01
8.620735743333797219e-01
8.732723702839614299e-01
7.305557347161387716e-01
8.206325968995822340e-01
8.390439653148946686e-01
9.326041377597420468e-01
1.052825179115178811e+00
7.280062724057941859e-01
8.339320438636305122e-01
8.925336687280610581e-01
8.139855730969202119e-01
6.828721242923695423e-01
7.096524186573164306e-01
9.003206932677718655e-01
8.568950284878099621e-01
8.428754796039347186e-01
7.916679355314444333e-01
7.712562541566401197e-01
8.956417179238099768e-01
7.837658575048846998e-01
8.624047545741018173e-01
8.576579356728232240e-01
8.309631877915407694e-01
8.583969946133450657e-01
9.539048982193836235e-01
8.595654261582968969e-01
8.593198093922311820e-01
8.286980234287568692e-01
7.975732873242764587e-01
7.604231349808390217e-01
8.388022648887158983e-01
9.089565605265521597e-01
9.720479571604646596e-01
9.133762682737446292e-01
9.468491159741584395e-01
9.964488147830804499e-01
9.062517395882412341e-01
9.094577427282729554e-01
8.623714952683427803e-01
5.927532665261121547e-01
9.046668534025050779e-01
9.609746272484888108e-01
8.809897016527458158e-01
7.828843976290583706e-01
9.018909279283829905e-01
9.073008439155559879e-01
9.903301205311022537e-01
9.833271844958222374e-01
9.344652391591542484e-01
8.514338126340210700e-01
8.571791370610385430e-01
7.265485123037863646e-01
9.881887130030330146e-01
1.050930704439516195e+00
9.484676733269149507e-01
9.578614543350938426e-01
8.290695007084888379e-01
9.020594333480532745e-01
1.002795109818558128e+00
9.684851354679374635e-01
9.416382358985639911e-01
8.817371637954216634e-01
9.538896082088715866e-01
1.110476628318225467e+00
8.745156831649765206e-01
9.481009845908555667e-01
9.528604330357853813e-01
1.010321459588095161e+00
8.434481088725620523e-01
8.165374451470428507e-01
9.534493465430394776e-01
9.601494028236245981e-01
9.094267421835138254e-01
8.809643632489987386e-01
8.959718546614801049e-01
9.762464447372505294e-01
9.900393938170428676e-01
9.750426881636756749e-01
9.762439811453503813e-01
9.528400314119460646e-01
9.438356322699710255e-01
9.359202572103200168e-01
8.874587820290773532e-01
8.683490644874577447e-01
9.886121550364977972e-01
1.004658880373342500e+00
1.035416261330048604e+00
1.007151493435484602e+00
9.470114315388622472e-01
1.004860568302469837e+00
8.396039213683250679e-01
9.464008412332549636e-01
7.762346194519919029e-01
9.863981753332184965e-01
9.506595423250041588e-01
9.573191125919365829e-01
