-9.942472008688798546e-01
-1.000307935331340659e+00
-1.035810213665012025e+00
-1.133417786856221854e+00
-9.805297449194919635e-01
-9.114026152717631390e-01
-9.260185283329293027e-01
-1.088261159485041540e+00
-1.011670762807264978e+00
-8.025741830677550759e-01
-9.776098861899770176e-01
-9.393778343271409481e-01
-1.019610779458121508e+00
-9.182159156984388559e-01
-1.046797549137490790e+00
-9.053638401388823809e-01
-1.015614103232889587e+00
-1.018346813448789856e+00
-9.256693283182777510e-01
-9.896732314670898534e-01
-9.074413428004443061e-01
-1.036530511915196406e+00
-1.113420087307218864e+00
-9.967458331804264215e-01
-8.906746238467467824e-01
-1.012972386548702142e+00
-1.021580280381560346e+00
-9.788540047640004182e-01
-1.127528517027419630e+00
-1.024406956686150227e+00
-8.779410457203835616e-01
-8.863259318248672969e-01
-8.757115319405347487e-01
-9.961150097497396549e-01
-8.719780847269603674e-01
-8.921079400909378565e-01
-8.977474823631129697e-01
-8.107127231112705168e-01
-7.772244755494768231e-01
-8.765443564390086317e-01
-9.402286800564823022e-01
-9.642642591882203407e-01
-8.101873779526198582e-01
-9.714410428567101796e-01
-9.417459795537216349e-01
-7.594022709480103828e-01
-1.189313444708473666e+00
-1.065084024706537180e+00
-9.483196836899461246e-01
-8.576773902228211899e-01
-7.331899881360364191e-01
-8.783009240497742232e-01
-9.950531592013609483e-01
-8.182251978660119995e-01
-9.094233554899926464e-01
-1.009876809869491687e+00
-8.544391477079674724e-01
-8.892057087131050030e-01
-8.118617194505366452e-01
-8.256105822790653637e-01
-1.071623018823729678e+00
-8.044676552089918831e-01
-9.836154691446207243e-01
-8.751211099541601479e-01
-8.440359729732672678e-01
-9.165576164587971864e-01
-7.791730905241910365e-01
-9.461031965930426502e-01
-8.822945700351241261e-01
-8.645313890910998333e-01
-9.075654685311969061e-01
-9.590260799172903861e-01
-8.372470598507546491e-01
-7.981693540066815418e-01
-7.813889592048616217e-01
-7.104414043095250708e-01
-8.950654963802693320e-01
-8.958249498544023082e-01
-8.267545150289092870e-01
-7.766108587449244149e-01
-7.136926934247214138e-01
-8.208482324504235983e-01
-8.575032154971529152e-01
-8.116716961117484974e-01
-8.403592689297584295e-01
-6.916145590173060631e-01
-7.004993265998636920e-01
-9.655507370395440825e-01
-8.393796088013137924e-01
-9.179831699220768471e-01
-8.630799853605980454e-01
-7.536870377813383870e-01
-7.133395022850591571e-01
-7.370833003054444443e-01
-6.672997158490390213e-01
-8.485192153940144255e-01
-8.368762215821748951e-01
-8.338788758051293160e-01
-8.951803120438788230e-01
-7.685750656655044866e-01
-8.973874087336218830e-01
-7.538507118775342741e-01
-7.472278820776524499e-01
-8.487198695112834201e-01
-9.017064455772975107e-01
-8.240263653916160003e-01
-7.748499748300362588e-01
-8.261664125695981076e-01
-8.638379539810768781e-01
-7.705338185173755683e-01
-8.809142090071592213e-01
-8.280958740128848694e-01
-7.964921453980795540e-01
-9.069940719140955343e-01
-8.734015994512451808e-01
-8.023417493061284489e-01
-6.847445082817396056e-01
-7.032218576148955291e-01
-8.194818316513069467e-01
-8.061841712492696654e-01
-7.821877629737118420e-01
-7.485144693801905058e-01
-7.653332742613343509e-01
-7.231537559313581109e-01
-7.813033424921588255e-01
-8.670702717710997431e-01
-7.509321524363626876e-01
-7.568776405583057532e-01
-6.626873580398540131e-01
-7.593111416620726972e-01
-7.996728586488962565e-01
-1.001224564892217117e+00
-7.325446545282554567e-01
-8.547258719253765236e-01
-7.819060338087291395e-01
-7.505957683637668465e-01
-7.645728410771013284e-01
-5.911785752644606040e-01
-8.016990832367302255e-01
-5.648670197295935225e-01
-7.965530610886336627e-01
-5.714604068164798045e-01
-7.582937461673182611e-01
-7.530171543701400516e-01
-7.911872355309892413e-01
-6.728300956490017581e-01
-5.717039458247951123e-01
-6.268710641810794071e-01
-7.545033271316196055e-01
-8.050722442623804431e-01
-6.389826436777507057e-01
-7.538711134987975404e-01
-7.410371909164901183e-01
-7.070814351679571841e-01
-6.331286410215682947e-01
-6.731580905842998730e-01
-6.802738671646754165e-01
-8.759121988129846548e-01
-5.284288744381038239e-01
-7.417039044613803478e-01
-7.703103276129698029e-01
-5.380917636404244364e-01
-6.172192329075354422e-01
-7.401627462964441850e-01
-7.022592464717098970e-01
-7.375265581049720298e-01
-6.566356447923066275e-01
-7.315839316808659953e-01
-6.959347505929931454e-01
-6.559273159739164027e-01
-6.106710279890920079e-01
-5.740597680634464961e-01
-6.558381415602190234e-01
-6.054450660068738665e-01
-5.391934329118822644e-01
-5.172662734770900883e-01
-6.439544082640910050e-01
-5.945106330270432116e-01
-6.497480201004223188e-01
-6.142955438471338070e-01
-6.729485725987600642e-01
-6.388912837556519619e-01
-6.381836177754593997e-01
-5.913870226554426290e-01
-7.339794674036694833e-01
-6.441357849526166968e-01
-5.749433451664583972e-01
-5.963535126527803598e-01
-6.305658418554193068e-01
-7.552522042256831769e-01
-6.749275611443642520e-01
-4.503697773569215745e-01
-5.864859857732163118e-01
-5.998134904499077269e-01
-6.341694367088897000e-01
-7.695823602236010474e-01
-7.143707982983668048e-01
-5.394043834969910467e-01
-5.626252225823903386e-01
-5.132449274330672662e-01
-6.013146022961025627e-01
-5.720745784296908942e-01
-6.223299883465143179e-01
-4.501315860306103200e-01
-5.720095438066331583e-01
-7.519704161686705524e-01
-6.754808032903805159e-01
-4.909613835828360862e-01
-6.850593692035381599e-01
-5.734277023433994591e-01
-6.126863536011029066e-01
-7.120416923157787403e-01
-5.247886487901850527e-01
-6.011123780976715958e-01
-6.146358840446758398e-01
-6.973007994483688687e-01
-5.944623495061003293e-01
-5.039715734054156515e-01
-6.053848978042818407e-01
-5.525921092688176328e-01
-6.141903731495017560e-01
-6.130064877153532654e-01
-6.656914241774077867e-01
-4.716153604019096557e-01
-5.611121284617515137e-01
-7.630406930904449769e-01
-6.967121690179806093e-01
-6.265902905964111369e-01
-5.962483747754174779e-01
-6.306139260268569524e-01
-5.395581262938731193e-01
-6.130193369950739379e-01
-5.207864632060442700e-01
-3.679183198254570852e-01
-6.713578554934042097e-01
-4.812993998790273675e-01
-3.569236954945347873e-01
-5.109656545760328239e-01
-4.731885526381192641e-01
-5.521179071717722264e-01
-4.477072080078858263e-01
-6.443926230747775152e-01
-4.216263442052896049e-01
-4.804816166050748238e-01
-5.895689966835101492e-01
-4.751131762270840442e-01
-4.526818305365945538e-01
-4.202467714487706507e-01
-4.746636646555572603e-01
-5.111353900415543938e-01
-4.872719659061207076e-01
-4.166096936182439592e-01
-4.492151405290867872e-01
-5.231640271101600792e-01
-4.241809508450729571e-01
-5.777003742016787458e-01
-5.258122390687863801e-01
-5.648400120024104076e-01
-6.890328363132323108e-01
-4.187582671473233931e-01
-4.153699551580857796e-01
-4.305852824313634031e-01
-5.530445825586896014e-01
-5.300370123128554933e-01
-5.266158797907271039e-01
-4.682516896940983608e-01
-4.678761568400521820e-01
-4.748920206878394223e-01
-4.759599087863812250e-01
-4.512391803909759913e-01
-5.923980866299844994e-01
-4.104379183466958514e-01
-3.720803721683485499e-01
-5.022512418525181266e-01
-4.507875420169772385e-01
-3.692651596116439672e-01
-4.109365875677447044e-01
-5.027098514036734134e-01
-3.198519729876884710e-01
-4.039463627381623678e-01
-5.080982952448680479e-01
-2.943474006741025328e-01
-4.866653674575017741e-01
-4.696515802722275312e-01
-5.018154543984919558e-01
-4.483349490556784445e-01
-4.149923737126767209e-01
-2.682343092893902381e-01
-3.681567165523592644e-01
-4.819471540371660367e-01
-4.458436481451447664e-01
-4.524088938973147012e-01
-4.016010851906598456e-01
-3.578578591357475802e-01
-3.871143445709684383e-01
-4.844521406292087162e-01
-4.387449170346245375e-01
-3.707247784749279629e-01
-4.528522071515502789e-01
-3.621861736653285702e-01
-3.424394150838424578e-01
-2.561984082254072370e-01
-4.953348854349062247e-01
-4.588081658253730932e-01
-4.234869911824751809e-01
-4.284802090648127670e-01
-5.542314286248964939e-01
-5.739645664848063156e-01
-4.104650374813051394e-01
-2.304258911447023273e-01
-4.168342453413244053e-01
-5.467659094223062954e-01
-4.366763830449407191e-01
-2.994728081578903467e-01
-2.969308697304255396e-01
-3.561716614319489493e-01
-3.461677214822154736e-01
-2.946412144622437279e-01
-4.444375049576942405e-01
-4.212133319535633635e-01
-3.347485756607953000e-01
-3.401549074237741332e-01
-3.661798309811926666e-01
-4.412338195252618056e-01
-2.936295835576738233e-01
-3.405474858264010973e-01
-4.750283028822201992e-01
-3.854842394805320094e-01
-2.486106346537586276e-01
-3.923867857484685251e-01
-3.874350837799239722e-01
-2.729020610571620264e-01
-5.113493414856805641e-01
-3.580164418434246820e-01
-2.793945613259564142e-01
-3.004102306786638477e-01
-2.720947627790387680e-01
-2.690122295676445896e-01
-3.065174487864506525e-01
-2.711787573344090485e-01
-2.446219832709039810e-01
-4.413106098006582267e-01
-2.420549460104434725e-01
-1.347647793133561200e-01
-4.473558052074705360e-01
-2.227412307731001517e-01
-2.222748074023452591e-01
-3.141053366423035009e-01
-2.260617330632118671e-01
-3.798274981030612674e-01
-2.666707126353093371e-01
-2.949240936066623853e-01
-2.401385657242122718e-01
-2.923032966631771701e-01
-3.653559836591611654e-01
-1.867165444434209509e-01
-1.999448629850914261e-01
-2.348210030895819533e-01
-3.227830863552092477e-01
-1.370216482171097150e-01
-2.328585897415973438e-01
-1.658794510349348439e-01
-2.966472999876737515e-01
-2.914373748944671383e-01
-1.866196063677527661e-01
-3.771351461738877142e-01
-2.891335401559514962e-01
-3.856650635929358972e-01
-3.874055170863601738e-01
-3.622950082188017285e-01
-2.463964209558059393e-01
-2.055810781952840394e-01
-3.349173995338453613e-01
-1.604556119641093737e-01
-2.158651983396179252e-01
-1.258540867702995780e-01
-3.008136865673196603e-01
-2.653531609529058977e-01
-3.294001372302886588e-01
-3.750387487531947617e-01
-4.649625415534567319e-01
-1.878234216487473518e-01
-2.323343368500950523e-01
-2.604516108964866072e-01
-7.024087015133644030e-02
-2.355711023026750561e-01
-2.823246955706154027e-01
-2.119513629626502416e-01
-1.862368349698766967e-01
-2.971011792483255198e-01
-2.316211056416914715e-01
-1.929646781230837937e-01
-2.179609136628581634e-01
-2.147541587162749011e-01
-6.565087266002167174e-03
-4.494066647204377624e-02
-1.611603792556016712e-01
-1.040212828142128149e-01
-1.777098090818310938e-01
-3.029407740118313375e-01
-4.540455948933064950e-02
-1.255987225427520337e-01
-3.949446388873166514e-02
-2.977551844792118430e-01
-1.042584125868172146e-01
-1.920475915148832646e-01
-4.707492403298056682e-02
-1.131669500671857870e-01
-1.746986423193314930e-01
-1.435124079262284358e-01
-3.122733090657607846e-01
-2.333993635116751175e-01
-1.606243096904996503e-01
-2.960107701185903384e-01
-2.227317926733759501e-01
-2.324479074483603025e-01
-1.456053600157376227e-01
-1.382767638702287749e-01
-1.677650331371417503e-01
-3.594486853854271247e-01
-2.063953458343465719e-01
-2.510850774880211689e-01
-7.162208706773554034e-02
-1.971398161935111193e-01
-1.626276004926572316e-01
-6.340202696200016030e-02
-9.804742902951828210e-02
-1.926593262460792044e-01
1.351382785123011326e-02
5.057242594108684458e-02
-7.727505274491019982e-02
-9.282884794372814330e-02
-2.921505687792111394e-01
-4.216844336115116443e-02
1.484926541261845888e-02
-1.963705759261308303e-01
-7.119504862119751913e-03
-1.321956871790400390e-01
-9.101145069247880415e-02
2.551983118012755500e-02
-1.238867898836727016e-01
-8.405162818541099534e-02
-1.198236929837587922e-01
-2.274328770613188444e-01
-1.717507945013838910e-01
-1.128388300673030115e-01
-1.036594652862724425e-01
-8.822124328624969883e-03
-1.107787865858968906e-01
-1.728277633607204211e-01
-1.968090786650088936e-02
-4.566722913095860870e-02
-9.582848544893712850e-02
-9.401213060445111347e-02
4.815806074200064402e-02
-3.247770444060217587e-02
-2.150058253760921134e-02
-1.580701793741267625e-01
1.497332891780097514e-02
-2.884259767659900359e-02
-4.769304643082677292e-02
-1.862053908719379092e-01
-6.408488687774679948e-02
-1.114830950566143980e-01
-1.829195992371414892e-01
3.680846538386414041e-02
-2.576353664583463376e-01
-1.742396250143576214e-02
-2.808342517726418741e-01
-3.287891360241968625e-02
-1.566407937368722303e-01
5.988761921110340863e-02
-1.365204623789139371e-01
-6.898053427212468003e-02
-3.446055636739888545e-02
-1.188606813703384779e-01
3.633028594097083980e-02
-8.433778679096093009e-03
6.891162650462342998e-02
6.689758654226721224e-02
-1.835869464840978460e-01
4.551211370988933469e-02
-2.414383524800003678e-01
-9.604901380505760644e-02
-1.239057594551546369e-02
1.020101110441872698e-03
-2.427770414960142738e-03
6.500233332462703427e-03
-2.082600020858674239e-02
-1.440311985460171820e-02
3.941920308840753812e-02
-1.550891435149348851e-01
-5.623777209049300035e-02
-1.121991786793324758e-01
9.163849816500073409e-02
-1.596333138023974807e-01
1.240708795356746524e-01
-3.110788752831718934e-02
-8.115569552141536913e-02
-5.662104523546412915e-02
-8.885886067591511339e-02
1.293954513618639779e-01
-1.619699105048022780e-01
4.027662025757143549e-02
9.178254181282494151e-02
3.571115254591056276e-02
-6.079242626368854679e-02
-8.626029010863965618e-02
6.795894572598683292e-02
-1.139719574625928933e-01
1.240748242499793361e-02
1.625280448026508728e-01
1.598947000007108488e-01
-4.186451859469658698e-02
1.023969581973842441e-01
6.699186828829672979e-02
1.800953195977312293e-01
6.542917762906784451e-02
-6.451824585435024517e-02
-7.537537183599427038e-02
1.169000365033111971e-01
-3.039985589567915231e-02
-7.789422246483091589e-03
5.486890778187360901e-02
1.849005622269385141e-01
9.535999910148367995e-03
9.466012870625778453e-02
-6.019941414183837408e-02
9.843965130013174192e-02
8.292842673877545701e-02
8.420709286184792364e-02
8.406935484308855622e-02
-3.901679443513831474e-02
9.244647743521412775e-02
8.902913074798850246e-02
1.833056810037240192e-01
1.653548320233640123e-01
1.655279812805095507e-01
5.205865374741631968e-02
8.998397205013500266e-02
1.163616129510694486e-01
4.022456679665396828e-02
-2.953205687024334104e-03
9.723999570102237477e-02
1.512756466992125626e-01
2.109708274747254808e-01
2.018226842027363299e-01
6.612328845207883499e-02
2.546539867171036461e-02
1.332109170746721694e-01
7.554909064720086165e-02
6.164040250489381118e-02
2.631353322235630010e-01
-1.091727182480412180e-02
1.814809589362874065e-01
1.747195201856461821e-01
3.079597146042617473e-02
1.290281207534745289e-01
1.404816054563150507e-01
-6.765263185135240998e-03
6.259015412361462749e-02
4.042816846209725846e-03
2.427276587382853623e-01
2.174419277782915216e-01
9.704817573459015301e-02
2.128417879833601756e-01
2.164149713439903200e-01
9.774632663239805896e-02
4.393626751444435624e-02
2.318637497996986763e-01
6.342302836398312771e-02
1.565549799623980332e-01
2.237333585724633200e-01
2.072575132114403140e-01
2.419214089888548080e-02
2.393371285136432214e-01
2.685223864438131547e-01
1.109204580352310260e-01
1.801864002704016976e-01
1.236617897427487039e-01
2.261663801084351222e-01
1.919899619598718354e-01
1.342768643184625299e-01
1.853844284920148078e-01
2.708153642358648860e-01
-1.086606624153598211e-01
5.757817144081638777e-02
1.405721728684109495e-01
9.264811692148051947e-02
1.409016187703276135e-01
1.902835502378508181e-01
2.653294951971342241e-01
8.540324568635623836e-02
2.966460466856553069e-01
1.236611025486873405e-01
6.835240683678436846e-02
2.334853645790361532e-01
3.838256216402504140e-01
1.724300312840164884e-01
2.347497179584173976e-01
1.320767611043986989e-01
1.926491019004128447e-01
1.396199667102026587e-01
2.609740726995138926e-01
2.159900496961552896e-01
2.091743524395337506e-01
2.023288779593222231e-01
2.684753813584124793e-01
1.728446876155593781e-01
2.594784717243579508e-01
1.441182957748916027e-01
2.614453170786860126e-01
3.656330360480856134e-01
3.020895098029856007e-01
1.580325612498695576e-01
1.502629449338257761e-01
2.613587180060466530e-01
2.041610115130983172e-01
2.786158298589041515e-01
3.884934855813326204e-01
1.394411410473656021e-01
4.050272412444648473e-02
2.896316820223706068e-01
2.912998645246449581e-01
2.360037576974137741e-01
2.269416441687840680e-01
2.685574573902891338e-01
4.490031388507988441e-01
2.960701693905435916e-01
2.428716294807024001e-01
4.642935433284414715e-01
2.278392442073375046e-01
2.959622108163769694e-01
3.411313829107542328e-01
2.728513314106973398e-01
3.972198321355419615e-01
2.213253750595887415e-01
1.803580219024633891e-01
2.379782087005060387e-01
2.929247309909867591e-01
2.899020566076850325e-01
2.041871298428389325e-01
2.870079692695240436e-01
1.596127845965533143e-01
3.341360727945429931e-01
2.559369651716192906e-01
2.561879413797912841e-01
4.300637407200895712e-01
3.540278552285022751e-01
2.425254912859715062e-01
2.497180159712692957e-02
3.603388155347646560e-01
2.956752132824791990e-01
4.002761547166031053e-01
4.127352243020400713e-01
2.628341215634275030e-01
3.309630942144273780e-01
2.325399945292660753e-01
3.392552944273423687e-01
3.830392341608623297e-01
3.157583224427710222e-01
2.861147006125591696e-01
4.027013989021430707e-01
5.199553912278770396e-01
2.397355515729178710e-01
2.134012395147727448e-01
4.040409813126303873e-01
4.128933912969888764e-01
2.935739366724717803e-01
2.758420600297586400e-01
4.022577095750471399e-01
3.031847984906330673e-01
4.755774741238267267e-01
3.633182220621238856e-01
3.749143248842718990e-01
3.712184263888007041e-01
3.163048062244021574e-01
3.588207217275278249e-01
3.850023670724941338e-01
3.318310671316279103e-01
3.038323049492498429e-01
1.712970932177084737e-01
3.219941337335797682e-01
4.262558714974670759e-01
2.424025897807478291e-01
4.796955826029020709e-01
4.006638725776859311e-01
4.601552354680793488e-01
4.032811318804092604e-01
4.631873726013061576e-01
4.545415535243706451e-01
3.015366092469854986e-01
3.842605927091623519e-01
5.284135044310541707e-01
4.348021960775537154e-01
4.713649485072327061e-01
4.146838746079649640e-01
4.267871739746445514e-01
4.049293280604821521e-01
3.634069087670498410e-01
5.281271948130783489e-01
2.745093970432180286e-01
4.356439775074154030e-01
2.367993216064971096e-01
3.315589371964238752e-01
3.431521661502539566e-01
3.867697759914956457e-01
4.449569333417179862e-01
5.932421339881801536e-01
3.996230051298291785e-01
3.852589073617194160e-01
5.299179028670710778e-01
4.463969642338326271e-01
5.015806307058470193e-01
4.687243641033300157e-01
3.552146846004014535e-01
3.212834988211888954e-01
4.678501236701264610e-01
4.892156768568210468e-01
3.005862476778390358e-01
4.756964792464137282e-01
3.240797759051755600e-01
4.366249184993508670e-01
4.970322401281189739e-01
5.772384964194067214e-01
4.656845735384801954e-01
4.063593995592914565e-01
5.249961764095978367e-01
5.365774835155210365e-01
4.484746204512530254e-01
5.086231988936730231e-01
4.209277222364132265e-01
4.707907266353279496e-01
4.420595034112608790e-01
4.052388183218548767e-01
4.378381440064242347e-01
5.809360183896850049e-01
3.734872608212274070e-01
4.349637003179355754e-01
5.116005788425429524e-01
5.887450989054153760e-01
5.806752170732527585e-01
4.860179070132713552e-01
5.604167396847679061e-01
6.163894437540486937e-01
5.696737996128176107e-01
5.936228194170273254e-01
3.747140646465335068e-01
4.578345733270258733e-01
6.089083189747537261e-01
5.503758383123785736e-01
5.389768243236107148e-01
5.470095697086351239e-01
4.839655925225720967e-01
7.742601409207876539e-01
5.296765221416540603e-01
5.159533048437382474e-01
4.360839004527372054e-01
4.747329636702547484e-01
3.516697554482802746e-01
5.409677478005765483e-01
6.149477527291297152e-01
4.445056695229777088e-01
5.708075676544667187e-01
5.031191168950552850e-01
4.156774580081579740e-01
5.470630414123255347e-01
5.021253767746329810e-01
5.599765029503519509e-01
5.012649333886178837e-01
5.909890844880825167e-01
6.373312056766476941e-01
5.557019391579490764e-01
5.251179187028286455e-01
6.081688968110273708e-01
5.891670957124760521e-01
6.213785619901673885e-01
5.854117993206192638e-01
7.077848359984294513e-01
5.975190238233604179e-01
5.654831123929489056e-01
5.465198174569421141e-01
6.704744846009315085e-01
4.552430154248089389e-01
7.329097809783352568e-01
5.621111607987129277e-01
5.946340423476426107e-01
6.721505629956103789e-01
5.050924156698157752e-01
7.241345142289791204e-01
5.479513006050835688e-01
4.938247223391274421e-01
5.880825576141422983e-01
4.927324732522294082e-01
6.021171820301091104e-01
6.886581506104260120e-01
5.338839243953702463e-01
6.554034001843473956e-01
6.634120600502843024e-01
7.148248906789836932e-01
6.445572924791761471e-01
6.154221571057689744e-01
5.874397428223122608e-01
5.819437712311855693e-01
6.085490188447824078e-01
8.330949438379262606e-01
6.271251107528287294e-01
5.814591939635770368e-01
5.638533955398693509e-01
5.631394393562618728e-01
6.634474701960647591e-01
6.212159855387801022e-01
6.027158621562006546e-01
5.153981070185403857e-01
4.099609361218430892e-01
6.246045860614534151e-01
5.534588065658487821e-01
4.940262350801411517e-01
7.107374610625728506e-01
7.833997992414136746e-01
6.240218707950443422e-01
5.684802140132562132e-01
7.019122270513781237e-01
6.251680467951125086e-01
6.083724451054780546e-01
6.338382741893804351e-01
6.651026911829293065e-01
4.895557176420030077e-01
6.574447234817794028e-01
8.327364581128363641e-01
5.400381036648036481e-01
7.649146793021531776e-01
7.377183209595352675e-01
7.581985731018816566e-01
6.759941125297090903e-01
7.818158195573037261e-01
5.867216994094093252e-01
8.474733945753416542e-01
6.831592177838374802e-01
6.419911106448710214e-01
6.022247291502148547e-01
6.393188510855537521e-01
6.473431981380608491e-01
6.922675418103517719e-01
7.062222368736990052e-01
8.505983724449250882e-01
8.398600581147731559e-01
7.954138539702317878e-01
7.303826543246850767e-01
6.831718556322043945e-01
7.296983377968494500e-01
7.196207339390571223e-01
7.116683488765569443e-01
7.181277038355611264e-01
6.476138698719782205e-01
7.550282246523823959e-01
6.540009792907047759e-01
6.614522885086971948e-01
6.234669314562579778e-01
6.857148978248516213e-01
7.869846872488820422e-01
5.824697678546528756e-01
6.813669655500184108e-01
5.359144355596160425e-01
5.752231970343961720e-01
6.883179231218803373e-01
7.839006447750235251e-01
6.369366296719798370e-01
8.390708382543711208e-01
8.681937495001679217e-01
6.776827182614901801e-01
7.410767019659002530e-01
8.230364995881427337e-01
6.983415024206863775e-01
8.228576377963151556e-01
7.183654197912855421e-01
7.467433015971740584e-01
6.048398783224530062e-01
6.585720107343789875e-01
7.588028547783245426e-01
7.234478830423022311e-01
7.053367031573613000e-01
7.539098336666303357e-01
7.973543166149642536e-01
8.201036939665490300e-01
7.032609974444269385e-01
9.309854837643533054e-01
7.596117363985331883e-01
9.120945853056268149e-01
6.269451877160064912e-01
7.297180776447922401e-01
7.574650125611753770e-01
7.395509376813391711e-01
9.482180446472278090e-01
8.684735247787592760e-01
8.053497664410397272e-01
7.030480981240514460e-01
8.811893413286291388e-01
7.927274418264984579e-01
7.394962469200155875e-01
7.711722695521772142e-01
6.988553567457694848e-01
8.439908170956292865e-01
9.033960148464874607e-01
8.810031175227714950e-01
8.777082859558741346e-01
7.314401784096327130e-01
8.184855914026170076e-01
8.672759212517106020e-01
9.316416238307133613e-01
1.059252565046935102e+00
7.422532038368560015e-01
8.345114768121139059e-01
9.015943495162254129e-01
8.051549547768809267e-01
6.805252820320945029e-01
7.167403862624691646e-01
8.978155471666448006e-01
8.482327744327724517e-01
8.584740162920573292e-01
8.003700268405955498e-01
7.682325019303426483e-01
9.013981697699903206e-01
7.948906276938164650e-01
8.789357222742144593e-01
8.429054693044449875e-01
8.177588089407840100e-01
8.564951182069632241e-01
9.524112774348345578e-01
8.760711553018064590e-01
8.608785752284139337e-01
8.461177006363093112e-01
7.955847834468798840e-01
7.750096682139385740e-01
8.195481288257947527e-01
9.129401223071518245e-01
9.675600638530391651e-01
9.312384035082731382e-01
9.176364976102809878e-01
9.847044149218761033e-01
9.053378905040725400e-01
9.212247808218679834e-01
8.693843891630443910e-01
5.938485659778832693e-01
9.090502195153550291e-01
9.486483173434343552e-01
8.856761667859655018e-01
7.804665472036526053e-01
9.346909360130151168e-01
9.211890992106692710e-01
1.000278575332880449e+00
9.584449453729149138e-01
9.388201568306911993e-01
8.392025788535228958e-01
8.685812422185228421e-01
7.207324974160953523e-01
9.954641861953826831e-01
1.066385368994985594e+00
9.603960860367477537e-01
9.245658428747914881e-01
8.109891102881383596e-01
8.863740302835323437e-01
1.000494532096080302e+00
9.650002753566679914e-01
9.301173910514950460e-01
8.726083314471261287e-01
9.451667651015160931e-01
1.100490110048057302e+00
8.763120639963472014e-01
9.587368606721050623e-01
9.415503994008236344e-01
9.869735092118057107e-01
8.706990767377699170e-01
8.121493541521362935e-01
9.530201977050849482e-01
9.628581248759533473e-01
8.928128970578166346e-01
8.876469864035825275e-01
8.920423787896979428e-01
9.678068624065001568e-01
9.869622594840548047e-01
1.002687226355457595e+00
9.901414711961097348e-01
9.254876899662790590e-01
9.676841420164006280e-01
9.539653643785104276e-01
8.710420708883036545e-01
8.617580090451789632e-01
1.015116217731365511e+00
1.013136379280658472e+00
1.016998495034582728e+00
1.018068619906931982e+00
9.623279873729591039e-01
1.003325597430693383e+00
8.464085399288886480e-01
9.310635961174135167e-01
7.733159646512245411e-01
9.966758722118246316e-01
9.461794555189623201e-01
9.729067139935730912e-01
