-1.009399631235709194e+00
-9.651103239060900840e-01
-1.175888837303664891e+00
-7.392112079278488901e-01
-8.331301531307642172e-01
-1.097841404007199317e+00
-1.079439688679878717e+00
-1.182000058817523680e+00
-1.112758605985673777e+00
-8.659666826654333072e-01
-9.898943205893665498e-01
-9.994754386645734456e-01
-8.975271199402534705e-01
-8.686385881328371195e-01
-1.120383397869783471e+00
-9.515381085553413776e-01
-9.635099198134076115e-01
-9.952017902554389783e-01
-1.105132802921347190e+00
-9.182953681731403917e-01
-8.685726687377136601e-01
-8.784241461732127387e-01
-1.063991730210690934e+00
-8.810381164602008042e-01
-1.070491560685085775e+00
-9.323818730919478659e-01
-8.832354947857389282e-01
-1.075871649315454537e+00
-9.613301461987401320e-01
-9.431956689344668243e-01
-9.846837029573902722e-01
-1.008357112397149313e+00
-7.948044654138394227e-01
-9.281832694840054243e-01
-8.570981567609279317e-01
-7.865770014809931876e-01
-8.156927335601568130e-01
-9.161175865736890245e-01
-7.863921279028678324e-01
-9.367438716501229612e-01
-8.950715358567252755e-01
-1.089854918320839916e+00
-9.356092006933933725e-01
-1.034257668680572451e+00
-9.622126571402931372e-01
-9.913996985089568170e-01
-1.034565658289175794e+00
-7.171531957322678785e-01
-8.660597657409833117e-01
-1.009639441478421107e+00
-9.688517621115363410e-01
-9.511070917443958939e-01
-7.910185867053051156e-01
-8.548880789806877489e-01
-9.691687310165589819e-01
-9.444162135735661989e-01
-9.553977384514582560e-01
-8.633837314060303081e-01
-8.672008917438033260e-01
-9.640436572141121152e-01
-7.972750417813334600e-01
-9.199611894611734453e-01
-8.563688477439173052e-01
-8.464731762069440668e-01
-8.643855026974927025e-01
-1.006329452807904978e+00
-7.077013986897928710e-01
-9.046568209216770962e-01
-9.628570862074069536e-01
-7.667178861348058483e-01
-8.511888042672731691e-01
-8.611830436832469404e-01
-7.120593957625795944e-01
-8.352771491124961756e-01
-7.579967585412227260e-01
-8.042785317927116928e-01
-9.216358909755453244e-01
-8.409136652727574601e-01
-8.484207622856749786e-01
-8.749199364892529251e-01
-9.296281485429178648e-01
-9.415038003779496734e-01
-8.166653522308331414e-01
-7.642052043772928904e-01
-7.928942037407396004e-01
-9.147257045829619848e-01
-8.269279371776950827e-01
-1.019704705476824236e+00
-8.614326676653207837e-01
-9.414087227264765767e-01
-9.337361261515486621e-01
-8.612604896147072475e-01
-8.049916380610182554e-01
-9.687595620889383197e-01
-7.585053690240033397e-01
-7.446766944667131405e-01
-9.115595719164428790e-01
-8.167500570658474679e-01
-7.534377214740908268e-01
-9.448667749105622571e-01
-8.289037017185624245e-01
-8.343856439804884229e-01
-8.284093664988700922e-01
-8.081184837578532232e-01
-8.451779657663467393e-01
-7.621483200221358389e-01
-7.617963686219985098e-01
-7.079212243136802085e-01
-8.861543708003923880e-01
-7.608377973187182564e-01
-7.779759790441729272e-01
-6.704410189796994324e-01
-6.866034456941770836e-01
-7.548887557916881264e-01
-7.929446521870556763e-01
-8.443487265451495860e-01
-7.968473565889139243e-01
-8.403024390249543840e-01
-8.645445473005508585e-01
-7.152514634934601379e-01
-7.142131736307104628e-01
-8.435964776139172061e-01
-6.928588935074548871e-01
-6.170926012913674485e-01
-6.824441856906457993e-01
-6.978546702501255972e-01
-7.308657098126697393e-01
-5.910110156671698478e-01
-6.605189016853043604e-01
-5.900985850227525864e-01
-7.312235104104286565e-01
-6.237551422883003127e-01
-6.472038072771064687e-01
-7.993707129874888517e-01
-6.883742441703794013e-01
-7.408660698622313578e-01
-7.151871546536672231e-01
-6.692940179266170242e-01
-7.136590588555441483e-01
-7.357080902601850214e-01
-6.731297724186334763e-01
-8.769509556057797361e-01
-7.738393018629120546e-01
-7.463734849161207663e-01
-6.767731892868402710e-01
-6.539653129314472180e-01
-6.337641094070416425e-01
-6.928526475134555440e-01
-7.704661616327772578e-01
-8.208556870412373474e-01
-7.472091931971648338e-01
-6.799203392464282514e-01
-6.522042497969149366e-01
-8.014703439847464805e-01
-6.420576796675286912e-01
-5.168418044102817133e-01
-6.918958941177389965e-01
-6.397617479486337189e-01
-5.395160787027846183e-01
-7.447874653449482185e-01
-6.072374705786728333e-01
-5.990599489051616766e-01
-5.241141095106545134e-01
-8.073986617517590059e-01
-7.258199809583026907e-01
-5.694426913584736960e-01
-6.873135634913442038e-01
-6.841986546187299734e-01
-6.888898050956547836e-01
-6.035533226317284505e-01
-5.477643483455330031e-01
-6.002843789912231109e-01
-7.626951670404099604e-01
-6.218404189295422269e-01
-6.986447337677123004e-01
-6.177902101013740266e-01
-5.089970997999467839e-01
-6.458897908583139946e-01
-6.808972207341951188e-01
-6.025646178017556309e-01
-6.349539868380350560e-01
-7.275404272266505767e-01
-6.256222046854247321e-01
-7.063970809300171849e-01
-4.476002312259695914e-01
-5.365111806739228939e-01
-5.619991921339532182e-01
-7.833062898958241815e-01
-7.514482559999654532e-01
-6.314003109083492493e-01
-6.439932823869384260e-01
-7.398190906829535951e-01
-5.456744028012733283e-01
-7.217181247383385179e-01
-5.813380803285599363e-01
-6.890287614375973924e-01
-6.082609894743484791e-01
-6.584298121070331078e-01
-6.996304358158726977e-01
-5.089664359884857880e-01
-6.410773032794854220e-01
-5.593779012222542812e-01
-5.312223450147572912e-01
-6.205745940365333668e-01
-5.639471645472813321e-01
-7.328194713915671121e-01
-6.293196248416559335e-01
-7.002674709269653963e-01
-5.774394791673242988e-01
-7.124650387268554041e-01
-6.266993569085743676e-01
-4.529812490377607137e-01
-6.723409072271713249e-01
-5.320421769600349737e-01
-6.636412971749748868e-01
-3.983763324520907534e-01
-6.543581755746653572e-01
-6.134701789748374656e-01
-5.252579281166718239e-01
-6.369040682912645579e-01
-5.688642423236580647e-01
-5.124298748744400278e-01
-6.186123027281819065e-01
-5.810647468078261602e-01
-4.902375506684337747e-01
-4.870406308707144194e-01
-5.659869287966706741e-01
-5.833767261726052755e-01
-4.378984982618068234e-01
-5.615763911581086454e-01
-6.818812664861189088e-01
-3.715902038801375262e-01
-4.487516419883970653e-01
-7.276290104603192477e-01
-6.024914759923842844e-01
-5.784137154635656808e-01
-6.171304328219403557e-01
-5.329204829310277836e-01
-5.005259072312089330e-01
-4.393663984742020023e-01
-3.917870150549662145e-01
-3.307674380535221004e-01
-5.237021916508390884e-01
-4.684863764853011148e-01
-4.602397384821307891e-01
-5.644889736883009768e-01
-4.914251016119096649e-01
-4.305275327776270089e-01
-3.970437376550546849e-01
-6.235883612048178648e-01
-3.784293543443888463e-01
-4.842684824226587970e-01
-4.869934086204831813e-01
-4.947077654137063130e-01
-5.146599246972154429e-01
-5.708632189471097851e-01
-6.253737987388586772e-01
-4.551152368670844384e-01
-3.459905972274438524e-01
-5.170490814916314237e-01
-3.912765887636472928e-01
-3.854227298556870407e-01
-6.575427756083510600e-01
-3.887933464262050554e-01
-4.165566236768547537e-01
-3.938505526903691711e-01
-4.980900806363011135e-01
-4.451491708234529554e-01
-4.272732550705982679e-01
-4.819896883354998218e-01
-3.934816865246618112e-01
-4.236288890413322794e-01
-3.317907193830663126e-01
-4.877527655385193173e-01
-4.446509823067383294e-01
-4.106623778613161524e-01
-3.429589198398724781e-01
-4.717720394004434881e-01
-4.195289538336368640e-01
-4.394179103698756528e-01
-3.835851069792007850e-01
-4.306370780661366027e-01
-5.010257973443117407e-01
-4.156879042779952349e-01
-4.271789397604504601e-01
-3.912464442580597113e-01
-2.705212538085130514e-01
-3.094032581033606122e-01
-3.355524805598924520e-01
-4.455902961511410965e-01
-3.597821000665017421e-01
-4.120867135035485851e-01
-3.136124962235234959e-01
-4.973323289871038888e-01
-4.294977499854271685e-01
-3.762496765819194344e-01
-4.113478557503382205e-01
-2.282344968289942988e-01
-3.161968522374448698e-01
-4.502557025569452476e-01
-5.114214911758997451e-01
-3.178910004130446332e-01
-4.989268782425728688e-01
-4.868092246003878909e-01
-3.350848788611905937e-01
-4.325171197403597234e-01
-3.062741519775027399e-01
-4.202058473901571500e-01
-5.624270380407998537e-01
-3.688822179416514357e-01
-3.855724221646369410e-01
-3.106013480496780943e-01
-2.652747317490760093e-01
-3.421329439640433678e-01
-3.858001588080062216e-01
-3.801051361053171540e-01
-5.024274536974582261e-01
-3.399526936964152868e-01
-1.931752555360880252e-01
-4.167714050939611004e-01
-4.402505466338221818e-01
-2.382590600252622315e-01
-4.689133284639006582e-01
-3.724051875453185945e-01
-3.458421375307204060e-01
-5.730599596563189513e-01
-3.719687822863808058e-01
-3.601373850829596157e-01
-3.810659398261213582e-01
-2.840500933861452304e-01
-3.330293583518761924e-01
-3.022444225786312666e-01
-3.381136390662716207e-01
-3.667246562438072344e-01
-2.549067470010364378e-01
-1.996554446305639496e-01
-4.684880648994790148e-02
-5.121596147829589052e-01
-1.886712332756510790e-01
-3.293460118457697816e-01
-2.802292840631603887e-01
-2.076864060413108615e-01
-2.987985481942386223e-01
-3.497073811542463218e-01
-4.746950227938900868e-01
-4.009872450785872955e-01
-4.032255065339701017e-01
-4.089408537276017497e-01
-2.258502680797214168e-01
-3.059759430530586966e-01
-4.114317014978284837e-01
-2.763846798596803489e-01
-3.185385283180731664e-01
-2.596620408050072659e-01
-2.836996804959876495e-01
-2.259297635520373937e-01
-4.750002622671565811e-01
-1.619221983579561541e-01
-2.763585769828598715e-01
-3.392573258882076170e-01
-4.101523158690054127e-01
-3.422232846401536133e-01
-2.057924465603229169e-01
-5.035662794455395552e-01
-1.504097181542405903e-01
-1.862977006821961434e-01
-3.423407271642285588e-02
-3.430344506246920111e-01
-1.708953651307444643e-01
-3.046550937732377951e-01
-1.651097560443474943e-01
-3.415324326775635022e-01
-2.951172834046304483e-01
-2.169066729530083337e-01
-3.337600379721424870e-01
-3.609233305054514451e-01
-3.478837169484200187e-01
-1.515430412421378548e-01
-3.050720352256336421e-01
-2.449298020409154952e-01
-3.362006166888726888e-01
-3.090304502793553287e-01
-1.523891330003390998e-01
-2.619754401130766630e-01
-2.007390565202568367e-01
-2.583539903574504915e-01
-9.715208959912961795e-02
-2.629707942430106193e-01
-3.353043515412773568e-01
-1.207706702618045747e-01
-7.156638390482156220e-02
-4.002634159525175206e-01
-2.235336232968723191e-01
-4.038663755768904240e-01
-8.646511365841222374e-02
-1.875316036778011952e-01
-2.860016663317002661e-01
-2.284500899907121185e-01
-1.631612746011746884e-01
-1.656495088798229931e-01
-1.124603723204256889e-01
-2.933822898176424721e-01
-3.298102419994020651e-01
-2.324986029502431606e-01
-1.892025215484608447e-01
-1.995264581856066588e-01
-2.139095802381382194e-01
-2.679410145343225635e-01
-1.996411939101321031e-01
-2.115459624053955823e-01
-2.259181786248977697e-01
-1.926845846206912405e-01
-1.722296398218568225e-01
-2.234733607931126964e-01
-2.404275111674781529e-01
-1.310914900031027452e-01
-1.791506438718532546e-01
-2.810409755316057301e-01
-3.348703020780526840e-01
-2.530870851789433496e-01
-2.492152653143463459e-01
-1.370341780612872318e-01
-9.563636409753577261e-02
-2.982631724769828074e-01
-1.369558498544489467e-01
-1.549542978660282955e-01
-1.312123864420026431e-01
-9.481015979333430599e-02
-1.435117248865398210e-01
-1.258193155238497840e-01
-1.787256904071931607e-01
-2.704467611893056622e-01
-3.352311626217359120e-01
-2.046957965120061729e-01
-1.158864923668337238e-01
-2.494939299852546866e-01
-2.827539966362626611e-01
-2.725398965283545305e-01
-1.733734862290461365e-01
-2.205461249881055796e-01
-1.049870132505761611e-01
-1.391907277167363788e-01
-1.961828398040125765e-01
-2.030285592682652962e-01
-3.060976330209455934e-02
9.515316899202375112e-02
-1.652848634738229017e-01
-1.248044468979699756e-01
-1.549054109780394206e-01
-1.042335791144525375e-01
-2.714265514108651356e-01
-2.998262074044464459e-02
-2.837597372310139004e-02
-1.836541423483641633e-01
-1.876860701881067073e-01
-1.294580836608638097e-01
-7.025157906926912665e-02
-5.370142488439225148e-02
-2.470173174830906163e-02
-1.687878341606005028e-01
-1.785678984893190532e-02
4.179713024885366862e-02
-2.017656602225903206e-01
-6.496539496216370557e-02
-4.389995179855242513e-02
3.468831020538322429e-02
4.880905413535340659e-02
-6.493573044284045581e-02
-3.888021402224234313e-02
-9.896569416576106448e-02
-2.836242139909914920e-03
-7.929496355763208937e-02
-1.055366137971280316e-01
-3.561549107200561587e-02
-1.579875549973435989e-01
-7.477796340063869174e-02
-3.884529627690603421e-02
-2.500373959119858366e-02
-1.115671757802432079e-01
1.455785553424368030e-02
-1.599250183056641073e-01
6.742399105982322359e-03
-4.781862810097375210e-02
-2.149123359702352978e-02
7.510546177799608258e-02
3.377558675720906955e-02
-6.644793889296046752e-02
3.218113016703892659e-02
1.113630834784943152e-01
3.540695587082424989e-02
-4.215236748932803257e-02
2.526939884707783690e-02
1.247244681692226409e-01
-1.747675302690343269e-01
1.116367482048982590e-01
4.257511576353326804e-02
-3.968677306585485787e-02
-1.590266907550772282e-02
-1.132817485094175930e-01
-2.991993876946954720e-02
-1.205630593063549555e-01
-8.588764542142200697e-02
3.956970565998507022e-02
-6.729676065614545455e-02
-9.669864964520250017e-02
1.453224589898528601e-03
1.124999352816400955e-01
-2.870612200933398556e-02
1.617472422313873948e-01
1.206439218944587305e-01
-3.715955617130237490e-03
-3.444210673446425341e-02
6.701433148611385393e-02
-1.045378653491681707e-02
2.870875370892150922e-03
-1.077362627866990663e-01
-1.466137815275653927e-02
-1.719630453616557975e-02
-3.579794572033592748e-02
2.520763351365196137e-01
8.643909246634542617e-03
-1.030684101252834772e-01
4.789707403565764826e-03
4.052716294216734960e-02
2.992172706053766382e-02
8.287637376647727372e-02
1.769859441807490044e-03
1.552115461408270780e-01
-4.848386721112016295e-02
1.108947982256990872e-01
4.851062287060460554e-02
8.779705499488553444e-02
6.704191376807784597e-02
2.153912694938415473e-01
2.193282265248233109e-01
-3.405981686120196361e-02
1.069067429296494676e-01
9.231177434224327460e-02
-5.545946750847969425e-02
1.060380905387225819e-01
1.778021917011350650e-01
1.104095940901186623e-01
8.919593448913640255e-02
1.797495806973645471e-01
1.784836118505150060e-01
1.999034871805394353e-01
1.455711594046183166e-01
1.670917441126216763e-01
1.047893173898182817e-01
8.313847767352675056e-02
9.844305609460599071e-02
2.067523540437661567e-02
-4.269111585970449679e-02
1.266521617656386212e-01
7.354710993475553626e-02
1.604678281623568015e-01
2.333766548487278825e-01
1.222415272372118777e-01
2.132050445078905732e-01
3.704308604861745319e-02
3.694450672694662291e-02
7.226318797439770791e-02
1.292683033954892813e-01
2.659624189856832910e-01
1.712421289896101095e-01
5.225900712621759509e-02
-2.566872312038918219e-02
1.258256399766918276e-01
1.263351461201497883e-01
1.378005268427225927e-01
-5.092860615442203892e-02
1.997062876042286772e-01
1.083397105071111366e-01
1.230659669842370102e-01
1.573778372794890912e-01
1.851751978344477745e-01
1.944262921725765092e-01
6.424719812512005856e-02
1.861084796766198646e-01
2.705900424978535668e-01
1.225578632706676024e-01
2.286688486277612953e-01
1.753006677207655517e-01
2.205252072788364270e-01
1.544724790475150988e-01
1.230758760621677717e-01
2.320254974680982241e-01
1.552329043600125524e-01
2.172401386998950024e-01
1.012072861478408026e-01
1.804108550844516212e-01
1.958768956771428649e-01
2.799793050129491534e-01
3.134749736819781862e-01
3.177191449239878673e-02
1.490870434403917255e-01
2.702993282058970270e-01
2.978319840859363077e-01
3.673769118524798927e-01
4.477062115610123960e-02
2.008951921794129292e-01
1.720740257918765836e-01
2.166391741562941342e-01
3.157908728193148384e-01
2.837348867571653499e-01
2.097875030992680800e-01
1.049814176580784186e-01
3.415532870613454119e-01
1.005770866703671051e-01
2.610305488427034915e-01
9.648560719801357877e-02
2.124720189360609635e-01
5.869545737687723724e-02
1.781191979508555123e-01
1.964572720631929392e-01
3.101057282112211211e-01
1.860847511773614515e-01
1.281857926222247923e-01
7.547993165674897476e-02
2.826932758428317705e-01
1.340066139946247958e-01
2.533742293516747512e-01
2.603898076888790936e-01
2.373731049536861315e-01
2.739477800386388995e-01
3.898179143644087685e-01
3.100739101092532812e-01
2.594405588564739351e-01
2.587621151806563935e-01
2.281871884494260094e-01
2.484545181726704466e-01
1.906017267826604356e-01
3.012367697331530536e-01
3.782295600707407668e-01
2.044307547821124782e-01
1.086314978736352549e-01
3.722601142198358470e-01
2.157657470946672540e-01
1.812926024637792066e-01
1.572757940953659617e-01
3.549837332422077218e-01
4.790562094488329814e-01
2.593080649435976492e-01
1.083709282422260223e-01
2.760790578916404447e-01
3.094317919783007298e-01
2.433621153624323796e-01
2.112899764468382235e-01
2.695480130624516857e-01
4.686421994065696484e-01
3.216107848153924031e-01
3.238192648776173077e-01
1.609609946847459783e-01
4.046277751725179117e-01
3.258096642644005558e-01
2.836673968378554123e-01
3.165403733388871821e-01
1.657145458885958544e-01
3.231165793934597796e-01
2.602759884543527913e-01
3.159810697546027725e-01
2.422121078975921771e-01
2.192005019287242285e-01
4.772356149364828104e-01
3.438686345113206033e-01
2.135742383581880344e-01
3.651781056947844273e-01
2.698176642671334946e-01
2.838735101055466781e-01
2.404486893645845225e-01
2.466637272710619500e-01
2.427559666578501807e-01
3.768650643105768139e-01
3.696908313614266639e-01
5.089613322840106369e-01
4.584923884443615760e-01
4.178701287396476838e-01
3.306671706041092729e-01
3.751648581775169911e-01
4.519034869343699357e-01
3.201819426476992247e-01
3.363006162665076459e-01
4.209847270455129298e-01
3.421207924874593576e-01
4.510874744598600272e-01
3.404362290555141835e-01
3.208443289758140526e-01
1.267377982673263404e-01
3.897728719819572585e-01
3.904722151584616441e-01
4.639666137064071827e-01
2.872421109490794211e-01
4.933381101785419554e-01
3.925430006796671312e-01
3.770376473926426164e-01
3.825244394082972232e-01
4.021255066112934262e-01
3.512392293052258307e-01
3.415723233452795382e-01
2.430245953814525184e-01
5.852184309481703872e-01
3.125380474624153693e-01
4.688957498063466289e-01
3.593312779288260206e-01
3.362715769350120842e-01
3.754990897601319655e-01
5.035236827690562356e-01
2.960654939038026567e-01
5.305708645335038831e-01
3.893487044132711850e-01
3.357825831948341722e-01
3.824610150321239299e-01
5.123039698076952142e-01
3.778965229231352474e-01
3.546643261515809997e-01
5.042155157478759309e-01
5.074254450776506387e-01
4.349880018374970847e-01
3.300982714747395796e-01
4.869983127470848827e-01
4.336086565729989628e-01
3.430946352711077285e-01
3.477366411169464655e-01
4.161789714833805665e-01
4.730739860340268943e-01
3.790950887295229110e-01
3.518822648815011500e-01
2.896208535958413322e-01
5.749438988743950096e-01
5.164284804595198342e-01
4.581811457579467173e-01
5.372663834330138055e-01
4.411243127971105626e-01
4.312245828314222873e-01
4.732500046545345396e-01
4.834550892014098378e-01
5.188322103806138896e-01
5.683338313611390191e-01
3.456094840026279758e-01
5.103863626790965391e-01
4.730648272844382163e-01
5.766579408704595178e-01
4.591324941480802724e-01
3.985743620412838251e-01
3.742162349878733751e-01
4.758630127287020728e-01
4.528933510452960998e-01
3.889994424105662207e-01
4.619515362874287434e-01
5.696745229044759551e-01
5.667721626957493708e-01
6.266978700685008619e-01
6.033339486032402998e-01
4.821953292907201760e-01
4.842722543529990875e-01
5.082969058871236179e-01
5.257890934804277938e-01
5.436626148175126572e-01
4.408864499446359386e-01
5.459237850718762219e-01
5.467392981195745572e-01
5.445701337114441376e-01
5.872108071522811334e-01
6.397840641849948939e-01
6.421182054333174349e-01
6.533611270822188288e-01
4.860082473070114206e-01
5.231165006984570542e-01
5.372207592372084672e-01
5.907508508824329541e-01
5.640129951401724462e-01
5.220148797669927898e-01
4.193368860018407140e-01
5.300510819435730880e-01
6.046484748347583649e-01
5.575719098203990587e-01
4.781961348546808765e-01
5.621121948674885349e-01
3.999351785956568039e-01
5.602081328617508627e-01
6.086493483740218480e-01
5.201593424231418794e-01
5.756834472275763614e-01
4.991962806901763527e-01
4.360512455661543774e-01
7.388700433829485936e-01
5.552937048710050449e-01
5.152716615167973746e-01
5.387330474990358331e-01
7.748812094868690048e-01
4.061941686790807027e-01
6.620876750915546394e-01
6.158031438711555339e-01
5.570363869479568741e-01
6.042730094435547761e-01
5.700851177956833826e-01
4.953919771348101464e-01
5.330724400793254159e-01
5.998542818363327145e-01
6.120449524297041366e-01
6.352939535072643640e-01
6.690558025256645447e-01
6.523971332553994973e-01
5.101523159158315446e-01
5.165130871829400894e-01
5.823623409848688315e-01
7.016279549817583394e-01
5.123852410959897075e-01
8.039371579670985257e-01
6.149871165324175548e-01
5.700334606036826512e-01
6.557890655023264070e-01
7.207919334429403468e-01
7.224227080962322134e-01
6.334139991557269367e-01
5.504114069839336487e-01
7.936018442851415777e-01
5.607450382343789341e-01
6.007086878576367583e-01
6.592845700067427872e-01
5.537172444408485772e-01
4.668439461862576856e-01
5.622920987759958411e-01
6.031649896140921507e-01
6.424180346105771156e-01
7.313811529047615778e-01
5.510077839153144641e-01
5.073782298078619579e-01
7.160135509051624991e-01
6.778144257076486046e-01
6.260741137936055578e-01
7.512742498254428858e-01
7.066049838300795249e-01
7.240461508041379224e-01
7.252878505490657490e-01
6.391898745259746439e-01
6.515459106003598233e-01
6.909783821197976739e-01
6.534658565159157106e-01
7.207945737409129361e-01
7.207030882803662220e-01
7.373535308738129457e-01
7.661711122227823356e-01
6.224598356192956317e-01
7.291050480919909482e-01
7.442532027079334922e-01
6.756000389554289720e-01
7.081248025464031981e-01
6.876833127003162405e-01
7.793859806208712770e-01
7.626935531470263596e-01
9.091106778596407256e-01
5.220702887439716555e-01
6.503735984773032497e-01
7.185194968291651607e-01
6.991334336590065979e-01
7.209067190041811291e-01
7.054351288137444831e-01
5.240208036047109275e-01
6.932344258855506203e-01
8.068009230071944149e-01
7.892644036057384627e-01
7.012262835565015173e-01
6.938357229775957702e-01
7.721915678372679448e-01
6.194485096004426206e-01
7.063898811301904113e-01
7.616264844854416793e-01
7.368386756484563982e-01
6.152210205756102335e-01
7.386473491409704106e-01
7.000385126640642497e-01
7.145797715990890309e-01
8.439170506299227270e-01
7.629195678310868312e-01
6.417474827334916920e-01
8.053501316357116746e-01
8.454516373921200367e-01
8.298286765999788317e-01
7.068572445526434267e-01
8.765528368798999326e-01
8.309118806035344917e-01
7.665243747530751106e-01
7.113401919036977938e-01
6.282988483691495096e-01
7.722002135178304139e-01
6.948159015995460930e-01
7.803573961675611681e-01
7.927318101361163771e-01
7.774474070684244120e-01
6.928224797558134584e-01
8.467048557629605066e-01
7.790059731956880951e-01
8.980164518191275924e-01
7.968063494728746532e-01
7.246404107510668879e-01
7.600064236041090826e-01
7.940709633419364977e-01
8.110141113676024860e-01
7.329526197049912595e-01
9.012585746482661975e-01
7.985615204011161650e-01
7.818703688422555809e-01
8.887588618032346011e-01
9.302246062936277982e-01
8.198243123268557087e-01
7.421424824984051982e-01
8.730542803296790222e-01
9.198886964103709651e-01
8.447810355338298827e-01
9.696068285868930658e-01
8.151258303262554072e-01
1.101814776731799395e+00
1.010391174764736721e+00
8.174187259705633091e-01
9.818781197601708088e-01
7.828817196446553606e-01
7.555273962253024056e-01
9.142155848355966175e-01
8.559348900373126012e-01
8.365171951889999180e-01
8.964477968906734429e-01
8.071840783794452800e-01
9.143513094646836814e-01
9.075022634034585201e-01
7.584525735866085583e-01
8.654948677179574723e-01
8.688806952592340593e-01
9.277085955775553616e-01
8.458862366438143487e-01
7.900714139242912548e-01
9.598931659747254042e-01
8.949421849732954737e-01
8.872467187852290937e-01
8.903581063173177101e-01
9.228472628387585086e-01
9.312466678311921431e-01
9.592170864610204406e-01
8.966407226206417613e-01
9.009399432745635039e-01
9.212606991287858316e-01
9.949804994619245724e-01
1.088065837519941459e+00
9.863428099501859725e-01
9.796519754767772925e-01
8.810339612578924617e-01
1.001199635893281537e+00
8.406579643418554681e-01
8.161655364165740778e-01
8.093266829676319940e-01
1.056400699245493291e+00
8.682081983754603716e-01
9.209063451187741167e-01
8.563746725483369904e-01
7.623790146436614235e-01
8.529866986001199969e-01
8.071589038942902361e-01
8.896212044568879707e-01
8.836743179021767647e-01
1.084021071245447443e+00
1.045087724624039538e+00
1.002499194474300914e+00
1.119055305538732226e+00
9.373855375256140432e-01
1.018386561529956102e+00
8.595169451274896621e-01
8.604972313513380433e-01
8.500203409359459172e-01
8.851841424877954223e-01
9.845029358062357128e-01
1.066755370772000777e+00
1.046169991665555798e+00
9.425540131011566070e-01
9.584222318000069629e-01
9.918743571797182801e-01
9.266905280173198811e-01
9.746575633062174449e-01
8.321907976106405203e-01
7.781325626586569344e-01
9.580658320246399073e-01
8.034443928106573818e-01
9.366453268876023808e-01
1.077114411302792396e+00
9.128571702871374205e-01
1.064956676683233905e+00
9.515180308960932143e-01
1.045024777015786333e+00
1.045978690303594805e+00
9.578686085914969173e-01
1.090390617918118199e+00
1.034607635986507290e+00
9.684048004728988968e-01
1.073313413178180742e+00
9.845990834633564504e-01
9.701840267740491353e-01
9.932011633330870559e-01
8.630215650550729922e-01
1.090074888068127912e+00
1.060475382716107084e+00
1.011671781202090337e+00
