-8.523231856725457245e-01
-9.872690330829507754e-01
-1.171771834389471412e+00
-9.581843252442447945e-01
-9.906656207079491683e-01
-1.131939884657827022e+00
-8.438322254044146042e-01
-9.623994194367567756e-01
-9.287891556954535055e-01
-8.242441238208936261e-01
-1.029053903718059937e+00
-8.591306891534257195e-01
-8.292255370954162430e-01
-9.781650060414578407e-01
-9.422135683349146529e-01
-8.554503248278292338e-01
-8.744618436834883379e-01
-8.954836209036258765e-01
-9.369188596437368899e-01
-1.002972793715595445e+00
-7.482796795557958847e-01
-9.474822883700896314e-01
-9.538410979126610290e-01
-9.934921919952589553e-01
-9.496283534105752766e-01
-9.518188832073568584e-01
-1.036914792234570948e+00
-8.186958272763571465e-01
-9.096578654734100988e-01
-1.012451077162971336e+00
-1.088628234774912107e+00
-9.397854280341014777e-01
-9.953844956263135924e-01
-8.199410288303506933e-01
-1.064441098718968082e+00
-9.238589719910613729e-01
-8.231282914228530423e-01
-9.116428019663499471e-01
-9.359335959983673403e-01
-6.592276461538276733e-01
-1.029173366122882349e+00
-8.814997816995310265e-01
-8.800297275559223475e-01
-9.361866810178570697e-01
-8.945147524272339945e-01
-9.090623859297448650e-01
-9.551571257790749669e-01
-9.272792731610655093e-01
-9.646898348328851736e-01
-9.388109960060998516e-01
-9.668734002422053608e-01
-9.226945257894323404e-01
-7.657530899679022562e-01
-9.124187866876081188e-01
-9.100909957622413948e-01
-9.922418601918274739e-01
-1.044245757726187218e+00
-7.726530377432270225e-01
-9.064332349411633460e-01
-8.932050979823429326e-01
-9.300015822671762189e-01
-8.872349779266835990e-01
-8.927786966434728688e-01
-7.494070144496899344e-01
-1.036861000890482831e+00
-9.449184970586900212e-01
-9.187078633214901258e-01
-9.046659734771557160e-01
-8.552847384437430867e-01
-6.426793033361479779e-01
-8.005489960136560335e-01
-7.277240392726340712e-01
-8.506613831856494334e-01
-8.457420846253053126e-01
-7.793714435804403040e-01
-8.286807270839167128e-01
-9.931476122969223885e-01
-7.182412447234534092e-01
-8.455043400065823667e-01
-6.678161602483581039e-01
-8.704729925841124816e-01
-8.193891782666764545e-01
-7.438965014490062089e-01
-8.775593983840208612e-01
-9.054595657632806827e-01
-5.656866687057430232e-01
-8.958790517098685902e-01
-7.746410137081707337e-01
-8.366722604202683211e-01
-6.820926930407544830e-01
-8.638743095297889418e-01
-7.472075313412647191e-01
-7.579372726810887917e-01
-7.014787364307054629e-01
-7.561633505188141147e-01
-7.911274262513220412e-01
-8.646356056905696308e-01
-8.698174646220565576e-01
-8.330392219030906542e-01
-7.532608446435035132e-01
-9.029972762780353879e-01
-7.853414483936131951e-01
-8.675714470941040535e-01
-8.765556791237734124e-01
-6.930464261724899044e-01
-8.024203101195970245e-01
-8.192797830001367076e-01
-6.571212481634861602e-01
-5.956824383663669176e-01
-8.742966844785492464e-01
-8.962585930942520429e-01
-7.024208274830716636e-01
-7.994285924455799552e-01
-6.982908606530442430e-01
-6.611255527178604430e-01
-8.196357041048670800e-01
-7.562606567412345493e-01
-7.252772532370329595e-01
-6.383551614794918949e-01
-6.968736343414769774e-01
-7.466983121630470510e-01
-8.250512717937745766e-01
-7.860667690758078585e-01
-6.694052270521031467e-01
-8.466471777430192303e-01
-8.295033141567701440e-01
-6.941237479448657544e-01
-7.952803140426267792e-01
-9.061647765698199741e-01
-7.318624627786216585e-01
-8.142543808100179970e-01
-7.095229091566248592e-01
-6.608316335968036359e-01
-6.213320007352781671e-01
-6.205627285351186240e-01
-6.984265189107449201e-01
-8.463941992360508593e-01
-6.690642951198492172e-01
-6.935074991935434863e-01
-6.766052178469221801e-01
-6.983582108933052979e-01
-7.136003117382704319e-01
-7.225714339615424420e-01
-7.484893685447312484e-01
-6.868644672791708317e-01
-6.188055129173122282e-01
-6.739602430166059532e-01
-6.711916993899652573e-01
-6.830634947113202182e-01
-6.122825833055809408e-01
-6.179649145469007232e-01
-6.357998495587290355e-01
-7.939567138363905485e-01
-7.411963512536499099e-01
-7.559948688232868141e-01
-5.447409965299392365e-01
-6.224901421861721573e-01
-7.060433298903118216e-01
-6.971598434938401923e-01
-8.590130175592773920e-01
-6.373436153504217216e-01
-6.473599317217132443e-01
-6.407184506446939043e-01
-5.932411930087475582e-01
-6.510005975238247755e-01
-6.243523277318283604e-01
-6.081543381773938384e-01
-5.883518487802620323e-01
-7.172962249518296529e-01
-6.183362318287339843e-01
-8.099272702717423833e-01
-6.792602212559151198e-01
-8.210670354219836709e-01
-7.314600111019674555e-01
-7.053814309339314637e-01
-6.813673373196206251e-01
-6.374805521066619907e-01
-6.345001922905237901e-01
-6.889481138737734156e-01
-7.560600178047813813e-01
-6.086813534501737122e-01
-5.372278739505105261e-01
-7.094381732961031473e-01
-6.046047669956892134e-01
-6.932567683852469687e-01
-6.440214378081798863e-01
-6.754447134675319875e-01
-6.255094780571995861e-01
-6.853932028400011589e-01
-8.011005991459114739e-01
-6.437606289364926626e-01
-5.448210490256099048e-01
-6.846144377802353409e-01
-5.546623195903149783e-01
-6.913786100234823317e-01
-5.622589957991541709e-01
-7.900172641716902699e-01
-5.157770822015502743e-01
-6.869760770350744616e-01
-7.292524015246804048e-01
-5.681003861072143613e-01
-5.037328844736167488e-01
-6.380056402173888142e-01
-4.670619001053250008e-01
-5.729129796468139801e-01
-6.662023912304839701e-01
-5.338162675257952516e-01
-6.506875889397027990e-01
-5.379390800657387617e-01
-6.245304404739021598e-01
-6.402537230964868709e-01
-6.453863457202122511e-01
-6.822365901197859905e-01
-6.864357664358774480e-01
-6.347838125593741054e-01
-7.567954971891479587e-01
-6.546002302532305528e-01
-4.884431571826083895e-01
-4.592400807487964087e-01
-5.117039136331732463e-01
-6.703512285529256154e-01
-5.632576112318817829e-01
-3.035180705290941860e-01
-6.156854600605411454e-01
-4.588082597004480290e-01
-4.199633390010648060e-01
-6.362641449988313269e-01
-4.923975773783477727e-01
-4.584062041784448538e-01
-7.033569210122904147e-01
-4.920832781414861690e-01
-5.954670794992714677e-01
-4.124440265500840530e-01
-5.607419724077057355e-01
-5.628912198453011051e-01
-4.580470562866932882e-01
-5.219001617389501524e-01
-5.987298270490771790e-01
-4.665005868402655742e-01
-4.886633843588680248e-01
-4.878442976774000628e-01
-6.001377702043817486e-01
-4.490346606650285066e-01
-6.203700347756772038e-01
-7.686138417354315688e-01
-3.801754338713241865e-01
-3.883176853800585082e-01
-4.949337289776946647e-01
-4.223263916109716853e-01
-5.225603269552993035e-01
-5.744073130271684091e-01
-3.916946720559789652e-01
-5.763115548522054210e-01
-4.256910233691368894e-01
-6.106012418954633869e-01
-5.770430427489794400e-01
-4.347678639520580757e-01
-3.984995063372117063e-01
-4.706194794939928538e-01
-5.684583802251370610e-01
-3.872654649256858095e-01
-4.763678298736811478e-01
-4.097323357601382332e-01
-6.190324792378347762e-01
-5.819275544570251535e-01
-4.908737880791830821e-01
-5.541716099911782045e-01
-3.533672796773384417e-01
-6.320330257182195099e-01
-3.811727088639323968e-01
-5.001265701236791150e-01
-4.445516021372580284e-01
-5.345963963253234086e-01
-4.743200953914795126e-01
-3.483239715491215915e-01
-5.067381201852664274e-01
-5.724328610947112539e-01
-4.007714496063171650e-01
-5.155656139139447314e-01
-5.343961487208901406e-01
-3.700180524732757936e-01
-3.793634944382240914e-01
-4.709039277746053243e-01
-6.401015744400406771e-01
-4.271322321852814019e-01
-4.630307867239525366e-01
-5.268150742119580565e-01
-3.882840735384606723e-01
-4.621114749813844402e-01
-4.631340456143253625e-01
-4.258048782936660337e-01
-3.864086250917250220e-01
-5.862704165040523163e-01
-3.594024425915944287e-01
-2.844605269481308985e-01
-4.022204689736644245e-01
-3.977406512460100463e-01
-3.850064915131767296e-01
-4.952598144604661856e-01
-4.362676109462484964e-01
-4.007417253994279283e-01
-3.519577907808930650e-01
-3.885003387134417507e-01
-4.715908436820718252e-01
-5.068614726149379690e-01
-3.404374532014444177e-01
-4.009112643919285346e-01
-3.948586686164067827e-01
-4.838157750306172900e-01
-3.323297533828752370e-01
-4.513035687538680119e-01
-3.754999283225044504e-01
-5.680824447506668262e-01
-3.612999263993043053e-01
-2.244449424163364182e-01
-3.908208327065564314e-01
-3.569239589485965758e-01
-3.696107236262193285e-01
-4.484619281155768911e-01
-2.847386154807636238e-01
-3.484891834127848975e-01
-3.900079626591592130e-01
-2.094159614065458919e-01
-2.137324141337034189e-01
-4.899145470005024094e-01
-3.928219811532689953e-01
-4.550899864746044687e-01
-2.677106435598003431e-01
-4.709070252367391629e-01
-2.402524692711578702e-01
-3.569819367700769464e-01
-5.795059585758697285e-01
-3.264782626773778396e-01
-3.694069449210769518e-01
-1.678411218088326495e-01
-3.628263055962956396e-01
-2.936625386446489738e-01
-3.874909937075047828e-01
-2.216478112169206482e-01
-3.319299695536385153e-01
-2.834174067976245603e-01
-4.219918789850006235e-01
-2.127916388648138923e-01
-3.509774856147447331e-01
-4.281457832322907997e-01
-2.860440967498817932e-01
-2.032528968274981418e-01
-4.089931059616560560e-01
-2.904609223838131582e-01
-3.861267400367673353e-01
-2.446185881288100439e-01
-4.212135661035397161e-01
-3.318030743465025245e-01
-4.029945076412604354e-01
-3.213470175010773033e-01
-2.265483738666111968e-01
-1.807594212384578680e-01
-3.562005287866999437e-01
-3.542853914717377095e-01
-3.800026130790103984e-01
-2.307996359645161089e-01
-2.908810805555257506e-01
-3.456583161092964263e-01
-3.401747573992873197e-01
-1.894247293688726685e-01
-1.081025923016701029e-01
-3.219195243297837128e-01
-3.114835230073606520e-01
-2.894916322287580668e-01
-2.882164695180931546e-01
-8.541423240561075644e-03
-2.806263151574541759e-01
-2.425931539053901298e-01
-1.100876288543566062e-01
-2.106733198556836884e-01
-1.475085112847111246e-01
-2.808671483988019468e-01
-2.447702250552464820e-01
-1.494322112052677287e-01
-2.082310896822831825e-01
-2.397836872362806293e-01
-4.043606734355049137e-01
-1.781419259866373617e-01
-1.540976786413038035e-01
-2.293025541819286584e-01
-1.724391127070210028e-01
-2.365371326859565804e-01
-2.469514378789836595e-01
-1.950190712985228614e-01
-2.293514237762474262e-01
-1.556113031730288476e-01
-2.338154965323133716e-01
-4.827298287332969229e-02
-3.309322517552184539e-01
-2.829399661154332057e-01
-3.181700354085201243e-01
-8.349806598880428476e-02
-1.645185969497513223e-01
-2.794067622388866079e-01
-1.359952736113602123e-01
-3.008817369114040741e-01
-1.043064181710996324e-01
-2.652441317775931506e-01
-1.351881391492072149e-01
-1.994578657728336424e-01
-3.017187626510558496e-01
-3.073037651068447063e-01
-1.874563652095127542e-01
-2.309932161947776674e-02
9.930099959540975019e-02
-2.748788891381629407e-01
-2.089832223322535543e-01
-2.101584873093855221e-01
-1.433945761320957191e-01
-2.055173563442745932e-01
-2.063173061745738057e-01
-1.616774313860313839e-01
-1.200077127897309637e-01
-1.387938031650633453e-01
-1.461622692759183273e-01
-1.801229274836709249e-01
-1.632528013889061880e-02
-1.785780852227811244e-01
-7.337387102897473257e-02
-1.386651521786527730e-01
-1.763355844239790915e-01
-8.394507226612394485e-03
-1.992119957417267662e-01
-2.024870869458512135e-01
-1.823751395937054098e-01
-2.549792310681374685e-01
-2.007591084639748225e-02
-1.957122605914476954e-01
-1.025923455937051143e-01
-7.411618322880070275e-02
-1.744370437368040483e-01
-1.197876371964819997e-01
-1.694731567483591106e-01
-7.636174556700218996e-02
4.992258878961754881e-02
-1.077778327560106886e-01
-8.540591152689357146e-02
-5.921561341437955178e-02
-2.304728900438085815e-01
-2.091871651000072330e-01
-2.029554060970599760e-01
-1.387593166408947754e-01
-1.055618739501315989e-01
-1.800625812065339074e-02
-1.001358479598069562e-01
-2.427737161291161974e-02
-1.256757848756027141e-01
1.426802691574576183e-02
-2.191032296283214331e-01
-1.202385992035732570e-01
-1.869949446509066304e-01
-2.291462743458409501e-01
6.753838399767679579e-02
-1.321943936925514818e-01
-9.333912561216557713e-02
-4.323172513401238315e-02
-5.233436665838541585e-02
-1.518060036141165650e-02
-6.460058274290682301e-02
-5.589584375493501095e-02
-6.180597015558827317e-02
-5.247534681966374570e-02
-3.181510417929843404e-02
1.757412321159589064e-02
3.065800826369572199e-02
-3.086956889389086758e-02
-9.295263432765400735e-02
-1.059298162869991428e-01
-1.800951225017634327e-01
-2.108731689037653956e-01
-5.092334001202870886e-02
3.122134689310209973e-02
-4.922098027477533888e-02
4.247109021227550574e-02
-1.642660993104741729e-01
4.049638428885447838e-02
8.940093941878231310e-02
-2.220324968497680573e-01
1.509356511636526232e-01
-9.029001195345082165e-02
-1.103361106160850869e-02
-7.109800579679324828e-02
-4.707942561972568857e-02
1.091381729247514407e-02
-2.825751411856958738e-03
-3.369422784535416882e-02
-4.700051072651732775e-02
-6.221590773200183500e-02
-8.267761558311111092e-02
-4.307423333263611653e-02
8.233004914794499196e-03
-1.709958048722280410e-01
2.483029338522685717e-02
-6.615920650859395680e-02
4.335476133304133790e-03
4.877641663142150835e-02
1.516258123965566473e-01
4.234593223682123209e-02
-3.658039308229469461e-02
-3.913894624722401988e-02
-4.938286925348833040e-02
-5.437400134121903733e-02
3.612266616206782216e-02
5.260470618496233819e-02
4.137016837521004936e-02
1.729460146246175056e-01
-6.502476499481685268e-02
-2.923291326907856771e-02
4.167122392683787063e-02
-3.767254375166436547e-02
1.693206577617736297e-01
-6.835851892430255122e-03
-4.228825262565411719e-02
-3.935613745520020329e-02
-9.870881585113608359e-03
-6.246674141874360847e-02
4.560344046976395026e-03
1.245494266402471101e-01
1.816321593611225360e-02
-2.043899973883132534e-02
8.351209345527681183e-02
4.980219768878980241e-02
5.332522501861597375e-02
1.658904243199625372e-01
9.121484999136190985e-02
6.772343813665135381e-02
1.653756360625620869e-01
-5.586957704033456568e-02
1.696825160408777788e-01
1.934276662492004639e-01
1.609051278983575084e-01
7.458910758923256723e-02
-1.491652605844741020e-01
7.753101195181173744e-02
4.215000899131066819e-02
-3.066568631138895731e-02
6.623103264144296343e-02
4.504150904681101381e-02
1.066375212993462829e-01
1.169127329176308377e-01
-5.007267421046380368e-02
2.204092955548845045e-01
1.274328958675257362e-01
6.032233093199593915e-02
8.390342260903844995e-02
7.213730804681543762e-02
2.121424121372779970e-01
2.919060665025866030e-01
8.508736997053208129e-02
2.232975513974503126e-02
1.535597570357808139e-01
1.485115668133902556e-01
1.244628882666599656e-01
1.541296535503526299e-01
2.693266931937481345e-01
1.413393169387407444e-01
3.726216703964067151e-02
1.962079012610505047e-01
8.520540928124147040e-02
2.820682082517480746e-02
1.837538765156261633e-01
1.752362533845605863e-01
1.678469745871787322e-01
1.849411679353348548e-01
1.032341620948992594e-01
1.826152256638620963e-01
1.689879680253096872e-01
2.119780448586704724e-01
1.838467248096549433e-01
1.505581146315875807e-01
1.469638340468130966e-01
1.536483656757308691e-01
8.172349550988607103e-02
2.400337057889804226e-01
2.703575689619242550e-01
1.125591502434929725e-01
1.794425262324944037e-01
1.242736606836981339e-01
1.418524003532393718e-01
7.772354179767029803e-02
1.858285170044794987e-01
9.741287927779719580e-02
3.012832090997629164e-01
1.958891840235639503e-01
3.356717181652399407e-02
2.308719396895041742e-01
2.598399877667878499e-01
1.308719902846478822e-01
2.721987332252585601e-01
1.002138931611183253e-01
1.965980497386133619e-01
8.488662668508167863e-02
1.232966640582476986e-01
5.459657466295506772e-02
1.256466250425155862e-01
1.765190790150115707e-01
1.584178166738195170e-01
2.900077598086466257e-01
9.307619752871916508e-02
3.254080954655271807e-01
3.491017611288577127e-01
8.083953507663718674e-02
5.253735238371635280e-02
1.912955807868347013e-01
1.266211957502231256e-01
2.046822178587979491e-01
1.656841807175827297e-01
1.281168331178134390e-01
2.048506807579169031e-01
3.096649243615740010e-01
2.229995546571139353e-01
1.199543062477392286e-01
2.368055019922351290e-01
3.316541281191237589e-01
1.798978219867959638e-01
8.790130775055644829e-02
2.411089465145770661e-01
2.250463685962661997e-01
1.447125512012606419e-01
3.077914409157697651e-01
2.621326794366823920e-01
2.577097171169265288e-01
2.938687887000193122e-01
3.817855953927161150e-01
2.622381126073523583e-01
2.499279029069126079e-01
2.454769789887055742e-01
2.108658040973733494e-01
1.664616854513132072e-01
3.500255445357186579e-01
5.709690910688974136e-02
2.303254570487176522e-01
1.001666774511927316e-01
1.487618042429156018e-01
1.305732571681190446e-01
3.529088062311749319e-01
1.724255901755439579e-01
4.930466263092358470e-01
3.552473943909263410e-01
3.180401223121889775e-01
4.201432280057201263e-01
1.479561993746588699e-01
3.225532580040842978e-01
3.489743217520580032e-01
2.309268719576336448e-01
2.381887551315866602e-01
3.436254482989989367e-01
3.203188959899453958e-01
3.037047607883248124e-01
3.213125477359136117e-01
3.618572368647910431e-01
2.914495379470707359e-01
3.543492669159371000e-01
2.959100184246378773e-01
3.603432683136295056e-01
6.214733655806841534e-02
3.215429653201253291e-01
4.327808313102989857e-01
3.870281830993032579e-01
4.156214754604922179e-01
4.565239310912321824e-01
4.061797498816677732e-01
4.246481642903857101e-01
3.323356595342564779e-01
2.262652887565726467e-01
4.217676038178155840e-01
2.835249581602053426e-01
3.025237270933258116e-01
2.538061610278483093e-01
3.936455219070983946e-01
4.121585136185889064e-01
3.921507007171589065e-01
3.473221449216052359e-01
3.916427532814835688e-01
2.747704150006394230e-01
3.684825676491091384e-01
3.285649518994951945e-01
3.716503118592731081e-01
4.569462374066903809e-01
3.096776855189166677e-01
4.646652055100632950e-01
3.649971108948398824e-01
2.795277414427375651e-01
3.783965405819398331e-01
5.063695309377542753e-01
3.659601895288626672e-01
3.260151987374760307e-01
4.394741963035687649e-01
2.826031433335521315e-01
4.763109646574363865e-01
4.779610907867740122e-01
2.934184206811533135e-01
3.282844086536452211e-01
3.175433955250243079e-01
3.135176109679916334e-01
2.992067233754700517e-01
4.478357970318435632e-01
2.078286458836886286e-01
4.378858609919390465e-01
2.669601875569961313e-01
2.439674362982889033e-01
3.957998198925147260e-01
5.137755575482422232e-01
2.041669919994734406e-01
4.033689015032723146e-01
5.005585561254000115e-01
4.982624174604637357e-01
3.919991158306592172e-01
3.407972798966505956e-01
4.377890269733910045e-01
4.822374051792067684e-01
4.847840441946364431e-01
3.967667196532741469e-01
3.524644114630541281e-01
4.174548957067636401e-01
4.639204360816465145e-01
3.756683619468962898e-01
4.198365400436878114e-01
3.054183041599643489e-01
5.930886610564432004e-01
4.048903892959013762e-01
6.466089112536890227e-01
3.257960780002851497e-01
5.455273468372887624e-01
6.656450153355600863e-01
4.229646118962436252e-01
4.006602311452050480e-01
5.111232287920489670e-01
3.215143472691885385e-01
4.550600689370709051e-01
5.684820657616529438e-01
4.095563164224035879e-01
4.987611282843022464e-01
4.369537565005159885e-01
4.810637123972468787e-01
6.279411970328280246e-01
5.406228946735429641e-01
4.732341801295117945e-01
4.084220893249747020e-01
4.401398086988700387e-01
4.229696694023820647e-01
5.058696710044728873e-01
4.574129840045807471e-01
4.859027260199635379e-01
4.138911844705511212e-01
6.404348477544324902e-01
5.239499050646611034e-01
6.114204224948179833e-01
5.808734059237777858e-01
3.604947832097772364e-01
4.806915999807640505e-01
5.152386405856047569e-01
6.806481875569726503e-01
6.854720986403317617e-01
5.930453574542737805e-01
7.026216859201845910e-01
7.217052078831291961e-01
5.495130198494317941e-01
3.468876064250075997e-01
3.113421944980670486e-01
5.240931524543226416e-01
4.793609904844720604e-01
4.324565518358698957e-01
4.581756763162727619e-01
5.343142688116182537e-01
4.317945555687272008e-01
6.361563653449040512e-01
4.890810369096597054e-01
5.820587086193301785e-01
5.351529884399274239e-01
4.456759582217403315e-01
4.896557225563676341e-01
4.755851942132773846e-01
6.398167978985698223e-01
5.404256260725939232e-01
4.499826083819276068e-01
7.608768280052989885e-01
5.962811598694136572e-01
5.746739513150312950e-01
5.801380559714837126e-01
6.378607194054142226e-01
6.173320752920786747e-01
5.334156660610140932e-01
6.212256188681344327e-01
5.256125517906816702e-01
6.431644400277639617e-01
4.943936609393473347e-01
5.507161641455284862e-01
7.000161785451105567e-01
5.293925152154501657e-01
4.518011693885715663e-01
5.449539463287568219e-01
4.644652370725231294e-01
6.069858785028034998e-01
6.996030011352409872e-01
4.710095770427212281e-01
6.806191229836743295e-01
5.967787551505069343e-01
5.870042879412364911e-01
5.370525945385105082e-01
7.279709510741857459e-01
6.665332457214371287e-01
5.316514917499904902e-01
5.827156175523845461e-01
6.512489401014870394e-01
6.530826439728996125e-01
5.361696583789823389e-01
6.041818971641620406e-01
6.102964746623276149e-01
6.340331414686282141e-01
6.735500988083291674e-01
6.627786710471955667e-01
5.865487382658837179e-01
6.286857854635606868e-01
5.878649420903571121e-01
4.166748902628640838e-01
6.948914391118552469e-01
6.004575456093392827e-01
7.261463531020757589e-01
5.952377146042580058e-01
6.485843050703201662e-01
5.794247130550252978e-01
6.483670524687299430e-01
6.070669593637663120e-01
6.255152749106612786e-01
6.114738799678354209e-01
6.017987033965617183e-01
5.949521988542342266e-01
5.525175331386724675e-01
5.354209463853358830e-01
6.480436396864351911e-01
6.512548197447496356e-01
7.735177738792708979e-01
5.310805953992742134e-01
6.634205431763809946e-01
6.695851039168244645e-01
7.270755568968734206e-01
8.296421826448219239e-01
7.327744450561526346e-01
6.116614144522206642e-01
7.811387573569604781e-01
4.630004851770070373e-01
7.264688536352044146e-01
7.363306070864953368e-01
7.009521444506737753e-01
7.986234729337846616e-01
8.561821937488114376e-01
6.401719835863884933e-01
7.052094276082007118e-01
7.092974177072063346e-01
6.098485240065568691e-01
8.343024330105586195e-01
1.065091305654924714e+00
7.452267518823736392e-01
6.978141388263850997e-01
7.849662717501082465e-01
8.620012327709706268e-01
7.417354390998156521e-01
6.701392645905482892e-01
7.379522872603992978e-01
6.232264310308134325e-01
6.864394872573015283e-01
7.841806374313444739e-01
6.469911801152971043e-01
6.902424903814909918e-01
7.454352129108098302e-01
7.774983395589204482e-01
6.255585967753097831e-01
8.679326761402140766e-01
7.644677171161803342e-01
7.097527394223011044e-01
6.864626871136876307e-01
6.619058041349932253e-01
8.677801688158773841e-01
8.377936553624807381e-01
8.313592712260300388e-01
7.615463904007958584e-01
7.182004280787933626e-01
6.953434789154893103e-01
6.763379022670117369e-01
6.603606995414277314e-01
8.251777108966521501e-01
7.108481096183789649e-01
7.257538938765736303e-01
8.839112221956457738e-01
6.522206391923386359e-01
9.022796220290157931e-01
7.124041337662957440e-01
6.491757959043586990e-01
7.799894677534964238e-01
8.208737655422170265e-01
8.268468654006077001e-01
7.653842718591820082e-01
6.775352963670564499e-01
8.942420563210761175e-01
8.308702236976310829e-01
8.659643349057658535e-01
8.497211760942242620e-01
7.333674614521028534e-01
7.974203856917265743e-01
8.230883492461957829e-01
8.214803449546906888e-01
7.635386985099449353e-01
7.642312360665701743e-01
7.665161220904530559e-01
8.379727766919053966e-01
7.694710570319107656e-01
7.734712351374070094e-01
6.841790667779519275e-01
9.266246309244855484e-01
8.354497376273418707e-01
7.756720377861020532e-01
6.955485459317918284e-01
7.959947794412016719e-01
7.979703822801086366e-01
7.897007104987899817e-01
1.034428589554774680e+00
7.965670440499736937e-01
8.509921857274037604e-01
8.587482224024891586e-01
8.324592411685141080e-01
9.397999761515875017e-01
8.410670602533862894e-01
8.658429713277465689e-01
9.332198762314232177e-01
8.517976583674670144e-01
8.168305694738544620e-01
8.503637141297683000e-01
8.600179587601287645e-01
8.356504605090452342e-01
9.593888747028559427e-01
8.519422889677548127e-01
8.610899673250247410e-01
9.144367416627527945e-01
8.014185544753761326e-01
8.842427433764513678e-01
8.175805514032441490e-01
8.206725780762440525e-01
9.453910168098411670e-01
9.155305231677048905e-01
8.733273319984163896e-01
9.299300912563751575e-01
9.157807559589443702e-01
9.079305846659667667e-01
9.439679316531700559e-01
8.434060790648459927e-01
8.325972090465542097e-01
8.895594177798080704e-01
9.415837466348999651e-01
8.738256566260858005e-01
7.682139389421871467e-01
8.538164742318429257e-01
9.571426210783716693e-01
8.166992200522674716e-01
1.055757832237530280e+00
8.486335859206498577e-01
9.103186257102718892e-01
6.868303592203195418e-01
9.474712536098800486e-01
1.074809429089718993e+00
8.307004581780346175e-01
9.240525065215439149e-01
9.296658501486304571e-01
1.022425165744738074e+00
9.572363669857646418e-01
7.856995854686622538e-01
9.125097984014844954e-01
9.010679404916255297e-01
9.145129020559767952e-01
1.009996760204248112e+00
7.839119780695654738e-01
9.053114569678323287e-01
8.974593204335810093e-01
9.717463221087925263e-01
8.818921280894939096e-01
9.676029589755407168e-01
9.977420651028514609e-01
9.397773891973500993e-01
9.085229016602680563e-01
1.042166986668057627e+00
9.693393001989842883e-01
9.124150050141150992e-01
9.928829006826470627e-01
1.089562041850544949e+00
1.132236028863058630e+00
9.609737262385162904e-01
1.048413155235672800e+00
1.058151958742710619e+00
1.042444844560985295e+00
8.866355817242831394e-01
1.050592181710035655e+00
9.880827816071363623e-01
1.132715187747629582e+00
1.072943175076764399e+00
9.364836009738478628e-01
