-8.364047257806064284e-01
-9.735461773781499684e-01
-1.164560669874710408e+00
-9.652934655508321748e-01
-9.842234355458171491e-01
-1.108764999080654956e+00
-8.383699563275275324e-01
-9.760066885387104207e-01
-9.123321335138463439e-01
-8.225947240837907515e-01
-1.026345220211340559e+00
-8.637231435952312797e-01
-8.376884983793968509e-01
-9.946070907163880870e-01
-9.143249488790802237e-01
-8.628018478015376802e-01
-8.960154052077973219e-01
-8.828459779528204932e-01
-9.287792886593581043e-01
-1.010831447977307285e+00
-7.613457657604364437e-01
-9.220155712023646588e-01
-9.680926823221727151e-01
-1.013420501598396140e+00
-9.340867657304279259e-01
-9.630976580480139493e-01
-1.039942297371064805e+00
-8.144503450446641812e-01
-9.132198027045139721e-01
-9.917592251602126430e-01
-1.079790839716357143e+00
-9.390860633854426487e-01
-9.862838502657919060e-01
-8.077727422752599695e-01
-1.062182239384514837e+00
-9.242374365866291575e-01
-8.228816436124251066e-01
-9.041104548098496396e-01
-9.395136249594688849e-01
-6.537186483039758578e-01
-1.002627489313222986e+00
-8.970575449122050182e-01
-8.955824640167493467e-01
-9.332596219894588874e-01
-8.934471718774945614e-01
-9.057448657628871524e-01
-9.706228745216803899e-01
-9.401284413925493633e-01
-9.731596089974966501e-01
-9.509789000723321006e-01
-9.751957864867750736e-01
-9.366071929709610666e-01
-7.617929821340756469e-01
-9.152031815764994915e-01
-9.195581235729040070e-01
-9.738444735334697011e-01
-1.045980797254677075e+00
-7.645296480266148276e-01
-9.071569128089503886e-01
-9.164099600427796366e-01
-9.185631907680302799e-01
-8.977226229711763317e-01
-9.158164320945380021e-01
-7.555180718582935606e-01
-1.026400861240352791e+00
-9.292981717349557691e-01
-8.988216473678963814e-01
-8.967258796292428835e-01
-8.421660756445984441e-01
-6.500407464533378699e-01
-8.067769369600031881e-01
-7.336344980530389304e-01
-8.402111883999930919e-01
-8.255681063832548405e-01
-7.885190165481913427e-01
-8.135007373669423947e-01
-9.989454094628973380e-01
-7.394085574150353057e-01
-8.425579857568152864e-01
-6.728788775963941982e-01
-8.514829339950881204e-01
-8.222344238439597275e-01
-7.374800115046513671e-01
-8.922817072984549069e-01
-9.198820947445935925e-01
-5.756224573091892616e-01
-8.777828778600854642e-01
-7.557987816447399032e-01
-8.732691678023419835e-01
-6.698922368904857150e-01
-8.525907008947698484e-01
-7.490652467720209096e-01
-7.399571251746457357e-01
-7.004017199238632418e-01
-7.451806587233341661e-01
-7.824690831294690563e-01
-8.917197875236034799e-01
-8.442710925654802745e-01
-8.247511363732060730e-01
-6.970548994155818523e-01
-8.951138698052915066e-01
-7.994588284667947242e-01
-8.794593318213176358e-01
-8.872280235113541025e-01
-6.701369546006529232e-01
-8.065603856298121377e-01
-8.033692326257915184e-01
-6.629389740082936022e-01
-5.988016027628906279e-01
-8.591443085535971358e-01
-8.836099506057994990e-01
-6.859727732524668609e-01
-7.923060376135896421e-01
-7.021790345909459941e-01
-6.514565893112430617e-01
-8.147626971246687555e-01
-7.193158879883914114e-01
-7.263265055441963103e-01
-6.452275665768330004e-01
-7.167329161286343231e-01
-7.379321636881718272e-01
-8.378916999594994142e-01
-7.837765554446978200e-01
-6.648014364442563773e-01
-8.307567208000807835e-01
-8.510735092727050866e-01
-6.826659982514957647e-01
-7.861169853299244670e-01
-8.978486695753400415e-01
-7.555723848296275191e-01
-7.907240239632474799e-01
-7.058368778907830876e-01
-6.912896453453665213e-01
-6.181774824681690594e-01
-6.040363029947873885e-01
-6.989120820745078344e-01
-8.453385905247026155e-01
-6.623959505428332895e-01
-6.873425796443622948e-01
-6.866794539276622755e-01
-7.051716604396870425e-01
-6.864637524332480867e-01
-7.179817264838105340e-01
-7.484163711421454313e-01
-6.672902368616669966e-01
-6.156007778957284238e-01
-6.883432008443286509e-01
-6.785773021757669499e-01
-6.846372483356928385e-01
-6.438918361721922556e-01
-6.474246726527090878e-01
-6.337822271437045796e-01
-7.955763375809713489e-01
-7.336414282216404681e-01
-7.360664415225800505e-01
-5.425231828472961704e-01
-6.302295200981253842e-01
-6.970618787429740948e-01
-6.901625407926621492e-01
-8.687512143250519792e-01
-6.362504154672000700e-01
-6.759028267119602251e-01
-6.329819189045811090e-01
-6.181883766127050928e-01
-6.514692573291240851e-01
-6.323973953570038997e-01
-6.338009633227073003e-01
-5.993163909226350006e-01
-6.879191016469683451e-01
-6.308028190193327722e-01
-7.761826825124094054e-01
-6.821511955992709542e-01
-8.029847920158000862e-01
-7.323095379704912533e-01
-6.785776503405320792e-01
-7.104932164247221849e-01
-6.696689128770848543e-01
-6.245175165634756498e-01
-6.858030478340546576e-01
-7.210435967253192580e-01
-6.285570075810446022e-01
-5.557857430566375267e-01
-7.146878746909650637e-01
-6.217959223987336026e-01
-7.034671508029524123e-01
-6.488669901107078086e-01
-6.747532096912773891e-01
-6.328697323111833750e-01
-7.006852080508978453e-01
-7.971307583175931688e-01
-6.221275909003846083e-01
-5.469480162246531663e-01
-6.937547580176527395e-01
-5.491947431709888194e-01
-6.927719414977308032e-01
-5.624195604462588483e-01
-7.901268035476898266e-01
-5.290609603909424141e-01
-6.936828870548998882e-01
-7.198304730912110649e-01
-5.500070227371635090e-01
-5.202495532509157083e-01
-6.539981608345388775e-01
-4.875265146997888599e-01
-5.756603212435884576e-01
-6.793074099946337929e-01
-5.473788836868915819e-01
-6.252904511606085514e-01
-5.229925583744333695e-01
-6.429844343309317756e-01
-6.492124136519754618e-01
-6.449192918523373175e-01
-6.780194149534439774e-01
-6.910908447131779431e-01
-6.072117142200533779e-01
-7.420334570552022946e-01
-6.542863951790811594e-01
-5.004998910631456299e-01
-4.508552788561127622e-01
-5.074484960132821243e-01
-6.624239995723916197e-01
-5.568484622897359460e-01
-3.074346832925426987e-01
-6.018870780547680432e-01
-4.725182329759307631e-01
-3.900378430416520659e-01
-6.042954198457028969e-01
-4.595359043918322284e-01
-4.529884472934374573e-01
-6.828744879912853616e-01
-4.978619484674371432e-01
-5.759571469311159930e-01
-4.203941197790300177e-01
-5.468989905632249959e-01
-5.560501648413549436e-01
-4.617956338852435283e-01
-5.291075833902229020e-01
-5.818881340338988295e-01
-4.694517521429278917e-01
-4.919100343251770480e-01
-4.677710027446229657e-01
-5.753198968805132152e-01
-4.400720250633095576e-01
-6.172724357670595907e-01
-7.624234977645354405e-01
-3.917840399269592044e-01
-3.969501065247636462e-01
-5.027730485836652274e-01
-4.176394653488916253e-01
-5.231508323206482958e-01
-5.861850638750182307e-01
-3.770382000479055029e-01
-5.685075704280644349e-01
-4.418651661206362546e-01
-6.090997570206900802e-01
-5.758377325475716457e-01
-4.411442734274331756e-01
-3.947024670676580471e-01
-4.688917613343899227e-01
-5.821801737900147433e-01
-4.040892787435054756e-01
-4.899374776598323655e-01
-4.140255971905623666e-01
-6.036303315797556523e-01
-5.825798532569866905e-01
-4.846966562046147731e-01
-5.571149764545614280e-01
-3.500924843406479359e-01
-6.206912237620603179e-01
-3.982207641803683917e-01
-4.873253039894414052e-01
-4.489497464569975893e-01
-5.356482769244954589e-01
-4.426848342659454594e-01
-3.653066401925715301e-01
-5.051735890405064655e-01
-5.925855040374896632e-01
-4.214922376303618101e-01
-5.194872559142174051e-01
-5.270904701919967295e-01
-3.560844663862666182e-01
-3.696712859930931239e-01
-4.376931574444950512e-01
-6.134258574520582430e-01
-4.458572795353720752e-01
-4.360386805092185680e-01
-5.467850623453419656e-01
-3.801717799194564984e-01
-4.639021099608635623e-01
-4.532863364074350421e-01
-4.237451025408227046e-01
-3.754345753845386158e-01
-5.860951496313547837e-01
-3.545910953322222170e-01
-2.761342595011360146e-01
-3.664475703767483550e-01
-4.022300836953077163e-01
-3.769503506775996882e-01
-4.773884598455522266e-01
-4.437364672657080344e-01
-4.005979991685478248e-01
-3.573721643960621752e-01
-3.959417698037036581e-01
-4.722109090572849666e-01
-4.993182307714686963e-01
-3.494603322164508419e-01
-3.802880421091520691e-01
-3.685195908143970023e-01
-5.177075515968657671e-01
-3.304225123665532893e-01
-4.398579468002442039e-01
-3.729826297689438630e-01
-5.553914970801064888e-01
-3.564926430994094786e-01
-2.292639727211972511e-01
-3.812430572126842554e-01
-3.554267762272423914e-01
-3.703606118021786631e-01
-4.490244816600392763e-01
-2.823169710150461031e-01
-3.587924500400842542e-01
-4.047591752439714807e-01
-2.060384933172622890e-01
-2.196539297529840618e-01
-5.079537656523919198e-01
-3.851258363321439226e-01
-4.836868316097171494e-01
-2.545793562499207296e-01
-4.705666851782485671e-01
-2.648391557425740506e-01
-3.387839795790569819e-01
-5.772429242513957837e-01
-3.319774793691152026e-01
-3.689634322420837220e-01
-1.825946708612346536e-01
-3.755089562535948722e-01
-3.083825921507301060e-01
-3.818526409523741449e-01
-2.269938225334337534e-01
-3.326515971037539154e-01
-2.908047060451840471e-01
-4.167339141826388871e-01
-2.362726212388794877e-01
-3.585941740624366547e-01
-4.460110110006453854e-01
-2.861557385805338916e-01
-2.143787160050065477e-01
-3.928186288634067935e-01
-2.818172733154863385e-01
-3.973258354119794111e-01
-2.314697898506204166e-01
-4.077051351613052987e-01
-3.262849888099947360e-01
-4.170628360390378209e-01
-3.207678252824027743e-01
-2.088239138920321702e-01
-1.888697953485857506e-01
-3.692919799915264645e-01
-3.539733384874408917e-01
-3.980736143396904625e-01
-2.437678987565204958e-01
-2.651969364379757610e-01
-3.528407120237192496e-01
-3.416953988755805360e-01
-1.968884758296353676e-01
-1.014916778401731834e-01
-3.256084973023248841e-01
-2.973382278260965350e-01
-2.983106977426349116e-01
-2.908302203497573069e-01
-3.691417735305513315e-02
-2.699314097802647527e-01
-2.464485651044246717e-01
-1.124598882392193189e-01
-2.248379963890757838e-01
-1.464073079975651004e-01
-2.793917232488288271e-01
-2.468050896473818201e-01
-1.587820134522982540e-01
-2.295538143796721220e-01
-2.080789912111292994e-01
-3.825192708569630784e-01
-1.728425192989311854e-01
-1.601433024982660824e-01
-2.116275393593057830e-01
-1.463492229831822034e-01
-2.550567368545329505e-01
-2.265668711748781428e-01
-1.895563128577431866e-01
-2.574161946365177700e-01
-1.656391960047667311e-01
-2.280004643817032106e-01
-4.671416697867353252e-02
-3.664454842363294440e-01
-2.755401154554015242e-01
-3.419244768528782452e-01
-7.558252374040802524e-02
-1.922866373256156836e-01
-2.718929408980979567e-01
-1.383482564693621630e-01
-3.049497763738238110e-01
-1.257772977265219916e-01
-2.967691529609154388e-01
-1.395194146115736888e-01
-2.037707353557370871e-01
-3.000723415035113084e-01
-3.020406298822561619e-01
-1.781902206646484577e-01
-1.949325568288610283e-02
9.880578596467388952e-02
-2.784018181560743987e-01
-2.225257940697797643e-01
-2.236860257408365416e-01
-1.446298244503793629e-01
-1.818324138232712550e-01
-2.306915063814385103e-01
-1.610802408285831044e-01
-1.324148910030035486e-01
-1.298287935285373229e-01
-1.519153314489929685e-01
-1.673752613732570060e-01
-3.374433340926196595e-02
-1.933678287477429425e-01
-6.559776332240242758e-02
-1.439856801061295821e-01
-1.797713346049604199e-01
-1.093676570701453132e-02
-1.956392883375810687e-01
-2.125255916466458062e-01
-1.753063581984713459e-01
-2.550741533510341164e-01
-3.237289912890321114e-02
-2.393876097049487395e-01
-1.248511446125258884e-01
-7.313778579735119578e-02
-1.684471099691668139e-01
-1.168957396075232386e-01
-1.813804992817479866e-01
-6.917708716898732235e-02
5.542347461669942105e-02
-1.052357756663732796e-01
-8.674071095415528121e-02
-6.348592934389594988e-02
-2.390712224030053790e-01
-2.036763298813969725e-01
-2.226863250125395433e-01
-1.498215908793208706e-01
-1.142849225179885519e-01
-1.289860254176443920e-02
-8.896309918360571778e-02
-2.344167313248022438e-02
-1.174983225530976116e-01
-6.026292427828767138e-03
-2.151305172769918117e-01
-1.355742333972328462e-01
-1.908671058218752437e-01
-2.380892522551853741e-01
5.795012681067278348e-02
-1.360723612134285276e-01
-1.159502380848210917e-01
-2.077123056898393452e-02
-7.251219487462676194e-02
-2.907547687755479560e-02
-7.155821598306115472e-02
-5.236962249799625296e-02
-5.530126486856690865e-02
-4.018514562773949084e-02
-1.379387836368098190e-02
4.787409682705230304e-03
4.224961482634322779e-02
-3.763051750073875823e-02
-1.036178691636536198e-01
-1.072982498955871583e-01
-1.963566530474294691e-01
-2.095542104136864092e-01
-5.000478313266311370e-02
2.495015668689571850e-02
-6.062295100360758776e-02
3.667273445288685846e-02
-1.906812432313880479e-01
2.742812063640743050e-02
6.346117889588615002e-02
-2.377563017958413127e-01
1.516411422102567630e-01
-1.019327673028707776e-01
-9.749258572489215985e-03
-6.119348602265305137e-02
-4.918777105746492684e-02
1.112936296990454065e-02
-1.308000521780942893e-02
-3.159369055342087229e-02
-3.807329468930670952e-02
-8.078695581596231912e-02
-7.533739821424480232e-02
-3.913218524252633918e-02
9.820708754860088541e-03
-1.774309763969031395e-01
4.088618328282789260e-02
-4.795996181316881934e-02
-8.015187714721561454e-03
2.441981713022623943e-02
1.347088842354027538e-01
4.442142630709852713e-02
-2.999946139188197289e-02
-5.735538589360535122e-02
-7.856009405031366688e-02
-5.926872209812621140e-02
6.050563201535500563e-02
4.475905397125612417e-02
2.633824304046302953e-02
1.792752281747482801e-01
-6.300724980266159125e-02
-1.544530373949900247e-02
4.185390211713462677e-02
-3.958934624915969036e-02
1.566047310694388961e-01
-1.341278956321651991e-02
-2.961867458677245463e-02
-2.573521305920881477e-02
-1.270763487314331740e-03
-6.273696302444145556e-02
-1.454552742594714641e-02
1.013982159519428439e-01
1.158957681542891090e-02
-4.573555978391745380e-02
6.267122281994852440e-02
7.829294311641772641e-02
4.963711042059940071e-02
1.753189278536953499e-01
1.019980862186771198e-01
7.682077798031050619e-02
1.595260929347598888e-01
-5.693852347491632632e-02
1.932171559946432304e-01
2.302680191629865869e-01
1.743633626736960374e-01
7.305493669138808654e-02
-1.432766983039330255e-01
5.476955016306910701e-02
5.574848800031823731e-02
-4.177024240192827448e-02
8.896914893676044489e-02
5.086619399270497777e-02
1.192080398344351061e-01
1.048176092308403667e-01
-3.751384715059116054e-02
2.109142893637359906e-01
1.339806253308079842e-01
4.140163376941240897e-02
9.301610524620891607e-02
5.457526169003647926e-02
1.965713297580837238e-01
2.811259791340855463e-01
7.866867320390275031e-02
1.456222220457065869e-02
1.544316402303263780e-01
1.364785868496961596e-01
1.430218730786852743e-01
1.447006921196677953e-01
2.561431166347325483e-01
1.657458905314677933e-01
3.685326970582566281e-02
1.654561055252318225e-01
1.015668627880809000e-01
2.871265549104084353e-02
1.683422949458536211e-01
1.832031612319778846e-01
1.638973056646251536e-01
1.827246494360468820e-01
1.226817063676272496e-01
1.647740981882520606e-01
1.628859142363644763e-01
1.959552474945307210e-01
1.783595651455839870e-01
1.561581233382149381e-01
1.346405674377558481e-01
1.540564063402479755e-01
9.520231406192782020e-02
2.475597409247517755e-01
2.875801560231804332e-01
1.014012761760857556e-01
1.679636478709685410e-01
1.186830660978874519e-01
1.551725476182703733e-01
8.105517049044652644e-02
1.616884239907945275e-01
1.055483223158012185e-01
3.120349010208277041e-01
1.826683203880319906e-01
4.999268071397708346e-02
2.286201693451524186e-01
2.686996297366567310e-01
1.511529472151706688e-01
2.862201473707311483e-01
1.082956763833080593e-01
2.173685108561689838e-01
5.834411487189043038e-02
1.402816247457934762e-01
4.143157975513651198e-02
1.188083167773269777e-01
1.826470160548905319e-01
1.479555312473326001e-01
2.874352830069761278e-01
6.666364366938515307e-02
3.266435035861146585e-01
3.456063768898095523e-01
8.864654044026229474e-02
2.757615885900911029e-02
2.065274888206891923e-01
1.337129735340594205e-01
2.077864298084813599e-01
1.523723983871308751e-01
1.097697284280773899e-01
1.787005689521241891e-01
3.003970634652247118e-01
2.053582943268589533e-01
1.366038970182937851e-01
2.252086919000354792e-01
3.388273368388376450e-01
1.698972942005840536e-01
1.051377830687779541e-01
2.349402277502205261e-01
2.043562518137236328e-01
1.372380017716441636e-01
3.416632217677960659e-01
2.831044473426763686e-01
2.750483499611037219e-01
2.928770517510506100e-01
3.976216755270642889e-01
2.775057537934907947e-01
2.539959090225401006e-01
2.708903978083238573e-01
1.987332306394247738e-01
1.552765454833127112e-01
3.663287203922045987e-01
5.054233627434297910e-02
2.242721893568026814e-01
9.045034424626774427e-02
1.364185102767826729e-01
1.406258164546306810e-01
3.788506849151363487e-01
1.613460983432616624e-01
4.818192624393396462e-01
3.386349355853122134e-01
3.508500331449945220e-01
3.956953937387064357e-01
1.721834527543754378e-01
2.988220024416994303e-01
3.556737524897369274e-01
2.354470500173087566e-01
2.234110101350748889e-01
3.323096312869634472e-01
2.957670176176027677e-01
3.262954580624851109e-01
3.475237237780821054e-01
3.509624746299486731e-01
3.054502369585651578e-01
3.528970176405505366e-01
2.990144937183308871e-01
3.655105046155016635e-01
5.853812600554279127e-02
3.178805718358726495e-01
4.283138768994907419e-01
3.992315577122499959e-01
4.064680900090111848e-01
4.626918398898736684e-01
4.063651806720984805e-01
4.181250342379319584e-01
3.325654813587867187e-01
2.273661652869375105e-01
4.129557371532591170e-01
2.918939387477071934e-01
2.838867349476491553e-01
2.722002497944058796e-01
3.841410616809598499e-01
4.025264346111640523e-01
3.865636721415300348e-01
3.495186260200673911e-01
3.921889598061685800e-01
3.070562741981862631e-01
3.886954143454662280e-01
3.213273579977871663e-01
3.541381588642900091e-01
4.466161829378430537e-01
3.503796867863553377e-01
4.690289939957992260e-01
3.848498985625714019e-01
2.923847268326187909e-01
3.839860305005541874e-01
5.302764050883612690e-01
3.516296005691720850e-01
3.034943400515386358e-01
4.199917761880967437e-01
3.007482892687317055e-01
4.640084467135338619e-01
4.767409280921575121e-01
2.763387374239013039e-01
2.982077980429276853e-01
3.159458800709453175e-01
3.152419422835037732e-01
2.826503543556773690e-01
4.320698716784552862e-01
1.973780319519366222e-01
4.255262813698005298e-01
2.426982148077462265e-01
2.672783382166708521e-01
4.127513154011844820e-01
4.926389378245067951e-01
2.031059064968242511e-01
3.959077541808145861e-01
5.218592313472488753e-01
5.093454045975325251e-01
3.927146449765858138e-01
3.178854559690846293e-01
4.290357838430360893e-01
5.069221940440823415e-01
4.492907243796331884e-01
4.042575982908224175e-01
3.770434780359536719e-01
4.052387485860414196e-01
4.255594187963931407e-01
3.780162084154581881e-01
4.312546981530154810e-01
2.936328937539228745e-01
5.662317171964088569e-01
4.173291938870272166e-01
6.481563749405006014e-01
3.284647924864134705e-01
5.266766144591974452e-01
6.485325639501553496e-01
4.137840974198133681e-01
4.094719151135604029e-01
5.239090303901571266e-01
3.082905136979162131e-01
4.661606932133197101e-01
5.786217350767016709e-01
4.079517216700760951e-01
4.701646673755879857e-01
4.441129610805755745e-01
4.604057636485778260e-01
6.392926256119352280e-01
5.576854809448760220e-01
4.772869489306507118e-01
3.923993284565402972e-01
4.533272053817852809e-01
4.185635547566571857e-01
4.809664331316816366e-01
4.554813019965173182e-01
5.181963043274024905e-01
4.147516384903462416e-01
6.240887369691839881e-01
5.247532023361966003e-01
6.115631300413539861e-01
5.917754710677651797e-01
3.769522345058035628e-01
5.120096379717747892e-01
5.292343451986976088e-01
6.629852725179244954e-01
7.205810410103398178e-01
5.622437400889885861e-01
7.332652698759091203e-01
7.252328797848566211e-01
5.565259482783015965e-01
3.748031822532668644e-01
3.341134464395869585e-01
5.322281428528202740e-01
4.800280565759353912e-01
4.173093247523633198e-01
4.670615309947570015e-01
5.190912727044743047e-01
4.180415686055891644e-01
6.392359269761098695e-01
5.010696079095519062e-01
5.879417877651028634e-01
5.461138154017062263e-01
4.742570240182009678e-01
4.865226043204183282e-01
4.853512902071549506e-01
6.306118500755124590e-01
5.220465904999779250e-01
4.706964655035574263e-01
7.482110505427739255e-01
5.978481245232899477e-01
5.987706644168538928e-01
5.943861528395383287e-01
6.324807051857048723e-01
6.166257067943226033e-01
5.574641785030668428e-01
6.259704982303151422e-01
5.298614782655578503e-01
6.339527913053495389e-01
4.908992021247702287e-01
5.405592373861353162e-01
6.939317157128628288e-01
5.293528083818785923e-01
4.504052300096617611e-01
5.353910491238601521e-01
4.500207274015265990e-01
6.174802486255104306e-01
7.062979358213880010e-01
4.676034443982938216e-01
6.832757079426379221e-01
6.119527569402738454e-01
5.655313439477672732e-01
5.211864135279254961e-01
7.386985985567556812e-01
6.366899506981811285e-01
5.506067078721166297e-01
5.700769903739137945e-01
6.526700976412933564e-01
6.413049941201826032e-01
5.319729228390780440e-01
6.093759806645933086e-01
6.088706001073388441e-01
6.301306112364084555e-01
6.786742674194731206e-01
6.607035083983148205e-01
5.889071690192144715e-01
6.188828286398807554e-01
5.593298157184405373e-01
4.442519599124217788e-01
6.881584845034596221e-01
5.906955411295281566e-01
7.230288202349938187e-01
5.928068005240055838e-01
6.545160780886236651e-01
5.706146952201587297e-01
6.334480671156571541e-01
6.277195985567056713e-01
6.707985786285602936e-01
6.250473240696597932e-01
5.943213999974999995e-01
5.872402803787057923e-01
5.635687675778012773e-01
5.199464746670395821e-01
6.566734278581010109e-01
6.531253270416910173e-01
7.762825480417722135e-01
5.506586152998236283e-01
6.565984082436686631e-01
6.588212372870598799e-01
7.167963620423921656e-01
8.271541018613687291e-01
7.384931016140378057e-01
6.058908712423625165e-01
7.992634906703481867e-01
4.643621454068379006e-01
7.219591301056488275e-01
7.280280145954314275e-01
7.046670035755765449e-01
7.789009405009105214e-01
8.522121358727543505e-01
6.507960789913200816e-01
7.189289287158300290e-01
7.269805594934779513e-01
6.084575817211668181e-01
8.522083787574802338e-01
1.073252981920008287e+00
7.547528697109111562e-01
6.998282389173913209e-01
7.741448563498107838e-01
8.660903159915875893e-01
7.212435921143770523e-01
6.676017295705247712e-01
7.674310979955476508e-01
6.336788149534008374e-01
7.143939661316930367e-01
7.739317140248197502e-01
6.568684318956348189e-01
6.686431161829572423e-01
7.446439476551929282e-01
7.674267236818125282e-01
6.099413996034961372e-01
8.368950493571924998e-01
7.441950249146247476e-01
7.010237464786740480e-01
7.090866845833654342e-01
6.711871321189027961e-01
8.559131156513841709e-01
8.233993258217200406e-01
8.165893228376033264e-01
7.618903410393007558e-01
7.387456643352795504e-01
6.876630531680352210e-01
6.623991855229574011e-01
6.747269683311735156e-01
8.437208740955922659e-01
7.287808832071150933e-01
7.151117916208200587e-01
8.953116768989966001e-01
6.673679660399665092e-01
9.208826344434354327e-01
7.136928762369819657e-01
6.745286157558424422e-01
7.787487615130194163e-01
7.979881239771895451e-01
8.004782196824545837e-01
7.787121839270318979e-01
6.795931859778423512e-01
8.967671168101148949e-01
8.402368652084650780e-01
8.782802008705090646e-01
8.581400853811119722e-01
7.552955257300925096e-01
7.878471115022318561e-01
8.182477875551318336e-01
8.026654370719158438e-01
7.509645088070172614e-01
7.561575896714097800e-01
7.911159335692667938e-01
8.415704016548350985e-01
7.476980209239828534e-01
7.786423633800124700e-01
6.892805354204987189e-01
8.918778788314570827e-01
8.501283696827065528e-01
7.552187823769204167e-01
6.839654881805458109e-01
8.017230105289997466e-01
7.903720675061598477e-01
7.661090884095445031e-01
1.050903482568795289e+00
7.911699922782009509e-01
8.668920546307423702e-01
8.571530997799986507e-01
8.321748601318298411e-01
9.117557306214825186e-01
8.656708907243269024e-01
8.716444551222274351e-01
9.400461087117767400e-01
8.452396350880535536e-01
8.103274530810431475e-01
8.405691705942071046e-01
8.609218114748447004e-01
8.295966443809801305e-01
9.679761468863000706e-01
8.445294857478294892e-01
8.621056912421204421e-01
9.149793518089414102e-01
7.846536799603465173e-01
8.950976975907708466e-01
8.148767160375630647e-01
8.293354968544637273e-01
9.512288255572846074e-01
8.999715396572923742e-01
8.790878017651001519e-01
9.317320943477085393e-01
8.997095556439949071e-01
9.180795333535997083e-01
9.457817146206595194e-01
8.365940507868167009e-01
8.184151964969818005e-01
8.954381977690941685e-01
9.375172606281384491e-01
8.703588674463801356e-01
7.698361768525842086e-01
8.334925303787851236e-01
9.446643511707384366e-01
8.086338141128364132e-01
1.065256713762711360e+00
8.956908696311141060e-01
9.019586931738365898e-01
6.927721496565786286e-01
9.401015054362177326e-01
1.084113422247655167e+00
8.288270620422023560e-01
9.203940825323901898e-01
9.302533563768776714e-01
1.030761337683981926e+00
9.705655740120417985e-01
8.025391390480242082e-01
8.869016265231645102e-01
9.193802910135175921e-01
9.222096304597693361e-01
1.005960621462040683e+00
7.732679788638628926e-01
8.969350703592697815e-01
9.058873848669073414e-01
9.865558922473570691e-01
8.988561605738514260e-01
9.695412243835630495e-01
9.725883866225968344e-01
9.593966014385203467e-01
9.014598164232938693e-01
1.014831872774064836e+00
9.674935419193293473e-01
9.029784496005456296e-01
1.014553393204036036e+00
1.095309098441766826e+00
1.167039404796729407e+00
9.708796646125630314e-01
1.040766241145854476e+00
1.047002965876308700e+00
1.029944178157957468e+00
8.801998550467825533e-01
1.053439903418847967e+00
9.831837274623822509e-01
1.137296500669603194e+00
1.071105989455572560e+00
9.358902579778514141e-01
