-9.914126443442105030e-01
-1.008573009700336476e+00
-1.044306139926215460e+00
-1.123545233608377547e+00
-9.858167484914844847e-01
-8.936211147224464302e-01
-9.312887036876006386e-01
-1.071409330851496255e+00
-9.983522026233946356e-01
-7.963621182953312116e-01
-9.838661386784074425e-01
-9.216149170666619872e-01
-1.013642461893794700e+00
-9.248974040609200253e-01
-1.048568441919639271e+00
-8.982740162129571049e-01
-1.045466618472584930e+00
-1.006045786785261908e+00
-9.292795207702387872e-01
-9.576505037298872480e-01
-8.851226914205319041e-01
-1.043209958101081636e+00
-1.113846723848957776e+00
-9.892403593783282156e-01
-9.194056070418467064e-01
-1.029523643055076487e+00
-1.007468814617671349e+00
-9.853288100827370943e-01
-1.123731626167068454e+00
-1.043120953570230158e+00
-8.687436848126317557e-01
-8.749861680371842088e-01
-9.069483239730131707e-01
-9.887138190191346876e-01
-8.877477516775039712e-01
-8.818679356427431282e-01
-8.930384265882894690e-01
-8.314857301520207633e-01
-7.781114438317225934e-01
-8.857959493239416782e-01
-9.334821015047507498e-01
-9.552837295989740074e-01
-8.165112980662011521e-01
-9.960981340522233607e-01
-9.371136782253421948e-01
-7.420816768534556074e-01
-1.197399279883387235e+00
-1.066464562566366236e+00
-9.429954809424546669e-01
-8.782965161513168750e-01
-7.606900460750849469e-01
-8.809523799871262772e-01
-9.764184755747722377e-01
-8.152776479838294010e-01
-9.182151208291798872e-01
-1.008834453001440368e+00
-8.571804960120575911e-01
-8.929783557337659383e-01
-8.299310285838258361e-01
-8.017340870163828237e-01
-1.058808248598591240e+00
-8.213159168688859424e-01
-9.701980598750358231e-01
-9.025874810731576714e-01
-8.477724865579905345e-01
-9.115019294883442980e-01
-7.938097209050144487e-01
-9.555639630106946836e-01
-8.900773940735527967e-01
-8.732704363873784459e-01
-9.248854125016576777e-01
-9.477363650522325766e-01
-8.268934212615135504e-01
-7.780756247062871056e-01
-7.692977321335214835e-01
-7.039607652641654001e-01
-9.068931347200523962e-01
-9.203785714960124320e-01
-8.408191453296840479e-01
-7.588732250054999184e-01
-7.078802414931290032e-01
-8.341252586120906365e-01
-8.541821999266614451e-01
-7.998560683843853880e-01
-8.704961454656375830e-01
-6.834246470637144188e-01
-7.047943437638664044e-01
-9.627325182086079458e-01
-8.552810202360404679e-01
-9.176072347810528829e-01
-8.734511870396455269e-01
-7.529806779447379972e-01
-7.286024192869268168e-01
-7.391674868747527549e-01
-6.748084302768375675e-01
-8.552458477967307404e-01
-8.755137128744615582e-01
-8.608577408476087989e-01
-9.073071270855884718e-01
-7.710136143781883833e-01
-9.155119334426958799e-01
-7.365762673303072328e-01
-7.611545535408842378e-01
-8.461804860366731740e-01
-9.126018810886483701e-01
-8.150262132052071840e-01
-7.781809296494017758e-01
-8.510486250178785905e-01
-8.691331936033531713e-01
-7.842221361229864129e-01
-8.692182843064751863e-01
-8.274979224642093900e-01
-8.024274996791184167e-01
-9.176906165963266693e-01
-8.670434058866856031e-01
-7.946922942743110951e-01
-6.742217186627683656e-01
-7.120087462050681548e-01
-8.172408846376678637e-01
-8.050417031771699428e-01
-7.989099300022934891e-01
-7.519737637539044561e-01
-7.756678517311096366e-01
-7.129674911477209553e-01
-7.745818356930391779e-01
-8.788604304215529295e-01
-7.716952038640397804e-01
-7.610569131504810736e-01
-6.786644417641487514e-01
-7.404844454550809640e-01
-7.847390170123154096e-01
-1.002645688408032809e+00
-7.228018364568251641e-01
-8.595160178780827387e-01
-7.993722560258650356e-01
-7.484851438435415893e-01
-7.566962593291094441e-01
-6.017418826941185461e-01
-8.055345086813358035e-01
-5.704700682317775939e-01
-7.788601917713977585e-01
-5.686263953237330471e-01
-7.238909881051007744e-01
-7.639841570291115991e-01
-7.998907301622005805e-01
-6.715234273461360148e-01
-5.627423526615572547e-01
-6.230777522102100008e-01
-7.342478918628368989e-01
-8.021237095530108219e-01
-6.265543837701965657e-01
-7.686935848507832070e-01
-7.511790055392608689e-01
-6.948579149476215022e-01
-6.329139845900840777e-01
-6.689495788019330647e-01
-7.019727057397603387e-01
-8.755018823517602966e-01
-5.164070167525212085e-01
-7.415992864429713505e-01
-7.644459417508421284e-01
-5.360921774493025982e-01
-6.165153378923075023e-01
-7.182942397169099769e-01
-7.162820839109546034e-01
-7.600297648290591512e-01
-6.514538456371431474e-01
-7.231897790678190052e-01
-7.081616370037434605e-01
-6.801974995817150482e-01
-6.164206232553051112e-01
-5.567999496000476389e-01
-6.598407941953660094e-01
-6.059875254150176582e-01
-5.422253576474911352e-01
-5.220925726976907155e-01
-6.310096373245787094e-01
-5.686594785660674667e-01
-6.419391147816456700e-01
-6.225395388919858775e-01
-6.703757288302474304e-01
-6.283735840876035761e-01
-6.097930497226854429e-01
-6.064929754645811411e-01
-7.230066099710823480e-01
-6.512930314557133782e-01
-5.905199746870121169e-01
-6.017288757760014262e-01
-6.046075221980604653e-01
-7.665184893052863213e-01
-6.698376959955976151e-01
-4.472913693065239116e-01
-5.966160054865102813e-01
-6.147732654746659309e-01
-6.436952887134756995e-01
-7.815336467942699539e-01
-7.385026006263358811e-01
-5.384433171149388686e-01
-5.456976971722689029e-01
-5.406714092623865486e-01
-6.102882171907537678e-01
-5.992343266976156713e-01
-6.293660903146052199e-01
-4.509239265971345390e-01
-5.710512972917135555e-01
-7.202497954415288950e-01
-6.642632221489818134e-01
-5.089584304249026303e-01
-6.670880939270616983e-01
-5.790509829108786422e-01
-6.227408123104196669e-01
-7.052349857414167422e-01
-5.119677113588110284e-01
-5.770105605027756601e-01
-5.984882909455510047e-01
-6.985461896227196377e-01
-5.966516715183850517e-01
-5.096708052606070405e-01
-6.054498134308088364e-01
-5.321293553597536974e-01
-6.356869270871120525e-01
-6.124705259693404846e-01
-6.580000178424315616e-01
-4.610716531042062249e-01
-5.669655694066835228e-01
-7.579378316939663351e-01
-6.862425266666831725e-01
-6.060442387673162790e-01
-6.074903894676889626e-01
-6.331608925931716536e-01
-5.205687957644593578e-01
-6.226779233153428850e-01
-4.932647513194572952e-01
-3.777954510243786146e-01
-6.793434698857852005e-01
-4.981831889817353587e-01
-3.871489276084101872e-01
-4.874919791568776417e-01
-4.780726714654696674e-01
-5.716761817074172969e-01
-4.610389013375565392e-01
-6.623786656774727222e-01
-4.048846174574896040e-01
-4.665494783803255108e-01
-5.838810162688417016e-01
-4.878347123333849900e-01
-4.335237624653871524e-01
-4.313654958666735539e-01
-4.779739296569056051e-01
-5.260713250525476115e-01
-4.664698948094748165e-01
-4.120143111690965365e-01
-4.503757540166870021e-01
-5.240449230264269120e-01
-4.121862385429561626e-01
-5.916608515118852996e-01
-5.430596989905790428e-01
-5.612093501041538479e-01
-6.741495707680672522e-01
-4.229183005086691871e-01
-4.088409423453418512e-01
-4.035814898198350487e-01
-5.564611413217480651e-01
-4.878023452771619861e-01
-5.194813827125471795e-01
-4.646759462126687779e-01
-4.524589818711274303e-01
-4.795306396204436217e-01
-4.851017593463627375e-01
-4.541339285509247703e-01
-5.833279060875676825e-01
-3.900671991988446941e-01
-3.787671252018131596e-01
-5.053216762444303622e-01
-4.578022871011350747e-01
-3.766379726334495581e-01
-3.984094744824325796e-01
-5.037382808510575405e-01
-3.271791000040290553e-01
-4.166963393904018487e-01
-5.317263368739666429e-01
-2.944263959511895234e-01
-4.987080417120873244e-01
-4.771247724194658812e-01
-4.910162313260848510e-01
-4.442152148158860503e-01
-4.062808283173118262e-01
-2.537248957272182359e-01
-3.847558874861934375e-01
-4.837831599503124025e-01
-4.493829913726448688e-01
-4.669585257144510670e-01
-4.068535995889379642e-01
-3.645191771362424338e-01
-3.797789990141709482e-01
-4.984928140740463309e-01
-4.485016753164688397e-01
-3.848456950644356667e-01
-4.408991726918726206e-01
-3.685580147701570941e-01
-3.294871014062675241e-01
-2.439550770267269464e-01
-5.196284773471565588e-01
-4.706336262622235478e-01
-4.311261333807878682e-01
-4.320897434473068843e-01
-5.530924981652696193e-01
-5.672340417181248595e-01
-4.018636465924885770e-01
-2.325623349421290509e-01
-4.338387969821554391e-01
-5.635202301463945185e-01
-4.646226876441524878e-01
-2.999265367581135378e-01
-2.953252300426957855e-01
-3.689574528461984637e-01
-3.481436971720034412e-01
-2.998432258047306065e-01
-4.330268418005251418e-01
-4.313155711297731454e-01
-3.062347253395035218e-01
-3.422768941280747157e-01
-3.602194327778573402e-01
-4.289267604281946089e-01
-2.774884994913702774e-01
-3.583847413667825554e-01
-4.543976286338739512e-01
-3.671142376159116094e-01
-2.531307816361240137e-01
-4.075228399788659583e-01
-3.890791182796155545e-01
-2.680199189083346534e-01
-5.059319287257517672e-01
-3.684723857023160520e-01
-2.914865984289694567e-01
-3.097426629533585607e-01
-2.876482101401023894e-01
-2.769664487573068601e-01
-3.087974934818282224e-01
-2.556629596931593862e-01
-2.237755346027474335e-01
-4.246532374295469703e-01
-2.312550908221159551e-01
-1.265358646307319368e-01
-4.561510433147537569e-01
-2.465713576645821581e-01
-2.255099617586248939e-01
-3.214996017555840635e-01
-2.056066238147584435e-01
-3.923859635220094400e-01
-2.630258693691664984e-01
-3.020605007459050140e-01
-2.511473934735450886e-01
-3.050318352905687092e-01
-3.778969098760734391e-01
-1.988212998961802480e-01
-2.019882880174772299e-01
-2.205682828917700233e-01
-2.810657649575972195e-01
-1.261276732269692447e-01
-2.224556932751156624e-01
-1.440129837860996687e-01
-3.231334929257882460e-01
-2.911225051245316942e-01
-1.814338652473642122e-01
-3.625144796022450322e-01
-2.779252574863028125e-01
-3.861658721352320689e-01
-3.900804903737614682e-01
-3.731374950277743241e-01
-2.351235621287347810e-01
-2.045363903700226083e-01
-3.347083905188891206e-01
-1.854801181533283216e-01
-2.138884658075095591e-01
-1.410302609525805051e-01
-2.957720440221336955e-01
-2.665868375937432422e-01
-3.114575125591509397e-01
-3.616833164944369683e-01
-4.448907393939517396e-01
-1.924230565389722092e-01
-2.366110015683887957e-01
-2.449220255028381477e-01
-1.045714871427794457e-01
-2.240449370088401781e-01
-2.778704072162089811e-01
-2.083371845957379398e-01
-2.073453579155498938e-01
-3.079855310067703411e-01
-2.552841226865479873e-01
-1.830248845259624946e-01
-1.979567206430709048e-01
-2.151230897943390841e-01
-1.240023952849056074e-02
-6.069846494909584417e-02
-1.475720703102523235e-01
-1.190382203870200134e-01
-1.758601645738243624e-01
-3.154712369425479168e-01
-4.941294056111258937e-02
-1.409314882636097666e-01
-2.440937848614145242e-02
-3.086592809406237814e-01
-1.322658787934047619e-01
-1.661642815390638739e-01
-7.393112266827343848e-02
-1.038735091410930705e-01
-1.686695126543653611e-01
-1.439402414433101907e-01
-3.147698825727621164e-01
-2.204197235376179342e-01
-1.627730375270223517e-01
-2.973926229554477718e-01
-2.484962188525319804e-01
-2.289505068855202108e-01
-1.225646565160300877e-01
-1.326721021237354248e-01
-1.583350886377267175e-01
-3.718777859226574667e-01
-2.298613405420884270e-01
-2.588677930727726895e-01
-7.704056097609798814e-02
-1.656294314997001083e-01
-1.355884106363499930e-01
-6.032419476187986240e-02
-9.306730925069760241e-02
-2.064197897259685555e-01
2.438081852845378275e-02
4.884730574386232649e-02
-8.559833880829291475e-02
-1.033964708978195174e-01
-2.969720602919852515e-01
-3.664452217965494946e-02
1.963267173335918672e-02
-1.799868729403434064e-01
5.500491541661299728e-03
-1.333318072560346901e-01
-1.031932689832636002e-01
5.535437161770557363e-02
-1.307724400128083553e-01
-7.761152636676299510e-02
-1.307302323666570398e-01
-2.031593731029641414e-01
-1.472754666050879180e-01
-1.050832871237545457e-01
-9.540066897581486738e-02
-9.816105378934592354e-03
-1.379702017985195428e-01
-1.709154900916884934e-01
2.254076984785609381e-04
-4.365843746859694036e-02
-8.303292573072781901e-02
-8.082252231970867007e-02
5.333299161578090170e-02
-4.242533202589627433e-02
-2.384890359970372187e-02
-1.605213260741669146e-01
1.808991724002015009e-02
-5.932481542818349857e-02
-4.546120321639218753e-02
-1.776705810449815681e-01
-8.336934230788589639e-02
-8.666645232206339478e-02
-1.635746153151358961e-01
2.629390338408858427e-02
-2.547350396807745443e-01
-3.290400310448404059e-02
-2.918083866741628118e-01
-4.020824919042070150e-02
-1.588500379114772820e-01
3.991376942871191491e-02
-1.559393271767655909e-01
-7.791895950650445934e-02
-4.004392854319121370e-02
-1.182384871759028094e-01
5.238094572619622635e-02
-3.492096715570561921e-02
6.948212057242172945e-02
5.726857742536415469e-02
-1.784091011701038065e-01
2.556498601078078040e-02
-2.186906422199466904e-01
-1.140759329164665603e-01
-1.907177051941997409e-02
-1.154573399979978189e-02
1.001110646359042872e-02
-2.212604339655232025e-02
-1.316135107076076005e-02
-2.665510247679624481e-02
2.424434473917611368e-02
-1.487286255820030323e-01
-3.329859539244124644e-02
-1.071289561815987751e-01
8.682398497093052336e-02
-1.345258483835680974e-01
1.333341749130199649e-01
-3.113910020024471953e-02
-7.144954255906672824e-02
-6.512114342277676438e-02
-8.869409407208533880e-02
1.356258451425767786e-01
-1.432372503594863677e-01
3.291912812674876315e-02
9.195671977071230574e-02
3.374925749716785328e-02
-3.137689832099709725e-02
-7.248776369817870602e-02
5.086721475111075780e-02
-1.101724075107188561e-01
7.756245193429622299e-03
1.515877031320605195e-01
1.422354879477424061e-01
-4.147562846337736475e-02
1.260757809405665120e-01
5.483201104140329046e-02
1.758155761956963492e-01
9.930295261793993522e-02
-6.285045978667275213e-02
-7.795876333745885289e-02
1.180961140984014973e-01
-2.864606352242953999e-02
9.916061024246923365e-04
5.193703785209549673e-02
1.828760330369743337e-01
-1.013289558108556622e-02
9.792451565263350644e-02
-6.151759432520177706e-02
9.371849583511705772e-02
8.470815337689420466e-02
6.779414167598800389e-02
1.097546948445238396e-01
-4.325964093150652667e-02
8.901090378430642769e-02
9.311293355296346164e-02
2.044461668004677324e-01
1.525998818804351065e-01
1.708679851419731277e-01
7.328231600309376148e-02
7.731604407683084768e-02
1.092641035189574755e-01
1.709801217611146493e-02
5.254517093184272146e-03
1.030760958667229360e-01
1.514514828176904138e-01
1.940186314336312667e-01
1.735827809917115105e-01
3.014933136344570552e-02
1.361795319336329101e-02
9.534390152842571464e-02
7.615886141275367283e-02
2.993143234828238644e-02
2.551980248046642474e-01
-7.582752546545964631e-03
1.760753443689960507e-01
1.640995331361627119e-01
3.658040113650658925e-02
1.323684696860130960e-01
1.440360739961755177e-01
-1.156166769322243895e-02
4.510451068883791076e-02
-7.517556639308437894e-04
2.321625086521120207e-01
2.064201389045952073e-01
1.003949352460861560e-01
2.158759840946761488e-01
2.366313737544546714e-01
9.597656442281783662e-02
4.036792985821365670e-02
2.380456515566632125e-01
5.054046108042443280e-02
1.742213994538479027e-01
2.085527899700804488e-01
1.944581732978805655e-01
2.351542712907856228e-02
2.443331228367319752e-01
2.757374437328725669e-01
1.062495326869995343e-01
1.896809110890381456e-01
1.132778704117171770e-01
2.274786772373786625e-01
1.796152528101759016e-01
1.281816712961981741e-01
1.867421899900345572e-01
2.597174609103541365e-01
-7.621390251100081115e-02
3.808562823296832850e-02
1.484531022007341272e-01
8.116834960932427234e-02
1.452867136897663947e-01
2.065959452096367555e-01
2.644315855952308891e-01
7.576633710992920767e-02
2.944538765460082974e-01
1.167982298930310275e-01
7.098714873734306152e-02
2.046740214483751263e-01
3.912554932445307387e-01
1.788883519212071671e-01
2.297182779337018088e-01
1.444296607710931213e-01
1.782194545911750527e-01
1.424150777387621358e-01
2.592845131922161261e-01
2.253772993001262881e-01
2.035436777700116717e-01
2.008134870104656966e-01
2.732079468397489164e-01
1.882394299736346865e-01
2.546698197145121356e-01
1.677914906044771504e-01
2.892813606221176226e-01
3.735937657503646259e-01
3.053472367225392170e-01
1.528817127821638922e-01
1.441211983625967641e-01
2.441507871624434833e-01
2.314509812260935051e-01
2.881121615748717391e-01
4.038052662254414948e-01
1.352725404337235260e-01
3.940408776485569003e-02
2.798846164503410727e-01
2.672999138773703987e-01
2.322272172903621368e-01
2.556600299788659436e-01
2.667163930457114862e-01
4.414761399628419070e-01
2.888890127892204118e-01
2.374781262252769198e-01
4.603984188313243742e-01
2.208267563853798798e-01
2.996747031469034206e-01
3.234586426872544385e-01
2.821958090109019657e-01
3.944518558910672934e-01
1.964448749998477239e-01
1.967325481599662695e-01
2.496742681128198138e-01
3.076100965325128667e-01
3.067474108564727797e-01
1.828898080375763180e-01
2.927272532129618354e-01
1.597679011632010815e-01
3.303387408188768748e-01
3.040027574747996009e-01
2.408286865010945688e-01
4.192170822398019747e-01
3.326841960751790728e-01
2.458819319138585424e-01
2.737166749442446895e-02
3.285858773833921220e-01
3.027222663981540829e-01
4.063026131358952742e-01
4.014363560118849872e-01
2.411281867065108997e-01
3.363511231338678353e-01
1.843669363533047278e-01
3.403459228096365474e-01
3.759004556434092925e-01
3.201791204754855791e-01
2.764353601019695628e-01
4.129033092340716471e-01
5.368039257693862920e-01
2.342571432954398403e-01
2.153232642485105042e-01
4.020163808529528260e-01
4.078820352390635229e-01
2.954722631152090773e-01
2.759958526851998828e-01
4.062041394079055068e-01
2.838101947529475533e-01
4.959090344385526095e-01
3.599063741007187400e-01
3.715341774656288898e-01
3.843165769088052186e-01
3.233778833072440961e-01
3.819582887214253430e-01
3.772551861504924164e-01
3.281570274103821627e-01
2.917291984439910335e-01
1.769250100962880545e-01
3.188017884615643172e-01
4.304098737388541429e-01
2.387597761581838340e-01
4.807514680847643218e-01
3.954410171082223258e-01
4.558541565069822998e-01
4.155774926570594552e-01
4.628842265053779714e-01
4.414162555382846187e-01
2.952812019080678363e-01
3.904233457741845825e-01
5.182102065268033853e-01
4.285630221668721429e-01
4.531215735680447776e-01
4.039010372667841686e-01
4.259642426572593510e-01
3.990018864355570627e-01
3.470517646189101302e-01
5.417104778441765855e-01
2.910853101132942489e-01
4.526834287279217772e-01
2.409738298351002950e-01
3.296653740034986013e-01
3.687742307702999711e-01
3.897241770976406783e-01
4.484487733512913521e-01
5.936851009097466880e-01
3.767809661448599523e-01
3.773712823309799402e-01
5.376868002914878542e-01
4.428917341613997638e-01
5.007207280704779606e-01
4.516300745832221297e-01
3.541930930384091791e-01
3.272100980287629968e-01
4.510817866951144506e-01
5.034712226085499287e-01
3.195493673322193917e-01
4.603752357361906578e-01
3.297268996130209295e-01
4.550789628137813514e-01
4.763706199426381849e-01
5.860356827408274016e-01
4.708990829134879763e-01
4.089106487001395451e-01
4.951485674982008534e-01
5.332464387415895013e-01
4.638801513746476091e-01
5.015302807976718125e-01
4.324252489257778276e-01
4.763800962321903532e-01
4.390873689311590722e-01
4.049848981815054594e-01
4.360059755202584375e-01
5.565929332857402212e-01
3.810309964811595118e-01
4.253072051126786657e-01
5.098877799979942838e-01
6.123025379744909680e-01
5.833358361719670482e-01
4.741107477185887431e-01
5.746032178632592968e-01
5.919977650332973740e-01
5.776712383403109774e-01
5.753895789399323668e-01
3.973820644286080173e-01
4.598997311288617329e-01
6.110768049013243219e-01
5.426807456221395265e-01
5.403301840188008409e-01
5.449014922928306914e-01
4.654742530143222701e-01
7.631755087325570175e-01
5.141688923872981265e-01
5.387366731996999780e-01
4.230304562454154094e-01
4.682735521252664457e-01
3.719282718800688281e-01
5.387921142611975522e-01
6.050512264561997977e-01
4.554909369265980335e-01
5.858327531533029653e-01
5.045729375216519985e-01
4.263975224015157384e-01
5.461618147326672279e-01
5.057719320454074907e-01
5.331981350206003167e-01
5.125253686155473165e-01
5.643763199857830815e-01
6.295524398373641972e-01
5.430907253815163704e-01
4.938240564796014254e-01
5.889658066164371597e-01
5.988942280591247336e-01
6.071084049004783489e-01
5.739622677384105254e-01
7.047114329654892151e-01
5.981513202441052224e-01
5.540860617320462200e-01
5.282031893217681295e-01
6.632450164582415209e-01
4.534576318289668673e-01
7.205720282767678064e-01
5.708458034515266899e-01
5.940038565640191059e-01
6.428439745000797956e-01
5.005843141984801514e-01
7.171345079365540887e-01
5.256399927699577646e-01
4.810115958426304239e-01
5.790616439187822317e-01
4.993551172470113708e-01
6.016901859322687507e-01
7.059196440534324379e-01
5.364443568304090304e-01
6.298128289271157643e-01
6.747667337855411951e-01
7.321854748870463281e-01
6.505457182404225103e-01
6.058643922029662843e-01
5.884182768146724030e-01
5.897011357329992043e-01
6.206037957969585683e-01
8.102881294966027825e-01
6.476963959804600268e-01
5.909621393395256828e-01
5.673565343194061361e-01
5.551176108842499346e-01
6.578794439232479307e-01
6.191590185494054710e-01
5.994935588389902481e-01
5.399817888379909725e-01
4.031300325286511499e-01
6.252859130087917716e-01
5.605735632357854437e-01
4.723818762971525587e-01
7.271903018935307328e-01
7.909834981731993508e-01
6.244280054584084860e-01
5.975130534388539694e-01
7.019263265543687069e-01
6.164018125840091678e-01
6.054402198886936759e-01
6.260509881169560309e-01
6.824428097049921593e-01
4.912645446723473697e-01
6.770547589569129165e-01
8.371982252505405508e-01
5.468393925947299117e-01
7.723439952036650347e-01
7.372734158259117709e-01
7.514676064182457260e-01
6.743241574174924091e-01
7.800516508568281493e-01
5.679377274067737291e-01
8.479710389665505721e-01
6.790033511280758605e-01
6.126058887080393367e-01
6.176235582526186096e-01
6.301833125787469347e-01
6.561426943944731471e-01
6.901395152631730756e-01
7.181018581894040853e-01
8.715270524587170886e-01
8.400783275727190524e-01
7.956367933717900520e-01
7.300007006655532260e-01
6.969481446995510199e-01
7.168575240043523200e-01
7.117090801384139409e-01
7.009198085523102861e-01
7.209075323681495284e-01
6.580774773461868232e-01
7.602426758024045661e-01
6.463834435775981380e-01
6.605412620389153888e-01
6.433986050455302586e-01
7.046330098166918576e-01
7.832980963053025603e-01
5.772419401326329691e-01
6.797105572726581668e-01
5.332432465296313984e-01
5.973251932311399726e-01
6.859963052640415393e-01
7.921961904599558180e-01
6.456789805887908074e-01
8.322266174707307895e-01
8.618004331928655892e-01
6.901612406244804765e-01
7.318844426092278033e-01
7.969690662277203463e-01
6.953697426115161839e-01
8.360175981461764882e-01
7.165824323276011043e-01
7.424679247059207121e-01
6.239276650506743183e-01
6.686643269809156021e-01
7.569786395681765701e-01
7.062535373209239964e-01
7.054747984022171625e-01
7.502518038689413027e-01
7.982009010311431618e-01
7.731403315586119485e-01
6.902309579705142584e-01
9.223002554153383326e-01
7.740231588524402184e-01
9.269345973405491712e-01
5.995842341626697047e-01
7.219758709474192182e-01
7.442743042819959243e-01
7.326769870121305761e-01
9.485638726271767851e-01
8.756575115342978277e-01
8.069362142386892200e-01
7.039945947442669549e-01
8.973253054136310913e-01
8.233147631114290377e-01
7.541757328637541669e-01
7.671091456008840570e-01
6.902669613836821538e-01
8.516811335409844030e-01
8.917894474323485587e-01
8.702465591226528074e-01
8.497384654521247249e-01
7.505598647345472774e-01
7.961212551102785362e-01
8.456409596559849584e-01
9.265770319128334709e-01
1.033926226687212457e+00
7.509103241045977928e-01
8.298039002662653818e-01
8.991880493889494730e-01
7.933198427314916978e-01
6.820602379283328132e-01
7.340173019335535232e-01
8.937604964502265936e-01
8.548324606626416244e-01
8.406375110264256989e-01
7.939190260919840592e-01
7.732478199019022780e-01
8.759423989995250848e-01
7.997110501087422163e-01
8.655860932101400174e-01
8.573185224015325012e-01
8.189821217560491196e-01
8.459053393165826273e-01
9.535087940720569089e-01
8.607809230702101466e-01
8.424021294729806542e-01
8.242806484897851060e-01
7.937945375584304353e-01
7.604804915395451115e-01
8.409419714288598469e-01
9.154047266159220930e-01
9.886732130495665682e-01
9.385958167636070382e-01
9.377058021860950054e-01
1.006604649400136609e+00
8.877517355979924751e-01
9.135119411914220944e-01
8.524757854272725366e-01
6.035132463894157251e-01
8.933161481108916613e-01
9.585415415764915181e-01
8.975898988658074229e-01
8.032891659301315546e-01
9.217179199121529054e-01
9.182443847639725210e-01
9.911446892969264510e-01
9.721837902106096330e-01
9.357472583833994495e-01
8.484477222439125166e-01
8.466543926469208836e-01
7.043101713585295798e-01
9.976490891682932016e-01
1.066606711023733389e+00
9.652090080650442827e-01
9.239125234529136366e-01
8.396164425522102404e-01
8.845064003687076459e-01
9.945432684467465645e-01
9.787542286037438366e-01
9.200419935715594688e-01
8.815463574456364748e-01
9.789461718124972123e-01
1.105791324560222222e+00
8.592697536838932448e-01
9.678281099156350598e-01
9.383528839302512914e-01
1.001988101552923949e+00
8.501090430597082470e-01
8.175880410202280846e-01
9.547153442910664145e-01
9.541234745079436586e-01
8.803872837466707457e-01
8.834337662256921408e-01
8.945801867093895465e-01
9.770294138939337181e-01
9.889448984689530597e-01
9.803435068622942117e-01
9.739607542468428081e-01
9.231597872299355245e-01
9.472063772923318137e-01
9.641691239686507320e-01
8.731021621106658248e-01
8.711923145691493620e-01
9.843105118708602719e-01
1.008015475614109535e+00
1.018346897048960864e+00
9.981872939727599592e-01
9.363787140132628917e-01
1.010165251037452805e+00
8.427477678690330487e-01
9.451141274313392682e-01
7.712490251312873468e-01
9.940295490388080246e-01
9.489428871694365331e-01
9.758636264753608458e-01
