-1.064391293260686933e+00
-9.754066573766793091e-01
-1.043354604744073155e+00
-1.058930870425875526e+00
-1.060367403187644442e+00
-9.753415399822820131e-01
-1.212110298540353570e+00
-9.842353785082589290e-01
-1.058261810109732748e+00
-9.658670491273212422e-01
-9.828159028203687919e-01
-9.944664574913647526e-01
-1.036096301963757682e+00
-9.300428940565099722e-01
-1.167734749412050688e+00
-1.001122221736028273e+00
-9.301198839191398005e-01
-9.924747128951488806e-01
-8.775742826322235901e-01
-1.064102979990482645e+00
-1.150327067974890261e+00
-9.641280257907482998e-01
-9.359473019439378261e-01
-1.036284660802367252e+00
-8.602729736892529289e-01
-9.372909312394634984e-01
-9.798862021579197723e-01
-1.037499978758929853e+00
-7.787634021587362954e-01
-8.856459317560203548e-01
-9.726929824399205282e-01
-9.521743575132639581e-01
-8.877927947868983205e-01
-1.035627200022935845e+00
-9.725084192526332050e-01
-9.375423674606292446e-01
-9.914753772486689654e-01
-8.959964508508050374e-01
-8.144544982981387626e-01
-8.116686534143897624e-01
-9.579209181075790669e-01
-1.010317544804650636e+00
-7.861350249853664707e-01
-8.256393742775846034e-01
-7.959784988824796237e-01
-8.759976813446089805e-01
-1.040047691688557485e+00
-9.295208929081311133e-01
-8.715906198624701062e-01
-8.447203049923289742e-01
-9.186309772554819286e-01
-1.010893652086648498e+00
-7.653134480260911365e-01
-1.002424888677756698e+00
-8.991766938388184860e-01
-8.729978638043969230e-01
-9.477726064380819215e-01
-8.407876234177596997e-01
-7.882887866397215726e-01
-8.451592143288846337e-01
-9.122317403297997007e-01
-8.393286935664230342e-01
-9.127676252962907411e-01
-8.574123111792184559e-01
-8.841111300416163443e-01
-9.280621189109264924e-01
-9.121412491042957260e-01
-9.504963358981222132e-01
-7.866471867068703938e-01
-9.252549951470898648e-01
-8.742339177435205499e-01
-8.406065971157808958e-01
-8.630457863341696179e-01
-9.177016827020040290e-01
-8.406469805078435886e-01
-9.189231485466246019e-01
-8.255980654186431122e-01
-8.626113611641114121e-01
-8.490276404799718124e-01
-8.860947153606043569e-01
-6.909926887691403286e-01
-9.819391906442724860e-01
-7.291875749465791534e-01
-8.978619144429388355e-01
-8.265290395311873928e-01
-8.344313787387955816e-01
-8.068557443307117216e-01
-9.103729045483028859e-01
-6.888301982638126431e-01
-8.722669463467790374e-01
-6.153710969941469378e-01
-6.782534005534068822e-01
-8.990496387353019703e-01
-9.243364894252196207e-01
-8.237036837528017852e-01
-7.345765609929548745e-01
-8.454515192192481043e-01
-8.452596776240901555e-01
-9.062832727602908589e-01
-6.743190250274881947e-01
-8.859536147865344491e-01
-8.583336428426475706e-01
-8.517738859716806887e-01
-8.045641064264562603e-01
-8.123731827921120141e-01
-6.814854987562993793e-01
-1.015838809487537908e+00
-8.694604179952322154e-01
-6.747924678873281623e-01
-7.949915222871495324e-01
-8.405089816757521648e-01
-6.632076968033803199e-01
-6.937342210366044259e-01
-7.984901728224397255e-01
-8.202488214897315499e-01
-8.214889067817788826e-01
-7.628767261550055689e-01
-7.598867723923899975e-01
-8.614597417559740622e-01
-6.435017397255166083e-01
-7.136479889835535273e-01
-7.279559472848510238e-01
-7.788733153066543791e-01
-7.384441137233486163e-01
-6.061270283590691754e-01
-6.861957816317143521e-01
-7.232935491919529891e-01
-6.548970255238898419e-01
-8.233006171870108636e-01
-6.799733092599936635e-01
-7.240969946161524007e-01
-6.699310314322733939e-01
-6.633569289505214517e-01
-8.138136137305160833e-01
-6.533333044574817228e-01
-7.766642951486858459e-01
-6.359421324383210949e-01
-6.191006721624799924e-01
-5.394071030180732640e-01
-8.366709873454986068e-01
-8.447153058248658697e-01
-7.654272475573590251e-01
-6.882357873981698182e-01
-6.890090017007630685e-01
-6.911901405419391686e-01
-6.179086483590616741e-01
-7.831140836860572829e-01
-7.630522247999209640e-01
-7.354069927814985697e-01
-6.060316175821858220e-01
-7.828174062382127207e-01
-7.518161815854208507e-01
-6.671828158567634226e-01
-5.705686752226915015e-01
-7.186928645136860805e-01
-5.620414866581173730e-01
-5.078845982978413831e-01
-6.658198095862331023e-01
-6.894295975907456242e-01
-6.907301903070828253e-01
-6.974391317865945572e-01
-7.386073442564929925e-01
-7.358135325091811341e-01
-7.221402741104393508e-01
-6.669503446414194459e-01
-6.513550623382513560e-01
-6.583576900779126717e-01
-6.719990083070211950e-01
-6.324616643977576391e-01
-7.477339303122894076e-01
-7.026272369272297258e-01
-5.434262243795509040e-01
-6.877994386850474484e-01
-5.589818946217627316e-01
-6.785069223879915956e-01
-6.009291914715892968e-01
-6.394145407942132264e-01
-6.603378578737488791e-01
-7.802752282633909076e-01
-6.028459451611293263e-01
-7.302697481588309447e-01
-5.254202595404626752e-01
-6.085988993514847012e-01
-4.942295251022555957e-01
-5.138603160148037530e-01
-7.750713016404228162e-01
-5.910104634726729422e-01
-6.583748870087335892e-01
-6.041584298877210601e-01
-5.606516537822184842e-01
-5.740406698709279443e-01
-5.219095167212284281e-01
-5.068143834093777889e-01
-7.072669040435669574e-01
-5.347257700655128065e-01
-4.222472233620803150e-01
-5.339491883125101479e-01
-6.023682390819787846e-01
-5.022850400879417254e-01
-5.024544429939268309e-01
-5.481571597535481732e-01
-7.332018644764480841e-01
-6.074145546880785895e-01
-6.887914722240234822e-01
-5.965170069599470271e-01
-5.579138331131853201e-01
-5.723452471343440928e-01
-3.803661357422321032e-01
-5.115054130690802614e-01
-6.614215637848022133e-01
-6.803323678542597674e-01
-6.080442856148507991e-01
-5.943317067768658646e-01
-5.846202071645977272e-01
-7.809560338137149227e-01
-6.430697952529605965e-01
-5.478627486718443684e-01
-6.847036656769702745e-01
-6.437711240809087521e-01
-5.900789870757556788e-01
-5.595811964724526355e-01
-4.071220986811392439e-01
-6.061924182334145206e-01
-4.785432600734969011e-01
-5.990877398762979311e-01
-5.771009612949092871e-01
-6.110816994764572962e-01
-5.468361333469274888e-01
-4.830833221668996424e-01
-4.914969430317623345e-01
-5.578233551008643376e-01
-5.769990477757220848e-01
-6.354888331319128447e-01
-5.630896475095878984e-01
-5.624900179865031102e-01
-5.012334051870768192e-01
-4.131553833017205801e-01
-5.634440874595604276e-01
-5.314169045874117536e-01
-6.284803213329852589e-01
-5.488898741257083325e-01
-5.437493003714538586e-01
-3.939516116531209811e-01
-5.914395379019704579e-01
-4.352192559940300520e-01
-4.883939077956390706e-01
-4.027259027514160650e-01
-5.514259383114735735e-01
-3.476986343748336150e-01
-5.141442335618527926e-01
-5.677946593963720812e-01
-4.713793087157374107e-01
-2.929069487416890438e-01
-4.678885704156858227e-01
-4.483981296719337650e-01
-5.522872473206292820e-01
-4.805164262343287196e-01
-5.015386025733913344e-01
-5.092399146865543846e-01
-4.895635236022898296e-01
-4.120104406877260761e-01
-3.014824001925836550e-01
-5.118873354932960140e-01
-5.232820121920050971e-01
-4.182340823519787865e-01
-3.596749957686337096e-01
-6.767361322518534728e-01
-3.741571519999551954e-01
-4.689308103475813838e-01
-4.064604661862050161e-01
-4.850687997837876408e-01
-3.911131210611388798e-01
-3.980718687357376329e-01
-3.663114626358252024e-01
-4.361322200319639464e-01
-4.680486890407922207e-01
-6.238444879189897208e-01
-4.024285277656031168e-01
-3.947891065550575562e-01
-3.268176409153072948e-01
-3.292417892017785452e-01
-5.997383567920528957e-01
-2.588478945672698095e-01
-3.782267473571951921e-01
-4.113495161617427565e-01
-4.013757722211780399e-01
-4.706338909635618961e-01
-2.095629564546150625e-01
-4.949866965517744632e-01
-3.273824798455992613e-01
-6.463538816373171070e-01
-5.213235214424813968e-01
-5.065658409774823623e-01
-3.719787698199845116e-01
-4.433581406920531487e-01
-4.303687292354308469e-01
-3.971822529531702228e-01
-4.377281166590090700e-01
-4.692487579113818197e-01
-4.198813243720220800e-01
-2.658869653749266204e-01
-4.511358486384136612e-01
-3.908765327073320250e-01
-4.448707320362786932e-01
-6.250769189206319965e-01
-3.812596859704350805e-01
-3.844571655693438395e-01
-4.848197824547201273e-01
-2.447915968009462817e-01
-3.365228412413491799e-01
-4.063536191351581062e-01
-2.855994444971606261e-01
-3.761751326774783744e-01
-4.030759808461466531e-01
-2.998043140564575215e-01
-3.022974603012923978e-01
-3.789762090615630963e-01
-3.808499618209603699e-01
-2.244914491303521276e-01
-3.813248363192359713e-01
-3.431638300989005019e-01
-3.382531066777654805e-01
-3.591232787436841600e-01
-3.684653585009974863e-01
-4.344962245292893765e-01
-5.363419162366032111e-01
-3.906930529381620887e-01
-3.514710649537467479e-01
-3.262324460552595284e-01
-3.479335656323448434e-01
-4.414634316006114667e-01
-3.894783317864017325e-01
-3.271153905657924743e-01
-4.201245667557617081e-01
-2.565732949121516393e-01
-3.364942776721765449e-01
-3.929627034819552778e-01
-3.679349293839219159e-01
-3.952210813213201113e-01
-3.073246927400414830e-01
-2.427043054283866408e-01
-2.416014096473597383e-01
-2.703972219958614698e-01
-4.566352017601670865e-01
-2.607591906221755074e-01
-1.873104611142063225e-01
-3.292828622987038489e-01
-4.627739695068841530e-01
-4.017957432102671755e-01
-3.306943741550606997e-01
-2.880001060483018405e-01
-3.049226301025501629e-01
-2.193389439590738288e-01
-1.603099147186723417e-01
-3.658816018617684351e-01
-2.424649357938798711e-01
-3.052135563072072011e-01
-2.405460227474516544e-01
-3.008243994692866297e-01
-4.070472838429414764e-01
-3.267256555853175759e-01
-1.559686339500739871e-01
-1.068713617619722334e-01
-3.851267525733575448e-01
-4.083504576065862812e-01
-3.577142693985582156e-01
-3.753087465619430185e-01
-2.545739252362950178e-01
-2.555440274401991618e-01
-2.294473880985027359e-01
-2.170050363262323312e-01
-2.549457734805946618e-01
-2.951963411971087470e-01
-2.661780954105196981e-02
-3.331086488008366264e-01
-2.151499154949116366e-01
-2.840651669868675122e-01
-1.707671141399280113e-01
-3.102394464389996998e-01
-3.413391434388260426e-01
-9.628019938637831510e-02
-2.989168916518439856e-01
-3.740377812050233453e-01
-4.508025524138751794e-01
-3.262301177124816709e-01
-2.822639591939455350e-01
-2.117923616992828106e-01
-1.874004040219034439e-01
-2.608428461063168058e-01
-2.628107009448576448e-01
-2.224589028234144616e-01
-2.535095213287401061e-01
-2.444606673867733559e-01
-1.380825789114182023e-01
-1.238445027028983736e-01
-3.927298548089568075e-02
-1.672241572827648515e-01
-1.739238384670009352e-01
-4.671507050381769333e-02
-1.714959624376656833e-01
-1.026928178634526206e-01
-2.160593313295959828e-01
-1.933568975795042499e-01
-1.929682189845669249e-01
-3.194075424252502682e-01
-3.153823318922647223e-01
-2.880818989569129338e-02
-1.759513924622659875e-01
-2.447399688340119173e-01
-1.485136863357133796e-01
-1.282753056522790425e-01
-5.377749444641395649e-02
-2.978193595307004338e-01
-1.207866803084066964e-01
-1.487380739038241251e-01
-1.706569311302167102e-01
-2.697166430452794250e-01
-1.048700788372772391e-01
-3.325461941910455299e-01
-1.932254472190537697e-01
-2.229372016136720314e-01
-3.479623510146192394e-02
-1.380887437018389341e-01
-1.996965136499468663e-01
-1.234949908396506257e-01
-2.466300224664808027e-01
-1.043836618508381525e-01
-1.143016399671510919e-01
-8.683228077933778655e-02
-1.437505455541038257e-01
-1.685221724325268733e-01
5.030062799947789508e-03
-5.544748877686531824e-02
-2.028556996502156873e-01
1.070477145848197642e-02
-1.412765730351426829e-01
-1.346091603652100899e-01
-1.703940186630443776e-01
-1.427471116002592966e-01
-1.322048185633967754e-01
-1.387245471095602534e-01
-1.357136878880240427e-01
-5.522910752331265660e-02
-8.417607807588282920e-02
-1.938618139215301239e-01
-3.127608529282866479e-01
2.344686152304737738e-03
-1.614907274442671514e-01
-8.738910923203638270e-02
-1.474950608810088326e-01
-7.144391855966233940e-02
1.903587460689926819e-02
-2.145712487220199083e-01
-9.471946643688787526e-02
-8.476153661415931906e-02
4.928459612850357753e-03
-2.626954006032388156e-01
-1.144751059932269249e-01
-9.553038879456281218e-02
-1.418284364268597442e-01
-1.058371638167594081e-01
5.588295140791044689e-03
-1.805252232521578973e-02
-1.201264242111883263e-01
-1.538631022217907818e-01
-9.451779480899498431e-02
-1.267205291621262553e-01
-6.315031725678788010e-02
-1.104878037497983717e-01
2.237093093182735554e-02
-8.459261464101451578e-02
-8.829414400653476380e-02
-4.648736135668789932e-02
-3.346183280654368986e-02
-7.699724374590516396e-02
-5.012987143716295807e-02
-2.002743403649628051e-01
4.190731870904500223e-02
6.152397690447909684e-02
-2.406548751123724003e-02
3.213447941375585648e-02
7.370624485382364088e-02
1.919445499266357949e-02
-9.449816574273266212e-02
-1.664415995423000061e-01
6.313673295680480302e-02
-3.320303945962108094e-02
-1.379719592991263122e-02
-4.893266515470157119e-02
6.650873578371260808e-02
-5.228787813325713740e-02
-7.785486040323906856e-03
-2.469887192367694467e-02
-8.358797532272833897e-02
3.660343580135608319e-03
-1.630020573622459890e-01
-1.021943639057731196e-01
7.748549073027041767e-02
1.319212783131406674e-03
1.773312940836140605e-01
-2.498347544967782080e-02
4.897001391320598279e-02
5.724025575269633959e-02
2.183197162905612873e-02
1.258391944832230602e-01
8.246469108411363935e-02
-3.067071426418284570e-03
4.926285088610076607e-02
1.213979866054862716e-01
-5.846903117687741319e-02
3.612332418822301883e-02
-7.389108468894173276e-02
4.715572921474315421e-02
6.689962741977541205e-02
2.503571551033309181e-02
-1.184016153960161868e-02
1.003859471848528306e-01
-1.031338898502035806e-01
-2.186389801649517642e-02
-2.994512715867007988e-03
8.048134658446523537e-02
1.092849898697427630e-01
1.615132960679028784e-01
2.554051918227321152e-02
-4.770889606643258229e-02
7.687360545467411543e-02
-2.799305081636799253e-02
2.215261277423742625e-01
5.526162383950513485e-02
1.789528874981649309e-01
5.113969181264636787e-02
-6.561544120788266599e-02
-2.252639768149670898e-03
8.131725800149279537e-02
1.495146643602054959e-01
9.123151048103082805e-02
3.100201561760795518e-02
1.358311508889632480e-01
1.071677207669322063e-01
1.572183223506143646e-01
5.282940885115105373e-02
1.586155894822041112e-01
7.839650490080575518e-02
1.177302494349723866e-01
-4.870799241752035019e-02
1.776634836543311002e-01
-7.184932294431825572e-02
4.873407205429990119e-02
2.061962672464691393e-01
8.285995434185391972e-02
1.007099443227975621e-01
1.418130618318343694e-01
7.776314933011926889e-02
-1.079664931029407013e-02
2.206340866818387036e-01
1.416028211827567544e-02
7.411836553873255018e-02
2.782131539489924310e-01
9.382078976804641979e-02
8.564916145333802133e-02
1.316102026759773114e-01
1.818194826862302715e-01
6.269972995322566078e-02
1.254208142301066198e-01
1.663403976952453622e-01
2.049360199624007395e-01
5.605370354608620043e-02
1.035272919805764746e-01
1.616889862419736423e-01
1.311305445474733877e-01
1.195921535021524928e-01
9.817696485919748250e-02
1.931217957288156872e-01
-2.520978989067068979e-02
5.424773606063430786e-02
6.508463834680919269e-02
7.247445637604464641e-02
2.569648818195162110e-01
2.579171982081959191e-01
4.064569993562452965e-02
2.211980124639075784e-01
1.398033392823387622e-01
3.076868299172031557e-02
4.682245141156966242e-04
2.162178541446362900e-01
2.365166725088490296e-01
2.797616182222513181e-01
4.024122643240113373e-02
6.652193891023182315e-02
1.612829497543310786e-01
1.313010126321967896e-01
1.747761995945446845e-01
2.493457848613268579e-01
1.273328267755494125e-01
1.699638288686268206e-01
1.575036262123873654e-01
2.219716687704225422e-01
2.569491156971364654e-01
2.140331251877271579e-01
2.032211388067026447e-01
2.511917286023184204e-01
1.019826248052095180e-01
1.599098150229018300e-01
1.890142985861488489e-01
1.477197040945784634e-01
2.731083522421138277e-01
2.060386486453764099e-01
2.475392155272525818e-01
3.253664279986546171e-01
2.844905434187216531e-01
3.479777909815846004e-01
2.021306270306573172e-01
3.718837035096997368e-02
1.441299428692215667e-01
2.280216854028974116e-01
2.590764700841040047e-01
1.093077334643794279e-01
4.376696832271043114e-01
2.372012188453037906e-01
1.945706360600765461e-01
2.124327192243032902e-01
2.042080935732473734e-01
3.088271631733168765e-01
3.297957670484159554e-01
1.905656857390414793e-01
3.048404231051241031e-01
3.174544083694621488e-01
3.274444850285705977e-01
2.049303184898130792e-01
1.383760778930068491e-01
1.701055897912757131e-01
3.794770005742573726e-01
3.013319773061375884e-01
2.728419157260262851e-01
3.809307936979700604e-01
3.910964173976571034e-01
2.499167044776489932e-01
3.155625233667057605e-01
3.531600802188782362e-01
2.504504712204518313e-01
2.648481217223226380e-01
2.225755325286438990e-01
3.049816367765886271e-01
3.351665687464958632e-01
2.652377462728890967e-01
3.101138693678456293e-01
2.700896841966352047e-01
3.100107995547144446e-01
2.450086614543906804e-01
2.177294906913042893e-01
2.357896401156262256e-01
1.901233316124767425e-01
2.320696565309730841e-01
2.589763352216931658e-01
3.312198428525217064e-01
3.568849294428605434e-01
1.991320405038506658e-01
3.843536450853730635e-01
3.903522931165878673e-01
1.718497517156803711e-01
3.670388228847250578e-01
4.708308273852009895e-01
3.572752945035463368e-01
4.658509095127550959e-01
4.058815886337909795e-01
3.672252363714039181e-01
1.905160640904468572e-01
3.535770824399458445e-01
3.293119739121222467e-01
3.679612140478227267e-01
3.194776853470235323e-01
1.960700514998193755e-01
2.233557905610238925e-01
4.404821671320559018e-01
3.191726206837391944e-01
3.993205994707876849e-01
3.163242537539374122e-01
3.302337027673398762e-01
2.515885246493355654e-01
4.276151634275980329e-01
4.629932947027400325e-01
3.865278048636185959e-01
3.888288704752288494e-01
1.557666689280666761e-01
3.526044356647363709e-01
4.545578934157376017e-01
3.197106060486429313e-01
3.674188587156577146e-01
3.663532417843122224e-01
4.670207741360257736e-01
4.146464135161954667e-01
3.933803346293772707e-01
3.612149847869124408e-01
4.164067602978405724e-01
3.001562661111736308e-01
2.396518865143870136e-01
3.206311219438765514e-01
5.090605697760268722e-01
4.796497045193049424e-01
2.872445354882468549e-01
4.110966819969778530e-01
4.740360499454463472e-01
4.373209158102866478e-01
5.108311311107427422e-01
4.352631250254941908e-01
4.251340766408047145e-01
4.542260442197271764e-01
3.732474110629569464e-01
3.422596914110833111e-01
5.909067120524997829e-01
3.934080909810181992e-01
3.544129380119375172e-01
3.249325857063835032e-01
4.726600191714189769e-01
3.234800130068312130e-01
5.162966565369003780e-01
5.166857575398267066e-01
4.987152791259187867e-01
4.990253840529532692e-01
5.491398503668811770e-01
3.783293902071288572e-01
3.759470792490059443e-01
4.956870817534621554e-01
5.679049688319469658e-01
3.534849906749197301e-01
3.155686686302983102e-01
4.435049083313723495e-01
4.397065852697367161e-01
4.981201812434111753e-01
3.892888954725271522e-01
4.262161945892415371e-01
6.032226460437376536e-01
3.827504801260256384e-01
4.557756689794589811e-01
4.465124913852628330e-01
5.626821740387873971e-01
4.475483639905539213e-01
3.570705275874261897e-01
4.193016847561030769e-01
4.920529554283841200e-01
4.893838141310808965e-01
4.737327354080959063e-01
4.805491898481500934e-01
4.859024088399620522e-01
4.773747162161964264e-01
2.902472672136011678e-01
3.412409174637159315e-01
5.627548239991281287e-01
5.553123312471103246e-01
5.413384499558366869e-01
4.098453041439093503e-01
5.408609665673842493e-01
5.098638772156608434e-01
4.449631918488413662e-01
5.681991319084084280e-01
5.733877168412626624e-01
5.539819481072181251e-01
4.836679591350857566e-01
5.543773514703975724e-01
6.189538845492454922e-01
4.770604345225154530e-01
4.645041796555819946e-01
6.763609637518932516e-01
4.371811004369349773e-01
5.357074696702645022e-01
7.110862332917891049e-01
4.571144208756134364e-01
6.320516995320267783e-01
5.012668798496030531e-01
5.373231598922824093e-01
5.005895484962398223e-01
6.460840815233998002e-01
4.427713915888724094e-01
5.414962695638546597e-01
6.699476657717191586e-01
5.267271466844667405e-01
5.615508404196956072e-01
4.271897473827372949e-01
4.510493551223088704e-01
6.283331596381634965e-01
6.212638265469644372e-01
6.157983793803588624e-01
5.828844232222305521e-01
6.495548187047284205e-01
5.715405780118026913e-01
4.550903255167001449e-01
4.605259682979025992e-01
4.551510233983505072e-01
6.223273154958067765e-01
5.752362731187389278e-01
6.668011861705102072e-01
5.317465600083844945e-01
4.801757246774654986e-01
4.779725724097655948e-01
5.406666280277119263e-01
4.455480289250740022e-01
5.489892343312819945e-01
6.161161474733650723e-01
6.385506142271100138e-01
6.499304667359445675e-01
6.045378710204137862e-01
6.577755085618147701e-01
7.241688994737456309e-01
5.375133936866894890e-01
4.304324795032313244e-01
6.010243732299993535e-01
6.048644057333653068e-01
4.860999113053273701e-01
6.050695763974780483e-01
7.772313767200335066e-01
4.719123242657897177e-01
6.477917102537498195e-01
5.388870198534438938e-01
7.017874876871051937e-01
5.227582957969331146e-01
5.852678495325049912e-01
7.694738823675575379e-01
5.479994609450884457e-01
5.838000131431045903e-01
6.879786566154824090e-01
5.897952619791935192e-01
7.140912616262375945e-01
8.117872165775468218e-01
6.212811177149981656e-01
6.219474558369210149e-01
6.806614171753428977e-01
5.366834300631881938e-01
8.488801561548738883e-01
7.013448368345004402e-01
6.182020435886650400e-01
5.975591908943758135e-01
6.366947145039715261e-01
5.589157648341083195e-01
7.931484861610432757e-01
6.232522096597685746e-01
6.509887219866756780e-01
5.581919509562219828e-01
6.409008222526485499e-01
7.250376871610719753e-01
5.915065776642536299e-01
6.722621475788049805e-01
7.299597036217451151e-01
7.026363977932365001e-01
7.452352461350731927e-01
4.962214363389238492e-01
6.285100208687538492e-01
4.754704355212834299e-01
6.023092244305976450e-01
6.713577274881913359e-01
6.128832143637543695e-01
7.077015680568998768e-01
7.450264011457395918e-01
7.466255277282211056e-01
8.097967632805664895e-01
8.304448752824347135e-01
6.572208453176120457e-01
6.636613094536025770e-01
7.553987812784570544e-01
6.236382998444683912e-01
6.144039111784070917e-01
8.104710853402929960e-01
7.650702704090062145e-01
8.279150197471969452e-01
6.151630895590368686e-01
8.560868419049223466e-01
7.218800326447903926e-01
8.600076294321122861e-01
6.202481127213979040e-01
7.709604037159726309e-01
6.932623870921640341e-01
9.133879393141628444e-01
7.702839901306771653e-01
8.618562201842415726e-01
6.718466706456440729e-01
8.977407504995200682e-01
7.736513253290745462e-01
7.435499044821339831e-01
7.229699547000525417e-01
6.972797560823964513e-01
6.285219579638996468e-01
6.284756616143699626e-01
7.536015689602326706e-01
9.488805336816665825e-01
6.725225714244912334e-01
7.926041206389961014e-01
8.479101823113546210e-01
7.162700048017871524e-01
8.832439577467842140e-01
7.842200147607225613e-01
8.492502119319774723e-01
6.861149254273180009e-01
7.142471924976788733e-01
7.670803155554111186e-01
7.737762359582643912e-01
8.595934140559301495e-01
7.253411207497779678e-01
7.967410791575447737e-01
8.432493661744299152e-01
7.036368406331543479e-01
8.552711895692524102e-01
7.686737770333610387e-01
8.040889716381649510e-01
7.208784899635519716e-01
7.319519392042591610e-01
7.054514336462890389e-01
8.571231738806323053e-01
7.135010512712025577e-01
7.974814375759948781e-01
9.226380718550040161e-01
7.983220989178729798e-01
8.074577819253510036e-01
7.561384321968744882e-01
9.043958781890619747e-01
7.225794569779024901e-01
7.831127437760284637e-01
6.888452839816863182e-01
8.277638646116919352e-01
6.673754973203387397e-01
8.059860542355979929e-01
7.459419597526171231e-01
7.314643188801274176e-01
8.194439837497051737e-01
7.735219940407855876e-01
7.906348391494217864e-01
8.867056582852340663e-01
7.541270453818784691e-01
8.489476323727523921e-01
8.429917810244947907e-01
7.403234089685801766e-01
8.713016022290045459e-01
7.492943850876944145e-01
9.177371106314030635e-01
8.848317331722886925e-01
8.099884001305226455e-01
9.208386779828610091e-01
8.092798874424249611e-01
9.353596074625006862e-01
1.022741793967880231e+00
8.742211009922730147e-01
7.882570010668767946e-01
9.312375958241783103e-01
9.066713208960589521e-01
9.446081599144519059e-01
8.854233036035020765e-01
8.897671144312674363e-01
8.578748649590381969e-01
9.799117679610467313e-01
9.379710916900076967e-01
8.416643445741823770e-01
7.948454473956182431e-01
1.081706614113368214e+00
9.730138311708259602e-01
1.092273741338798176e+00
9.704088395066615691e-01
9.935503166334180847e-01
8.828680182791638353e-01
1.006674953981950615e+00
9.806914326381293012e-01
8.674575687783415701e-01
9.690184529313268236e-01
9.186437384004205731e-01
1.037791831699934386e+00
9.101141070306336678e-01
9.985529818092764298e-01
8.521865885839919885e-01
8.745744410968838700e-01
9.377300748533629049e-01
9.455702193974782066e-01
8.657830549894097727e-01
9.801337443697291096e-01
9.366559796910620683e-01
1.000858603086988596e+00
1.118687821947372596e+00
9.300501615252221299e-01
7.588732517387196674e-01
8.204359970317872675e-01
9.955273151039552015e-01
8.902305600646779338e-01
1.092082259135388700e+00
1.031290713558234762e+00
8.508193871396195762e-01
9.647159865983150340e-01
9.048285381111472736e-01
9.699296380487635316e-01
1.078181647068497284e+00
9.731150929141239025e-01
8.961260095590323216e-01
1.013963013600279961e+00
8.159694562820740682e-01
9.309096820443275577e-01
9.518630381645749594e-01
1.056891813361541699e+00
9.382094983844027070e-01
9.417048787508990326e-01
9.377325308346557975e-01
1.110979927029530634e+00
1.050111218527549184e+00
1.058540484415520844e+00
9.703715918227211468e-01
1.066776648087793822e+00
