-1.051154694473384277e+00
-9.855310544770812253e-01
-1.021687612749680119e+00
-1.037644855483705442e+00
-1.058285304589774656e+00
-9.844454433328402310e-01
-1.219723518822573016e+00
-9.971678202492884058e-01
-1.078177992902269011e+00
-9.711827436891244947e-01
-1.014166285285750702e+00
-9.939000724563380462e-01
-1.016033756039192548e+00
-9.391023570527524678e-01
-1.153500725194871013e+00
-9.596581355126150292e-01
-9.308396067170451316e-01
-9.705303689423238067e-01
-8.767279002318980607e-01
-1.051276077979283352e+00
-1.157457593113637051e+00
-9.737453538522562457e-01
-9.242087342354966539e-01
-1.048818467870422211e+00
-8.754717025159294286e-01
-9.510086084546416352e-01
-9.672704634843773963e-01
-1.012639500346016685e+00
-7.944762951036594689e-01
-8.905823922652168489e-01
-9.717803843584305046e-01
-9.433361937099975503e-01
-8.874403630961789080e-01
-1.028212454377842144e+00
-9.467916389294839252e-01
-9.366577853780211349e-01
-9.874122726186513876e-01
-9.044649024222574107e-01
-8.022426937937564562e-01
-8.131433721098424439e-01
-9.610164724273116965e-01
-1.007983763581118630e+00
-8.012905175795972390e-01
-8.155915828772469789e-01
-8.034390728040785579e-01
-8.773420068222995694e-01
-1.025207319488467217e+00
-9.300100617340190112e-01
-8.487845477690509899e-01
-8.791299697899590537e-01
-9.330213845661798899e-01
-1.003518132752684755e+00
-7.449194728313847103e-01
-1.016829082000461293e+00
-8.924806396783205864e-01
-9.101038998833420601e-01
-9.393625458348499047e-01
-8.368304131323318629e-01
-7.820336246578429851e-01
-8.473281892330422060e-01
-9.149583958458900046e-01
-8.661484540744993632e-01
-8.920280939086042693e-01
-8.598020287923585636e-01
-8.879287193779077381e-01
-9.151075580516870867e-01
-9.113942422394968323e-01
-9.563909973229897110e-01
-7.687272648362324379e-01
-9.228944931978243504e-01
-8.653628255656571344e-01
-8.457071287736185328e-01
-8.605115166599062171e-01
-9.003874962682574257e-01
-8.024198389519630048e-01
-9.079868572421828654e-01
-8.628245502349046747e-01
-8.668112588917965544e-01
-8.563972796660104247e-01
-8.593455854563700758e-01
-6.994019305552422461e-01
-9.791564186173395967e-01
-7.241143448054448983e-01
-8.576781328571322360e-01
-8.128347002271588684e-01
-8.358341179488721906e-01
-8.255836024670728523e-01
-9.361261059299248455e-01
-7.081194011829026191e-01
-8.888775440310718867e-01
-6.130397469694688350e-01
-6.650828321069637283e-01
-9.084388029928135433e-01
-9.118725942200752721e-01
-8.515810359718003486e-01
-7.407144635907584318e-01
-8.479134746633780750e-01
-8.383485998320541199e-01
-9.157018203146808366e-01
-6.844359870895372344e-01
-8.894845918193869938e-01
-8.532470694409178824e-01
-8.714926112551033555e-01
-7.826375170392373404e-01
-8.158579631873911220e-01
-6.633366615788207632e-01
-1.052630854208554512e+00
-8.786340802209336998e-01
-6.827149568011193770e-01
-7.870212116727848262e-01
-8.444963090813440987e-01
-6.401884841850421504e-01
-6.899998126446041935e-01
-7.814387591259109866e-01
-7.922680060232728527e-01
-8.469146718528811624e-01
-7.650237921415811160e-01
-7.718909388287307216e-01
-8.459219545000595808e-01
-6.405961615330120207e-01
-7.234462455317732799e-01
-7.518906715742921243e-01
-7.866861356178928011e-01
-7.245519102775159759e-01
-6.067521591768426648e-01
-6.898625684459696039e-01
-7.370593890200081155e-01
-6.335064891594044401e-01
-8.189877128931906114e-01
-6.667410327273651793e-01
-7.235375992418789926e-01
-6.854763085487366459e-01
-6.550791363950115853e-01
-8.232780836227345800e-01
-6.568383622430314928e-01
-7.812389877621200851e-01
-6.153851146657347559e-01
-6.378823947384765214e-01
-5.312497905061814851e-01
-8.280918639978305240e-01
-8.204902296263877348e-01
-7.798621210092189227e-01
-7.238921575457749613e-01
-6.973289036542801300e-01
-6.799153081817636002e-01
-6.257022479719649422e-01
-7.699913437479222189e-01
-7.630793783321062618e-01
-7.226147319631797128e-01
-6.156085594890563506e-01
-7.712676555597361983e-01
-7.538113710065019735e-01
-6.789376676788906328e-01
-5.956835986028682361e-01
-7.140088921902287833e-01
-5.616747194682594202e-01
-5.114526490765145539e-01
-6.829934201566026930e-01
-7.024289570837431995e-01
-6.839137736692642022e-01
-7.174725041923228908e-01
-7.345961132385855352e-01
-7.436922829114473998e-01
-7.119314294922000075e-01
-6.668677663296745939e-01
-6.467456151092778605e-01
-6.489356384029218994e-01
-6.877919708504015572e-01
-6.541813277970354168e-01
-7.105778015023661576e-01
-6.860453290298090812e-01
-5.778416176781818736e-01
-6.888017399960590925e-01
-5.528637196736285730e-01
-6.899968525870175950e-01
-6.045764537571430841e-01
-6.494830626220280401e-01
-6.552567417881727252e-01
-7.910357287728652098e-01
-6.005462562326194798e-01
-7.294312689174269337e-01
-5.193825938560053812e-01
-5.950829766186841452e-01
-4.831832436638821560e-01
-5.185815456973692505e-01
-7.640084584350451680e-01
-5.829220314618110965e-01
-6.475369817850077370e-01
-6.232761279718440628e-01
-5.349347882057807757e-01
-5.718831713894056978e-01
-5.213934212913750033e-01
-4.940689447790545530e-01
-7.155096057217694705e-01
-5.450367034632489505e-01
-4.231599898952502770e-01
-5.329394268089426845e-01
-6.035334985859959200e-01
-4.888348764017489967e-01
-5.208412829045554471e-01
-5.778119170118062309e-01
-7.255255157929665355e-01
-6.040368450232199704e-01
-6.846310225225503698e-01
-5.603108540456117614e-01
-5.499811637961840027e-01
-5.689907550295472127e-01
-3.797552072564683301e-01
-4.892634241092145286e-01
-6.511268573507196233e-01
-6.627624064928246961e-01
-6.064998837637547435e-01
-5.845989960043449507e-01
-5.716803294112859923e-01
-7.907055093992608752e-01
-6.664414881902154253e-01
-5.644721799028993292e-01
-6.771633945026585000e-01
-6.523656260196859513e-01
-5.884897966671743808e-01
-5.673029198960150010e-01
-3.935453782758521202e-01
-6.289234468508769771e-01
-4.868899767363366604e-01
-5.965070498228678408e-01
-5.629988037580268001e-01
-5.949799889341405024e-01
-5.233495882057237480e-01
-4.963130790667016345e-01
-4.981760964082068699e-01
-5.470384258629334973e-01
-5.781120048970863623e-01
-6.321287866932376875e-01
-5.686069017830206462e-01
-5.422685978910126714e-01
-5.133245648385529325e-01
-3.737208216430961127e-01
-5.549123568844214205e-01
-5.348842245644698234e-01
-6.208320605492564370e-01
-5.436081327847266387e-01
-5.599617334404544122e-01
-4.065013481222759517e-01
-5.762128848005787507e-01
-4.119081414486613357e-01
-5.012003747286212230e-01
-4.026992948162844699e-01
-5.267086163400770404e-01
-3.752433270877602034e-01
-5.526503540038191220e-01
-5.704941759891450914e-01
-4.601211990923962381e-01
-3.120809601920758736e-01
-4.791219921140167370e-01
-4.539778325710446261e-01
-5.553447147553947083e-01
-4.504696657089674594e-01
-5.035579282858138050e-01
-5.063189987877061427e-01
-4.971513571268006415e-01
-4.287923448832515749e-01
-3.011116834374495954e-01
-5.407449541441626817e-01
-5.364348176923894318e-01
-4.063201107288257341e-01
-3.735888623073919113e-01
-6.655638178341688471e-01
-3.403041386801221035e-01
-4.612460782987753971e-01
-3.958326068123106389e-01
-4.691435990907662501e-01
-3.771864761032148738e-01
-3.797238832575908773e-01
-3.566024115697150609e-01
-4.366915717552120046e-01
-4.567751154502607824e-01
-6.103108573706075290e-01
-4.195593948714297916e-01
-3.793644915299390075e-01
-3.304312701187184786e-01
-3.273774851309815270e-01
-6.322668703337953611e-01
-2.763305855054276616e-01
-3.671618333351250318e-01
-3.937753369271659309e-01
-3.855816596282484188e-01
-4.668699052664886939e-01
-2.138378086789594346e-01
-4.910642842847403045e-01
-3.194601771215725972e-01
-6.719759215376368555e-01
-5.157692630021567526e-01
-4.959627988080975158e-01
-3.625238777356746822e-01
-4.346702055753755012e-01
-4.239864263492542085e-01
-3.900348404551937098e-01
-4.498767844963338924e-01
-4.580408759349413050e-01
-4.396031810388010830e-01
-3.007007120841612702e-01
-4.447607729971226331e-01
-3.930162336804129963e-01
-4.391499151110483390e-01
-6.200781520404167191e-01
-3.740292687183200404e-01
-3.811635946830628785e-01
-4.749743132930482892e-01
-2.424386594435589681e-01
-3.401441780878349808e-01
-4.110388571620268716e-01
-2.885508388109026545e-01
-3.948585281977636807e-01
-3.987894485134740874e-01
-2.978895398687923524e-01
-3.059161851044024383e-01
-3.802475212863105081e-01
-3.843951033460404343e-01
-2.413618413569408871e-01
-3.557148727183347958e-01
-3.197084022152178462e-01
-3.417410481780691067e-01
-3.919244880859614755e-01
-3.787189386674262304e-01
-4.073579047757975857e-01
-5.336118683842957511e-01
-3.815170709168546059e-01
-3.672640605355619869e-01
-3.430044065250691943e-01
-3.467390348563492708e-01
-4.267494321415338798e-01
-3.866680235066087823e-01
-3.073824998956603549e-01
-3.909892383974053476e-01
-2.435365536520807117e-01
-3.628852416883017740e-01
-3.485863280630449590e-01
-3.562292105947759691e-01
-3.872012821353701950e-01
-3.225734848607050287e-01
-2.406876327736932331e-01
-2.452201478166706750e-01
-2.525811159326828426e-01
-4.483166321822994460e-01
-2.773365752357080938e-01
-1.743571125301762725e-01
-3.400981757101774750e-01
-4.515125607002043462e-01
-3.917180459895584499e-01
-2.916844677337020464e-01
-2.706205561426168749e-01
-2.875160557668629546e-01
-2.061819582977064691e-01
-1.638794408876591835e-01
-3.601898548904540753e-01
-2.353094567100654233e-01
-3.210793213510344524e-01
-2.161241687189969785e-01
-2.916364374599843545e-01
-4.103247035603050930e-01
-3.429543473568189560e-01
-1.679442620018417043e-01
-9.482383191183137161e-02
-3.736259577738899607e-01
-4.011447285227767168e-01
-3.292049352881649127e-01
-3.827645352982415594e-01
-2.957181352884192815e-01
-2.712744235995960818e-01
-2.301271124270549695e-01
-2.063301151697599645e-01
-2.605121496189072294e-01
-2.940201840187989246e-01
-4.628943998834088996e-02
-3.183692952678496835e-01
-2.323432109640067855e-01
-2.788055356705645971e-01
-1.721025174496571275e-01
-3.192897651173318141e-01
-3.167390305400712980e-01
-1.228269202740631671e-01
-2.958533891358793300e-01
-3.819835822420546978e-01
-4.457197149387360224e-01
-3.267460864095587114e-01
-2.773581247559560592e-01
-2.252891843183393861e-01
-1.814575089698064192e-01
-2.734258147372538583e-01
-2.549885009039651873e-01
-1.976471673726962197e-01
-2.505371870429929371e-01
-2.321468084714422841e-01
-1.425370069182345101e-01
-9.608752612343364474e-02
-7.488840989484266131e-02
-1.815759234655181797e-01
-1.848712034284447636e-01
-5.142660055001666702e-02
-1.869734397871975207e-01
-1.000582135557830793e-01
-2.122047621360432790e-01
-2.006164879674444401e-01
-2.134565030273506692e-01
-3.045658364894472947e-01
-2.914750630915117213e-01
-8.575064519798409474e-03
-1.823190565925521811e-01
-2.540159516750821189e-01
-1.482035510839935233e-01
-1.291207142640491412e-01
-6.218902084108488687e-02
-3.064712015509946097e-01
-1.385078844657432195e-01
-1.363536925049673165e-01
-1.758535124787069526e-01
-2.736245993691385214e-01
-6.554314499903779456e-02
-3.295661142094841733e-01
-2.035154869556685675e-01
-2.183531967055950818e-01
-4.021871742767658964e-02
-1.454794616508891802e-01
-1.966691526290742786e-01
-1.268871586639264970e-01
-2.234196378516393744e-01
-9.653575260096157462e-02
-1.419524065159030457e-01
-1.021294953785535781e-01
-1.329901976373001060e-01
-1.423433550772848499e-01
-1.058120318844426189e-03
-4.685739073385046527e-02
-2.177763977749510582e-01
-1.240272934311098009e-02
-1.591522188697273021e-01
-1.273267914439945581e-01
-1.780658514130314396e-01
-1.423953629284958056e-01
-1.081421437425293536e-01
-1.278423835320879887e-01
-1.237289855639864128e-01
-6.301516725405492680e-02
-7.272941632554472124e-02
-2.023266314960519840e-01
-2.889182370216608620e-01
2.362303232015966828e-03
-1.714744343635932478e-01
-1.021797406671738212e-01
-1.418113500684840267e-01
-7.151349779600776890e-02
-1.665111480951602914e-03
-2.287612311328068859e-01
-1.032523780132660746e-01
-9.219262233845544607e-02
-7.357523266267171000e-03
-2.770072033826493918e-01
-1.203926392216854990e-01
-5.942624476982898835e-02
-1.037399763884965381e-01
-1.127739544226572105e-01
9.241119790987692775e-03
-3.578637172325432186e-02
-1.284584194976137184e-01
-1.841036717349588403e-01
-9.517094557789448905e-02
-1.156358777786822972e-01
-6.176587109247464596e-02
-1.165038351367623237e-01
1.022668987539617803e-03
-8.488171015220385973e-02
-8.104979116199091671e-02
-4.587073192858834303e-02
-3.824285934602557335e-02
-7.835663140604838539e-02
-4.690305174211360784e-02
-2.105907608931884001e-01
4.062717279765913625e-02
5.056786527458701636e-02
-1.963059555958283908e-02
3.644528898181543380e-02
6.822234351710276812e-02
-1.740532614507604367e-02
-8.388619355496119978e-02
-2.120716572936148792e-01
7.379464812647398841e-02
-1.926890075101711508e-02
-8.612970165500262107e-03
-7.290243000502996673e-02
7.514972285776662375e-02
-4.609384185870467332e-02
-2.025366301653836604e-02
-1.389756665889796926e-02
-7.666064768910417493e-02
-6.722189378187138666e-03
-1.622190293104073811e-01
-1.061184397845340160e-01
8.796528579004711523e-02
3.253704895382622270e-03
1.817966595491148918e-01
-2.257128826604133665e-02
3.236286372995058475e-02
5.203047712954891185e-02
8.482280728300536227e-03
1.164058162372095945e-01
9.028695008446951942e-02
-4.519825495531466439e-03
4.909823451364804525e-02
1.238619336385563680e-01
-7.148487286972973753e-02
1.024324583573462712e-02
-4.664969008557013491e-02
4.973913377163712013e-02
7.206840723865970411e-02
2.931405730820253047e-02
-3.337857694908042197e-03
8.275159038398870182e-02
-6.908004364450839874e-02
-1.393075079381484935e-02
-3.190915721901940033e-02
8.760355837875351270e-02
1.025565618431576176e-01
1.761582836465248325e-01
2.371700025182962163e-02
-5.492089522388872436e-02
7.290258651878860074e-02
-2.498033693987993659e-02
2.131663959472443470e-01
5.080429797019028054e-02
2.174585832365957538e-01
6.482956218574267848e-02
-6.638345611052617889e-02
-3.058725597863782772e-04
8.165119553709079825e-02
1.356684540314148923e-01
9.443513606448242226e-02
2.008662974580220639e-02
1.359746981796087772e-01
1.055089229271980178e-01
1.608188159214923307e-01
4.580785106106199933e-02
1.568625208372287638e-01
9.990207319470424674e-02
1.031065343152772901e-01
-3.582427191392239391e-02
1.599801128200598332e-01
-8.355634602163783398e-02
4.253081249351967075e-02
2.142685756831554655e-01
1.185350530542853414e-01
8.496344166674128784e-02
1.542786075253150258e-01
7.138341609726450709e-02
-3.180145653376578643e-03
2.119285039240061397e-01
2.353763148480864098e-02
5.644927456496599827e-02
2.731561228221851545e-01
1.093906227926468300e-01
9.543192415246094795e-02
1.350475528788041835e-01
2.038569918776883816e-01
7.121242550962654516e-02
1.266080430071787333e-01
1.671493201833199882e-01
2.168733091510662847e-01
5.296899805860599136e-02
9.886396655537638134e-02
1.798735068330584441e-01
1.316071056487003732e-01
1.523562932398206116e-01
1.025120997924217486e-01
2.108650667307568338e-01
-3.082316052636196665e-02
4.469185696403377150e-02
6.275034762898563934e-02
7.575274062475850778e-02
2.421382398594348340e-01
2.720508337122463094e-01
4.293081861025070667e-02
1.958806022012449521e-01
1.308500451073370541e-01
5.058241755889405361e-02
-8.484347980225473429e-03
2.312093020402662680e-01
2.117079539463242455e-01
2.977503303676545254e-01
6.336716591494771789e-02
4.775504730585870133e-02
1.782724522124977118e-01
1.568650614020145051e-01
1.797529853279180578e-01
2.502302916251517018e-01
1.268880765805532052e-01
1.579952616928078923e-01
1.697238537091746158e-01
2.570187506387687781e-01
2.687610886805011923e-01
2.203018201610410787e-01
2.127271892156169519e-01
2.432691447465223089e-01
1.314376072590136835e-01
1.927503486401966615e-01
1.809818311956043202e-01
1.621184078280725749e-01
2.606425127552353116e-01
2.003319052181190829e-01
2.443069768409318332e-01
3.003829284292736657e-01
2.821037954146290994e-01
3.472649076305669991e-01
1.926999342776940238e-01
3.816257685887373269e-02
1.338234149608744372e-01
2.166142139037561531e-01
2.453193080876343024e-01
1.025947000424813210e-01
4.383634228587248716e-01
2.415605221780084966e-01
1.966052508562439183e-01
2.301653801431380597e-01
2.087477879436398231e-01
3.259303570823160467e-01
3.067401267422019684e-01
1.888820409093101005e-01
2.829705873356607726e-01
3.159030237875041780e-01
3.116973919502406543e-01
2.131920818601454881e-01
1.517164908700417425e-01
1.365114290137968422e-01
3.894702517471370640e-01
2.905969869587251564e-01
2.763779857071962387e-01
3.854991885255844020e-01
4.028163590898379276e-01
2.519130025383684024e-01
2.806281193794137874e-01
3.520385791633288131e-01
2.626285449982356246e-01
2.628401064602434722e-01
2.031145836723350639e-01
3.233809002662279553e-01
3.554311087570170002e-01
2.532578222642786203e-01
2.885593839670244631e-01
2.557543513074415631e-01
3.023048219903988199e-01
2.539411020927230811e-01
2.073942210116508367e-01
2.388398047794410839e-01
1.941563651591750317e-01
2.376626640614390440e-01
2.474901136104708799e-01
3.500564373462351497e-01
3.540304521440408303e-01
1.910690198781397620e-01
3.928927094956043975e-01
3.995075942946191838e-01
1.580362252855771199e-01
3.627215840641866418e-01
4.753620679772057600e-01
3.256927830140556313e-01
4.468582298054871726e-01
4.090303542527330971e-01
3.697576592317945998e-01
1.498832517730347702e-01
3.460490109873294307e-01
3.274288243650817498e-01
3.584932422050681744e-01
3.421471517244614180e-01
2.247731811225155696e-01
2.306236409901510076e-01
4.371942370248488308e-01
2.991429234132503834e-01
3.992397593835040337e-01
3.288397548388370395e-01
3.179462557882434259e-01
2.654369005534898407e-01
4.382717994077464096e-01
4.545073507020319648e-01
3.758409180204233535e-01
4.067378090147414915e-01
1.542577783940773106e-01
3.631409355085720159e-01
4.590467949113610779e-01
3.274495362219673189e-01
3.809938008241417484e-01
3.644395213800939448e-01
4.565645803635884348e-01
4.141237509468568834e-01
3.760024562974490503e-01
3.972841505306914378e-01
4.334445016951675722e-01
3.033027963343447042e-01
2.550287509519026941e-01
3.134125121847432527e-01
5.080081272224166167e-01
4.546089610441700901e-01
3.125340067145427891e-01
4.016823839331122303e-01
4.866254640574977919e-01
4.227531466437750574e-01
4.979633811273506128e-01
4.470753837394023100e-01
4.170456599475976245e-01
4.580680589607968867e-01
3.679341644097890440e-01
3.525128279513868312e-01
5.930488424196557196e-01
3.804123180395385107e-01
3.555292566016806655e-01
3.335273829084473007e-01
4.888013312949172628e-01
3.290509979111795880e-01
4.996295344199075950e-01
5.237963911094825065e-01
5.076915900481714372e-01
4.886381924780681119e-01
5.675018499488574397e-01
3.817771024371416355e-01
4.055567098893318456e-01
4.971905648740496120e-01
5.783652954518040401e-01
3.777166638954927436e-01
3.209061588954029154e-01
4.312406480289261990e-01
4.109735511449751910e-01
5.056257935693083683e-01
3.843678474010032708e-01
4.359009762427705770e-01
6.138990692802012150e-01
3.561622166447989679e-01
4.509601337248835273e-01
4.234911734663480143e-01
5.575996060399929233e-01
4.614064820715961246e-01
3.534439747847815116e-01
4.298129908016606326e-01
4.850058173401597950e-01
4.847058251107621563e-01
4.730273870475754650e-01
4.809784886267187698e-01
5.026101168988345025e-01
4.836789442113715864e-01
2.905133103349555879e-01
3.391132772421409647e-01
5.486071146963614753e-01
5.422503762244006431e-01
5.244080249996329046e-01
4.123667131518558571e-01
5.189326700268409587e-01
5.078884834350702038e-01
4.207688377704443816e-01
5.842610156903178531e-01
5.790814084535057527e-01
5.329402476590727744e-01
4.788787445729444370e-01
5.481678592614283030e-01
6.286492590224486143e-01
4.671403444981316322e-01
4.907237409158457520e-01
6.797590945727777223e-01
4.272849574785854143e-01
5.030740424633279861e-01
7.077410434882404067e-01
4.768200308412947064e-01
6.369403003568303578e-01
4.510080903873420755e-01
5.333837265540174455e-01
5.284976518202511020e-01
6.437241846995283012e-01
4.482642199497712809e-01
5.482237793782238633e-01
6.732310665843717068e-01
5.325038139260870329e-01
5.773926691354011043e-01
4.367564024132515321e-01
4.741285752268551423e-01
6.377486919930953624e-01
6.292513367740963925e-01
6.054503904620872623e-01
5.770426960000342165e-01
6.520803834749118177e-01
5.728361946602718024e-01
4.444355630256197065e-01
4.493295215511290963e-01
4.488804523837233162e-01
6.409395984033328109e-01
5.607542787813505347e-01
6.647254024103870229e-01
5.121516803563215259e-01
5.172725746226054522e-01
4.441615678140139467e-01
5.275411322065433062e-01
4.290509148404791362e-01
5.689945096714746908e-01
5.939127294090215115e-01
6.378966046167586779e-01
6.700450020421392372e-01
5.872838867401185547e-01
6.950741248238478942e-01
7.350459751851214918e-01
5.545950052840764588e-01
4.150360468728072627e-01
5.971398006442909523e-01
6.038872397174318563e-01
4.731510439288556524e-01
6.070752213865533431e-01
7.697162500081690117e-01
5.034764272393368323e-01
6.302825664382366577e-01
5.487050346079549445e-01
7.089007978021545364e-01
5.141225899731586280e-01
5.640968016421248343e-01
7.927959300960348843e-01
5.668984655259367011e-01
5.745226947880650581e-01
7.126829514978501035e-01
6.184108675947818101e-01
7.137157900096182672e-01
8.119831220541632311e-01
6.370318334894433665e-01
6.103244788614898830e-01
6.912084767927939577e-01
5.419870574512036798e-01
8.409966596099714975e-01
6.801738131797196996e-01
6.102542962287067496e-01
5.977833840097971363e-01
6.432398677494278738e-01
5.425752028092437618e-01
8.195740349185683948e-01
6.116459217269021309e-01
6.694745968992397156e-01
5.380348259209070116e-01
6.336980655108982452e-01
7.337398502766355746e-01
5.837958497673521041e-01
6.695305155270050435e-01
7.258449819012543491e-01
6.804644742985056505e-01
7.728931984944968914e-01
4.860627200218124444e-01
6.410218014763664485e-01
4.703500091409533734e-01
6.160114738549729019e-01
6.500618927878396569e-01
6.259316566871703236e-01
7.247650789471087318e-01
7.271267203619373731e-01
7.501107283420732630e-01
8.102071534451518176e-01
8.236368576614272463e-01
6.591264745169546080e-01
6.692742907633097982e-01
7.504250855276438648e-01
6.333454353031676698e-01
6.104732694929301262e-01
8.068207724668372549e-01
7.440348605329739629e-01
8.183137089921476148e-01
6.394714673326792331e-01
8.616781325990001683e-01
7.209945503196023564e-01
8.605335160017167917e-01
6.163623335569111683e-01
7.434385876609457267e-01
7.089505239983028284e-01
9.096900038302211389e-01
7.690763956848597482e-01
8.678570036059931603e-01
6.730842467817125252e-01
8.905290891102400908e-01
7.766417904270125350e-01
7.245236174912630389e-01
7.255652721997082333e-01
6.717468244250425213e-01
6.186888608886469409e-01
6.314583063857569512e-01
7.570442365249165917e-01
9.397995418239204479e-01
6.752140343262877931e-01
7.846920921893349998e-01
8.309818361023655342e-01
7.234258042466987781e-01
8.675708351558802933e-01
7.881918396345191091e-01
8.440809644146302082e-01
6.666721730482667585e-01
7.202638468999206234e-01
7.530053830785133906e-01
7.662059620606915811e-01
8.407330652725858444e-01
7.169465763311070328e-01
7.743805576596153317e-01
8.407724846124507989e-01
6.927820300743970927e-01
8.708608991589495973e-01
7.856737772097285299e-01
7.811040281889392034e-01
7.345520275754390260e-01
7.363978304373093309e-01
7.167399728666292713e-01
8.713390874050298551e-01
7.133881787583424838e-01
8.107739655932030276e-01
9.246282943993038295e-01
7.955459396408574024e-01
8.168432988206504319e-01
7.207925172869622532e-01
8.977516722245658665e-01
7.295002725179646763e-01
7.896691629311106686e-01
6.931827067324530800e-01
8.164867543076331780e-01
6.640459771563732572e-01
8.165183787837996254e-01
7.488739949307087196e-01
7.382663479992551681e-01
8.134773104280476064e-01
7.744579364942355548e-01
8.008713931244794137e-01
8.850038677780255325e-01
7.616065130601251676e-01
8.480933621251194321e-01
8.278345480005300239e-01
7.606928531634022939e-01
8.720937364865437580e-01
7.559063637363973021e-01
8.948141006693717259e-01
8.633928841536241405e-01
8.312012504564926241e-01
9.209853591057658440e-01
8.209119390215720014e-01
9.610721518155409537e-01
9.988072559454993504e-01
8.748288322317865351e-01
8.026166336596283202e-01
9.204637355408247235e-01
9.201096968935800202e-01
9.218336154739942279e-01
8.938948451798234274e-01
9.053062899358685911e-01
8.607333453502502563e-01
9.894325508201675667e-01
9.035708021559490932e-01
8.258472572163292336e-01
7.934057121410323932e-01
1.066572444312956058e+00
9.764094302733703490e-01
1.089693609900493465e+00
9.654471747402171289e-01
9.913088997087370347e-01
8.593887808503891668e-01
9.941365588735372461e-01
9.735717255256267633e-01
8.531935553019962537e-01
9.803288860567573870e-01
9.370320314057654087e-01
1.020548369767312114e+00
9.065810663689687354e-01
9.983649071303477562e-01
8.473328440686094254e-01
8.468150518373254165e-01
9.271047653986261849e-01
9.442294646120060753e-01
8.765667918472755948e-01
9.910934416203746045e-01
9.569148232512122432e-01
1.013571483352120994e+00
1.100515608203844087e+00
9.355156408744325081e-01
7.627578716523185642e-01
8.099528340779718061e-01
1.016311615298313598e+00
9.221431690720114371e-01
1.078223290171291593e+00
1.040778663149510619e+00
8.511113950973425712e-01
9.682227068873595632e-01
8.988101640323615804e-01
9.791747523680025544e-01
1.085716393735585150e+00
9.678053541542982474e-01
9.230316671214556790e-01
1.014229749167954830e+00
8.271823391372425949e-01
9.440442485026547814e-01
9.584449565339350219e-01
1.046311143366886798e+00
9.446908984106006102e-01
9.563967092133291992e-01
9.330550679689700866e-01
1.127723704439977270e+00
1.037813846196775858e+00
1.089658210182406384e+00
9.781561170455419507e-01
1.066413997675784930e+00
