-1.054193973232507187e+00
-9.745035443465406289e-01
-1.053487736897472438e+00
-1.075885025907062253e+00
-1.061728301874223623e+00
-9.844599725190799067e-01
-1.208887055796859844e+00
-9.822344604034092264e-01
-1.060676365677004185e+00
-9.794191815253753264e-01
-9.935921109826471032e-01
-9.858025158654459830e-01
-1.030874878150971341e+00
-9.314096957673623223e-01
-1.142556083806769429e+00
-9.730004421825718675e-01
-9.211179226542376419e-01
-9.929708948763176224e-01
-8.668494292060872075e-01
-1.069275798233858987e+00
-1.150517523693099564e+00
-9.593983482524424122e-01
-9.616964532898529816e-01
-1.051082652942638029e+00
-8.718179157309549066e-01
-9.223898185768331093e-01
-9.809071292372582018e-01
-1.029795967326144090e+00
-7.731215753315985317e-01
-8.840538647606032141e-01
-9.747742629745768106e-01
-9.502694666218625130e-01
-9.061621268386815808e-01
-1.037184347858961964e+00
-9.392578743835763300e-01
-9.368555842939654266e-01
-9.852588818695811046e-01
-9.042680384438274155e-01
-8.091335924362565990e-01
-7.942701767909990940e-01
-9.619831645354482985e-01
-1.002497172509978496e+00
-7.950981343281089408e-01
-8.167074233268489802e-01
-7.825428461648589185e-01
-8.799483697044295782e-01
-1.043507985593093768e+00
-9.162906403534007982e-01
-8.581345455239370867e-01
-8.461057854076976525e-01
-9.030322529649140728e-01
-1.004246087155652889e+00
-7.606396884713279016e-01
-1.015492829512444350e+00
-8.872426774488880730e-01
-8.980493484088343248e-01
-9.555794795859098301e-01
-8.261474150701234587e-01
-7.785065952627168162e-01
-8.449744088889881155e-01
-9.146741348617679623e-01
-8.425641869256523808e-01
-9.070512834658794876e-01
-8.644317832809298441e-01
-8.825550947841753757e-01
-9.167531568157228916e-01
-9.050935338659462648e-01
-9.440815897577685689e-01
-7.776351457601304862e-01
-9.545153824459209346e-01
-8.823957317914289389e-01
-8.598484800117851545e-01
-8.701180235498897630e-01
-8.822557558690821145e-01
-8.333135253663930264e-01
-9.433561427416462530e-01
-8.304918203777417185e-01
-8.711789934057131424e-01
-8.625741932608554929e-01
-8.635577303847935537e-01
-6.980982343571363602e-01
-9.780065916522049374e-01
-7.439069062446337366e-01
-8.821203345507903082e-01
-8.384239003953173341e-01
-8.189075734916860805e-01
-8.004685359575212100e-01
-9.106718162268300221e-01
-6.848561057193693902e-01
-8.936030959009918506e-01
-6.226042784180390033e-01
-6.739636036920657602e-01
-8.953761811347158428e-01
-9.107604221867281469e-01
-8.357952510252412148e-01
-7.280908098311268395e-01
-8.260247106007232443e-01
-8.439343362246947144e-01
-8.976596268145528024e-01
-6.799407575293742179e-01
-8.688018699890334151e-01
-8.672567533086324998e-01
-8.736409530281847857e-01
-7.934764502268378816e-01
-8.021334548937701925e-01
-6.750022307869565363e-01
-1.030515021635550754e+00
-8.790618317730582998e-01
-6.741123990085267081e-01
-7.793525112193304683e-01
-8.588832154817830355e-01
-6.541704675399087066e-01
-6.872707318799040621e-01
-7.776478685525934909e-01
-8.141538246197775885e-01
-8.440885135280896678e-01
-7.475830198182487063e-01
-7.549347269693286178e-01
-8.627357792975294259e-01
-6.502319864056825827e-01
-7.364425735763295844e-01
-7.337042523373622505e-01
-7.808959354632638572e-01
-7.278616483745515842e-01
-6.157842460495719372e-01
-6.724033594242465606e-01
-7.327042107634621493e-01
-6.436885377566395894e-01
-8.317217589631388242e-01
-6.650959064142679678e-01
-7.370833157141586378e-01
-6.772905790416223759e-01
-6.594237620854720427e-01
-8.219183189891547947e-01
-6.420397789156244706e-01
-7.796026749933713251e-01
-5.939468482420281470e-01
-6.248545342611530051e-01
-5.241963190469136613e-01
-8.127059380896669571e-01
-8.362925715544983207e-01
-7.769167671488798055e-01
-7.219042824758606924e-01
-6.907249676708824282e-01
-6.969714874067708399e-01
-6.110446061329383172e-01
-7.711711633178284231e-01
-7.777256993006490537e-01
-7.030114175428230361e-01
-6.170583115600959401e-01
-7.711293806503539683e-01
-7.306788475466088340e-01
-6.630829771924975358e-01
-6.015906540430597804e-01
-7.392930147070431168e-01
-5.683440726199701087e-01
-5.231116899099982342e-01
-6.723225705237800831e-01
-7.186531230140337234e-01
-6.862391021643879929e-01
-6.997820710562763225e-01
-7.354273499422772087e-01
-7.362043355078281559e-01
-7.396215121973002127e-01
-6.641891120905493162e-01
-6.642575310295236735e-01
-6.409013648910248939e-01
-6.839361046129334154e-01
-6.572463585344998638e-01
-7.436019128041826409e-01
-6.724238541108991107e-01
-5.523510579455044311e-01
-7.024351269338273696e-01
-5.702829392137082065e-01
-7.097245123018439683e-01
-6.127106065635754550e-01
-6.258115851923664597e-01
-6.386790145852281331e-01
-8.048305250847794801e-01
-5.819152231387465513e-01
-7.251194947100200183e-01
-5.254826626114476040e-01
-6.034213962830844435e-01
-4.925169958146805582e-01
-5.105472676680030686e-01
-7.686727094777160429e-01
-5.905694104150440715e-01
-6.445325980892163686e-01
-6.291370185576919960e-01
-5.492448185576642716e-01
-5.911995080737023622e-01
-5.262668549387669037e-01
-5.310135071821058261e-01
-6.975885074177774481e-01
-5.239334267301904990e-01
-4.145947331768453648e-01
-5.385962557013229679e-01
-6.058319841312557186e-01
-4.898756438971307303e-01
-4.998923415883954613e-01
-5.686592122708314934e-01
-7.138332820538229040e-01
-6.320427346767173438e-01
-6.735945194965450300e-01
-5.910206786762478570e-01
-5.471649288686930568e-01
-5.978773890771642563e-01
-3.882724828996951261e-01
-4.738279749964751097e-01
-6.601345744740340082e-01
-6.742228957858957816e-01
-6.123378762352617022e-01
-5.897703451454394674e-01
-5.905431740375610694e-01
-7.623977562401575980e-01
-6.455926626004999669e-01
-5.605058597157629441e-01
-6.818868721002407929e-01
-6.404860860638214026e-01
-5.882057950628130083e-01
-5.543833470219875492e-01
-3.878451074819443956e-01
-6.228374755811454389e-01
-4.910026393787779719e-01
-5.985347444674016248e-01
-5.688320072589077014e-01
-5.711218535977469202e-01
-5.354424251127761769e-01
-4.898702331732718851e-01
-5.053939777527368671e-01
-5.494673554089216649e-01
-6.000334347189277828e-01
-6.222266569225050059e-01
-5.706408050098179530e-01
-5.538540434802681212e-01
-4.977868356201537448e-01
-3.933120259276142727e-01
-5.615251344111764631e-01
-5.249615610912963248e-01
-6.278774295450360032e-01
-5.528137330066987820e-01
-5.454632383555451103e-01
-4.206514883358025703e-01
-5.815636069652750928e-01
-4.174753975574360676e-01
-4.894214932624313397e-01
-4.069098074383140640e-01
-5.162918295916159028e-01
-3.702238752918613485e-01
-5.221025100308803735e-01
-5.638882838861569713e-01
-4.580020735642997831e-01
-3.021798692879167914e-01
-4.939955625208127810e-01
-4.539492155137499485e-01
-5.515807832351885542e-01
-4.539520885965420693e-01
-5.101532121625143024e-01
-5.093293888565766370e-01
-4.974205831970385794e-01
-4.126676620908198978e-01
-3.002844012927692874e-01
-5.263419754300345810e-01
-5.169898443576377289e-01
-3.946232897187699207e-01
-3.927970572179541597e-01
-6.848286373306710084e-01
-3.523227975599250716e-01
-4.380447730347357127e-01
-3.911853089679029893e-01
-4.828179050000074857e-01
-3.821685124322872773e-01
-3.765296605545581099e-01
-3.556885425816869728e-01
-4.291911030451012743e-01
-4.559518667295375249e-01
-6.153663932997680552e-01
-3.860602416328302033e-01
-3.878399759210170994e-01
-3.362089214060688391e-01
-3.280657276976816639e-01
-6.173082319176695920e-01
-2.505298368126619990e-01
-3.775521692968572540e-01
-4.103315592207478213e-01
-3.712075706106185979e-01
-4.899968988616860699e-01
-2.389929097932631252e-01
-5.016262672524957056e-01
-3.313436540667387686e-01
-6.286050935740260526e-01
-5.577327647447345438e-01
-5.257262308244609050e-01
-3.691283637570198506e-01
-4.323505826181532896e-01
-4.244258393529811713e-01
-4.134407162151348958e-01
-4.441623007757718455e-01
-4.565401281460760852e-01
-4.306573157373230765e-01
-2.850871345634634624e-01
-4.344327623260298976e-01
-3.902911122239928754e-01
-4.205665906614904914e-01
-6.106595178632234777e-01
-3.926073325284302196e-01
-3.799401985825515693e-01
-4.637699598432046821e-01
-2.512014279747852852e-01
-3.233477624443714671e-01
-4.053258146778555560e-01
-2.861461704892825919e-01
-3.536102237049795205e-01
-3.774594817635514299e-01
-3.105945458861870678e-01
-3.166067005418672919e-01
-3.608811999794572789e-01
-3.793264810346012594e-01
-2.392393248420294494e-01
-3.836827096831009198e-01
-3.492760772993291352e-01
-3.536033554296444947e-01
-3.899327751849087087e-01
-3.724215391098466554e-01
-4.322377639379597625e-01
-5.323580914683012644e-01
-3.610430082692580034e-01
-3.708109178339910605e-01
-3.328245778592490156e-01
-3.472680087583943642e-01
-4.289932356118255075e-01
-3.887015402344042858e-01
-3.096348174940981024e-01
-4.124215721536620416e-01
-2.415541454635011520e-01
-3.446816129567396025e-01
-3.600102525478695581e-01
-3.621989913317869569e-01
-3.821686249714084660e-01
-3.193559585609858642e-01
-2.367050942974014416e-01
-2.807378003461310501e-01
-2.761718735143851577e-01
-4.555664207442164382e-01
-2.536889855427490459e-01
-1.530589460848776062e-01
-3.358730602574293567e-01
-4.581519688478074559e-01
-3.915398934628852579e-01
-2.895029335719208063e-01
-2.899203921950221363e-01
-2.795720604001722398e-01
-1.909200374008771794e-01
-1.589492590461378807e-01
-3.597705488659436179e-01
-2.494234259811195231e-01
-3.294957304791910624e-01
-2.077127099540282407e-01
-3.033666182778003151e-01
-3.951662870114316384e-01
-3.359134675632757250e-01
-1.559722359040712214e-01
-7.311705535665935507e-02
-3.746001293706733293e-01
-4.152855441941052939e-01
-3.706803683075688971e-01
-3.763422040774278554e-01
-2.801897991801255983e-01
-2.790842500486775957e-01
-2.066829159652510961e-01
-1.947048069940469639e-01
-2.573799400719661290e-01
-3.172413454286420187e-01
-4.928354866240243493e-02
-3.230180380814634544e-01
-2.084019531634548339e-01
-2.802982334342337678e-01
-1.759514005955006843e-01
-3.220021809474680197e-01
-3.298967736432353859e-01
-1.371977860228301982e-01
-3.004455751641204597e-01
-4.057230861433913094e-01
-4.553699949126903124e-01
-3.280681937545504301e-01
-2.801444675981288324e-01
-2.190168495546426786e-01
-1.776555270966431732e-01
-2.599508476077524444e-01
-2.538620252863661997e-01
-2.016813546660106982e-01
-2.375245878164528313e-01
-2.254435195992751662e-01
-1.415183149585702016e-01
-1.224436213808132584e-01
-5.621393510973660135e-02
-1.979666813527840852e-01
-1.648772759991404824e-01
-4.003996525803318191e-02
-1.792043948112346796e-01
-9.909495764036409249e-02
-2.075137812885227417e-01
-1.840556710841600163e-01
-2.157837551421782352e-01
-3.368892291679456141e-01
-2.904260586311362413e-01
-1.414626482654623464e-02
-1.847981059723556863e-01
-2.311252197276329745e-01
-1.701746652706943308e-01
-1.244139307866461847e-01
-5.966170059064096476e-02
-2.962235466551291774e-01
-1.480668483154505832e-01
-1.427833156185388253e-01
-1.909985159126084409e-01
-2.624592157592815500e-01
-8.838005828612731374e-02
-3.331704471139075308e-01
-2.229235981673332589e-01
-2.194278469662301889e-01
-3.899866846123691000e-02
-1.316640113132898637e-01
-2.038118339358101494e-01
-1.209862920495990285e-01
-2.259481375206192355e-01
-1.258639118238173982e-01
-1.253719060842847233e-01
-1.141993835498603671e-01
-1.393845452631297666e-01
-1.686031546232594491e-01
-8.228960366252355274e-03
-3.980469889532904648e-02
-2.001345210236031291e-01
-2.221343152537659862e-02
-1.430697568989424684e-01
-1.141532053130584340e-01
-1.890425197041950278e-01
-1.410699745360404767e-01
-1.148195509284360705e-01
-1.103629432836539803e-01
-1.476193806525235575e-01
-3.067834170994171092e-02
-6.173516331042168404e-02
-1.935101907101193230e-01
-2.889824333792253563e-01
1.742984005353924101e-02
-1.658073691254614290e-01
-1.081958609347740963e-01
-1.422992203610075335e-01
-6.871302761908755496e-02
5.233793397943852822e-03
-2.345378625037548848e-01
-9.806789293412278286e-02
-6.134092827623444100e-02
-1.146097129365983465e-02
-2.855045555441698135e-01
-1.307959026791391532e-01
-7.763574745179045722e-02
-1.313309544124380002e-01
-1.141341077549492544e-01
2.237759564973215709e-02
-1.548573633706764631e-02
-1.178250503979693942e-01
-1.847488694331550219e-01
-7.601093078958892635e-02
-1.207808408172218739e-01
-7.170674511798705297e-02
-1.011289394354655674e-01
7.889035454689961868e-03
-9.501786203103904094e-02
-7.173955353328477502e-02
-3.468186499464886996e-02
-4.863416090352761650e-02
-7.632385547754765021e-02
-5.815095196407717160e-02
-1.984678371626263649e-01
5.481336786478377410e-02
4.028814487261353494e-02
6.833451648304806692e-04
3.565499563932381100e-02
6.829446584024516376e-02
-1.300210679696778455e-02
-8.541042501735110481e-02
-1.726185378757841837e-01
5.287876264267930837e-02
-2.621734723041578563e-02
-9.603525838889761385e-03
-5.030832068099801851e-02
7.612677041956804336e-02
-4.765104114892744491e-02
-4.822970728186260631e-02
-1.826079626443551790e-02
-6.974587632610265708e-02
-1.194263718276187582e-02
-1.740444614696791403e-01
-1.019538650627158649e-01
8.558451770588804131e-02
3.283987115097873003e-03
1.860092913592604758e-01
-2.783699115208241801e-02
5.579001078668510000e-02
5.455390757185012846e-02
7.673927117325375635e-03
1.427563642394812649e-01
8.483983934593748721e-02
-2.034095246882743416e-02
5.176348969851961995e-02
1.148642238305974672e-01
-6.129493280520110360e-02
2.533936657074488050e-02
-7.870131558282789097e-02
3.565287162860343584e-02
8.204692112753314559e-02
2.135337961937468568e-02
-1.882426890413746445e-02
8.869474212321390438e-02
-1.119966493647997496e-01
-1.951938977094147196e-02
-5.357560891085534280e-03
7.611193787712115799e-02
1.140007320891065212e-01
1.732409183057666280e-01
1.522517010816902029e-02
-5.272853446346954104e-02
7.937771864608503258e-02
-2.354981128573242766e-02
2.087895113640661215e-01
5.667836139811308765e-02
2.069669184945436280e-01
9.067051862976406584e-02
-5.243934223806271527e-02
-1.076436568183244784e-02
6.941064531310571495e-02
1.403595086661061919e-01
1.214422252203174873e-01
4.834547867604781918e-02
1.461455091691944430e-01
9.685163579361658059e-02
1.409458017836823229e-01
5.785890778959688896e-02
1.526311173983801173e-01
5.539429602059765811e-02
1.263088154462697066e-01
-3.929922513327684802e-02
1.822292249371515183e-01
-7.794150967388417672e-02
6.287440110156401751e-02
2.025305609234800408e-01
1.106188299056511948e-01
1.050104269059377593e-01
1.441312313949090762e-01
6.232835719459010188e-02
4.332698266726828402e-03
2.099391974463300226e-01
7.623619715312462790e-03
5.571853846815223027e-02
2.862033037137508007e-01
9.108930847022031485e-02
1.007152330563285264e-01
1.178351784202913005e-01
1.851491668646207955e-01
5.488363984260358208e-02
1.382472937554904968e-01
1.469312079670993254e-01
2.259752140435518641e-01
4.151204741987007257e-02
1.139791416513928762e-01
1.796465484908983390e-01
1.277528451663074438e-01
1.402203031200436600e-01
1.199367309119169500e-01
2.012637355320421317e-01
-2.967927292958564070e-02
4.842233389599917559e-02
6.117795648193655872e-02
6.811942294880601878e-02
2.349189699443778867e-01
2.607966001493631780e-01
2.072889667967223876e-02
2.153776534428667455e-01
1.301805696225196707e-01
2.840273300790376737e-02
4.888251579471864297e-03
2.268237900137711205e-01
2.217230597426045891e-01
2.664992313879006591e-01
4.668849855544017491e-02
4.931259505935509102e-02
1.716529372018708866e-01
1.386232767226989737e-01
1.905338419507313363e-01
2.688636354652853000e-01
1.333160663336273866e-01
1.770564343370603644e-01
1.381146230897493943e-01
2.456644602994446369e-01
2.587475887942469188e-01
2.206107887953233648e-01
1.999236518851907618e-01
2.415965894556234006e-01
1.089630127310710211e-01
1.742591497043619597e-01
2.158672322107580144e-01
1.599857195124224918e-01
2.660014208887039322e-01
2.025227969092018576e-01
2.583660691519926722e-01
2.996114652902533981e-01
2.938540903980139674e-01
3.310996073150798691e-01
2.059128340074357355e-01
5.734092779361230074e-02
1.338724527818764276e-01
2.001855998111235491e-01
2.589490595356652158e-01
1.032514479327036883e-01
4.229794214291903165e-01
2.545077150675455480e-01
2.039981146183099947e-01
2.117875229490261135e-01
1.987534142900712064e-01
3.302566838785095382e-01
3.063130561006658925e-01
1.841826402875837154e-01
2.669999058137615400e-01
3.086042956782087399e-01
2.993577332248154033e-01
2.096212399881420274e-01
1.486219113318289486e-01
1.539013194703857945e-01
3.507539095478824920e-01
2.968512522874273696e-01
2.667926751584909217e-01
4.016589563508673466e-01
3.937124393288647939e-01
2.331003979892350697e-01
2.870697803380273250e-01
3.475267667536729999e-01
2.597360120352957269e-01
2.585336020083494613e-01
2.298408874184640904e-01
3.144549434139246591e-01
3.476606197173556234e-01
2.607851045898132436e-01
3.086883683704666481e-01
2.555965793587978707e-01
2.994960157752989405e-01
2.370175666835630524e-01
2.175710611453886556e-01
2.268373263062666845e-01
1.958627816138223676e-01
2.270672305717657824e-01
2.351198792115978542e-01
3.395827627677758809e-01
3.726451182203949219e-01
1.938774023813308600e-01
3.935780516659709849e-01
4.161125688838185899e-01
1.786934584695537009e-01
3.803122153976827846e-01
4.614785054627646987e-01
3.579149101671215139e-01
4.595012848627979540e-01
3.981612928383403971e-01
3.616827945434231140e-01
1.589154867017553430e-01
3.376116311221655786e-01
3.283730533727105549e-01
3.711293461372177083e-01
3.244400758897205694e-01
2.023693204043787164e-01
2.221382873901502353e-01
4.381537019085541274e-01
3.101306276843056042e-01
3.979106380153902278e-01
3.139786116833910290e-01
3.164733214090638125e-01
2.451169610367639473e-01
4.354547167563196375e-01
4.710877895966386619e-01
3.817262515144497770e-01
3.829619034833817159e-01
1.580720427456914490e-01
3.791784909544036464e-01
4.630303440829225958e-01
3.073651329447458225e-01
3.851182915331040069e-01
3.708114253888289413e-01
4.584919560552525031e-01
4.078072683383696662e-01
3.674111254010329342e-01
3.857208004355973108e-01
4.226828001519501998e-01
2.998417762455966584e-01
2.517220161641545162e-01
3.154164823910028947e-01
5.104232842454041741e-01
4.743321483696044671e-01
2.967562058297566474e-01
4.043604558705485852e-01
4.818080786297493368e-01
4.551914785425189569e-01
4.890432954474167593e-01
4.422714380401020495e-01
4.410812938683805751e-01
4.473159305042767042e-01
3.847508257915514540e-01
3.308084825603108681e-01
5.908567860555795637e-01
3.904439523674654855e-01
3.721288223309294763e-01
3.100724936633077466e-01
4.785572875509009338e-01
3.141939400165739693e-01
4.844278353606888965e-01
5.138790315938482900e-01
5.015066105435646016e-01
5.040481018854787720e-01
5.569524618683924233e-01
3.802305372643328685e-01
3.901619443182414160e-01
4.906824121890846491e-01
5.740141029621004254e-01
3.511583764520159190e-01
3.104353358406380381e-01
4.568995441212911346e-01
4.199905224607349274e-01
5.043772458832931349e-01
3.874470517951850712e-01
4.221008016228651738e-01
5.983853819508918592e-01
3.541283268746929225e-01
4.559516667641144716e-01
4.360821406271784273e-01
5.683539702379915015e-01
4.767487884875857840e-01
3.660274371737585741e-01
4.359571563927395754e-01
4.800467428114913448e-01
5.045050424581158932e-01
4.398072060280592277e-01
4.762566573334280351e-01
5.076168854045987056e-01
4.780250365816390290e-01
2.839401805129787570e-01
3.270539348386981016e-01
5.566879604960852657e-01
5.288235016615527861e-01
5.443652709077198004e-01
4.121880633085088785e-01
5.381478817866521824e-01
5.135909022221721854e-01
4.386989051736617240e-01
5.935254219107071183e-01
5.948146029642475963e-01
5.429539619900104475e-01
4.934603607976814077e-01
5.481956712880042826e-01
6.377957864747849648e-01
4.738829689889741403e-01
4.655319297390380640e-01
6.673666483524586246e-01
4.308089254944101332e-01
5.075033499559864492e-01
7.132863946735459315e-01
4.536743494291662349e-01
6.375594031362076253e-01
4.586276431076149462e-01
5.283471045231139529e-01
5.185069321568199774e-01
6.481570214183653977e-01
4.550830542691545189e-01
5.112446976630141693e-01
6.546758400940811962e-01
5.258712942971862647e-01
5.740607212027490913e-01
4.386354794334126894e-01
4.685976253490348187e-01
6.529557644201724464e-01
6.217608328754956615e-01
6.156676384511492461e-01
5.690959889940804262e-01
6.282869896314685620e-01
5.560887880910222458e-01
4.578127973550634722e-01
4.714490291357084639e-01
4.415106775891428637e-01
6.306292732381555410e-01
5.793105468562260718e-01
6.604345771337521986e-01
5.131013495370422284e-01
5.027172618039228436e-01
4.679164817909644003e-01
5.553995693027526936e-01
4.152093241108927857e-01
5.466164026088273786e-01
6.154405074974644840e-01
6.296752873683870710e-01
6.558855126427293181e-01
5.991496967231290105e-01
6.651182705016096541e-01
7.536370883762121275e-01
5.710482234961854475e-01
4.042793664561232791e-01
5.874942148985777823e-01
6.014326102699948384e-01
4.782698131752935455e-01
6.115320250851659090e-01
7.933190726558938533e-01
4.970968249041010090e-01
6.341748846647488058e-01
5.502008315987805265e-01
6.966926370768593557e-01
5.073416937382607683e-01
5.631535781483456571e-01
7.985844841932253635e-01
5.477985740314145202e-01
5.693254401236911288e-01
6.772635771032553542e-01
6.056642081158774005e-01
7.082622724058228458e-01
8.047410273682928938e-01
6.357838475515589227e-01
6.137216313260122069e-01
6.723231385786120340e-01
5.280187002251214290e-01
8.593230059684613398e-01
6.918731808025309071e-01
6.196457264121774111e-01
6.271011473214417320e-01
6.424388822683029243e-01
5.490121233752466301e-01
8.035100315956509309e-01
6.034310030526920388e-01
6.743617975891967875e-01
5.678326179830611720e-01
6.257016277005914562e-01
7.264850043249418965e-01
6.073520670780480080e-01
6.703009203498656587e-01
7.031476547036499269e-01
6.942510082175576969e-01
7.397439394452064443e-01
4.816260173888216034e-01
6.636499851790151894e-01
4.891083526120431624e-01
5.960676361749295271e-01
6.635198845089835817e-01
6.320851145752530709e-01
7.324195140429983208e-01
7.327215175266258429e-01
7.717591726265624619e-01
8.134690934512849303e-01
8.358564737140509182e-01
6.549520247435952625e-01
6.533906717881082793e-01
7.671323948254173963e-01
6.211017518905090906e-01
6.066463163729550745e-01
8.201484486321755085e-01
7.342150752460824270e-01
8.247193695483796549e-01
6.217584735313035349e-01
8.529578312266173912e-01
7.334826776424584471e-01
8.416029442292720653e-01
6.313800576361005001e-01
7.470936339397887815e-01
6.943511416844376782e-01
9.176854013677687716e-01
7.522256500722338535e-01
8.712037646996310114e-01
6.733576446079126976e-01
8.812623150192430144e-01
7.475321115719406606e-01
7.299005121261219475e-01
7.330941245331933365e-01
6.804634898739462257e-01
6.285871433842280531e-01
6.397275934604472747e-01
7.355420184093841574e-01
9.249531264676874587e-01
6.619817770644269572e-01
7.922040045106387707e-01
8.590043779157204851e-01
7.231967237370243717e-01
8.718424796925356990e-01
7.768925705195454112e-01
8.559234451201260807e-01
7.019792762710685974e-01
7.239482040134782581e-01
7.550791507568574978e-01
7.671669977232900006e-01
8.596887421586616451e-01
7.451127444586661541e-01
8.005374885199806334e-01
8.415043736344338665e-01
7.151760338830591701e-01
8.639869485044743280e-01
7.821023436319589628e-01
7.867879511302434681e-01
7.368199036160655302e-01
7.520263937988922454e-01
7.013735567522831893e-01
8.720954989029758853e-01
7.224427619873646789e-01
7.992448764681356899e-01
9.392683886195077880e-01
7.966135094003348183e-01
8.032357914453120973e-01
7.266679625218658289e-01
8.963090898105180448e-01
7.279486689930924070e-01
7.873782203951283920e-01
6.779245353856225842e-01
7.949509877035103589e-01
6.829300349968178141e-01
8.198688280088263225e-01
7.444990725383066055e-01
7.315650230487412697e-01
8.213832975719976837e-01
7.881716920498667012e-01
8.190533725231017304e-01
8.965341067971914768e-01
7.681096691377424790e-01
8.427306914501803137e-01
8.358039758410672482e-01
7.323573123323855460e-01
8.800275656551646009e-01
7.614214987346707986e-01
8.844398950910804524e-01
8.898306970528517823e-01
8.219099333910885319e-01
9.215206624082499243e-01
8.270687198092608883e-01
9.808051405286626334e-01
1.014633561333942335e+00
8.741780614558869456e-01
7.994388003602406201e-01
9.290680576299507054e-01
9.131319722657453841e-01
9.369048244441392503e-01
8.889619315860129989e-01
8.702101187256146009e-01
8.399836224792954775e-01
9.936719350762396319e-01
9.152215834077209733e-01
8.269086241264386183e-01
8.047443683487444099e-01
1.068437883490775064e+00
9.692655884916161479e-01
1.067153460280254595e+00
9.555044189717006864e-01
9.903019161206124688e-01
8.621850492220468620e-01
9.979946812063194006e-01
9.798969237962943390e-01
8.629852465107569204e-01
9.770348627168644606e-01
9.211664648833733926e-01
1.028581665960045077e+00
9.223568954397834974e-01
1.019735389817442162e+00
8.323271534198636301e-01
8.729669757043754252e-01
9.302674468501085370e-01
9.422440070350850405e-01
8.670324107756305354e-01
9.917024960602399686e-01
9.517469131503668578e-01
1.021369277971958756e+00
1.087261094406747786e+00
9.374106567803984769e-01
7.910943920849945465e-01
7.897513761578492941e-01
9.971454742109611136e-01
9.063504035688968452e-01
1.094655226410563342e+00
1.044563997475339345e+00
8.397769541043399455e-01
9.613961658847701708e-01
8.785989458089747961e-01
1.000361950110046472e+00
1.069849790077277207e+00
9.794563592970491062e-01
8.896816207919938657e-01
1.016114430390761436e+00
8.280237268762378200e-01
9.325288155623948638e-01
9.705746444878563528e-01
1.056589220232538429e+00
9.321558284830275820e-01
9.546533715651138730e-01
9.586383312821579183e-01
1.102602627852667494e+00
1.038479674654130491e+00
1.063397929567772460e+00
9.646034640584594255e-01
1.059973327918425356e+00
