-1.015853895057850398e+00
-9.622710988559555201e-01
-1.195259180181537761e+00
-7.687734663009316849e-01
-8.072120423266805345e-01
-1.106225430363648288e+00
-1.095821237851533514e+00
-1.192125098038427700e+00
-1.092408134504317063e+00
-8.667076065971155430e-01
-9.945613272519109316e-01
-9.922757563500581579e-01
-8.713360419010157676e-01
-8.712966147196621325e-01
-1.114342375258720041e+00
-9.276838867167658265e-01
-9.798541378871525875e-01
-9.795135664457651492e-01
-1.090512588508650182e+00
-9.166289056728074147e-01
-9.055456612256589377e-01
-8.816697403179097892e-01
-1.052731006570131855e+00
-8.845463718193398162e-01
-1.082733561201539185e+00
-9.412402056054754995e-01
-8.686813685080494452e-01
-1.054294243386083574e+00
-9.621447367903758208e-01
-9.577037650861744966e-01
-9.955918687110950627e-01
-1.017059046149322521e+00
-7.891526345893349337e-01
-8.919696122102015456e-01
-8.807825351982129236e-01
-7.934043611528258655e-01
-8.141353174272905058e-01
-9.160021867660899098e-01
-8.019400952613617850e-01
-9.319371999785494021e-01
-8.808824018396514965e-01
-1.068030499646745790e+00
-9.339253550658377367e-01
-1.055845048064343539e+00
-9.531748214073051395e-01
-9.792191305242302635e-01
-1.046603695437595904e+00
-7.360905043565383332e-01
-8.680083419793441779e-01
-1.015888737280144172e+00
-9.965343091825463739e-01
-9.783891115190278542e-01
-7.915071126518019584e-01
-8.769375590509930207e-01
-9.755915552405873825e-01
-9.570091821868710324e-01
-9.582774063586688706e-01
-8.742294614548797860e-01
-8.457610232474321865e-01
-9.602425642587000265e-01
-8.114507996261716150e-01
-9.292306118309622276e-01
-8.649361489950851967e-01
-8.414274379463458908e-01
-8.615252701069858743e-01
-9.859552515664771200e-01
-7.238333129652710918e-01
-8.955969052328679458e-01
-9.636203519081494306e-01
-7.663824126802957215e-01
-8.585577876613953441e-01
-8.635030948479431867e-01
-7.275197726410456145e-01
-8.239519040165298458e-01
-7.271006067033489728e-01
-8.110971442190877401e-01
-9.229874890488772854e-01
-8.381796599708609685e-01
-8.514864105427840668e-01
-9.116759572003839684e-01
-9.375191172137742335e-01
-9.063274900377140675e-01
-8.100030744363196922e-01
-7.684441935874203322e-01
-8.112362557251633355e-01
-9.315557264983324037e-01
-8.259478390100617462e-01
-1.016788528592778684e+00
-8.519747146601640564e-01
-9.260233258158756531e-01
-9.461464951979129401e-01
-8.686710050692995067e-01
-7.918064675680690501e-01
-1.005550612628249407e+00
-7.581422201631368152e-01
-7.714747972343571902e-01
-9.223289762494536470e-01
-8.118126828324379041e-01
-7.276608346743521638e-01
-9.436230015600542975e-01
-8.360208563890657585e-01
-8.270400027323208114e-01
-8.269142262929950471e-01
-8.005544385175580313e-01
-8.700143147669415766e-01
-7.440051349037373196e-01
-7.570154386814000880e-01
-6.872676589955760695e-01
-8.901048579020739426e-01
-7.732466674860488665e-01
-7.941449301762872892e-01
-6.624136425367672665e-01
-6.891391853539878820e-01
-7.494747741593327239e-01
-7.856092143766201241e-01
-8.299684248484883176e-01
-7.812561466474787775e-01
-8.353518415412369835e-01
-8.503110806823992451e-01
-6.946913106743297650e-01
-7.244129888636241521e-01
-8.461209070224630091e-01
-6.817096735040389932e-01
-6.267605106616248589e-01
-6.895440611872684089e-01
-6.819775837032556742e-01
-7.249384773554824468e-01
-5.902161620940129527e-01
-6.585899763927672845e-01
-5.615799211338383667e-01
-7.269643211832116370e-01
-5.966592304503249844e-01
-6.583696908456443397e-01
-8.119541255325849471e-01
-6.751431884751835089e-01
-7.438119537671205039e-01
-7.257854014529875331e-01
-6.746439620297699502e-01
-7.226748585622952969e-01
-7.577118030706128105e-01
-6.662803002684583031e-01
-8.747131198204465274e-01
-7.650098478532986190e-01
-7.653468401284948541e-01
-6.837112192307583936e-01
-6.461844378069638850e-01
-6.475537987461146283e-01
-6.810186185207647291e-01
-7.537692451743932542e-01
-8.337967167487029263e-01
-7.252008531396870739e-01
-7.018725828836656078e-01
-6.509805787266923494e-01
-8.022813497554395212e-01
-6.845748095985975112e-01
-5.135755920332846225e-01
-7.117968362882068911e-01
-6.349816307572715424e-01
-5.216175471957589238e-01
-7.512041963030695602e-01
-5.972790991359303581e-01
-5.617302865227689068e-01
-5.334378611472181397e-01
-8.148405690614752839e-01
-7.105976834458159752e-01
-5.463045166831201893e-01
-6.882436058129376422e-01
-6.877153973236884710e-01
-6.740899427745485895e-01
-5.915037777836902322e-01
-5.305141673849859130e-01
-5.996835762602253928e-01
-7.557208549264441411e-01
-6.068875604444569083e-01
-6.757935220089205108e-01
-6.281433350499501245e-01
-5.093425742148116608e-01
-6.512608479228840785e-01
-6.944356437756235012e-01
-6.010659922774641561e-01
-6.388112445206716172e-01
-7.266159137337395713e-01
-6.235086634264076499e-01
-7.207629781549459436e-01
-4.279653793899924619e-01
-5.514153403897547046e-01
-5.576216032677180356e-01
-7.717167467145451543e-01
-7.629396481344165037e-01
-6.204973763701685519e-01
-6.226955203524947580e-01
-7.223993252428754230e-01
-5.522420470293194494e-01
-7.291831012333632733e-01
-5.741459967825296440e-01
-6.989469466607682868e-01
-5.980798765350203716e-01
-6.406112874642260202e-01
-6.885671070891107304e-01
-5.284700206130451550e-01
-6.649361027699329796e-01
-5.483479990780408819e-01
-5.313517786684016642e-01
-6.366487514896734812e-01
-5.616552605337509219e-01
-7.063394820477553182e-01
-6.407066780619612434e-01
-6.956887679926041512e-01
-5.780827684085988460e-01
-7.172759262801251534e-01
-6.184927534759109280e-01
-4.345688868264992455e-01
-6.872438784182292038e-01
-5.365544301156545126e-01
-6.384087912964404588e-01
-3.892343338169993450e-01
-6.747517051431525248e-01
-6.091474606564889482e-01
-5.304516443897805411e-01
-6.498057529211394012e-01
-5.813471105851479859e-01
-5.128411918778813527e-01
-6.248395886228625962e-01
-5.708178046624445834e-01
-4.949368547850218070e-01
-4.870118148694344562e-01
-5.508003611734354488e-01
-5.879765467142472612e-01
-4.246588552052104060e-01
-5.698178887507056034e-01
-6.823995190227813978e-01
-3.595027275723997051e-01
-4.441242009646232392e-01
-7.174928455757297874e-01
-5.902660691507216617e-01
-5.617070927074762077e-01
-6.202945380333710901e-01
-5.301957554706629994e-01
-5.028769236959437228e-01
-4.178536787523930984e-01
-4.057114510491124371e-01
-2.973852451315418532e-01
-5.363900775735954696e-01
-4.588091477577245225e-01
-4.600784656130638139e-01
-5.754746653456236372e-01
-4.887740670927151476e-01
-4.238046379699448307e-01
-4.025883355761450400e-01
-6.311906756849268163e-01
-3.796294397250712382e-01
-4.889533443173690319e-01
-4.828095554034260162e-01
-5.059813991396586719e-01
-5.268875826493798487e-01
-5.664831516188174598e-01
-6.241117070783587240e-01
-4.686157582399156363e-01
-3.523714223394615597e-01
-4.968998477206146847e-01
-3.846778694595236470e-01
-3.624881108353542047e-01
-6.583427526603560231e-01
-3.659239306983717577e-01
-4.390119123948986735e-01
-3.861816075723155106e-01
-5.058513866704983375e-01
-4.300890742474273720e-01
-4.179137019061103242e-01
-4.931088301159853304e-01
-3.704898627671718292e-01
-4.341940170706241053e-01
-3.152594143390882730e-01
-4.922058920905643120e-01
-4.499899410281831824e-01
-4.377905684371770079e-01
-3.353723476764981504e-01
-4.505018965332983627e-01
-4.518053566365849427e-01
-4.324745787915072470e-01
-3.841980207416984539e-01
-4.336610187228162050e-01
-4.944791012470437508e-01
-4.390912619554920848e-01
-3.883871132163422835e-01
-3.591764852402032915e-01
-2.779896077272245858e-01
-3.114930142359086940e-01
-3.371691185638395205e-01
-4.241877963454899203e-01
-3.563448992671489068e-01
-4.364561043458325407e-01
-2.958428460260174031e-01
-5.362441491993061859e-01
-4.209280834352882028e-01
-3.678234929576733037e-01
-4.001834671234491547e-01
-2.380893405818384767e-01
-3.013049247959290189e-01
-4.697818279885794812e-01
-5.161464818876606575e-01
-3.182572193032216501e-01
-5.024673343465126951e-01
-4.756246958691872084e-01
-3.439507947973780566e-01
-4.074383306356155199e-01
-3.090593674195937779e-01
-4.310277044107345690e-01
-5.464192724598022632e-01
-3.702768071040360987e-01
-4.111922767053396988e-01
-3.128656495049673136e-01
-2.859147825507292184e-01
-3.355096562177294350e-01
-3.788440399662589830e-01
-4.059978398401336008e-01
-4.743072865140600114e-01
-3.311034137428264801e-01
-2.279225334648419810e-01
-4.304932307369469524e-01
-4.222228102818912920e-01
-2.472930130126920756e-01
-4.333372870009166711e-01
-3.829456618884476971e-01
-3.221293805262688825e-01
-5.827826672616728265e-01
-3.836401324487506703e-01
-3.243663080710545432e-01
-3.736120720593801292e-01
-2.610151727286016410e-01
-3.515021481401865988e-01
-2.965473963684814307e-01
-3.209761749668371134e-01
-3.663365092907448495e-01
-2.383152218410073686e-01
-2.070283347552026032e-01
-5.116069713877895164e-02
-5.205415900791058315e-01
-1.993430114399266373e-01
-3.218990463850229244e-01
-2.871558172923586172e-01
-2.258509798036579530e-01
-2.946853977403359748e-01
-3.704832262459199499e-01
-4.794063081319515640e-01
-4.066369878450999953e-01
-4.076168436851644317e-01
-3.877221177262157314e-01
-2.508800146694790123e-01
-3.252430613923807390e-01
-3.848323132564483995e-01
-2.545738697055220379e-01
-3.157369695635892093e-01
-2.561841850481504368e-01
-2.804039447648681294e-01
-2.110345723925550476e-01
-4.679996419014748055e-01
-1.685427083412503191e-01
-2.408481878735152515e-01
-3.259717269002642137e-01
-3.880744077607424236e-01
-3.258066174354908862e-01
-2.004295886817780703e-01
-5.013035108553295371e-01
-1.609529643188129799e-01
-1.958371323252788843e-01
-3.101215575144654693e-02
-3.355521916567930085e-01
-2.045592146066265438e-01
-2.746320816369095530e-01
-1.727422558524489560e-01
-3.399316781553302635e-01
-3.100322943314197666e-01
-2.105383270871570012e-01
-3.426216934569487060e-01
-3.635651494994573407e-01
-3.495907819193502242e-01
-1.480157074706870968e-01
-3.420760233023029118e-01
-2.234137561549500439e-01
-3.613647666408840720e-01
-3.103071792322103506e-01
-1.755114335086629673e-01
-2.440936389268950346e-01
-1.921690093918975994e-01
-2.549213288553908718e-01
-7.616164687028446900e-02
-2.629359423139282503e-01
-3.199996335459753261e-01
-1.325322920949546790e-01
-9.453811233582087858e-02
-4.185327969501179690e-01
-2.365780923534086533e-01
-3.904293231767576589e-01
-1.038910449678382281e-01
-2.037242570260102414e-01
-3.066998608521243064e-01
-2.275687054382585228e-01
-1.666893708692185339e-01
-1.743863167063925967e-01
-1.246215423679609274e-01
-2.693461057786478152e-01
-3.243587676007094744e-01
-2.301891719092578892e-01
-1.829447343030184692e-01
-2.248127269203255563e-01
-2.142075655545303270e-01
-2.657577296194463257e-01
-2.112750353105772583e-01
-1.897547489431863632e-01
-2.053205344777103702e-01
-1.863608853937444576e-01
-1.640494363966245595e-01
-2.239292190464428622e-01
-2.258957377849789561e-01
-1.258430909269787068e-01
-1.666069206201395148e-01
-2.784683915181137559e-01
-3.295024188153424238e-01
-2.542275810145498416e-01
-2.544146863857455476e-01
-1.298015434708849336e-01
-9.442234438530007490e-02
-3.165732248757534006e-01
-1.318338962650870416e-01
-1.668104386504410674e-01
-1.109567105145496252e-01
-1.099178391324714399e-01
-1.327277280828231543e-01
-1.153742739961782088e-01
-1.555812530680523442e-01
-2.738845826297489627e-01
-3.508588945746815013e-01
-2.013935513533322841e-01
-1.085303783377750408e-01
-2.311090225995469927e-01
-2.752899044854409949e-01
-2.682686184961768361e-01
-1.631903450775018527e-01
-2.216645659178693162e-01
-1.169332832177942816e-01
-1.440971237611557154e-01
-1.948592747635593814e-01
-1.686851619837510530e-01
-4.260893922889923829e-02
1.134665447049461040e-01
-1.839014214120784085e-01
-1.152937865042488186e-01
-1.382253348631868328e-01
-9.253260106807337237e-02
-2.914162860066374372e-01
-2.228519864990380003e-02
-1.397359628751237634e-02
-1.782692444139530874e-01
-1.819711104766437715e-01
-1.487127874705106989e-01
-5.525153557643646546e-02
-5.308886879740842835e-02
-2.839457827960656724e-02
-1.633375209587027699e-01
-7.090303810954612547e-03
3.979204013645024768e-02
-2.153870533549207822e-01
-4.167260411796191305e-02
-4.971364327323173071e-02
6.007263000376780737e-02
3.969580135042614227e-02
-6.514919056704844558e-02
-4.254162359344956790e-02
-6.821971100160323376e-02
-2.252933857103777207e-02
-6.777874526438516789e-02
-8.486354050800336279e-02
2.415505787458987856e-03
-1.803358988075663416e-01
-9.559730815228287271e-02
4.407042504304672578e-03
-2.062455531642029202e-02
-1.396201470234233188e-01
3.309290480529755718e-02
-1.489212492367383012e-01
9.418884043744713344e-03
-3.013276443045211431e-02
-1.366763156006467646e-02
8.501644607602791559e-02
3.893629185153280742e-02
-7.918755562599709419e-02
3.463072516248932170e-02
1.193691907980493350e-01
4.881450146337865115e-02
-3.964182392200003152e-02
1.732948249018357798e-02
1.035648650660134507e-01
-1.719561395515532276e-01
1.232406188407943748e-01
3.456839506717738347e-02
-8.277881986362951861e-02
-1.612001169793681951e-02
-1.145530437296076731e-01
-2.720283063095182974e-02
-1.274911069535918096e-01
-7.239079747392651587e-02
2.639839948692319915e-02
-5.246221815411065970e-02
-8.570234267545664975e-02
-1.068088280172805639e-02
1.128872132164533831e-01
-1.347999024719423629e-02
1.723324615936436266e-01
1.092811819762367909e-01
-1.378982483804117726e-02
-4.190583704752871841e-02
6.687483794088840139e-02
-1.284653457317931104e-02
1.330620075314070845e-02
-1.153913679926862612e-01
-1.156749764428584813e-02
-3.352236914475914542e-02
-1.654743188014212718e-02
2.378493310306314945e-01
3.089450202988610825e-03
-1.003181222644729254e-01
1.608573044804887092e-03
3.760208241069051827e-02
3.059087766961371760e-02
8.392066203802597824e-02
-8.715030027556251030e-03
1.689635038948300028e-01
-7.448672334656199212e-02
1.062495520982361386e-01
5.484564839547761278e-02
1.191488034859651685e-01
5.987691319227071013e-02
2.182595229306052709e-01
2.216475274918657534e-01
-2.741945374472480254e-02
1.095216595935688819e-01
9.263925546789764098e-02
-5.076027369577403026e-02
1.083876960849690374e-01
1.948807643442310999e-01
1.087647562410049701e-01
7.120050350478052126e-02
1.747323653959977352e-01
1.747528875963329509e-01
2.017564463866108604e-01
1.483810300840154028e-01
1.619345554281980959e-01
1.046765637429279278e-01
1.042240083811208085e-01
1.132360344546484848e-01
3.864380914641374516e-03
-4.802376210466217238e-02
1.211650736103041526e-01
8.098461057739508862e-02
1.441315345888590227e-01
2.273781518078472896e-01
8.769152812057033619e-02
2.188423346351107968e-01
3.460669405543868871e-02
5.545095869403347810e-02
6.469565498344806431e-02
1.402677161154235463e-01
2.213705569652633098e-01
1.905765788063257249e-01
6.751110562010356753e-02
-2.308844712004764002e-02
1.255853430147742533e-01
1.101573237155132612e-01
1.515727340081299279e-01
-3.282246913444106934e-02
2.015441441189611826e-01
1.194775895349074329e-01
1.229464679648741010e-01
1.434734765278143087e-01
1.742882835390469343e-01
1.917365473897945927e-01
6.761134538811551520e-02
1.850924066999651285e-01
2.639871451514854139e-01
1.406372622723996990e-01
2.237823680015851024e-01
1.621938755753565831e-01
2.195975426090690241e-01
1.792405917197370246e-01
1.149834066989327830e-01
2.172926928469782748e-01
1.439996659357352105e-01
2.216433992810783182e-01
8.828353362744861821e-02
1.768269924123040127e-01
1.864100862574247786e-01
2.788268759426170695e-01
3.023112693793085226e-01
4.441877839528499822e-02
1.487883767627279363e-01
2.716512024017039839e-01
2.892574595149753902e-01
3.559505880603684447e-01
6.685809857978690374e-02
2.031414998771017555e-01
1.742315419703263646e-01
2.318395589993697548e-01
3.131268938687964964e-01
2.873507033637328623e-01
1.940977206419278733e-01
1.012440063602412371e-01
3.319951632657474616e-01
8.534680325608305640e-02
2.817958826336369182e-01
1.143659815172382438e-01
2.003673160128379982e-01
6.817069834999277267e-02
1.930151034354635198e-01
2.068865799548967044e-01
2.917433613901910805e-01
1.866281873313456463e-01
1.134560360128880896e-01
5.195960211138349327e-02
2.841666691258436517e-01
1.298445312388541439e-01
2.654530477315677484e-01
2.416279578932553074e-01
2.357405945828131566e-01
2.985058566489436904e-01
3.740051764985127258e-01
3.201484806519106496e-01
2.654388272710728192e-01
2.835527358766932737e-01
2.377836439830866011e-01
2.673989941494887557e-01
1.864619767769749026e-01
2.755700067100334549e-01
3.759948837456550952e-01
2.216846248088973625e-01
1.313906127012943181e-01
3.793384902101894496e-01
2.086912679380902025e-01
1.681431754998417849e-01
1.696000400418746779e-01
3.518505550320095709e-01
4.742310926434948337e-01
2.795640956350520789e-01
1.196728056413608882e-01
2.864628006185531151e-01
3.180642184360610858e-01
2.364032093520538891e-01
2.404481460754432087e-01
2.499573722015816513e-01
4.603388878446574850e-01
3.159775865502706393e-01
3.347858752783298697e-01
1.477425117535035304e-01
4.112866585322231816e-01
3.267277133978111481e-01
2.789075086984797447e-01
2.987282812861891679e-01
1.800101568733702972e-01
3.254750266893772781e-01
2.563238552261836167e-01
3.074037957398126908e-01
2.423265420982309015e-01
2.183104796609119380e-01
4.888118648573445690e-01
3.198588370866907726e-01
2.314883711899937968e-01
3.722411700464939854e-01
2.702297498160171618e-01
2.812670522267619044e-01
2.422147116397839473e-01
2.558179961149806281e-01
2.249069843381401868e-01
3.934028806138337719e-01
3.830336030773723310e-01
4.965725067393443881e-01
4.528643486633188719e-01
4.162264831456748415e-01
3.350546162185837340e-01
4.019368404801031414e-01
4.423377614722308060e-01
3.002573677479874470e-01
3.560364354087695027e-01
3.799907889559991370e-01
3.559070850987262613e-01
4.361834495314197979e-01
3.290901024145249654e-01
3.339806408949213545e-01
1.348861233074567512e-01
3.867620350317948485e-01
3.915576876161214193e-01
4.513373264053132106e-01
2.776828611921606793e-01
4.881869705400368464e-01
4.016487678947959772e-01
3.898756524206224428e-01
3.616658176567258409e-01
3.985378472079969536e-01
3.422691838879765025e-01
3.479402541838499396e-01
2.503445254489348182e-01
5.665782759026799509e-01
3.021353224400535331e-01
4.719857882176070607e-01
3.266705822125505199e-01
3.220109109760603272e-01
3.510249025430411951e-01
4.932162940491719438e-01
2.810082723788876469e-01
5.233622170533321905e-01
3.811948229298364188e-01
3.540840659262203260e-01
3.892052012570857422e-01
4.711978555821664805e-01
3.800015869701647842e-01
3.531998454916470132e-01
5.110511247803100066e-01
5.119395222138651835e-01
4.415438011793694772e-01
3.299037174118729099e-01
4.805924071769394068e-01
4.239854912799429498e-01
3.396265558796979223e-01
3.453284734122228361e-01
4.130959244239458261e-01
4.665226994128601756e-01
3.910077996218580543e-01
3.343439929867957350e-01
2.945644067972779667e-01
5.407504507099646363e-01
5.135756926045245141e-01
4.775016509867129888e-01
5.518349887369161655e-01
4.566810772227058446e-01
4.347199358040794159e-01
4.712897675898030658e-01
4.754645298394698516e-01
5.224064742980594200e-01
5.664774205960052544e-01
3.773766703998514549e-01
5.079241376337363389e-01
4.843359833337608222e-01
5.691058061838022430e-01
4.606580791115091889e-01
3.994649396377056294e-01
3.980812118897520402e-01
4.662031369980446649e-01
4.236689052944448419e-01
4.207695689637380720e-01
4.656244916522284671e-01
5.594137196254655997e-01
5.352492697736203064e-01
6.196496711655843370e-01
6.014771608342835973e-01
5.021719911369399991e-01
4.710446403567875584e-01
4.903906831233701968e-01
5.333892835320986903e-01
5.262198888436100397e-01
4.548934576816597852e-01
5.622388795779026394e-01
5.504412635325343084e-01
5.543885171067468587e-01
5.860527888247243355e-01
6.409888089955164681e-01
6.488213422601389890e-01
6.564191437650337413e-01
5.134970943506390606e-01
5.070190855205161107e-01
5.306127635370788687e-01
6.036878752265363302e-01
5.386432469380266763e-01
5.126262334265595522e-01
4.228209807877952864e-01
5.632038913955998982e-01
5.967482066843990962e-01
5.664359818351171194e-01
4.879074484918972110e-01
5.644592565673306472e-01
3.981045529944930994e-01
5.301201134567716799e-01
6.362430161736077894e-01
5.118022815851269725e-01
5.951034191835367082e-01
4.893030217388805170e-01
4.622262284776618158e-01
7.402114392406344834e-01
5.417237542143774620e-01
5.155079647449900548e-01
5.624216322396619061e-01
7.814853455760386591e-01
4.068845484743197627e-01
6.715343418698223044e-01
6.106239027400156560e-01
5.573477181127137747e-01
6.101200626188713061e-01
5.729819096405820433e-01
4.920131005243455480e-01
5.252953594249627489e-01
6.042830235424480056e-01
6.326996092805494687e-01
6.381913176784855812e-01
6.370620813983534081e-01
6.654723276915357477e-01
5.142595666854089531e-01
5.000249638365421578e-01
5.890988075557047621e-01
6.927024864628877898e-01
5.279578357843758285e-01
7.751412218864969228e-01
6.314724365832226072e-01
5.570710410829177173e-01
6.503007572183289176e-01
6.992828191034885510e-01
7.284518600223705009e-01
6.538785476139293840e-01
5.721052192347877430e-01
8.014061644169050425e-01
5.643653987254368953e-01
5.607847759853036296e-01
6.655824267715771958e-01
5.602892228572542432e-01
4.671659043288586832e-01
5.748213787958502685e-01
5.853274032153350515e-01
6.426337974066606007e-01
7.193132545040090697e-01
5.352478589018956345e-01
4.947173154447958576e-01
7.198988566473374373e-01
6.570427378652925476e-01
6.495494673884669723e-01
7.562353893400143301e-01
7.108572415322392812e-01
7.185020318690891195e-01
7.228670297563573044e-01
6.601864775974116695e-01
6.569748179649866904e-01
6.657171791698068830e-01
6.381442202226234039e-01
7.150872970326946909e-01
7.282498156787292620e-01
7.492162929838600549e-01
7.650288141921252061e-01
6.374269441077653475e-01
7.533940444163937933e-01
7.429996288412024086e-01
6.826800335373911510e-01
7.166867562690797389e-01
6.974639141852971846e-01
7.820449806168318085e-01
7.453378963883018349e-01
8.968348742822258579e-01
5.194654059806466107e-01
6.586895792383605786e-01
7.165808686642912706e-01
7.177767688638170274e-01
7.097305505857991470e-01
7.101032899815552524e-01
5.337389088047314045e-01
7.090016547626112331e-01
8.024405229726646605e-01
8.082827001803325473e-01
7.027633632659311402e-01
7.012184867756434681e-01
7.530261932058902596e-01
6.378989215030190785e-01
6.956711749051663896e-01
7.593942634376340539e-01
7.220452552932252743e-01
6.031122405569712130e-01
7.499522015253782259e-01
6.797441067976404128e-01
7.019927394686985567e-01
8.872619850504507300e-01
7.654130412131560091e-01
6.565727543027769508e-01
8.070145480010811889e-01
8.456872960829947550e-01
8.524067907398171773e-01
6.839025998939189943e-01
8.855958944293964574e-01
8.208844888057243994e-01
7.779477631408672211e-01
6.915734253358281070e-01
6.189937847676962868e-01
7.527391741938640468e-01
7.236954322109797610e-01
7.727891257779760936e-01
8.143644916143640833e-01
7.640867803050794826e-01
6.783953806124850550e-01
8.407450458702442342e-01
7.951609771918173308e-01
8.995534078831216585e-01
8.249779455771317771e-01
7.179720504654562019e-01
7.295031038538566381e-01
8.121814191546489203e-01
8.247182864501080291e-01
7.185589477016056659e-01
9.048253391218193942e-01
7.649069919786718463e-01
8.039726194806168236e-01
8.959322135899653317e-01
9.282598838145970088e-01
8.099340875711510401e-01
7.450306259519341445e-01
8.854716650019329727e-01
8.915271703766172173e-01
8.438284362293886343e-01
9.685872122656614680e-01
7.899591554508603730e-01
1.094736774261596546e+00
9.936479573739988025e-01
8.082330803809821829e-01
9.844474267586471594e-01
7.925423590659345097e-01
7.442764007776382362e-01
8.970189102539833925e-01
8.715805089953343465e-01
8.539834901515476195e-01
9.272877681759580382e-01
8.197162762986165419e-01
9.112152141485400092e-01
8.773188743843449711e-01
7.620755176626253791e-01
8.622377011660116164e-01
8.913944473206144581e-01
9.290797178030570924e-01
8.518390331115277547e-01
8.120305455304671627e-01
9.530984570777805143e-01
9.154852531146911998e-01
8.943013890362206952e-01
8.671833084158634408e-01
9.529786956077244131e-01
9.251685317064578529e-01
9.335693253041218442e-01
8.633157811270930626e-01
9.084684956521404953e-01
9.148123671830368231e-01
1.009215797375931256e+00
1.077704074848547799e+00
9.629788757115035347e-01
9.997051224468063158e-01
8.914034229293944511e-01
1.009895558547940997e+00
8.163330438228495467e-01
8.298705220750320910e-01
7.757682069030750194e-01
1.053690367955743667e+00
8.626239305843118599e-01
9.204068540537364562e-01
8.539916011631852877e-01
7.691683205980821558e-01
8.609968859472810765e-01
7.956462879163188617e-01
9.180410252379888059e-01
8.883355406093539353e-01
1.081520984113423012e+00
1.046275516826135732e+00
1.009715747307916356e+00
1.090628125734740328e+00
9.498121423555346832e-01
1.038980555266327821e+00
8.415712623533059267e-01
8.590499983652676308e-01
8.607343280389563311e-01
8.735514391429286540e-01
9.862059649205118239e-01
1.066555675974637518e+00
1.045025888198276798e+00
9.354897832787442136e-01
9.330041119264972371e-01
1.008888182493514085e+00
9.125299685585124276e-01
9.765857568638889319e-01
8.446843400056034401e-01
7.691006630766958896e-01
9.670539993212313723e-01
8.159052487617381999e-01
9.364153027860622203e-01
1.079608924956258598e+00
8.898400069824256020e-01
1.038968825423420395e+00
9.611696722329524656e-01
1.057179141907961029e+00
1.056398466288609894e+00
9.829406744719959566e-01
1.087034209541459795e+00
1.044911024505134511e+00
9.544448826080674797e-01
1.115742186157674176e+00
9.776309995913449180e-01
9.894055506769507957e-01
9.924076844951540410e-01
8.793438977039730320e-01
1.096724870946372832e+00
1.062070372334677826e+00
1.021939942536700840e+00
