-1.065928436817824343e+00
-9.876131868053487084e-01
-1.042890213338763195e+00
-1.055100984492404859e+00
-1.052585682804821898e+00
-9.818755451178597937e-01
-1.223990704757351722e+00
-9.958061510653426485e-01
-1.063667939284262731e+00
-9.632133557172017913e-01
-9.986496762129697391e-01
-9.996171055395508542e-01
-1.026001832997557095e+00
-9.215189413005199226e-01
-1.158427291712278207e+00
-9.817295590551015083e-01
-9.380703363882898493e-01
-9.623468944774722367e-01
-8.665110956998268721e-01
-1.049356784181913582e+00
-1.147959707552333564e+00
-9.592704416281236934e-01
-9.678644633643973538e-01
-1.058417707910045191e+00
-8.800485006627222218e-01
-9.482584764463561910e-01
-9.718875861822996454e-01
-1.027570347872338585e+00
-7.672951806995277346e-01
-8.839547538119298942e-01
-9.766457948332990524e-01
-9.340988893630474132e-01
-8.792299455689565058e-01
-1.040650911665679246e+00
-9.618353308490180664e-01
-9.304797868932901395e-01
-9.933693489757938755e-01
-9.132920305773226666e-01
-8.199630935533406273e-01
-7.852260979627638804e-01
-9.569895514575655904e-01
-9.923049857016059683e-01
-7.935332024337324874e-01
-8.263091852440684892e-01
-7.868896256206570072e-01
-8.748143620688199062e-01
-1.058646919674088194e+00
-9.027846132123904521e-01
-8.638614007886743495e-01
-8.744991934272341449e-01
-9.201908081283322050e-01
-1.002940380423009925e+00
-7.805916265904810913e-01
-1.001268360026780435e+00
-8.764066273163512166e-01
-8.802616545185553143e-01
-9.559530684479288221e-01
-8.059277777975902834e-01
-7.938325405846186067e-01
-8.414023451066617865e-01
-9.213773254908640409e-01
-8.427683290155882911e-01
-8.927572676340559399e-01
-8.716645970162784085e-01
-8.965303337706482800e-01
-9.323607974029793910e-01
-9.104800324553657953e-01
-9.742409176246763503e-01
-7.766845172444535317e-01
-9.429760975596082062e-01
-8.816301270438486881e-01
-8.676542627113138506e-01
-8.555828154531917029e-01
-8.949358287198005968e-01
-8.183558109192119456e-01
-9.291562023036523676e-01
-8.386579098045190417e-01
-8.825129848871199334e-01
-8.506917610682122044e-01
-8.749064998026114814e-01
-7.122556703205104034e-01
-9.894558047893551311e-01
-7.430600198496811748e-01
-8.827569376711046356e-01
-8.115317583886463293e-01
-8.431622538940243272e-01
-8.275010010410751571e-01
-9.260331135182940931e-01
-6.986852645484407098e-01
-8.450358002125845092e-01
-6.065778833336931131e-01
-6.667432763880055679e-01
-9.262188480262345536e-01
-9.210570875622009490e-01
-8.499370752676408403e-01
-7.489104900892413763e-01
-8.415824262198942085e-01
-8.466997586454370062e-01
-9.097721790243163964e-01
-7.020149614164410412e-01
-8.924512372356359080e-01
-8.575841673362027962e-01
-8.733592764799238406e-01
-8.050495447838408314e-01
-8.138896192500965077e-01
-6.577155957582381252e-01
-1.030549850366995424e+00
-8.795970244171792407e-01
-7.088453710864518476e-01
-7.976710718989119542e-01
-8.341064670067614983e-01
-6.714244652523376766e-01
-6.936441231524359541e-01
-7.798791626071014393e-01
-7.946827609112386837e-01
-8.481800906175827048e-01
-7.785737564408971023e-01
-7.635276941834391318e-01
-8.644017952509406300e-01
-6.584406956862030036e-01
-7.151551889818220653e-01
-7.484685902576422301e-01
-7.787947627829939767e-01
-7.244125837529842293e-01
-5.899358282728291991e-01
-6.589301444242212646e-01
-7.381547326522351904e-01
-6.380471571159964661e-01
-8.391117564565362397e-01
-6.778611203799538298e-01
-7.574832933978293825e-01
-6.736036903726797531e-01
-6.637818651543103687e-01
-8.181521858369090738e-01
-6.649515885419036154e-01
-7.822965622581081746e-01
-5.955717294007918383e-01
-6.316799691633678826e-01
-5.271852869892592608e-01
-8.121673216470739476e-01
-8.404877033684700072e-01
-7.750251358518308598e-01
-7.141056671163419356e-01
-7.123955066975096173e-01
-6.945281576360269327e-01
-6.132214761756681343e-01
-7.579214501042347285e-01
-7.618868973024124358e-01
-7.462217614884504302e-01
-6.304108661382562540e-01
-7.607279879521274824e-01
-7.433114744154051268e-01
-6.915225748447648702e-01
-5.883599014010286732e-01
-7.544950389372472310e-01
-5.828254565951166422e-01
-5.113201660317301389e-01
-6.575537527795192183e-01
-7.200560508120468217e-01
-6.911202430418069698e-01
-6.910512854781936110e-01
-7.118921846282247889e-01
-7.482893226358695582e-01
-7.399774117705567589e-01
-6.576846172861028350e-01
-6.509209075435214986e-01
-6.452191094041551667e-01
-6.901421939107943437e-01
-6.537962321440483615e-01
-7.444968231220149280e-01
-6.876398792273751281e-01
-5.555635553943796268e-01
-6.896932018962186328e-01
-5.438470140248807816e-01
-6.780276194937165934e-01
-6.103217343204151435e-01
-6.370900795649845350e-01
-6.521547962742643145e-01
-7.926102462094331003e-01
-5.866557784237135253e-01
-7.181151937210338287e-01
-5.106084574188127778e-01
-6.023353908489569308e-01
-5.044768251766511558e-01
-5.329161433125773062e-01
-7.723033599051066789e-01
-5.837114312358678836e-01
-6.438981541459449787e-01
-6.359629402930387920e-01
-5.600777657145049604e-01
-5.622307477879425752e-01
-5.279552657174153563e-01
-5.029515694652585411e-01
-7.170293877852060849e-01
-5.651462551635226816e-01
-4.218137116584508295e-01
-5.227626273693498637e-01
-6.074050490901531374e-01
-4.931625478261429385e-01
-5.108887350293809249e-01
-5.546383660572729024e-01
-7.425308178467643350e-01
-6.000333309907368573e-01
-6.720731016967544935e-01
-5.684179521483527786e-01
-5.559962678509356993e-01
-5.725420411652801800e-01
-3.852754219128359248e-01
-4.846612724108687043e-01
-6.488940609971990403e-01
-6.729610055938379798e-01
-6.211040409236944226e-01
-5.752048350054221881e-01
-5.733968394354544973e-01
-7.806539589126442191e-01
-6.668201046887537453e-01
-5.524037520721747363e-01
-6.896479303495410829e-01
-6.552856927954070487e-01
-5.959318126159588447e-01
-5.577013066498311966e-01
-3.932220180588305580e-01
-6.109754836374050591e-01
-4.687945026275041616e-01
-6.106060064655816078e-01
-5.701750203253228566e-01
-6.150324647052863858e-01
-5.421422567304986506e-01
-4.795258282050103849e-01
-4.969821143530968599e-01
-5.452979403363185096e-01
-5.850489178997286821e-01
-6.270870479664477637e-01
-5.566462147461095356e-01
-5.454136356319889689e-01
-5.156385030614786258e-01
-4.092595672427620790e-01
-5.810054522284601175e-01
-5.383049537149799946e-01
-6.280146773399122306e-01
-5.629054654077155773e-01
-5.705926862306484049e-01
-4.008044791460123046e-01
-5.802089710919038357e-01
-4.148864198977804119e-01
-5.023757926902295834e-01
-4.257980463722852438e-01
-5.437772716855603372e-01
-3.698626176698733281e-01
-5.187300428447566558e-01
-5.500197374493430713e-01
-4.691244429879153910e-01
-2.975196045554431290e-01
-4.739364549368345614e-01
-4.351626255078706595e-01
-5.760543736376101398e-01
-4.646624252355658902e-01
-5.179733815928190266e-01
-5.071025010098774155e-01
-4.972560814523426798e-01
-4.131097991022153471e-01
-2.960382241759803024e-01
-5.266945793027084655e-01
-5.265176647218207107e-01
-4.016102384527187596e-01
-3.811802108349584550e-01
-6.796530379698191293e-01
-3.541097387434168353e-01
-4.778955282562732387e-01
-3.996278874330442266e-01
-4.706363811189123725e-01
-3.894670636827492483e-01
-3.891536707230537351e-01
-3.619756100002901600e-01
-4.022387393652230303e-01
-4.688620851408155099e-01
-6.258102864456054348e-01
-4.123514680729951087e-01
-4.013350406562096184e-01
-3.383311646003136497e-01
-3.342342913064969556e-01
-6.248687122480131029e-01
-2.587512231603769086e-01
-3.558249698889210944e-01
-4.155093995467003531e-01
-3.798584705294899000e-01
-4.690252311261295937e-01
-2.441832196969270785e-01
-4.983692507263646210e-01
-3.324230774281068945e-01
-6.303520115787432099e-01
-5.252573137062965802e-01
-5.115399357910449529e-01
-3.481103325322366104e-01
-4.307129526946198994e-01
-4.240846904509136817e-01
-3.841091685352396312e-01
-4.267804837104042792e-01
-4.434702945751005654e-01
-4.386686286491479625e-01
-2.897230917003951189e-01
-4.148152693702019111e-01
-4.025206015703343687e-01
-4.307499595084446353e-01
-6.122918134221430053e-01
-3.892666358542563043e-01
-3.890192190678277151e-01
-4.639792795164485173e-01
-2.426749758106970523e-01
-3.232459226435200894e-01
-4.059585161008667509e-01
-2.858692521413806475e-01
-3.733062527917859197e-01
-3.823117320112146000e-01
-3.137653327104862888e-01
-2.985257127534163835e-01
-3.703233428933364046e-01
-3.797836974836622526e-01
-2.233173550158543963e-01
-3.895246097521580797e-01
-3.257600195312018165e-01
-3.472663132986510415e-01
-3.814206246459124205e-01
-3.693593313471613682e-01
-4.362911552913085744e-01
-5.158354589429664516e-01
-3.752773978846475345e-01
-3.688995688383986393e-01
-3.414040657410625790e-01
-3.487235667030676445e-01
-4.443396682645452955e-01
-3.933311938997594015e-01
-3.170588605762307277e-01
-4.101083179235336940e-01
-2.568340874413293506e-01
-3.478039275364938065e-01
-3.645147696826211425e-01
-3.683284251038413393e-01
-3.735741778553196002e-01
-3.079683911213324521e-01
-2.306872869541707338e-01
-2.480415306611676862e-01
-2.717931064812058040e-01
-4.368979890432397317e-01
-2.595582734841317962e-01
-1.593837309498537802e-01
-3.287850314529821016e-01
-4.267127919146509463e-01
-3.840266484624860199e-01
-3.134071961857747279e-01
-2.930264442581794748e-01
-3.159868983822935462e-01
-2.083231388014155361e-01
-1.400663704675345622e-01
-3.819555532088355077e-01
-2.473824551522803838e-01
-3.133559246706077439e-01
-2.322357324166636483e-01
-2.778394264474948749e-01
-4.152965205810417726e-01
-3.277023872372863411e-01
-1.683096128004411829e-01
-9.034493521007602723e-02
-3.724553849146094997e-01
-4.122076644510092591e-01
-3.661588852921412451e-01
-3.730766954038528538e-01
-2.876955117336701950e-01
-2.692768027488084970e-01
-2.237729763534831440e-01
-2.119177251349300406e-01
-2.503534875364573087e-01
-3.036000153907040811e-01
-3.732683133185459717e-02
-3.189916456611860407e-01
-2.233189180954318898e-01
-2.743743310495815879e-01
-1.828719789820554831e-01
-3.065270950175614795e-01
-3.422487037583503700e-01
-1.349949485059167842e-01
-3.140965891075629401e-01
-3.815439985599000661e-01
-4.592290327511959758e-01
-3.279269187322735313e-01
-2.620812329475558644e-01
-2.045830921969517546e-01
-1.748595017225401116e-01
-2.383373790870806919e-01
-2.629870040845883605e-01
-2.037876054566744033e-01
-2.523892723317051057e-01
-2.269693814184015890e-01
-1.617527626709438227e-01
-1.188993232844007958e-01
-6.553826365426669576e-02
-1.753345837749064051e-01
-1.819253984262850510e-01
-3.727767409538032539e-02
-1.845189062493987342e-01
-1.066413212178022596e-01
-2.122871793352287262e-01
-1.784586325912158600e-01
-1.946585803476781340e-01
-3.090650591523357305e-01
-3.218413594726487470e-01
-1.867979857376892566e-02
-1.976952348331564580e-01
-2.555116567897693369e-01
-1.616239199968344531e-01
-1.228503669298560697e-01
-8.205669133350848576e-02
-2.900065471564663988e-01
-1.535153654422497516e-01
-1.422524568625830321e-01
-1.887773456136026262e-01
-2.730448590083311422e-01
-8.732634540202020845e-02
-3.143030987448834357e-01
-2.257415495833690333e-01
-2.280614420271889209e-01
-3.028707925177725677e-02
-1.547419569828534514e-01
-2.018037033289723503e-01
-1.378758933543761389e-01
-2.298882135467667509e-01
-1.002159519081570471e-01
-9.737164421568925143e-02
-1.160579894589581079e-01
-1.424318499310614772e-01
-1.775805378227734155e-01
7.812945124847753622e-03
-6.840705949841043021e-02
-2.164531888711046514e-01
-2.374433603720288791e-02
-1.434420567877979780e-01
-1.284006014319913902e-01
-1.952804492321331409e-01
-1.517024585603963804e-01
-1.229544873021524015e-01
-1.043412652217628883e-01
-1.462646625486682672e-01
-4.164270796871420710e-02
-7.834360669247086850e-02
-1.913151789786951551e-01
-3.107202729992380452e-01
1.049257829585863513e-02
-1.718311289246107210e-01
-1.006719633831683614e-01
-1.420180028902263969e-01
-7.421146157677270538e-02
2.316755880008816715e-02
-2.210468508094121376e-01
-8.025932839354379955e-02
-8.047101172430712324e-02
-1.377073481076391409e-02
-2.769785842275562793e-01
-1.274041882796658198e-01
-7.036045213583594360e-02
-1.142405120361307397e-01
-1.392134712480132819e-01
2.340783123966327234e-02
-1.444085638744875034e-02
-1.087582036775950889e-01
-1.873132475976524713e-01
-9.922894715103550145e-02
-1.150706779320518486e-01
-7.166857849690547178e-02
-1.027654125249883310e-01
4.526685693952003237e-02
-9.491480917725722555e-02
-8.964790641246822567e-02
-2.014996991491486630e-02
-5.076811717467915458e-02
-8.338188981574730374e-02
-6.050766341512684582e-02
-1.983744527732397012e-01
2.805494826415932952e-02
4.209904275606797530e-02
-1.113850398970789822e-02
3.845116559262458378e-02
7.296852069228734750e-02
-1.336303500145760714e-02
-9.469215693689594926e-02
-1.872310825285675717e-01
6.869665150557044409e-02
-1.765457053608726623e-02
-2.019086282675808600e-02
-4.583543055595844934e-02
6.350945353806505822e-02
-4.927170629580338024e-02
-1.631057170586453983e-02
-3.715192535196225419e-03
-8.669806243096524201e-02
2.450740789339863300e-03
-1.732301446237859976e-01
-1.155283027943753565e-01
8.132793583723130215e-02
-3.408687375641620654e-04
1.911087228775012192e-01
-1.648564339927743178e-02
2.261104109764929329e-02
4.928215309768129576e-02
1.555805477067750790e-02
1.516841153642067008e-01
9.373959415562628517e-02
-1.229741270156321613e-02
4.911307756721220580e-02
1.277154367157414538e-01
-7.247320644159721548e-02
1.915432406772851065e-02
-7.272469308286196032e-02
3.098176770844604869e-02
6.304412377535706380e-02
1.154415559347185538e-02
9.071130837627261120e-03
8.076561641584978357e-02
-9.109252860623816284e-02
-1.720957507640176118e-02
-1.847717642236619551e-02
7.562772858225309813e-02
9.828800886482864929e-02
1.727925918231963953e-01
1.506645262264597572e-02
-6.261183572580401868e-02
8.800478930997576721e-02
-4.813335009375531437e-02
2.268553226217519536e-01
6.139399969228287457e-02
1.968967669842149881e-01
7.108604764649321950e-02
-4.238338584949859905e-02
-9.596400062570058665e-04
9.210803269437531360e-02
1.369591732452596911e-01
1.135919306308071641e-01
1.002285320980638925e-02
1.437076408474360356e-01
1.094645578570842687e-01
1.214765674708788296e-01
7.048850326835591484e-02
1.617009137824106657e-01
9.377273098021966791e-02
1.107458882251988047e-01
-4.935194508480512249e-02
1.822541573275288096e-01
-8.340214171982711366e-02
4.764386810953239598e-02
2.023611983325201980e-01
1.001141705114269032e-01
1.258264342202215780e-01
1.508199096366562297e-01
7.418785655710476157e-02
5.450060287134052273e-03
2.162251352705410190e-01
1.075303252766729792e-02
6.449188679151400538e-02
2.887031099403943868e-01
9.548124582805106453e-02
1.097088366620514455e-01
1.325798944336620544e-01
1.966245195977885940e-01
6.150251854739706425e-02
1.172968156688700414e-01
1.526670093033315190e-01
2.262090131802299009e-01
5.630413203622591095e-02
1.045190556215346983e-01
1.575094210954239848e-01
1.246703593637114166e-01
1.435443108513216326e-01
1.209635971753623002e-01
2.264809453652513738e-01
-8.754799981487485644e-03
6.299259280308644460e-02
6.821870046434927448e-02
6.658102141294384990e-02
2.549669039918272540e-01
2.689812975759313107e-01
4.031164101012344597e-02
2.060578037341405933e-01
1.397298056985269987e-01
3.679441218418607468e-02
-1.557692581598541480e-02
2.220019162182716166e-01
2.257260665010360490e-01
2.667900100800875696e-01
3.610898407801234333e-02
6.263232126000599365e-02
1.862066156829390029e-01
1.521012676386882256e-01
1.722029848453102141e-01
2.516412973052599145e-01
1.366192549534722689e-01
1.551408662412945560e-01
1.723929112875539904e-01
2.338381957350522400e-01
2.299615425958806691e-01
2.260566452448371511e-01
1.978252375177692035e-01
2.554779872335976587e-01
1.272964770718945093e-01
1.604388699919907790e-01
2.135834114626890268e-01
1.544617596753043443e-01
2.778641501921907953e-01
1.884222516961723548e-01
2.638177673682538527e-01
3.008336964255420853e-01
2.796580848771882399e-01
3.494376151797296548e-01
2.152982957302654043e-01
6.388941948908788415e-02
1.323288518105606992e-01
2.174202671348858251e-01
2.613083581332141248e-01
1.065722228488371059e-01
4.288190479763910323e-01
2.498431278113758536e-01
2.064401654354738325e-01
2.301922914283992261e-01
2.151096016605204830e-01
3.235885210599653283e-01
2.958944530373798787e-01
1.904939452914375109e-01
3.014472499803714789e-01
3.102607827091654058e-01
3.153129256182559126e-01
2.216763487013249101e-01
1.469938878589618358e-01
1.697445620016362344e-01
3.794616994992968118e-01
2.983267995609150125e-01
2.813240169742800556e-01
3.730444842927996274e-01
3.695709493896260911e-01
2.427277877160521347e-01
2.825064798745334227e-01
3.570539380306114174e-01
2.316725161658451104e-01
2.620806365678808869e-01
2.157454892416314773e-01
3.235218357187965021e-01
3.575068373056558002e-01
2.497107799515502491e-01
3.001052525080000755e-01
2.588546875137552328e-01
3.194262032561724918e-01
2.372783935160225621e-01
2.202667734529316357e-01
2.443793081803073697e-01
1.982767458262907623e-01
2.321058254175078772e-01
2.525466467284301908e-01
3.433991540762351136e-01
3.580437686316083057e-01
1.983234520271159040e-01
3.941901234309594937e-01
4.052266577169251760e-01
1.762693548567711987e-01
3.697605286705469285e-01
4.767742612705793692e-01
3.448736352497622781e-01
4.566880026005682436e-01
4.030492188069463300e-01
3.735224608570743565e-01
1.857263721988219041e-01
3.392839279548284792e-01
3.336745488174469032e-01
3.686017805366942346e-01
3.448762207111177869e-01
2.213253970346765465e-01
2.281324723075479899e-01
4.285409621255087953e-01
3.167875568295445698e-01
4.051771370997215849e-01
3.283651492493304680e-01
3.368880065255969725e-01
2.576145301277908972e-01
4.441751342126445956e-01
4.502321572578382725e-01
3.679266738344401655e-01
3.986357631705650939e-01
1.684808382050515529e-01
3.519776442935048100e-01
4.828163196520829370e-01
3.165719601912074799e-01
3.796773038546995549e-01
3.711304544827324636e-01
4.549235790812263258e-01
4.110389947318620618e-01
3.848997448257839848e-01
3.800357043273860924e-01
4.293476582466295155e-01
2.920239051803185659e-01
2.619801490649593112e-01
2.999772202344139216e-01
5.069410064463726329e-01
4.846596017494901321e-01
3.152928845207513264e-01
4.241161768180817249e-01
4.804460737356059385e-01
4.359945044619439880e-01
5.195352889981932343e-01
4.256325499058070672e-01
4.433819707860635617e-01
4.492807505013868274e-01
3.766977789067400550e-01
3.344008798344111355e-01
5.991419777239661570e-01
3.750809777303366621e-01
3.432668836030381976e-01
3.280757447626089784e-01
4.658339762395969919e-01
3.286489273206261719e-01
5.057424697737266106e-01
4.994201299297101326e-01
5.090058174848455241e-01
5.069222944442243195e-01
5.464416127240215859e-01
3.991134627479347441e-01
3.876312648076378764e-01
4.814023220029042260e-01
5.725411715316338634e-01
3.595955810433749122e-01
2.988750299505712471e-01
4.380693294045471808e-01
4.426642376118400946e-01
4.879706205638438821e-01
3.667733088811728770e-01
4.292716126367813745e-01
6.012378973329963738e-01
3.698648827845030795e-01
4.619702456566290305e-01
4.216181172838350810e-01
5.448790317145115747e-01
4.730344885797437837e-01
3.767932240796926791e-01
4.264596688724815454e-01
4.903949661707432961e-01
5.002181366995266387e-01
4.681374865394791751e-01
4.555963286669864054e-01
5.126274175676059919e-01
4.849948796120122640e-01
2.836558218074224369e-01
3.244154948342387046e-01
5.429010704512650110e-01
5.414435802695349853e-01
5.473944561550118104e-01
4.142662866288306378e-01
5.380128587181965960e-01
5.272467617252986072e-01
4.420217783195883321e-01
5.724012667359738016e-01
5.820303806163693583e-01
5.558986470342401898e-01
4.621769207173726524e-01
5.443241568792137608e-01
6.353097759877324169e-01
4.751390392546326336e-01
4.520959151915593388e-01
6.726250331274883365e-01
4.335408163883256449e-01
5.180029921828374073e-01
7.156046590988855982e-01
4.688590611715139356e-01
6.401249231543412188e-01
4.845237720340644372e-01
5.352245491945387679e-01
5.114307744470030226e-01
6.263353430285968360e-01
4.674668576929178476e-01
5.407953396768651055e-01
6.632262960556509768e-01
5.216361373174546179e-01
5.583172441897956695e-01
4.468324463402815749e-01
4.638749451857425155e-01
6.410828735810224499e-01
6.067867378746850671e-01
5.954614623975117427e-01
5.624896306342386243e-01
6.567494821182416898e-01
5.845219012877285181e-01
4.599448394892030056e-01
4.477734127485070159e-01
4.435846264719588983e-01
6.073776930938544760e-01
5.740502766189520267e-01
6.671059592451881182e-01
5.473650684251774035e-01
4.952325863722944477e-01
4.372205617553293067e-01
5.261456376051930617e-01
4.195096375553221124e-01
5.544013524582717123e-01
5.969351123817235871e-01
6.286095611990091259e-01
6.457987087177363694e-01
5.961986103424256056e-01
6.505954470024527536e-01
7.486278062301710001e-01
5.443126663541002497e-01
4.304703642761136262e-01
5.755468673867617513e-01
6.279449553608588142e-01
4.855008736486792209e-01
6.187830582957430936e-01
7.823796531109034058e-01
4.968342217470748667e-01
6.367401220834500997e-01
5.410072147774465101e-01
6.772611812936230047e-01
5.261006571913540153e-01
5.892346922096931561e-01
7.752823503760852830e-01
5.463302602603701263e-01
5.657642192013955240e-01
6.929067195653809685e-01
5.859503283802164342e-01
7.131536917809154774e-01
7.951147235637338051e-01
6.235160914647137620e-01
6.284336389124914879e-01
6.713914661249186233e-01
5.371705456429313186e-01
8.531272150052168213e-01
6.898532666019103754e-01
6.202745609652089431e-01
5.918257860245652591e-01
6.422233351465930218e-01
5.308360183011349154e-01
8.023841497502004483e-01
6.248373640201652091e-01
6.685731279838478258e-01
5.342312892207986552e-01
6.214500763341961331e-01
7.187603449264761135e-01
5.632621717041934595e-01
6.637526810402714084e-01
7.082144700490577982e-01
6.763111079854897678e-01
7.597698535383112795e-01
4.908662510234141907e-01
6.447534162270496250e-01
4.766993698622870035e-01
6.125589438141422205e-01
6.873640976265366076e-01
6.308749080119144814e-01
7.218938183065650716e-01
7.316542608889137211e-01
7.628754222844313926e-01
8.005655730036348450e-01
8.262959817773236626e-01
6.778527432685357290e-01
6.720157437203990725e-01
7.590446167701931923e-01
6.197523006906234810e-01
6.046969533323099943e-01
8.126084384276049954e-01
7.409830775695805949e-01
8.183180694436893443e-01
6.309705451677081189e-01
8.567116276234929551e-01
7.372539236438561128e-01
8.684119685309859005e-01
6.089818055449405243e-01
7.762337572583867251e-01
6.841349869399786510e-01
9.084982357308053480e-01
7.584814562225485890e-01
8.755240906041040772e-01
6.846637723919776208e-01
8.775949501394141317e-01
7.813872836719619741e-01
7.370809344859172718e-01
7.229268550080871769e-01
6.846203824117966796e-01
6.421625615490150762e-01
6.283840834835107136e-01
7.540485752471818293e-01
9.391003122377481471e-01
6.939187321783414353e-01
7.967525413119592725e-01
8.206668413833265729e-01
7.072274168657612936e-01
8.747831954358363804e-01
7.868113679717830822e-01
8.441882558592658237e-01
6.733715634465465838e-01
7.293982111962808990e-01
7.801149028456770829e-01
7.751580369014473559e-01
8.514804712006051046e-01
7.430957434240260673e-01
7.814418468382053895e-01
8.480147188076436748e-01
6.908178159426222598e-01
8.437682663052733512e-01
7.771965650017641503e-01
8.019569115842063445e-01
7.528879867608448961e-01
7.525526977090627456e-01
6.952652183990587487e-01
8.608469276884296306e-01
7.145619903551578833e-01
7.825820724265900585e-01
9.111314767196300179e-01
8.020406881023209866e-01
8.051161850022365840e-01
7.240173744238364018e-01
8.933333650637044210e-01
7.270218387707055863e-01
8.043257035002241429e-01
6.714073737088918081e-01
7.926459033063670834e-01
6.763022520930189740e-01
8.311079505030556369e-01
7.617882473521258024e-01
7.310455557105747237e-01
8.022950283018421835e-01
7.855338740796525832e-01
8.071477204301877872e-01
8.909180118495784173e-01
7.448158832104295746e-01
8.740215304928211637e-01
8.098576371401203788e-01
7.222348424215230267e-01
8.824394910262173264e-01
7.385917239196065909e-01
8.818052128779534371e-01
8.865087755051546115e-01
8.345854483764523213e-01
9.070946181771526451e-01
8.200471964466171659e-01
9.445327408061737762e-01
1.002396952103458583e+00
9.069709034443481643e-01
7.926626867860999681e-01
9.312289413396810378e-01
9.111579692377009820e-01
9.192443114410621119e-01
8.828356417315373905e-01
9.012584784429911178e-01
8.650354850822123964e-01
9.987584920602911032e-01
9.221087974225755657e-01
8.433319760578971147e-01
7.958718689764278098e-01
1.083207728272994386e+00
9.672561806837953746e-01
1.058779154000489831e+00
9.589194709208156420e-01
9.791037609993439306e-01
8.595436292959495184e-01
9.990601511671191037e-01
9.713776334250043831e-01
8.418445496882153156e-01
9.891615678486860297e-01
9.223302672121714840e-01
1.017661088304320005e+00
9.221168551507429312e-01
9.901047850442437070e-01
8.334218600185627768e-01
8.809440460512319993e-01
9.219395134389279933e-01
9.691007494381685961e-01
8.700985437679589207e-01
9.660204109675825102e-01
9.339426226812914678e-01
1.010236482323196405e+00
1.108463435869094349e+00
9.579267992705513546e-01
7.868936077615649172e-01
7.963017052274551366e-01
9.883205681755778960e-01
9.252740180235581313e-01
1.091066901344238893e+00
1.044371016059130408e+00
8.516541132663746350e-01
9.670580317103809609e-01
9.031631223880739467e-01
9.841182937902641648e-01
1.091768655470942040e+00
9.679979153904401112e-01
8.844353893029138769e-01
1.002776685915256261e+00
8.205787778743329763e-01
9.237987219831070851e-01
9.706604004861191237e-01
1.060185048420690501e+00
9.493548802404384590e-01
9.488321120428406807e-01
9.589231822500640101e-01
1.116051595905625637e+00
1.031066619702773579e+00
1.049249987519824012e+00
9.760560044648327604e-01
1.077470537880398815e+00
