-9.845831431965849090e-01
-9.508045433282139580e-01
-1.182082127380491565e+00
-7.728970223220010816e-01
-8.098864123535541859e-01
-1.106665785591082862e+00
-1.083393639922677565e+00
-1.181657218899672346e+00
-1.112830222549507475e+00
-8.733557081815428447e-01
-9.980172686443972152e-01
-1.006432023361519823e+00
-8.767758974713514286e-01
-8.498642572389525363e-01
-1.132581530521300284e+00
-9.548069993581297377e-01
-9.699513405013321377e-01
-9.763428057563688922e-01
-1.084973487215139754e+00
-9.234566052261237168e-01
-8.952734680897066477e-01
-8.953025015883233628e-01
-1.055259167411239485e+00
-8.647604222291702669e-01
-1.074422167150001162e+00
-9.426950434470539042e-01
-8.945332856991005110e-01
-1.055449188083074752e+00
-9.471068833302892509e-01
-9.516061075169002237e-01
-1.001839863223501492e+00
-1.017331198334492814e+00
-7.956702208136955390e-01
-9.073692985074449657e-01
-8.530625271478728955e-01
-7.764254949178526211e-01
-8.176839124136917603e-01
-9.155865665862648051e-01
-7.962279829527496577e-01
-9.485345798678594953e-01
-8.925190764124634191e-01
-1.104373833559479934e+00
-9.208834728949344406e-01
-1.044609440979805681e+00
-9.585246834798621940e-01
-9.775394405375006368e-01
-1.029184080162986126e+00
-7.205383523283042102e-01
-8.638657053742082592e-01
-1.027927603346852736e+00
-9.679550275862038866e-01
-9.649878630669250779e-01
-7.874486372244853261e-01
-8.551509420236197423e-01
-9.659666352654181498e-01
-9.681195597028052768e-01
-9.533860665381848065e-01
-8.785191620532699641e-01
-8.455353634617253089e-01
-9.473021319969595622e-01
-7.901773964358768110e-01
-9.164129735974452240e-01
-8.572152870327034435e-01
-8.577493790960508679e-01
-8.538102453572460337e-01
-9.909382312391872283e-01
-7.212424842569575834e-01
-9.035386739946613677e-01
-9.579299082427369383e-01
-7.437094287015743044e-01
-8.793178086880244493e-01
-8.522046792924269365e-01
-7.004418136989319921e-01
-7.970779724935914690e-01
-7.680629471145019593e-01
-8.202595126111335011e-01
-9.184887739528927453e-01
-8.444665994541885601e-01
-8.801157338624396864e-01
-9.047420104179377809e-01
-9.385294359585685253e-01
-9.329393072626109840e-01
-8.149612083521085015e-01
-7.918647050254605801e-01
-8.095533736757484222e-01
-9.305918231999421586e-01
-8.331328803696387286e-01
-1.012154232800878573e+00
-8.729046566518717798e-01
-9.240910033783472644e-01
-9.313187311761659259e-01
-8.653450872955218420e-01
-8.023502942011540018e-01
-9.777841454740731075e-01
-7.315114544413564568e-01
-7.579529100080574233e-01
-9.377922977818068384e-01
-8.121209978118117956e-01
-7.283430854135678478e-01
-9.720378463860435136e-01
-8.285019321487795407e-01
-8.345957508100845246e-01
-8.303317272088712730e-01
-7.922558719500342184e-01
-8.407794585424123168e-01
-7.460499819152985879e-01
-7.423789626583491286e-01
-7.011253520623497160e-01
-8.703273529611246229e-01
-7.768723928716817495e-01
-7.697618181858241204e-01
-6.798344411773800111e-01
-6.974581171308187333e-01
-7.194674616374912013e-01
-8.018803726844780932e-01
-8.427041153532429663e-01
-7.868861528881160305e-01
-8.374590040683577152e-01
-8.420324111118281385e-01
-6.972750829797450534e-01
-7.228471058053285159e-01
-8.269453626489382536e-01
-6.642069405975833396e-01
-6.351716843527023260e-01
-6.587453632981555840e-01
-6.773325320321963439e-01
-7.226293265349955641e-01
-5.747415922245258102e-01
-6.628593582566328912e-01
-5.516303839642981988e-01
-7.395232464606090739e-01
-5.815031486853655673e-01
-6.609299427481233336e-01
-8.172014808834860977e-01
-6.832036371287421028e-01
-7.374184287400218363e-01
-7.246414001204500854e-01
-6.704553476876330409e-01
-6.826164230611188044e-01
-7.252437124703478011e-01
-6.795999599142621417e-01
-8.814858900218555116e-01
-7.759300746053252595e-01
-7.577165953923303832e-01
-6.623708102201633086e-01
-6.708730239754517877e-01
-6.400140385345892691e-01
-6.877694198120009039e-01
-7.547368792371546009e-01
-8.258607031441732582e-01
-7.382423513646264590e-01
-6.782309652858019566e-01
-6.467380926784211947e-01
-8.317441506822804698e-01
-6.476826864055185151e-01
-5.311212337234508807e-01
-6.846059524858013612e-01
-6.440197082535709105e-01
-5.219456329817796503e-01
-7.578139059285808887e-01
-6.337846178731696423e-01
-5.767149079699848135e-01
-5.215231931180190905e-01
-8.066094237789019905e-01
-7.357075843355467271e-01
-5.603574189609472622e-01
-6.604594829082560681e-01
-6.523989160173759849e-01
-6.641736981109583882e-01
-6.090158805196445035e-01
-5.289143936730463791e-01
-6.117848019081849609e-01
-7.658305263906545202e-01
-6.246621519817799895e-01
-6.893276431537725957e-01
-6.253411397539547778e-01
-5.031113539877335450e-01
-6.358028235545930551e-01
-7.069060002512645990e-01
-5.921471563811391281e-01
-6.456876289220720988e-01
-7.161780690474861544e-01
-6.432873717200875419e-01
-7.205530493348029086e-01
-4.077792583362605527e-01
-5.441149031231939937e-01
-5.699089583931897796e-01
-7.796308452861920868e-01
-7.525374620606820608e-01
-6.313038013254583802e-01
-6.346728143658850740e-01
-7.188442634338270132e-01
-5.573682179862045061e-01
-7.268700922560399347e-01
-5.773723536494456132e-01
-6.970041018712220815e-01
-6.077362860642757658e-01
-6.401982150605636246e-01
-7.114218610625349104e-01
-4.958154690686166766e-01
-6.615186549584081144e-01
-5.549841708388220107e-01
-5.498613246646755215e-01
-6.351501791650072670e-01
-5.624624038310265250e-01
-7.237483328519906944e-01
-6.583836853873892281e-01
-7.126539284688960807e-01
-5.899930754728245352e-01
-7.250674506727233792e-01
-6.205926255745115583e-01
-4.743784575730023989e-01
-6.995563298539907438e-01
-5.250920899142754728e-01
-6.550017292565721849e-01
-3.986775496605268754e-01
-6.648637306422909843e-01
-6.133725713360783649e-01
-5.373206115365363189e-01
-6.462348292609028100e-01
-5.836365372068452739e-01
-5.209174833332482768e-01
-6.327581215019614236e-01
-5.598756878222410638e-01
-5.076458544551575303e-01
-4.696624723261335621e-01
-5.437525805825577097e-01
-5.968660433613539595e-01
-4.373254784789737393e-01
-5.597145785013505348e-01
-6.672739698606332537e-01
-3.811218803363095597e-01
-4.567350309999490543e-01
-7.041127907573245803e-01
-6.009738604855530131e-01
-5.711588229798623129e-01
-6.066606651686654583e-01
-5.452287529442022551e-01
-4.872684267682209636e-01
-4.433773860607431727e-01
-4.106845297540296369e-01
-3.017497979166833266e-01
-5.447053611742710411e-01
-4.558961549204164632e-01
-4.561492359152848897e-01
-5.574056131721334406e-01
-5.070056037075940658e-01
-4.329908837300096569e-01
-4.056880676544661335e-01
-6.262983102573084215e-01
-3.891002709026126771e-01
-4.695369138649628793e-01
-5.068491856548926755e-01
-5.196600666115396283e-01
-5.212142116521549795e-01
-5.730736401025733340e-01
-6.194717173328408988e-01
-4.676549343369582057e-01
-3.523137102189806136e-01
-5.331063473694908073e-01
-3.913449587635044469e-01
-3.784809270986279617e-01
-6.422083532258616723e-01
-3.890798122581854424e-01
-4.229290335156593028e-01
-3.891087000998478818e-01
-5.226380704314395054e-01
-4.273602546116574974e-01
-4.298808742295525676e-01
-4.891201394747826670e-01
-3.765113360158006128e-01
-4.387717049439814887e-01
-3.323134567039793263e-01
-5.089841012272824372e-01
-4.274256194459310487e-01
-4.318047589564031896e-01
-3.293721920391779467e-01
-4.599352398215100779e-01
-4.502696291749672675e-01
-4.293603240537576804e-01
-3.786830861313367769e-01
-4.417420730520028593e-01
-4.833122579394695251e-01
-4.078629357054304738e-01
-4.023378427519485601e-01
-4.085128752562543486e-01
-2.944491172025214265e-01
-3.119540692142507843e-01
-3.276046958300348200e-01
-4.274796631513690381e-01
-3.621090493477948091e-01
-4.533801353203379403e-01
-3.293871339543183452e-01
-5.335007455548798072e-01
-4.286300549602116150e-01
-3.639474096673809278e-01
-3.996378887067849606e-01
-2.231513996877329820e-01
-3.006733978420522702e-01
-4.611097588303931238e-01
-5.058921886172400573e-01
-3.268494916464819711e-01
-4.887089726844947024e-01
-4.848351071615199515e-01
-3.376073210320238438e-01
-4.426940705975336288e-01
-3.214677985425627438e-01
-4.241000292678748229e-01
-5.563122638760276129e-01
-3.740499235791812649e-01
-3.854400378937413718e-01
-3.002976713504858508e-01
-2.817209864736633929e-01
-3.378030573543253090e-01
-3.908319127215514333e-01
-3.849643888317526019e-01
-5.030527259182753230e-01
-3.200409097929016733e-01
-2.319356942964359014e-01
-4.132925820079854096e-01
-4.520901337389439112e-01
-2.256830475698823613e-01
-4.292397799189693330e-01
-3.694548583467130998e-01
-2.917286463382973705e-01
-5.581804854523644277e-01
-3.868663104161625399e-01
-3.028470759554277580e-01
-3.669012839083455324e-01
-2.566252744816626130e-01
-3.383270970739140071e-01
-2.991967705248024800e-01
-3.415966973488617775e-01
-3.805492953746402729e-01
-2.454038666682239467e-01
-2.143725969009471211e-01
-5.899272302791595812e-02
-5.094867782828907954e-01
-1.932417162967067226e-01
-3.524292672706638152e-01
-2.757002657579910587e-01
-2.194902403060985385e-01
-2.946307060212203788e-01
-3.918130069176883890e-01
-4.651791355642248549e-01
-4.221496240679165068e-01
-4.215321669364265333e-01
-4.040677091961920042e-01
-2.536002246170453445e-01
-3.280894227690159815e-01
-3.992807490531040115e-01
-2.717953085601544916e-01
-3.311746615088746459e-01
-2.656202866667098927e-01
-2.911075098615894530e-01
-2.065790882603511791e-01
-4.840761302124921839e-01
-1.696610637188577519e-01
-2.384241706801419614e-01
-3.259160408731354708e-01
-4.003779152507218608e-01
-3.339894054789577793e-01
-2.023989924605550661e-01
-4.987592661789527759e-01
-1.529858719301010472e-01
-1.950219730796773077e-01
-3.569338443189538218e-02
-3.417123885246419190e-01
-1.748215655210003383e-01
-2.901238492091275378e-01
-1.873852404410138450e-01
-3.442656186262396112e-01
-2.921426955531662428e-01
-2.017493159538870651e-01
-3.316780150412065864e-01
-3.519041002358566095e-01
-3.444740857427597835e-01
-1.393602047422444479e-01
-3.178755868070471946e-01
-2.245871572761832247e-01
-3.233494375569155865e-01
-3.033588115085441017e-01
-1.766426703480400429e-01
-2.738642857049065071e-01
-1.893603129594537970e-01
-2.755015160350317016e-01
-9.362511233927742205e-02
-2.528150569150339200e-01
-2.988518491324795856e-01
-1.176794288789408810e-01
-9.031314927142884696e-02
-4.153071872660479835e-01
-2.392076149326636536e-01
-3.973463694270794599e-01
-9.920547197772286441e-02
-1.947745202029465827e-01
-2.765397658051170771e-01
-2.240807449260090733e-01
-1.793577700331102087e-01
-1.671362994669594038e-01
-1.089300020012358705e-01
-2.866300951971746946e-01
-3.252894084362224492e-01
-2.381332477390618318e-01
-2.060083404705350674e-01
-2.022911152859976636e-01
-2.222232235143351275e-01
-2.690644680489859275e-01
-2.120332422270741202e-01
-2.197620474182119532e-01
-2.007239550713662279e-01
-2.147577190095931177e-01
-1.602572853822161469e-01
-2.322917399231478330e-01
-2.289397421778593678e-01
-1.137632471147198149e-01
-1.881064196365347663e-01
-2.861469160499032771e-01
-3.445128525345118597e-01
-2.345169116427768818e-01
-2.636963100237554869e-01
-1.364209857039554996e-01
-8.519209700362344317e-02
-3.072943715701265677e-01
-1.132981076019155126e-01
-1.657492202394810210e-01
-1.170129414569907877e-01
-1.019110724608765783e-01
-1.250270842591999221e-01
-1.296033729946022006e-01
-1.667558763495955720e-01
-2.580238410185282105e-01
-3.625695131507108981e-01
-2.210956396923495493e-01
-1.111676943864759320e-01
-2.262628717676115342e-01
-2.724183847636679201e-01
-2.575884497146868068e-01
-1.822673195896026554e-01
-2.147966628980472470e-01
-1.083216478443877334e-01
-1.304951636191089004e-01
-1.867105696985260355e-01
-1.785162925678137891e-01
-3.913554043420639644e-02
1.029088874022524996e-01
-1.756600087560450663e-01
-1.220402685201022602e-01
-1.690091601781280317e-01
-1.046979316950232969e-01
-2.746016739801700468e-01
-3.135302892122956292e-02
-3.921237669081314992e-02
-1.860915186597019710e-01
-1.899062546738824742e-01
-1.141361024006991853e-01
-5.902718133681895962e-02
-6.911268731221266448e-02
-4.591748951364725551e-02
-1.573013147009506840e-01
-1.633564286005519811e-02
3.127108181382702579e-02
-2.231678701591440217e-01
-6.439752604621309939e-02
-5.393749064737517890e-02
5.296295076873432095e-02
5.949106912562319993e-02
-5.871446199332198967e-02
-4.545982625561443419e-02
-8.968640178452538803e-02
-4.984961599404004289e-03
-6.441402172511280499e-02
-1.069470012685102694e-01
-2.626177609522705597e-02
-1.863573838013276029e-01
-8.847216880720631949e-02
-2.816574778960164588e-02
-7.016741577088827196e-03
-1.147622478928555928e-01
-7.376767063375462216e-03
-1.624634149692157914e-01
2.592214010791767456e-02
-5.342335086303642844e-02
1.371578372317337063e-02
6.733264764139801350e-02
1.878390625735857147e-02
-9.287598518545445159e-02
3.564160586440077993e-02
1.029753059432863271e-01
4.701918803006332331e-02
-3.471349914279721338e-02
1.666997247128558512e-02
1.129823168521164184e-01
-1.644621782780808505e-01
9.885143856665820628e-02
3.650700152752049676e-02
-4.541248711770273089e-02
5.320012847642700653e-03
-1.150462479744661787e-01
-3.954454613785280542e-02
-1.104697854511730859e-01
-9.580968792100598430e-02
3.284256737232092715e-02
-5.648089182805633018e-02
-9.315945025623351139e-02
-5.977336855725985491e-03
1.450942680527844697e-01
-1.038674061143696550e-02
1.814506405057012273e-01
9.423850563555509485e-02
-1.512217072962641949e-03
-5.017706370866431564e-02
8.413987517486519463e-02
-2.984048809411953690e-02
1.207048577935230767e-03
-1.201016866304416286e-01
-3.261786529211926910e-02
-1.658641899845780462e-02
-1.708245926277206575e-02
2.274903821273840665e-01
2.048326466741365315e-02
-9.516039071805451610e-02
-5.441936171038667036e-04
4.135263392516971837e-02
3.223072047701300291e-02
1.009801396577601484e-01
1.542042877050800107e-02
1.446550919030696603e-01
-5.192427807188115807e-02
1.008271116128935524e-01
5.112350591022604696e-02
9.351696485935993841e-02
6.495945268827209296e-02
2.192613666794804850e-01
2.334715058871883187e-01
-1.704768464697785715e-02
9.282492005077823405e-02
8.772845843815703371e-02
-5.175065239590664889e-02
1.345875953401833025e-01
1.744143998426128939e-01
1.138006088254781417e-01
7.810800594654269957e-02
1.959982343961796936e-01
1.919788262304304993e-01
2.010075100728551667e-01
1.685331098292480456e-01
1.690462748825048989e-01
1.045964364012268721e-01
9.162667431748412750e-02
1.114937383487916711e-01
1.101157294573128047e-02
-6.455920094832755252e-02
1.387638092639004728e-01
7.754840660225280347e-02
1.555999261257859645e-01
2.259682694862718833e-01
1.121276005927649144e-01
1.900096819137841175e-01
6.150153583798977086e-02
4.038854691028000848e-02
9.526324576739139682e-02
1.168116509541677894e-01
2.540657421248323500e-01
1.719564844815784921e-01
6.637147137280498266e-02
-2.652651889379887065e-02
1.245546128483465964e-01
1.181021944350554298e-01
1.565242502902333133e-01
-4.296405032439633287e-02
1.971801821311500169e-01
1.208530218034560844e-01
1.112490347613786928e-01
1.282478847445390757e-01
1.782093365227397364e-01
2.044591975968975961e-01
8.738965540163602663e-02
1.620211141484904638e-01
2.613207527833753541e-01
1.556299721121373325e-01
2.339780724992916727e-01
1.948491411083433378e-01
2.264269673590343368e-01
1.487015666419417292e-01
1.208263575288942848e-01
2.309408514816578273e-01
1.429675817495557610e-01
2.562073822118683397e-01
1.048269559870398104e-01
2.000881536741323241e-01
1.716841554305447437e-01
2.798651320156868572e-01
3.100552648296228120e-01
6.555998525338024852e-02
1.653341586110181616e-01
2.571355808125299625e-01
3.026186678614434244e-01
3.495101348823146381e-01
8.640295775520864807e-02
2.049464831121767527e-01
1.903947225673230381e-01
1.998866943084882664e-01
3.059081529589108284e-01
2.962502884690284555e-01
2.135201577012578733e-01
9.316401660184019107e-02
3.241923288303612538e-01
8.286136733331155024e-02
2.646636037814587561e-01
1.151232136735018258e-01
2.196966163376810333e-01
5.252161458390438437e-02
1.637104205004077384e-01
1.913232522773996025e-01
3.002852852566909037e-01
2.080921707884234306e-01
1.343546434183380822e-01
7.170218961883700892e-02
2.773719189864103374e-01
1.533899526017530046e-01
2.462313437811217698e-01
2.573647367785888429e-01
2.374168242005161300e-01
2.989799768059313023e-01
3.777454602109647230e-01
2.953735491820519421e-01
2.854355357852043085e-01
2.609179600095287710e-01
2.272295020581923120e-01
2.532956347014768683e-01
1.785929833076723983e-01
3.087364318555495535e-01
3.578582178240193312e-01
2.146373288129969914e-01
1.059755675181950629e-01
3.919735180577346711e-01
2.094793019121270750e-01
1.621574569717255387e-01
1.479360459977842324e-01
3.430615272651861281e-01
4.435504035161800807e-01
2.707647407988347799e-01
1.033843307466049133e-01
2.777623355068858935e-01
3.391041283885693480e-01
2.387583665329539861e-01
2.207780154565060493e-01
2.446746144386551247e-01
4.472302298067417081e-01
3.106664212196263430e-01
3.154162108933993847e-01
1.720821744834072076e-01
4.179713112135039488e-01
3.160716247241563970e-01
2.754196221610952233e-01
3.024255541737577713e-01
1.636016998299627545e-01
3.035784069146871822e-01
2.464292456529693920e-01
3.199488854972757368e-01
2.562234193941647642e-01
2.268295319572720403e-01
4.728294857709821608e-01
3.417592480646392539e-01
2.174550374860267643e-01
3.545674692134772599e-01
2.687089391346724199e-01
2.953394071539905963e-01
2.481844262969029602e-01
2.613513629906284441e-01
2.394610747412830865e-01
3.810798142693862522e-01
3.785811208793748994e-01
4.973265385337886091e-01
4.447146474465093480e-01
4.188067296919870119e-01
3.325846296884368281e-01
3.951593543338098868e-01
4.496080235597503250e-01
3.164878081699440404e-01
3.391122628039741072e-01
3.824965984894466153e-01
3.613319648860874866e-01
4.488908172148349807e-01
3.456135514031615785e-01
3.330722499213682464e-01
1.470871318406961059e-01
3.754464502782781654e-01
3.735431901401954358e-01
4.491507551821179445e-01
2.814596456770704358e-01
4.962167871301779720e-01
4.317716136418291994e-01
3.887354344208299173e-01
3.593819043272720726e-01
4.041543578947037196e-01
3.269564485903141970e-01
3.447982852430312994e-01
2.411205785748128938e-01
5.824988692840714632e-01
2.967895957886683700e-01
4.782679327872024766e-01
3.299406683420527675e-01
3.435960452257337261e-01
3.688324107298344146e-01
4.735031424335206518e-01
2.849514294263618130e-01
5.144697313152055695e-01
3.980420479117772747e-01
3.356567902773264778e-01
3.775748994986003471e-01
4.785867194640898159e-01
3.874777833181349274e-01
3.537209240322483073e-01
5.077917543130523459e-01
4.882442714389957361e-01
4.398399376105348590e-01
3.275766863028168330e-01
4.603410136656138629e-01
4.277570554514192325e-01
3.633259139070030841e-01
3.413930472277302841e-01
3.997356047966694192e-01
4.608175491067389440e-01
3.826199261919471240e-01
3.384528646233067595e-01
2.868895436783792663e-01
5.461777879002938096e-01
5.145731930451701297e-01
4.698228878968462308e-01
5.361131937340233300e-01
4.508939682356090661e-01
4.250456866373308884e-01
4.493673496434316128e-01
4.803968566082401082e-01
5.290400481319131876e-01
5.743216574279680353e-01
3.624552201994242773e-01
5.107516657049673281e-01
4.873179172601392883e-01
5.895479634009794800e-01
4.566727940071432235e-01
4.122117794664994506e-01
4.001112202962916475e-01
4.876547761612788912e-01
4.199604952255502344e-01
4.193401215224891732e-01
4.694944832296108483e-01
5.535131588100393740e-01
5.615138438096418660e-01
6.058739173526980215e-01
5.980791810643506512e-01
5.044720770020181266e-01
4.768405404619606713e-01
4.977243917385372196e-01
5.292976577233907687e-01
5.297766634457015122e-01
4.454946624788405640e-01
5.695897849385795908e-01
5.524934312980601669e-01
5.364297119440240014e-01
5.847981987405697080e-01
6.390889802210361070e-01
6.425138557614576973e-01
6.484825339567872327e-01
4.898608020142657393e-01
5.219111987701441358e-01
5.520259964715692469e-01
6.025338414932800424e-01
5.457231651609683043e-01
4.996437128997727184e-01
4.404880164184440394e-01
5.492549386234586439e-01
6.077856042157792071e-01
5.442193688464038726e-01
4.767729333890307619e-01
5.703846387750602931e-01
4.002420579098367459e-01
5.505645686349108781e-01
6.332590110621200141e-01
5.255298457475292562e-01
5.753547960375775538e-01
5.031615717995254755e-01
4.530887515081122308e-01
7.102691343302229843e-01
5.394365965038845356e-01
5.052832595225834611e-01
5.432191523861773508e-01
7.826945949050712059e-01
4.312827661774905064e-01
6.978834115192256160e-01
6.033858437275766429e-01
5.580017014319479385e-01
6.128019260758748032e-01
5.793925314828419770e-01
5.207845757496910588e-01
5.202589819056804288e-01
6.061157138509859488e-01
6.339467148318599365e-01
6.595552951190571944e-01
6.711264114894248678e-01
6.497073291279393814e-01
5.200568381740996449e-01
4.983795741595936635e-01
5.810006446843852812e-01
7.057001206905412216e-01
5.452915956337442971e-01
7.749482494901935858e-01
6.085942437659843662e-01
5.731753219323368898e-01
6.632212240232701062e-01
7.371251278614797675e-01
7.454102809657237039e-01
6.387913303027240586e-01
5.539914235088956307e-01
7.945051737922238511e-01
5.535206589026886448e-01
5.712737057703479726e-01
6.457962637707587161e-01
5.554157202393561477e-01
4.693948591519365166e-01
5.591058666355565032e-01
6.204018618248413608e-01
6.445882758294780857e-01
7.282314659734520079e-01
5.194732745459476053e-01
5.135933380932683479e-01
7.216115626440486874e-01
6.648546728221181867e-01
6.378633452381757829e-01
7.557980725265336375e-01
7.015860012188777084e-01
7.390269588909963439e-01
7.215521947639121914e-01
6.569506418356773070e-01
6.466827463279944954e-01
6.709742741122207699e-01
6.296223051892387845e-01
7.339858355982128435e-01
7.093836658378027682e-01
7.518536362032922638e-01
7.645797086732546433e-01
6.229542908523780786e-01
7.259841526395268696e-01
7.478177853334366798e-01
6.611070038095072654e-01
6.876387206829807086e-01
6.958767219317704145e-01
7.694897379110380298e-01
7.559477882697381856e-01
9.211514041793639196e-01
5.161349284503701229e-01
6.510163191551697759e-01
7.205080997826336375e-01
7.110408571826686286e-01
7.025764469511970312e-01
7.134728555558189633e-01
5.125190402637250786e-01
7.007190822031804656e-01
7.961211080500613102e-01
8.015495637966821851e-01
6.933776444583771292e-01
7.100109741819240483e-01
7.412065139788155399e-01
6.506396131808530603e-01
7.045981197964649168e-01
7.444132068841543548e-01
7.362144505580073828e-01
6.162936932552163238e-01
7.357735729834639082e-01
6.954684238815076469e-01
7.200646922013973494e-01
8.728530517998923655e-01
7.449596677132479527e-01
6.653505735016018718e-01
7.904287381686073699e-01
8.681862160400323214e-01
8.538473791638604427e-01
6.898375601466578688e-01
8.757589557756662035e-01
8.321229053220665639e-01
7.741743617206197081e-01
7.079357829069821140e-01
6.298399872084190498e-01
7.670714570025420898e-01
6.863562430307629247e-01
7.781523355315622670e-01
8.025365388993782600e-01
7.769893545930812717e-01
6.739049120826163808e-01
8.588607817902806918e-01
7.859433551190964096e-01
8.988899602896331942e-01
8.254877956194989208e-01
7.224752263847349365e-01
7.599337023971020066e-01
8.067490018628501458e-01
8.260407886321391446e-01
7.350310044494192674e-01
8.988842775526592055e-01
7.659770092488527027e-01
7.877197830364677245e-01
8.772222061387695557e-01
9.167931407421158196e-01
7.974753364845494907e-01
7.487136910539931023e-01
8.734030003931040342e-01
9.146371621304837385e-01
8.421976221603124646e-01
9.588105433396894028e-01
7.971184817747343221e-01
1.106655291954017351e+00
9.971096439985199789e-01
8.169932189089903485e-01
9.795010464973799014e-01
7.797743807642351088e-01
7.356108296351963061e-01
9.093788183295233862e-01
8.863586346822546203e-01
8.492778515681485008e-01
9.106674271507325669e-01
8.092907389232912863e-01
9.419558863337105237e-01
8.988041794691284947e-01
7.601950669326411614e-01
8.620359008462760153e-01
8.541903254579110705e-01
9.436448839920414944e-01
8.622990346760969205e-01
8.188523793740204448e-01
9.649197648864948906e-01
9.052617973712420163e-01
8.887068704372709238e-01
9.076948010568047787e-01
9.398400258599755031e-01
9.129862538144780659e-01
9.449205714572087578e-01
8.653096578390928606e-01
8.939667280952005024e-01
9.122148392844374731e-01
1.014393609819707942e+00
1.099928532530695557e+00
9.498536139094688746e-01
9.647938225417798108e-01
8.972748882578264196e-01
1.009243127112525062e+00
7.989797696792061421e-01
8.146015569580746796e-01
8.029746944968442213e-01
1.069159201330363462e+00
8.323779720103587909e-01
9.470852465891940186e-01
8.539977786884815902e-01
7.486705199184782167e-01
8.525425644545676640e-01
7.981933689377815888e-01
8.989602688701383570e-01
8.935455502560171182e-01
1.099682210969514573e+00
1.027794375992134412e+00
1.017934528072342415e+00
1.111121319114195760e+00
9.596651317642769241e-01
1.021089057610872208e+00
8.602185399858781611e-01
8.669268647082755130e-01
8.646465648266254966e-01
8.861011987597243733e-01
9.774508372602662698e-01
1.062229971274420981e+00
1.051467965529894633e+00
9.422563537818479107e-01
9.575871298129439158e-01
1.009064702908845534e+00
9.107071360568275153e-01
9.675622613734095046e-01
8.436314368249109297e-01
7.597040515351652923e-01
9.449133470968291704e-01
7.997356916569039464e-01
9.460057737882507922e-01
1.074028103590657812e+00
8.702040964654019772e-01
1.038998336461356642e+00
9.367415030637097351e-01
1.059565249787509211e+00
1.048654117618017967e+00
9.868761307593088006e-01
1.074649842015391821e+00
1.006488820893199687e+00
9.693736602943596736e-01
1.088133506525003291e+00
9.952294842806790331e-01
9.997500932417733299e-01
9.951340703903777118e-01
8.616791124018441383e-01
1.107616841077346814e+00
1.083299085528703021e+00
1.021989387147215211e+00
