-1.018678025857616243e+00
-9.744571315491048491e-01
-1.200508020336312098e+00
-7.708639644940752378e-01
-8.202632066589183868e-01
-1.110789005886734682e+00
-1.087762221745850244e+00
-1.180767771548949296e+00
-1.102497092611743224e+00
-8.645834353188934784e-01
-9.898639545474930967e-01
-1.001791900865515395e+00
-8.749252399727348584e-01
-8.666964595669146565e-01
-1.126060484461938183e+00
-9.408248256502438345e-01
-9.739361836694142571e-01
-9.967673965572440009e-01
-1.089044953587650300e+00
-9.320233165815172693e-01
-8.694837304296901825e-01
-8.886595537834550695e-01
-1.058971740389761607e+00
-8.901211918120079947e-01
-1.082999739739040734e+00
-9.438505480152533655e-01
-8.805764625497740639e-01
-1.069677299189156994e+00
-9.472496244271039201e-01
-9.530613462183629148e-01
-1.016935133266885671e+00
-1.015491227421964515e+00
-8.049176945717485543e-01
-9.132490040437601930e-01
-8.585226792188140887e-01
-7.994468611195743035e-01
-8.273828698701082285e-01
-9.183249390704841808e-01
-7.987787585918671995e-01
-9.388750658279820804e-01
-8.974803729075593317e-01
-1.076333328741353679e+00
-9.130562898874684530e-01
-1.032094532565946299e+00
-9.475909259646049243e-01
-9.859010623164474740e-01
-1.031253132432923492e+00
-7.462020273451751562e-01
-8.651470470655167055e-01
-1.034831027837265216e+00
-9.872059163730405595e-01
-9.626015261584873750e-01
-7.876395333711444513e-01
-8.671081937078910507e-01
-9.664673375140285794e-01
-9.480092299608738893e-01
-9.463932340821603617e-01
-8.849939342885082549e-01
-8.353124659800360563e-01
-9.644432985761620669e-01
-8.038151018512548207e-01
-9.381114196158802931e-01
-8.646123334344754108e-01
-8.594970041922553872e-01
-8.647229014283883686e-01
-9.915791062782023380e-01
-7.253032963613897932e-01
-9.351607210764112388e-01
-9.773725705399710639e-01
-7.560167306030312062e-01
-8.631860617531159630e-01
-8.654773734360042825e-01
-7.121912531836660509e-01
-8.250070524541798234e-01
-7.415143036622257044e-01
-8.068887518944579673e-01
-9.295195992639985194e-01
-8.381263790770741018e-01
-8.637062007135063446e-01
-8.986511190539832050e-01
-9.472652589961723102e-01
-9.066113430198807777e-01
-8.301773001404486596e-01
-7.640937416443372987e-01
-8.064426870332471742e-01
-9.310832405001778778e-01
-8.411194863037562142e-01
-1.002767018262116228e+00
-8.817972352287251070e-01
-9.451588679414827388e-01
-9.283685287741765269e-01
-8.642852836959838969e-01
-7.969629136734119879e-01
-9.962140686288316616e-01
-7.600813754427322433e-01
-7.391850900625057674e-01
-9.186163491882085586e-01
-8.129250465832904560e-01
-7.290993008150409294e-01
-9.540964876654984828e-01
-8.153794143603645406e-01
-8.280926807704276360e-01
-8.230028572342670268e-01
-7.961968966835397676e-01
-8.508381115810080830e-01
-7.459894860757129154e-01
-7.595725496271686916e-01
-7.117983977836627174e-01
-8.922790534396283224e-01
-7.714778283309270401e-01
-8.064991846673255083e-01
-6.822070235539139382e-01
-6.934587058215145872e-01
-7.280849465397384312e-01
-7.859339815877016688e-01
-8.347597032549445295e-01
-7.885457945923520784e-01
-8.240894552275295215e-01
-8.493106780147111623e-01
-7.101353544070493351e-01
-7.209048867202826338e-01
-8.228810146845435547e-01
-6.746254060587942858e-01
-6.346219964655493984e-01
-6.909007301132988887e-01
-6.771635063757951434e-01
-7.128975378507704797e-01
-5.889928493402709631e-01
-6.513226381649893648e-01
-5.590959950206132456e-01
-7.308710793296805397e-01
-5.844842932778046007e-01
-6.365652229451941313e-01
-7.953645423798529901e-01
-6.820935436592507894e-01
-7.351167118034178660e-01
-7.336701656118875814e-01
-6.610634536796096139e-01
-7.140829018085345092e-01
-7.413684925516839108e-01
-6.611618999549387921e-01
-8.857474550596462493e-01
-7.866240714682731783e-01
-7.487535489955683410e-01
-6.956242182865954859e-01
-6.528128481711571451e-01
-6.385079681366758741e-01
-6.834969016166692057e-01
-7.604535778200125495e-01
-8.301881560999669896e-01
-7.323900910136565967e-01
-6.961191910810973216e-01
-6.469909958469040046e-01
-8.077895367355502065e-01
-6.442469512867744497e-01
-5.423621482775271563e-01
-6.735811505322721882e-01
-6.514660191284689095e-01
-5.217684490877118053e-01
-7.538001636198663480e-01
-6.158881282012917957e-01
-5.830078846854360730e-01
-5.159105006206203825e-01
-8.065510216591839088e-01
-6.925291682205630961e-01
-5.760376540284234403e-01
-6.683774296812743376e-01
-6.636629142046688301e-01
-7.008145677510779770e-01
-6.029907317285133628e-01
-5.436673191368341929e-01
-6.052928837227807835e-01
-7.571407745956422186e-01
-6.187424324273508303e-01
-6.909352879009064141e-01
-6.369178197322417079e-01
-5.022956974155708965e-01
-6.498529864440957260e-01
-6.906645237980353347e-01
-5.862691395854014997e-01
-6.362444777779754368e-01
-7.179653686061466811e-01
-6.313137413205838211e-01
-7.184716434976301525e-01
-4.309806132210340368e-01
-5.574720322496001801e-01
-5.884423508502532041e-01
-7.805649036738419033e-01
-7.608914857419561972e-01
-6.219206180789840221e-01
-6.200246461603722281e-01
-7.359708347491182856e-01
-5.534807986229957066e-01
-7.238547552874923241e-01
-5.619575604390828483e-01
-6.911893370422604876e-01
-6.173340147966127622e-01
-6.602939442039135187e-01
-7.067491315173107802e-01
-5.205067878918789859e-01
-6.349214555571578433e-01
-5.497146904922479704e-01
-5.267920477924730172e-01
-6.324826873207540778e-01
-5.548732202257304902e-01
-7.459759740631738412e-01
-6.372721756240693480e-01
-7.105387657267413504e-01
-5.580997083438447026e-01
-7.105950413774018148e-01
-6.196197466833321954e-01
-4.394826965301604216e-01
-6.901972699963653257e-01
-5.327813188299295177e-01
-6.678011737801969883e-01
-4.085436113533551516e-01
-6.663738087043485914e-01
-5.887846052319311019e-01
-5.165254947577412326e-01
-6.406658687393421703e-01
-5.781911104238044441e-01
-5.227501008124074700e-01
-6.150567085041446225e-01
-5.613074393327862621e-01
-4.996120611384236021e-01
-4.837288860449617256e-01
-5.430110305501092416e-01
-5.692428006824989950e-01
-4.398694346112725917e-01
-5.620494898037996512e-01
-7.001279376515617825e-01
-3.647242636327201470e-01
-4.608433138161090459e-01
-7.144507731993858801e-01
-6.017347313171136358e-01
-5.815987217680216315e-01
-6.192378463218570772e-01
-5.184225690207201476e-01
-5.048095515154343849e-01
-4.408581638253492030e-01
-3.964516657507979880e-01
-3.022122524377146568e-01
-5.450448034355278581e-01
-4.376248459055686046e-01
-4.677531789142816421e-01
-5.671133233708743893e-01
-4.763204911353903226e-01
-4.383738190566804915e-01
-3.847371744636647883e-01
-6.486808920748159402e-01
-3.967708926825684879e-01
-4.731461080086344917e-01
-5.029305860749611057e-01
-5.092365508850316136e-01
-5.366767382633835792e-01
-5.512746677731726885e-01
-6.178509465402798329e-01
-4.686839754011538628e-01
-3.299022281013222480e-01
-5.212018578219104192e-01
-4.001042491150438862e-01
-3.812095820941266977e-01
-6.361846491654208346e-01
-3.891264388374561234e-01
-4.394880587590873633e-01
-3.859375428705740796e-01
-5.018400612804375660e-01
-4.333719439604659662e-01
-4.459163076062622744e-01
-4.979033353370179715e-01
-3.923881905961480454e-01
-4.126347194955731768e-01
-2.953102892012697822e-01
-5.040255990739375136e-01
-4.266472233931113411e-01
-4.008534383825415603e-01
-3.357956859594137256e-01
-4.641500207391487942e-01
-4.275843879804439585e-01
-4.213252533339695294e-01
-3.910519555916256440e-01
-4.435477474718252933e-01
-5.009246403122816771e-01
-4.334258501519376305e-01
-4.232709538198053401e-01
-3.824881356059743887e-01
-2.777615644720314303e-01
-3.100570277741336311e-01
-3.170838904245472101e-01
-4.393782388518677195e-01
-3.460612880789452062e-01
-4.234917802935339592e-01
-3.113891377785328873e-01
-5.071382191824916896e-01
-4.031054690090494219e-01
-3.752692524089705772e-01
-4.087909402981052542e-01
-2.286945851352898407e-01
-3.162430215242461040e-01
-4.754222735538146671e-01
-5.128323531208330843e-01
-3.085092734594013786e-01
-5.121334766709408903e-01
-4.795377591594100486e-01
-3.337963870173560332e-01
-4.177738869339440164e-01
-3.170118282250652952e-01
-4.195636210956314449e-01
-5.597786551854191384e-01
-3.431875186014562429e-01
-3.908013784714015060e-01
-3.361026768124035780e-01
-2.788120067296777083e-01
-3.342363065004266276e-01
-4.049789590655555327e-01
-3.819193302882774033e-01
-5.032909002129108966e-01
-3.331030883741058490e-01
-2.321901153429374032e-01
-4.219333762881578576e-01
-4.299502853268911129e-01
-2.366549146206379794e-01
-4.353519996232832479e-01
-3.875185868871817707e-01
-3.233960854735369317e-01
-5.679937622291491017e-01
-3.769799498555056472e-01
-3.394245617744710564e-01
-3.864849194000076760e-01
-2.561893587767141711e-01
-3.384221598373730044e-01
-3.022030426239620815e-01
-3.309502753700044875e-01
-3.589705092921586793e-01
-2.518808547846991264e-01
-1.989924443853037794e-01
-4.870716508365979802e-02
-5.221927600732896302e-01
-1.880657246303781283e-01
-3.420658755035435039e-01
-2.821004508793876209e-01
-2.250911037050961905e-01
-2.951320183480337644e-01
-3.647429432673026106e-01
-4.815644019745126125e-01
-4.026845344411206229e-01
-4.133989942701755682e-01
-3.994962858024416197e-01
-2.417321445760950704e-01
-3.157323433790888978e-01
-4.096330532107104738e-01
-2.833156951448734806e-01
-3.200054450907363068e-01
-2.436102619603873198e-01
-2.978168411789465231e-01
-2.273188369620199600e-01
-4.953272906103291517e-01
-1.750835244555019876e-01
-2.400921114914447430e-01
-3.336807337095304971e-01
-4.092656291347332442e-01
-3.129722778848974540e-01
-1.979642222362334447e-01
-4.996854755465526821e-01
-1.652401770468711062e-01
-1.597549950488211523e-01
-2.086645663137099566e-02
-3.362078251154688169e-01
-1.846915013732850497e-01
-2.866008384718902735e-01
-1.794917783347100559e-01
-3.465578911391432038e-01
-2.955681894050888325e-01
-2.118510659376613980e-01
-3.208189535326056996e-01
-3.767341723796021058e-01
-3.441836678408691230e-01
-1.404396011765774444e-01
-3.188165138549760025e-01
-2.277163575796831430e-01
-3.107225885490565997e-01
-3.152087310928824437e-01
-1.661382299618974767e-01
-2.418213737139373598e-01
-2.028195733720125626e-01
-2.588460036476830095e-01
-9.649660207263716094e-02
-2.759385021974190555e-01
-2.959848670878877375e-01
-1.314836022524939196e-01
-7.686524359259874761e-02
-4.173724890440997926e-01
-2.359753587154525267e-01
-3.824714220389253128e-01
-9.922811257789150574e-02
-1.977028585618989254e-01
-2.621142754806289887e-01
-2.174794487436439716e-01
-1.816893225540820445e-01
-1.664023632410645825e-01
-1.096041924133726031e-01
-2.851464669178199185e-01
-3.018000640147623925e-01
-2.315037733577610668e-01
-1.791271716445558548e-01
-2.098636128087124630e-01
-2.144022122945453135e-01
-2.568215071429907348e-01
-2.037884468406225835e-01
-1.947553479406059496e-01
-1.980410001689988098e-01
-2.012282076800858688e-01
-1.696227066907076142e-01
-2.241143325118869767e-01
-2.324164108788915328e-01
-1.105312093139692864e-01
-1.757182860555500936e-01
-3.105317965032102223e-01
-3.260966249089343738e-01
-2.263611591836793557e-01
-2.490710867160839670e-01
-1.358646081404624451e-01
-8.996612059613200152e-02
-3.172551407766763809e-01
-1.299783258972312949e-01
-1.462413099467294586e-01
-1.143816071733054496e-01
-8.658420688143723953e-02
-1.340194167598628416e-01
-1.432066094469096607e-01
-1.709311260167021285e-01
-2.673835442654050043e-01
-3.666784775352413539e-01
-2.170192413540786847e-01
-1.194107909875203183e-01
-2.324790438238558410e-01
-2.871724426312264322e-01
-2.500601724291450223e-01
-1.627348182257722931e-01
-2.283722722824269580e-01
-1.142704477665584528e-01
-1.515030145393876648e-01
-1.702694536779622847e-01
-1.771111997088593293e-01
-4.219418710250542881e-02
9.875945832175758721e-02
-1.732385842721965996e-01
-1.342821550432342637e-01
-1.370249230369330051e-01
-1.154707746579866773e-01
-2.935037306515215216e-01
-1.459304386567698321e-02
-3.296021750027358643e-02
-1.869013948318024865e-01
-1.887993276036616375e-01
-1.326620748596807620e-01
-5.226273961036215221e-02
-5.777468492869602262e-02
-1.909428603586021608e-02
-1.693496721889354295e-01
-6.657422888906563453e-03
2.811196073615052429e-02
-2.223867819782281707e-01
-3.843778749380561549e-02
-2.577241578333532360e-02
5.174975142890375635e-02
6.814617747496153066e-02
-7.403374922241112710e-02
-4.352680722423444420e-02
-8.577410206020903705e-02
-2.636597931946161807e-02
-9.612762697662476097e-02
-1.002202941456575014e-01
-4.292391484464386231e-02
-1.798228622309562541e-01
-9.081622012581289094e-02
2.434894248277760277e-03
-2.790138437032132004e-02
-1.412762789823747422e-01
2.373081458918686187e-02
-1.490554071959039606e-01
1.707210863830206996e-02
-4.238925879882279868e-02
-2.795820540407813540e-02
7.793745247601652215e-02
2.896015728416179852e-02
-6.005162043403148436e-02
2.646229945550319582e-02
1.010996236224349643e-01
6.031830205382231885e-02
-3.529793019099001367e-02
1.397937667873370808e-02
1.161307984585511627e-01
-1.741116809651497011e-01
9.668417884068158941e-02
3.984248958365135124e-02
-6.487227184485028220e-02
-9.279398169474980390e-03
-1.237108538669717955e-01
-6.315504710149399958e-02
-1.052308046451504026e-01
-8.949764822746456017e-02
4.774414974334233175e-02
-6.385351032075708977e-02
-1.070794765570589890e-01
6.765403341160592526e-03
1.281367834768900593e-01
4.353197625093244150e-03
1.699469450617841493e-01
9.635987957241280710e-02
-8.324763094668707550e-03
-2.771591168012954576e-02
8.031512035683803508e-02
-2.031224211956804068e-02
2.508733745164572898e-02
-1.132773883070033322e-01
-2.861191073975474439e-02
-1.408577621894179649e-02
-4.451818517260935915e-02
2.192570785504756314e-01
-2.098559961923300837e-03
-8.915367660363289481e-02
6.635187285430658131e-03
3.465342529965700219e-02
4.989370989429882386e-02
9.165643263827044640e-02
5.761144507827223142e-03
1.640085576822813695e-01
-7.076353780263192061e-02
1.191061190274826098e-01
4.704395553213297498e-02
1.015548826329370907e-01
7.440196171964029437e-02
2.472683532375533899e-01
2.295997551848838192e-01
-2.291145790505401750e-02
1.140368898678234405e-01
9.376392818765977299e-02
-6.067503940740723994e-02
1.275835463802653114e-01
1.713754018950543745e-01
1.137903494181164016e-01
8.027311569170901551e-02
1.615072635232959186e-01
1.795931964195187358e-01
2.061758937197267216e-01
1.540632486157495762e-01
1.772150212370537103e-01
1.146881785280569888e-01
8.974982974038961392e-02
1.144680346671617943e-01
2.191562627054430279e-02
-5.949475087334498563e-02
1.410856127674673943e-01
6.397980903194759594e-02
1.530737786578453552e-01
2.477878634170925798e-01
9.996671289957514972e-02
2.082482553801265901e-01
3.651983711710420077e-02
3.251812010162830752e-02
9.661664013711417087e-02
1.262136738792654922e-01
2.529011282079155487e-01
1.506385152563715912e-01
6.153840824622569539e-02
-1.488727220140844548e-02
1.149894300304743072e-01
1.226598583011786064e-01
1.205913484767428545e-01
-4.760021326812362286e-02
1.996453506246500809e-01
1.213015568178555242e-01
1.053985257937744141e-01
1.576170941951601512e-01
1.795984152220077568e-01
1.796408964139187270e-01
8.475957929326727314e-02
1.963693067846741247e-01
2.730753116998788088e-01
1.209149062959819637e-01
2.436939253485978785e-01
1.493052936450205703e-01
2.291854689709089121e-01
1.498562362358513145e-01
1.179106099173775762e-01
2.167480046868935084e-01
1.468168075427546126e-01
2.315090484864262832e-01
1.036263448301849022e-01
1.920546787302747915e-01
1.642683957725254162e-01
2.780380696748086522e-01
3.137440940330755157e-01
4.289917863307549789e-02
1.809071679164880042e-01
2.557026320612365011e-01
3.185122613410386050e-01
3.461672453496432711e-01
2.303940326492308344e-02
1.851478462894096122e-01
1.720404304643434468e-01
2.023674309605589527e-01
3.152731222323834626e-01
2.809034984913750810e-01
2.122444120803636258e-01
8.337407088803987232e-02
3.301151756663127101e-01
8.598298352160810287e-02
2.747675318458963067e-01
1.181182119206686948e-01
2.019196221039751549e-01
7.195343401945802908e-02
1.576860550181339859e-01
1.878634811380814063e-01
2.888164095609016546e-01
2.026511672133196051e-01
1.263198395572677768e-01
4.622833950091784216e-02
2.958454757899345866e-01
1.358565100325429265e-01
2.470188294371639948e-01
2.504783347910202185e-01
2.266847437676927368e-01
2.955460302212295498e-01
3.737020847428815240e-01
3.060908689279073225e-01
2.540035998856458033e-01
2.778438259875869454e-01
2.185529821905046466e-01
2.726438716241449955e-01
1.991934238658502887e-01
2.760915155625808248e-01
3.693653257954733760e-01
2.203916992865788127e-01
1.035976404614223634e-01
3.811412291634171390e-01
2.073464553773616825e-01
1.601950314230981276e-01
1.714707041745224536e-01
3.557430688057407475e-01
4.853863241048158028e-01
2.685467377706859393e-01
1.120303536385456739e-01
2.804522837153093917e-01
3.119840348447394662e-01
2.239920703349559117e-01
2.157807696456744695e-01
2.462918225288618090e-01
4.639368655295008637e-01
3.135833674335542498e-01
3.248421771927353374e-01
1.702887634311083531e-01
3.929426213484945030e-01
3.198036211163571285e-01
2.831299829775544286e-01
3.100452845471347030e-01
1.539736119485565491e-01
3.143251778465842028e-01
2.522714315995741030e-01
3.110494193886402248e-01
2.452927603490898945e-01
2.176454167913621229e-01
4.731517936603544805e-01
3.389854139275780276e-01
2.215357782613838200e-01
3.667169469958707073e-01
2.623440557098919990e-01
2.752226744608488596e-01
2.650855549933365252e-01
2.681299251232134306e-01
2.199958039545353017e-01
3.842321828117753468e-01
3.601702334814152473e-01
5.041467078111665501e-01
4.518484861824115240e-01
4.212245127542879053e-01
3.419708687695676153e-01
3.780333060977403847e-01
4.499013788962120119e-01
3.277419361117258068e-01
3.449482842952291684e-01
3.976862393922573347e-01
3.624254040450404779e-01
4.547756785205301355e-01
3.344322034583752101e-01
3.399523444487478896e-01
1.200557099938872885e-01
3.866560042235415717e-01
3.883835472705087222e-01
4.513870637130552588e-01
2.820521668806464932e-01
5.030786317083649761e-01
3.943542075478667641e-01
3.850326623844387841e-01
3.545736270094116960e-01
3.854613623139413470e-01
3.461017710763127919e-01
3.552022753475183592e-01
2.492766159363619671e-01
5.673292010990146350e-01
3.055746820535281683e-01
4.657652138071305403e-01
3.499137485355532373e-01
3.282938795976731439e-01
3.439141940086489213e-01
4.948681547171934758e-01
2.899371979169227953e-01
5.200365685421816098e-01
3.986649558887150335e-01
3.434050917683671988e-01
3.717847356210183807e-01
4.932142076220022986e-01
3.734179593453272328e-01
3.555296638450540780e-01
5.163996840838187552e-01
5.007940044537555480e-01
4.352091554088977632e-01
3.287641742073874607e-01
4.695991513105938764e-01
4.527237630083659758e-01
3.412226069456967270e-01
3.182992066776276219e-01
4.121478958221795885e-01
4.929094181962223598e-01
4.027022989318007062e-01
3.144102237530278510e-01
2.842901558178623778e-01
5.577763475796182480e-01
5.134619310510498691e-01
4.820878789019271693e-01
5.565157854363210754e-01
4.380097822559287923e-01
4.297477831159164374e-01
4.756650375073679382e-01
4.742535051927797007e-01
5.100484422733216894e-01
5.669487277023060878e-01
3.590145191837261218e-01
5.245717091994764880e-01
4.867519774232145213e-01
5.680398127131021102e-01
4.596666198845211770e-01
3.932184340853162596e-01
3.689032457830941358e-01
4.856022148259792615e-01
4.231929269530394500e-01
3.983947195497558602e-01
4.706647610240225488e-01
5.554984046779040119e-01
5.626222657621515744e-01
6.270891339867953329e-01
5.970296772922418782e-01
4.820038834538629691e-01
4.576811055940987472e-01
4.940171472763771887e-01
5.432501821373781903e-01
5.302440781098052280e-01
4.475521598015665958e-01
5.754161402575425077e-01
5.504822195953140707e-01
5.592962691559321131e-01
5.719356071784618134e-01
6.701847512915617422e-01
6.534970371770515429e-01
6.715553522218360438e-01
5.050809445714891099e-01
5.099627850599898204e-01
5.351460269252932278e-01
6.147617092618499202e-01
5.477574401978591023e-01
5.158603022588057474e-01
4.185012292601854034e-01
5.481593398984846432e-01
6.193584829575528028e-01
5.531805370898340568e-01
4.812489451203789681e-01
5.403241812881588446e-01
3.910131362238300490e-01
5.364517486470598007e-01
6.236486061767312350e-01
5.222808299029514378e-01
5.670870141036710166e-01
4.972227276691230102e-01
4.468464799447695035e-01
7.191973504973926401e-01
5.443512129535004185e-01
5.154603981132191981e-01
5.411235155358935511e-01
7.585979733938013059e-01
4.327685495885084666e-01
6.847874365402146779e-01
6.087648309760673726e-01
5.483086313093455955e-01
6.121260247491151496e-01
5.624153922367016722e-01
4.997543928485159714e-01
5.276698149622673917e-01
6.160609025043235487e-01
6.143775362755311553e-01
6.492326451559924383e-01
6.569928817688837075e-01
6.700850856422823076e-01
4.908156247662451288e-01
4.960238408590567638e-01
5.698188457804753693e-01
6.899889758749249147e-01
5.130333099222164073e-01
7.995535273046836533e-01
6.011171951591091078e-01
5.468399970279907985e-01
6.738890130402738210e-01
7.192172398737529670e-01
7.276745811881236703e-01
6.276574506366831008e-01
5.522322028353257028e-01
7.932310831586014688e-01
5.633907637092130383e-01
5.645500251034795136e-01
6.682310095005130623e-01
5.664024839423106306e-01
4.683542737390569144e-01
5.510913461198917451e-01
6.025809073410053340e-01
6.323731021653881124e-01
7.348458053936200995e-01
5.593413409156894334e-01
5.005527267637641664e-01
7.246535447138674479e-01
6.587687465147320509e-01
6.388946053284708659e-01
7.582385768633027601e-01
6.976489076828996660e-01
7.003235606235780342e-01
7.250997978667775845e-01
6.520482882799575330e-01
6.333672744348274319e-01
6.710913783466446736e-01
6.729244111953888163e-01
7.329344065733526259e-01
7.313214020791626302e-01
7.601060354078681414e-01
7.627330561739752435e-01
6.160482130423682312e-01
7.229921593909686139e-01
7.319777989610691815e-01
6.788099196912660283e-01
6.933639601773458061e-01
6.921788867348450669e-01
7.680490512103960166e-01
7.426284202804002144e-01
8.951247850392783922e-01
5.188210538177957520e-01
6.575030405067622263e-01
7.233106230571276773e-01
7.082312227993942111e-01
6.992337741395553419e-01
7.005316046343854630e-01
5.331445028399365293e-01
6.982717880065125726e-01
8.094769540739352731e-01
8.104466796732507916e-01
6.994536954143368845e-01
7.128824192329934473e-01
7.489437209310323418e-01
6.316344549020109778e-01
7.000149628927255785e-01
7.530389158879724487e-01
7.112872066422930573e-01
6.259175989838990928e-01
7.348862806291123206e-01
7.201623108870242040e-01
7.122723192417261817e-01
8.654852386957011534e-01
7.661471089894746900e-01
6.522458351010778088e-01
7.907088285592170918e-01
8.642001529919277614e-01
8.620224330198144047e-01
6.775509473419292217e-01
8.631538355289564146e-01
8.379877035640497240e-01
7.792609765393213594e-01
6.987920149646237311e-01
6.277066087455231980e-01
7.419011760872563643e-01
7.253840153815549474e-01
7.621867952484610020e-01
7.610420624834606240e-01
7.867780106618091907e-01
6.718649966280394459e-01
8.525835701804256317e-01
7.827835905849599429e-01
9.051667574306250241e-01
8.314218210399119124e-01
6.980271261028103691e-01
7.377961186701592622e-01
8.057002410655331737e-01
8.035542690385105713e-01
7.337391276764922976e-01
8.882161036609427240e-01
7.697581058470283066e-01
7.743833003315454544e-01
8.915704881603104814e-01
9.159057459014668945e-01
8.323580242444565958e-01
7.569934619434144363e-01
8.755435801117655847e-01
9.095099465440659170e-01
8.402478214888478014e-01
9.646219108204645565e-01
7.906043298134965980e-01
1.118958560213607623e+00
1.000620178194133292e+00
8.092918228376382306e-01
9.755028251361388403e-01
7.972668876347935862e-01
7.549863386963986400e-01
9.318467515416670732e-01
8.671797951705157992e-01
8.392635837080222316e-01
9.099984495539781282e-01
8.042168294693983199e-01
9.341848953756548557e-01
9.044776800305326381e-01
7.683317980445308892e-01
8.741910325976668394e-01
8.845725208169030740e-01
9.287498254673025588e-01
8.437609612626277844e-01
8.085930267299950014e-01
9.453958963850023212e-01
9.188964398265276889e-01
9.083488900260703325e-01
8.799900143836503208e-01
9.467976652308115471e-01
9.274873124580435002e-01
9.361651184377205448e-01
8.861582854885435845e-01
9.101130789809642740e-01
8.998730096806065726e-01
1.022771815650250549e+00
1.091032192190981132e+00
9.597884969515567688e-01
9.898359192929776507e-01
8.928310701682468098e-01
1.014376311072868297e+00
8.171122370766218390e-01
8.282860999363491628e-01
7.931875932418858133e-01
1.053126100760335637e+00
8.580785873455951673e-01
9.344644335734541007e-01
8.597456655336349618e-01
7.860823987838269078e-01
8.636971906711090607e-01
7.900611196012965465e-01
9.121327430509272860e-01
8.948718284013653657e-01
1.071401853616466227e+00
1.042311067051889806e+00
1.011615829299870040e+00
1.107836562084792309e+00
9.571510177460789137e-01
1.003263834025008627e+00
8.403901601423470202e-01
8.419138047985631479e-01
8.565196391238377727e-01
8.843875101060383326e-01
9.717750881357601900e-01
1.051178090661303743e+00
1.060384261067584877e+00
9.272822363798391976e-01
9.389720980781118831e-01
1.004686984683859974e+00
9.309864303339673297e-01
9.915664178798108130e-01
8.443614313673152294e-01
7.699829688725232657e-01
9.719067977565252203e-01
8.007272541111042363e-01
9.499643815114086065e-01
1.062861585416337684e+00
8.928974469822710258e-01
1.066528643566842849e+00
9.655599648883156361e-01
1.045348354947585934e+00
1.041006379236784074e+00
9.806089154454646906e-01
1.103006037572896281e+00
1.035582006225592711e+00
9.790108655275179261e-01
1.116305856057189461e+00
9.732111851006469694e-01
9.889976587402866670e-01
1.000402822401310843e+00
8.637082097882683440e-01
1.091703251572617495e+00
1.085325664010056812e+00
1.040775815564604745e+00
