-8.397047374824462285e-01
-9.847046136385756432e-01
-1.168784065096246882e+00
-9.594776728500501450e-01
-1.005375951654645439e+00
-1.108617275090851839e+00
-8.443127829642494975e-01
-9.799225133563063128e-01
-9.220045628582975716e-01
-8.233017164072135019e-01
-1.053785345404488316e+00
-8.561484505824715763e-01
-8.403494090249029602e-01
-1.000361603471412453e+00
-9.176359566681698832e-01
-8.661468342365485906e-01
-8.841573084436442631e-01
-8.845064122634574977e-01
-9.304649593268391472e-01
-9.851185871577925468e-01
-7.483688581943517271e-01
-9.040971201434501170e-01
-9.727190228491190416e-01
-9.924686193676168777e-01
-9.081671816300481703e-01
-9.627216396446512947e-01
-1.038067581617398760e+00
-8.115003297701429696e-01
-9.029156382288425764e-01
-1.000720963733130686e+00
-1.077714496945395783e+00
-9.233226518720278886e-01
-9.992987229190646303e-01
-8.251028457882885192e-01
-1.075251533628265754e+00
-9.156884657075584633e-01
-8.330774635649331739e-01
-8.940045030586355468e-01
-9.314566241001035474e-01
-6.383124700133765428e-01
-9.911437321987053295e-01
-8.745723408134765675e-01
-8.875985209627935690e-01
-9.413116496775435493e-01
-8.798100317981262242e-01
-9.093416074665467974e-01
-9.715316430552275451e-01
-9.112890171744301160e-01
-9.667814995342471907e-01
-9.427559988543207092e-01
-9.603858040007586805e-01
-9.384010766249474278e-01
-7.531263139222936775e-01
-9.075840199425104782e-01
-9.122573077945388409e-01
-9.789999378241420747e-01
-1.044937045568096634e+00
-7.695156442707588029e-01
-9.306418880850657604e-01
-9.147417797097832093e-01
-8.938071346543405848e-01
-8.873232268683420854e-01
-9.068348662829501805e-01
-7.543376004305262228e-01
-1.027061979281849169e+00
-9.221405791261274576e-01
-8.982211066580889636e-01
-8.782980465945596782e-01
-8.462226614759901233e-01
-6.369343411833650048e-01
-8.116621132820942552e-01
-7.383558702622859959e-01
-8.617577895342692917e-01
-8.571850459589989146e-01
-7.769080209874427156e-01
-8.070514096624106237e-01
-1.011961911489416277e+00
-7.181720551611603387e-01
-8.596926483522184803e-01
-6.790777249871186028e-01
-8.360551514446658006e-01
-8.166217379277024291e-01
-7.451790864879037635e-01
-8.922041549165505847e-01
-9.053932164672739979e-01
-5.716574399820611996e-01
-8.636628919638659196e-01
-7.778116411752424852e-01
-8.620401473929645286e-01
-6.589123051253781282e-01
-8.515238561709862486e-01
-7.526355535041416855e-01
-7.419091142452245435e-01
-7.250219350744925295e-01
-7.626577566417914733e-01
-7.890498959687184399e-01
-8.703690650731016332e-01
-8.645723750155571707e-01
-8.191879438260052382e-01
-7.201967840804802679e-01
-9.132559057335615238e-01
-7.975724953308493959e-01
-8.609791726369129261e-01
-8.845142744911451693e-01
-6.764593410323798128e-01
-8.262424669077809147e-01
-8.078421010240979250e-01
-6.585236965179290802e-01
-5.681936296488063753e-01
-8.796439687422958897e-01
-9.052086238444272404e-01
-6.801327156892159609e-01
-8.120317693331132736e-01
-6.898431427969934360e-01
-6.487948708679196486e-01
-8.233429193440129357e-01
-7.494391383226948200e-01
-7.360430696090665137e-01
-6.589189416079537231e-01
-7.034067037610991502e-01
-7.531644357513006538e-01
-8.210372615871774915e-01
-7.881197298733452206e-01
-6.621072478601764955e-01
-8.279578791861625930e-01
-8.652743028043822227e-01
-6.793725054377098838e-01
-7.873025991408699742e-01
-8.946891889268142606e-01
-7.570054504004131157e-01
-8.115204395804758164e-01
-7.208207081484964140e-01
-6.602243000855011479e-01
-5.919188080826560672e-01
-6.195647304075694306e-01
-6.939512684356220484e-01
-8.570541223551155774e-01
-6.805760968549632306e-01
-7.063843349701595109e-01
-6.866422150601809715e-01
-7.193069972315699889e-01
-7.232380004523311090e-01
-7.404310396347952850e-01
-7.662608789965692502e-01
-7.073601164567542288e-01
-6.098953659702284202e-01
-6.737869366285851314e-01
-6.628933106478231974e-01
-6.783967923770333197e-01
-6.076427983744008277e-01
-6.428333940811133962e-01
-6.583172548393089185e-01
-7.742447308512980797e-01
-7.395912281783726394e-01
-7.541883228466584876e-01
-5.488965395741879361e-01
-6.201640766726833620e-01
-6.924777204646207496e-01
-6.922475667418281908e-01
-8.792414475940398821e-01
-6.386184432328703142e-01
-6.568160689847415412e-01
-6.465656778521353676e-01
-6.182683767793186735e-01
-6.736031733692555701e-01
-6.234288574594526455e-01
-6.400638143905965638e-01
-5.963659856193398445e-01
-7.216553446772057123e-01
-6.237112664447783672e-01
-7.781098672927994064e-01
-6.641451043917613317e-01
-8.208024845738256525e-01
-7.378390658588496187e-01
-6.947854911769054675e-01
-6.745293194976763607e-01
-6.572602159348496231e-01
-6.263730498338002661e-01
-6.870425608689795238e-01
-7.748702016504829260e-01
-6.197961063973007612e-01
-5.494437303971747566e-01
-7.166639607845520787e-01
-6.102918969708418517e-01
-6.988977213662653787e-01
-6.417087825636459408e-01
-6.552048107347905326e-01
-6.299990618922882701e-01
-6.895814914245476102e-01
-8.017137773299600756e-01
-6.352187846945495098e-01
-5.481510790098934605e-01
-6.967644564902040205e-01
-5.669761753141798755e-01
-6.868594148061520910e-01
-5.736807296673919199e-01
-8.152345462977816926e-01
-5.494081618600276107e-01
-6.873734227008230224e-01
-7.131140930182873205e-01
-5.480264231076369397e-01
-5.226423456918849464e-01
-6.374194099105536804e-01
-4.946539529970463978e-01
-5.859584483983638625e-01
-6.799794717311095082e-01
-5.682169221388407854e-01
-6.580857141822439305e-01
-5.225338000887467249e-01
-6.225037112171392106e-01
-6.647792132262360099e-01
-6.475369286001712021e-01
-6.677758763465378999e-01
-6.955861316274609685e-01
-6.120953609706262233e-01
-7.315984698970789957e-01
-6.681475356775929964e-01
-4.841073555772966164e-01
-4.474152769167982213e-01
-5.147304528472780305e-01
-6.656714395890805935e-01
-5.755388439346951213e-01
-3.116065044719347199e-01
-6.157206965923044395e-01
-4.937105649528641393e-01
-4.198353952795553790e-01
-6.180988797433039084e-01
-4.814808099075847392e-01
-4.528766755807299149e-01
-6.973555704276024336e-01
-4.712116833510290870e-01
-5.751335028692282636e-01
-4.057954802218676771e-01
-5.608935372412919840e-01
-5.558975753390122954e-01
-4.667159746991977887e-01
-5.126808037393026929e-01
-6.064536666345861082e-01
-4.741659165565926259e-01
-4.674499088982436712e-01
-4.828988002559608805e-01
-5.847787381932746387e-01
-4.525000242770624848e-01
-6.160297112846958578e-01
-7.870604838997207198e-01
-4.007745588887048904e-01
-4.019718520510864312e-01
-5.126687475692225382e-01
-4.069087962544114534e-01
-5.294248733784701066e-01
-5.767202438014786825e-01
-3.932407438657511967e-01
-5.775203313931438487e-01
-4.276621881778977508e-01
-6.002040196025716368e-01
-5.798209046319524607e-01
-4.297358515161858183e-01
-4.057168508442290378e-01
-4.519450317316225929e-01
-5.653668776164954002e-01
-4.203124472738523631e-01
-4.872630663708434340e-01
-4.251220608374072230e-01
-6.189447266729108943e-01
-5.771363759227965406e-01
-4.661036116223618575e-01
-5.779011942816718594e-01
-3.554493034661860285e-01
-6.079431555543133303e-01
-3.793165032832003791e-01
-5.134107291639781190e-01
-4.238785724477409644e-01
-5.507454308851980063e-01
-4.724247427538777466e-01
-3.530666730589603897e-01
-5.041460509995494554e-01
-5.884354970609795288e-01
-4.187184594553388650e-01
-5.220899638627776174e-01
-5.330328128423081901e-01
-3.664815618104316219e-01
-3.869407450343753663e-01
-4.640959480966088679e-01
-6.406615984363870364e-01
-4.217198454735670010e-01
-4.398298008954565907e-01
-5.279029508784729430e-01
-3.866913074478613987e-01
-4.585104866540519741e-01
-4.443943088312174994e-01
-4.180469521490504103e-01
-3.806252678647484844e-01
-5.765999269851789233e-01
-3.733529963703964283e-01
-2.701410580988142796e-01
-3.799418119355101875e-01
-3.893833766386996520e-01
-4.136127182780846012e-01
-4.778064806140058796e-01
-4.265883459718404214e-01
-4.017819554371975799e-01
-3.432012112225035216e-01
-3.765206384520426997e-01
-4.731737284375388541e-01
-4.789270630822857200e-01
-3.573437402406558494e-01
-3.892617828493480370e-01
-4.078371529474663082e-01
-4.853053853815688101e-01
-3.348079569688026669e-01
-4.318848282313182962e-01
-3.665834385952023711e-01
-5.630135911968794371e-01
-3.500810867673583848e-01
-2.131256103042609984e-01
-3.989348786438692840e-01
-3.517131342241807124e-01
-3.349920359354089938e-01
-4.405551826017841122e-01
-3.003082074990423012e-01
-3.511844308645138413e-01
-4.053401366383948545e-01
-2.192469656301591352e-01
-2.131371093569524311e-01
-4.827595692131694816e-01
-4.129512388385715438e-01
-4.688890898658361617e-01
-2.754425120117424686e-01
-4.781034808479072140e-01
-2.423083114625442513e-01
-3.690152356851244542e-01
-5.689928858495094666e-01
-3.318262022257700283e-01
-3.458792090251530116e-01
-1.768114466261493933e-01
-3.653188796985263886e-01
-3.149879184113343333e-01
-3.819428439478252946e-01
-2.207936018502364151e-01
-3.524605313213805546e-01
-2.675755070593092699e-01
-4.345515233149557233e-01
-2.098463381598533739e-01
-3.451593345488321307e-01
-4.342993106250053192e-01
-3.233274955611641910e-01
-2.163959472183923372e-01
-4.083754860174851342e-01
-2.875793639096935750e-01
-4.074067123241227883e-01
-2.262744026943929732e-01
-4.037127474858985265e-01
-3.586689882087003567e-01
-3.973487534196408766e-01
-3.270608745716821475e-01
-2.120093202091728191e-01
-1.943857666550671548e-01
-3.692747390935761653e-01
-3.794704692222887754e-01
-3.990509650219607463e-01
-2.385419867920950399e-01
-2.693342094472801485e-01
-3.374264748969895145e-01
-3.426479786145154582e-01
-1.758689634532043522e-01
-1.102128852148834548e-01
-3.232159640130470857e-01
-2.983302603997893820e-01
-2.908471423356981944e-01
-3.037335136973773331e-01
-2.185523207450062316e-02
-2.742053459430425222e-01
-2.366601723471172536e-01
-1.300836032276254384e-01
-2.212309446455374418e-01
-1.528175745719514977e-01
-2.744498317776571938e-01
-2.660671563266609474e-01
-1.399509532899516073e-01
-2.289246389789779401e-01
-2.207285724434899510e-01
-4.138686955004624579e-01
-2.014444591327714529e-01
-1.606584715910972516e-01
-2.218945957589572582e-01
-1.702789906837838263e-01
-2.496507953959933024e-01
-2.197023366871971584e-01
-1.867745892351759252e-01
-2.514025018959253344e-01
-1.875624140012483454e-01
-2.312419137901536026e-01
-4.012081446075334984e-02
-3.380386437228274366e-01
-2.852378844013776504e-01
-3.116695987253614852e-01
-7.368858726577026674e-02
-1.729168942632735018e-01
-2.403301817208052804e-01
-1.468350681657195067e-01
-2.917357714611455433e-01
-1.220195410794291668e-01
-2.810153930646834275e-01
-1.390787458791101217e-01
-1.954723779982104059e-01
-2.761547268338339078e-01
-2.695075401043997565e-01
-1.964800338041019778e-01
-4.810532571919202277e-03
1.015750955879387157e-01
-2.670092349152746736e-01
-2.347868499696456612e-01
-2.150088925934819650e-01
-1.408955641327631902e-01
-2.012493193985317730e-01
-2.277305889748922341e-01
-1.725759244578934648e-01
-1.182189971411631152e-01
-1.235621121948934087e-01
-1.631230619825300709e-01
-1.881231898376355127e-01
-8.264556020995666302e-04
-1.623847476149897495e-01
-5.904749889340878133e-02
-1.569030391254674639e-01
-1.831528907115339555e-01
-1.584287036425003833e-02
-2.104678148661642267e-01
-2.071194366339183801e-01
-1.675952600417711380e-01
-2.367993121328044459e-01
-3.538756747250295515e-02
-2.302089655283349190e-01
-1.229751972349688305e-01
-8.087800379465497069e-02
-1.560858947357173510e-01
-1.075545683985029838e-01
-1.749938517263869009e-01
-6.723752833919287297e-02
7.594147723575976616e-02
-1.168452562108604903e-01
-8.507533688678153849e-02
-5.729405419253322945e-02
-2.376098837203550473e-01
-2.052027190936849821e-01
-2.308956259781065889e-01
-1.564479936425858531e-01
-1.127998499051729442e-01
-2.610135178603559258e-02
-1.037888565022867249e-01
-2.379204510202416467e-02
-1.145924635467460567e-01
-2.010656769043630415e-03
-2.175276509775835032e-01
-1.197815205936108435e-01
-1.729341098429838519e-01
-2.264141880658598616e-01
8.316490263693707141e-02
-1.415099688608566497e-01
-1.154128692031182041e-01
-1.331085368786155514e-02
-6.689557360899901772e-02
-1.492787111297535010e-02
-5.049610938772398222e-02
-4.234164248663892932e-02
-6.984583980130218417e-02
-5.305838244350805089e-02
-1.841225642781507688e-02
8.244235421584754017e-03
2.512449236594654564e-02
-3.874324335897195992e-02
-1.205906728307345466e-01
-1.092223623484608330e-01
-1.987887337974811597e-01
-1.909291795432054295e-01
-6.401550692819196753e-02
4.989960637764782880e-02
-6.190605573205178180e-02
4.596569052793281207e-02
-1.980763715073875497e-01
4.331583707819550849e-02
7.736263581371335962e-02
-2.373648388291141609e-01
1.443011283118713350e-01
-1.090413865293181767e-01
6.445022121913990959e-03
-6.510812759267617378e-02
-2.471220938619682339e-02
7.427932097017632580e-03
-8.906883874356875952e-03
-2.686037385902219354e-02
-4.146169612999189152e-02
-7.803463718349545886e-02
-6.774799093988770338e-02
-4.341771792881213288e-02
1.474567740976132427e-02
-1.829476296427286486e-01
1.803400531862576692e-02
-6.463650344274035620e-02
-2.688994742298967885e-02
3.630093384167357856e-02
1.237094085415565287e-01
6.306732456702553169e-02
-3.115350749474571357e-02
-4.604947006692258760e-02
-5.693412115919088690e-02
-6.970193026309218221e-02
5.132532031090639851e-02
4.417017633852229203e-02
4.015486064217160117e-02
1.695439030526421087e-01
-6.060307353445207323e-02
-3.005194040209841627e-02
3.429304334682670846e-02
-3.493925729242507855e-02
1.836226095758926868e-01
-7.751992625668771217e-03
-2.226574468463893286e-02
-4.676824144751270951e-02
-1.278239785693771266e-02
-6.408377251649352568e-02
-2.619097108855069841e-02
1.130450612324116477e-01
1.915297352857373708e-02
-1.439394844301034385e-02
5.616940986851499951e-02
6.074055318302801210e-02
4.050433237880338849e-02
1.704319835603094468e-01
7.229582028361476731e-02
6.966402058455474500e-02
1.414782359995344907e-01
-7.798838324209955708e-02
1.863647556765129221e-01
1.956382558826663398e-01
1.686146664630371050e-01
6.729730339520097193e-02
-1.297519492959980925e-01
6.881931067751270725e-02
3.417973505220908703e-02
-4.121125294469428491e-02
7.839575147774580088e-02
3.484550464354234378e-02
9.348041308015646311e-02
1.022989709221694687e-01
-3.158616514155907634e-02
2.018146621693437948e-01
1.306721180340107702e-01
4.605714901261315219e-02
7.622124447805762870e-02
6.528206171531164559e-02
1.913913005136657908e-01
2.757544597605931513e-01
8.102530297944339488e-02
1.165596664596600315e-02
1.550979622672553904e-01
1.290786851362494270e-01
1.451710504821359660e-01
1.354802430639527600e-01
2.699078388949970875e-01
1.624314615636906767e-01
3.742225859907165331e-02
1.802339851748966382e-01
1.099592814252045303e-01
2.513011020940350906e-02
1.738249999203800022e-01
2.057232078999007008e-01
1.464890363998714029e-01
1.799356065556124151e-01
1.041886435129226185e-01
1.602841933259173679e-01
1.575208380095742544e-01
1.950059456397452151e-01
1.953911763188658501e-01
1.528014567895810416e-01
1.523020145261105573e-01
1.377872428756333478e-01
8.906680262815676319e-02
2.431254918572687551e-01
2.552538745775715934e-01
9.048648069246782721e-02
1.774206187782036703e-01
1.183011396762282813e-01
1.317306925191102096e-01
6.946237105698506442e-02
1.831659109974920485e-01
1.206069932079614770e-01
2.892941319230284969e-01
1.853767141193108925e-01
2.186383534718253085e-02
2.295271905902885323e-01
2.663446420154513827e-01
1.466455571344832676e-01
3.102661983915530608e-01
1.061862912428757771e-01
2.266136401264367550e-01
5.491228083933780840e-02
1.301534396709438379e-01
5.675813439019262996e-02
1.403220359640717507e-01
1.702126569435052916e-01
1.473564519172015919e-01
2.753304608996199332e-01
7.604429260635482690e-02
3.457504642670917172e-01
3.409597729866089555e-01
7.735972000779554880e-02
3.905647252441462464e-02
1.850627805727969033e-01
1.420014508002480358e-01
2.051550444820691432e-01
1.585109075733099893e-01
1.284255727744954556e-01
1.937094626617174575e-01
2.909415007391124575e-01
2.459526608884871623e-01
1.208249916505904492e-01
2.371099563523589582e-01
3.463710399692476738e-01
1.610965533243719217e-01
1.057984278573101261e-01
2.390861471327090371e-01
2.232235958168070356e-01
1.107860972138225847e-01
3.249568310894689893e-01
2.750722245370616492e-01
2.615272071202643933e-01
3.003269761899863277e-01
3.929582598394075199e-01
2.690574337935291993e-01
2.373110914604002197e-01
2.399677004446631734e-01
2.014449215973232454e-01
1.728619244125685073e-01
3.587707310318157261e-01
4.368585330612008433e-02
2.384777353144204581e-01
9.388110349606032523e-02
1.267822178178953096e-01
1.201845202904135296e-01
3.893302544031705392e-01
1.661984993093856000e-01
4.984843666655415784e-01
3.355722542424880994e-01
3.261632902110882526e-01
4.208132887138800182e-01
1.669866495883879920e-01
3.121050912867845417e-01
3.615821980428610138e-01
2.056080376792044362e-01
2.460586540261788802e-01
3.142396215683525007e-01
3.042741222808121870e-01
2.998094816455835199e-01
3.432284248518458480e-01
3.571524911554763149e-01
3.079047700598113169e-01
3.450796893579120006e-01
3.141389600850696406e-01
3.553278552843153748e-01
6.308165003327322051e-02
3.286517122496167009e-01
4.437242627822688412e-01
3.744572204257468617e-01
4.009307874393144289e-01
4.650684343708328394e-01
4.060780191310640053e-01
4.268058881833095564e-01
3.514981727870638006e-01
2.320459233048288161e-01
4.206285070265934345e-01
2.848266217979863457e-01
3.053580412779391406e-01
2.929328296765678630e-01
3.878102715400282285e-01
4.005086392132355955e-01
3.887498154513170379e-01
3.502266227356287120e-01
4.151207303385965885e-01
2.713600194074911598e-01
3.781611016592325014e-01
3.297449132967418262e-01
3.508042805859096780e-01
4.424475833671751568e-01
3.282305112457962748e-01
4.615225689909661644e-01
3.814285421322908820e-01
2.825524579714608353e-01
3.958128127196884893e-01
5.071590693340737310e-01
3.451056929482107516e-01
3.391970880199678406e-01
4.370027528002582984e-01
2.793972633231934788e-01
4.999250246478042503e-01
4.845704582585015907e-01
2.865649707432271764e-01
3.207650160835955888e-01
3.114618756976023084e-01
3.100397432088066174e-01
2.759758906776766385e-01
4.359294776892447265e-01
1.756142400035386464e-01
4.286691168072467306e-01
2.576720929772475244e-01
2.849728215487927208e-01
4.146878749935736796e-01
4.933062235924391414e-01
2.187562443801727152e-01
3.909201018396309957e-01
5.042512165131586288e-01
5.116487116586918571e-01
3.893572678680785049e-01
3.288596119917106542e-01
4.291480171643791697e-01
5.000680924372660208e-01
4.436804569681221944e-01
4.194381084779981728e-01
3.484246845596296049e-01
3.986344277436736916e-01
4.530515817234235798e-01
3.667902190048941691e-01
4.332020742962296445e-01
2.958237011562363517e-01
5.643736812748034737e-01
4.199102388024958943e-01
6.140287198214203768e-01
3.005340984816394223e-01
5.472011622070429571e-01
6.670014182836917493e-01
4.310356363895347376e-01
4.016819191747897366e-01
5.113096503706598961e-01
3.181084887103574621e-01
4.555577824734846071e-01
5.785879638818394177e-01
3.998382917951438520e-01
4.712713790866489005e-01
4.583874958302115998e-01
4.855051722967970718e-01
6.367834965918990342e-01
5.206214536336927212e-01
4.796854165013511029e-01
4.103261686456425306e-01
4.559309185321888669e-01
4.396395323923286136e-01
5.053200292955599693e-01
4.719663034394322998e-01
5.135792476127205575e-01
4.456160299566138128e-01
6.354556020756740864e-01
5.194832092488904651e-01
6.270699398742334285e-01
5.803892989797254653e-01
3.558461672963209588e-01
4.806445587834674571e-01
5.312461495735323336e-01
6.655657809772262956e-01
7.060595786273133889e-01
5.708028578048860435e-01
7.163264372306471506e-01
7.159802347710736425e-01
5.461058323915500834e-01
3.528464713868296188e-01
3.426115660427170306e-01
5.440931575450362878e-01
4.806808167419990285e-01
4.143383192636385104e-01
4.828760944124608212e-01
5.241365182231043640e-01
4.118500661222818660e-01
6.406624046306562681e-01
4.887294808467579910e-01
5.980764992478553310e-01
5.467793127741711334e-01
4.768734781336311235e-01
4.619682999872156692e-01
4.796959510664789428e-01
6.495270204829747263e-01
5.280380382278059281e-01
4.709770116741674451e-01
7.516458031719078781e-01
6.037211322084554688e-01
5.918827536929182065e-01
5.755346181502226655e-01
6.289098125076086898e-01
6.139888393047135962e-01
5.451101225972000419e-01
6.291402266291792333e-01
5.359731436211480071e-01
6.409036215107077883e-01
4.603328124615554962e-01
5.271180976527083395e-01
6.745725584351467408e-01
5.129767006392370599e-01
4.533388338575053411e-01
5.387800574936592035e-01
4.521546226156368253e-01
6.112367204748957450e-01
6.976289207686452443e-01
4.753323098665879209e-01
6.829010046107572007e-01
6.096951812084157041e-01
5.670213621465685083e-01
5.114924998638513687e-01
7.365957220572205699e-01
6.431174968151180948e-01
5.442445171357788158e-01
5.764850442052125157e-01
6.683106859326498617e-01
6.646043543190077729e-01
5.386385328359378777e-01
6.045393931992042447e-01
5.974174471936671837e-01
6.381888104254386240e-01
6.728558228043575173e-01
6.706740501405514809e-01
5.762604634204632204e-01
6.140611854573994055e-01
6.018799091192168493e-01
4.323407613084495615e-01
6.773213822864107003e-01
5.778692841936037272e-01
7.008478063029687233e-01
5.986352021230328946e-01
6.743874719327062062e-01
5.857092109836093963e-01
6.148275154551813282e-01
6.248906577355725078e-01
6.546634820265444521e-01
6.151589823498265774e-01
5.950818603703570409e-01
5.729653376336946158e-01
5.517201625525660624e-01
5.347041657133996262e-01
6.460683232779791396e-01
6.664115056482355914e-01
7.661742859164650810e-01
5.331313767009231430e-01
6.687423781809760381e-01
6.536980626547403972e-01
7.285896199916080951e-01
8.148826176587009584e-01
7.357754185742241271e-01
6.309610295286803838e-01
7.723185697511337766e-01
4.499767769592438738e-01
7.228028830969407403e-01
7.441021298833055964e-01
7.052524882663674388e-01
7.790122709359299513e-01
8.451426459417552550e-01
6.478706126396920340e-01
7.009887025346370759e-01
7.160525214099442426e-01
6.266921113634875695e-01
8.657968934557190854e-01
1.053921026649122350e+00
7.471988011211655456e-01
6.964623332606245665e-01
7.847552342392437597e-01
8.565314015955743931e-01
7.370237566217473502e-01
6.501851490841237258e-01
7.393097236327024202e-01
6.254947113756195165e-01
7.092873386205171826e-01
7.782101156100534878e-01
6.695035967982141401e-01
6.462605875444275005e-01
7.536309537284068272e-01
7.839890227088482932e-01
6.103616562979561344e-01
8.436821476464020364e-01
7.520667580349937875e-01
7.236029483671503337e-01
7.077743741804595201e-01
6.522239470729384037e-01
8.612285725990778129e-01
8.328391300051223300e-01
8.369212860233095075e-01
7.617062512945932395e-01
7.288453861064597694e-01
7.022624487051296605e-01
6.605137841736810067e-01
6.615865197968607836e-01
8.385738932951591895e-01
7.304484967882470814e-01
7.205947349360145582e-01
8.762871430767970038e-01
6.584609658535612864e-01
9.132619535567728652e-01
7.370663233810765824e-01
6.604850966895579045e-01
7.766726088066796541e-01
8.069144699720021130e-01
8.046588159645425842e-01
7.753029683920638071e-01
6.637534669476772287e-01
8.883450799258865160e-01
8.395378549817690272e-01
8.724700372722090647e-01
8.684088701318585235e-01
7.373606772399486919e-01
7.886593373235958326e-01
8.248890398512019884e-01
7.856444865754539375e-01
7.624923700481660571e-01
7.701068427162158780e-01
7.673389151530122243e-01
8.471669549289998491e-01
7.542878047999528324e-01
7.948410017840203956e-01
6.980986817447719650e-01
9.170653970031976687e-01
8.526297184714507482e-01
7.543236202684896474e-01
6.977104509545137834e-01
8.012729498498423197e-01
8.091671725482000310e-01
7.668119221389921858e-01
1.052609524157140042e+00
8.118880552144437379e-01
8.559425020812174711e-01
8.428239905313970048e-01
8.274498815268184204e-01
9.354400075443551899e-01
8.590717150279074676e-01
8.733974228846481669e-01
9.312005839885657554e-01
8.308308978780257759e-01
8.056667755285371602e-01
8.375702704910333862e-01
8.685930393479165401e-01
8.201176742837978928e-01
9.537193344326284627e-01
8.511157312308104128e-01
8.705477612657034348e-01
9.273354838361484997e-01
8.029632436604854373e-01
8.943909690924826128e-01
8.289040494838968431e-01
8.230018204310514118e-01
9.672248989962415333e-01
9.152322943072584982e-01
8.567579861699921029e-01
9.548226475813635927e-01
8.950378717004975337e-01
9.041196620462367273e-01
9.355970312909902553e-01
8.561692819031343493e-01
8.097016308698943288e-01
8.926399613005560063e-01
9.485421564214057133e-01
8.653088533406991800e-01
7.695374941608092989e-01
8.323253739130193063e-01
9.464984745294886537e-01
8.144674756440177799e-01
1.059375676380925890e+00
8.951161809441970929e-01
9.039348090619139242e-01
6.973953833303232486e-01
9.528442379474417745e-01
1.080568454889428986e+00
8.351808869679867575e-01
9.175063071590555674e-01
9.211052859090387290e-01
1.024374494788225176e+00
9.495220204891485771e-01
7.729669020597490503e-01
9.067870923887024759e-01
9.306964615576795996e-01
9.193514354506252539e-01
1.011008212302841214e+00
7.722155022077565878e-01
8.962626454713061852e-01
9.072675319018710383e-01
9.798482909170213029e-01
8.693981012056103408e-01
9.839458486771313073e-01
1.015325785809149339e+00
9.546583502668274379e-01
8.939701929702553729e-01
1.033915184125843156e+00
9.643764062643401802e-01
8.885310937205050941e-01
9.979184442630002483e-01
1.093470497535612873e+00
1.168511768710817744e+00
9.628647967534820218e-01
1.046987504356859056e+00
1.044452352390684791e+00
1.044162124533724922e+00
8.754638098422601322e-01
1.054297085788537203e+00
9.837732305932892496e-01
1.138131071294840257e+00
1.075602591998481739e+00
9.415604195015803146e-01
