-1.006287461211032852e+00
-9.957495516174491579e-01
-1.038889635820565260e+00
-1.134549018359846340e+00
-9.911417814868925813e-01
-8.980103170837290261e-01
-9.256316704904635762e-01
-1.059251388388479542e+00
-9.873531795907439790e-01
-8.168323666931390781e-01
-1.015196400599033266e+00
-9.333627162084837670e-01
-1.039473895789602143e+00
-9.418353848526653804e-01
-1.027550061874211051e+00
-8.992052497032569924e-01
-1.017758154559542660e+00
-1.019487476470263276e+00
-9.152793293221135329e-01
-9.622146480323634510e-01
-9.027193092137815178e-01
-1.028951215181640677e+00
-1.110739321806146762e+00
-9.568090099728758791e-01
-9.121886932544399640e-01
-1.010714559556808556e+00
-1.016758141350643463e+00
-9.692874265179792781e-01
-1.111013909089353602e+00
-1.042069166948440317e+00
-8.857713144029397689e-01
-8.789127283434688964e-01
-9.113468244537210605e-01
-9.739243325781736793e-01
-8.969100908772540404e-01
-8.825013606484811701e-01
-8.758777062582879802e-01
-8.342211719414879267e-01
-7.604501393990937830e-01
-9.089224701631389847e-01
-9.306347239002794591e-01
-9.605173844459889976e-01
-7.991832503937085219e-01
-9.840009791226194125e-01
-9.367851289055532105e-01
-7.742566960385829367e-01
-1.185909235945049156e+00
-1.061874486652895744e+00
-9.283489393880708374e-01
-8.627597059899866361e-01
-7.593724938138809444e-01
-9.164354709831427082e-01
-9.583515026857686303e-01
-8.364540874525103753e-01
-8.925913150306242771e-01
-1.017811991733928112e+00
-8.585803502653749364e-01
-8.781762801096065774e-01
-8.201594075676243989e-01
-8.097858435141432887e-01
-1.050323492817972770e+00
-8.151576965484689241e-01
-9.724484083295282799e-01
-8.790040060891918250e-01
-8.278911544946131462e-01
-9.122271920522040389e-01
-7.939226509009162935e-01
-9.331329891687367706e-01
-9.019280224804924195e-01
-8.783879685581479357e-01
-9.110592558247370132e-01
-9.355857443492654468e-01
-8.202801223348478166e-01
-7.901332859267519160e-01
-7.558104270795579227e-01
-7.366549304634116835e-01
-8.909193799748521547e-01
-9.144260445571954499e-01
-8.521190271785371584e-01
-7.801617382184845573e-01
-7.083096322001353196e-01
-8.103771652680108462e-01
-8.624421550336116571e-01
-7.960550325732548282e-01
-8.627200734462896481e-01
-6.768953042119837393e-01
-7.175597573147867170e-01
-9.548041096794894766e-01
-8.553003669190751834e-01
-9.313736167622177486e-01
-8.747093973441761872e-01
-7.378563847416380606e-01
-7.129091785586502139e-01
-7.377792870019920235e-01
-6.685988673453850950e-01
-8.674460750390199371e-01
-8.719927578349615516e-01
-8.479213012336564992e-01
-9.009132331320092169e-01
-7.725095251080786873e-01
-8.952879760687026955e-01
-7.345680347622883799e-01
-7.669543528773936636e-01
-8.308710128374857673e-01
-8.807454296754450018e-01
-8.213665980563018554e-01
-7.733829111474415097e-01
-8.374228470022468951e-01
-8.903510119628279540e-01
-7.887871534891248704e-01
-8.764380676118940228e-01
-8.215438486698948273e-01
-7.990483702073919448e-01
-9.228928331614647540e-01
-8.654571803800948926e-01
-8.041830856118413751e-01
-6.962149964799108082e-01
-7.087958921150787628e-01
-8.065508634482243533e-01
-7.845354614483009970e-01
-7.655623596854619350e-01
-7.325603213342999354e-01
-7.745443602907234881e-01
-7.304994086219865901e-01
-7.789931337613581475e-01
-8.527422357488042559e-01
-7.650791052342234000e-01
-7.820590258137893880e-01
-6.633023020246376911e-01
-7.423154523386551462e-01
-7.967668837753671962e-01
-9.885249054185073492e-01
-7.409441994746572835e-01
-8.552259271340320046e-01
-7.931626970635398122e-01
-7.526731609921136767e-01
-7.664089292248550400e-01
-6.092084958131628314e-01
-8.133918713821230995e-01
-5.669384077449920456e-01
-8.152138128602398615e-01
-5.626525775082995562e-01
-7.240451519560283655e-01
-7.566086326152701158e-01
-7.901565398808738649e-01
-6.773428442970307328e-01
-5.373243785102098657e-01
-6.290029654058050257e-01
-7.450129714060386155e-01
-7.963777535137063213e-01
-6.105313703942901737e-01
-7.794501996930233156e-01
-7.472573932501296312e-01
-7.152007747101324364e-01
-6.115305744513945818e-01
-6.974288400612017602e-01
-6.985395174245411232e-01
-8.793902782179714439e-01
-5.126100756254308166e-01
-7.618987651980227982e-01
-7.840487901901883605e-01
-5.315777006024671181e-01
-6.372733483413391964e-01
-7.130249292388549653e-01
-7.229273168615929501e-01
-7.384560024474996487e-01
-6.604370400640996452e-01
-7.573937757801454396e-01
-7.140958675629749397e-01
-6.634346850896252201e-01
-6.061237760786952755e-01
-5.827087757626873143e-01
-6.925385320661552324e-01
-5.931280307344078961e-01
-5.632195771813146568e-01
-5.308377062788451894e-01
-6.383199437210794747e-01
-5.857355093792299128e-01
-6.386449832643200653e-01
-6.188111577886551418e-01
-6.814113035840451138e-01
-6.410794276804170355e-01
-6.315269514490186031e-01
-5.865712189806586707e-01
-7.277164513702272242e-01
-6.554572217246034116e-01
-5.810430828084720556e-01
-6.080650863285289587e-01
-6.349505981514034225e-01
-7.568066364750951625e-01
-6.638487343999144308e-01
-4.557818016481521850e-01
-5.919064551401235219e-01
-6.038881814964449646e-01
-6.235540377009596291e-01
-7.766480992853489473e-01
-7.151705323536979853e-01
-5.466478907571469259e-01
-5.745832976473728149e-01
-5.221990054760612399e-01
-6.078749412491059045e-01
-5.982548134805195650e-01
-6.034591302065618335e-01
-4.617375243602113710e-01
-5.834865861428523148e-01
-7.303061060552430428e-01
-6.697889300419525016e-01
-4.973183315174922736e-01
-6.576594495583045763e-01
-5.984794966836269881e-01
-6.292885243425085928e-01
-6.947015282901951583e-01
-5.221500431123642372e-01
-5.756806295525266348e-01
-5.980250099125190566e-01
-6.916659743261733828e-01
-5.821572643856977036e-01
-5.118580883017666006e-01
-5.963324586583030884e-01
-5.405847523759826911e-01
-6.470264377191382588e-01
-6.162057290033521317e-01
-6.348583832552526784e-01
-4.916036567431485427e-01
-5.714709406190124907e-01
-7.571889386745709327e-01
-6.882782141927319408e-01
-6.469965083507195347e-01
-6.010031172909408026e-01
-6.425860159260486926e-01
-5.376892777588865302e-01
-6.174245585154618521e-01
-4.986606420523861938e-01
-3.857730499039486727e-01
-6.670843322151511767e-01
-4.812624669002280031e-01
-3.590051437344822793e-01
-5.255873150731332766e-01
-4.671467606375194204e-01
-5.603036706882886797e-01
-4.522566631079065202e-01
-6.547533328103353201e-01
-4.199466404467920300e-01
-4.622025976797844438e-01
-5.885602526569798654e-01
-4.943527671938677814e-01
-4.464108567388719306e-01
-4.208119146387994114e-01
-4.828910401776174144e-01
-5.270253730520443325e-01
-4.822932666458406015e-01
-4.106850800316411698e-01
-4.566928601883859518e-01
-5.203164135984887917e-01
-4.153900300490925845e-01
-5.768984084991649608e-01
-5.255178549717628433e-01
-5.620241986450412730e-01
-6.611440681091461657e-01
-4.277673910783426070e-01
-4.145166459390930980e-01
-4.273390308024113682e-01
-5.600073999520877033e-01
-4.871997733249717188e-01
-5.338904052505185627e-01
-4.733310775017031125e-01
-4.668145540594075826e-01
-4.897519112764214255e-01
-4.860455388848328173e-01
-4.571904004478231087e-01
-5.827951157961233086e-01
-4.041571804496452147e-01
-4.007992632981975389e-01
-4.953591225713196988e-01
-4.536041136962600251e-01
-3.784368092480985268e-01
-4.121149780985975397e-01
-5.088190227787036113e-01
-3.192738944941393431e-01
-4.184714107699222252e-01
-5.260297546645147371e-01
-3.154603899636130304e-01
-4.941007215069969094e-01
-4.765670317466910166e-01
-4.796005592106685755e-01
-4.379100421621127670e-01
-4.117365619554521072e-01
-2.632972249817871480e-01
-4.066264250769880406e-01
-5.011130868168078845e-01
-4.459002629594934763e-01
-4.475069772401956136e-01
-3.850855901101037371e-01
-3.617401850110785189e-01
-3.985048812511916005e-01
-4.975962007177378577e-01
-4.523478343862221140e-01
-3.917447674073454289e-01
-4.390718818910238630e-01
-3.724141504008596781e-01
-3.316520313589663704e-01
-2.489770035648180280e-01
-5.109698288687389844e-01
-4.740266205306907787e-01
-4.245616652339576080e-01
-4.509427139272112472e-01
-5.273137780900262195e-01
-5.643585509767945485e-01
-4.024426966995714450e-01
-2.400973845643581128e-01
-4.116363093837354103e-01
-5.389445229123845937e-01
-4.431123681317503671e-01
-3.036202650564228667e-01
-2.946064849943479391e-01
-3.708821741322313459e-01
-3.615470369773881032e-01
-3.011777161180818063e-01
-4.281077251105036008e-01
-4.124285925293025290e-01
-3.267870003483085428e-01
-3.368983876568480418e-01
-3.562482385077480052e-01
-4.397314002472777483e-01
-2.924323194722983077e-01
-3.426230077008105002e-01
-4.910717089622763099e-01
-3.724276596292651065e-01
-2.538802940224661464e-01
-4.148898443250494950e-01
-3.867342277324998800e-01
-2.791081237747449206e-01
-5.155302243193777834e-01
-3.577875352940523834e-01
-2.751457470838611918e-01
-3.042001797210288072e-01
-2.911564229415478100e-01
-2.640133921117834848e-01
-3.048319090031293976e-01
-2.637875122491768476e-01
-2.407612700085219881e-01
-4.273028237545204444e-01
-2.485948011369724653e-01
-1.332236602866333219e-01
-4.679929069372231187e-01
-2.222769444594593635e-01
-1.907536870735338230e-01
-3.119582604125399339e-01
-2.101625715524265137e-01
-3.885826906488288879e-01
-2.644974860258346161e-01
-3.025659625905851025e-01
-2.753574988825626679e-01
-3.096307326422326200e-01
-3.779590912311935891e-01
-1.892425895071263020e-01
-2.009022779376377632e-01
-2.489863336820170303e-01
-3.006215152350431019e-01
-1.290108421927557703e-01
-2.369651657653769894e-01
-1.621450607967405422e-01
-3.168286722493752761e-01
-2.760935779808820212e-01
-1.909357489738828240e-01
-3.676514117312771335e-01
-2.961064497791991434e-01
-3.883554712543572651e-01
-3.838455266211852623e-01
-3.722911727317621544e-01
-2.268223775000227649e-01
-2.010646083170509468e-01
-3.130261402533305315e-01
-1.829521167367202106e-01
-2.213728227731855125e-01
-1.243261626202480791e-01
-3.103140419490446611e-01
-2.717360312502037911e-01
-3.154042562318077891e-01
-3.762750943597789610e-01
-4.652108197450931515e-01
-1.802631519378159464e-01
-2.270352410755545891e-01
-2.481580147921171320e-01
-7.332239636512095926e-02
-2.316016959188451352e-01
-2.757900869174838565e-01
-1.990177877305858156e-01
-2.025596806353006374e-01
-3.093700468263460568e-01
-2.429955632510857055e-01
-1.925722726508386773e-01
-2.211116448976760129e-01
-1.947779191238994956e-01
-1.159286415048524236e-03
-4.764228378259095786e-02
-1.488140858889423490e-01
-1.126554625689202560e-01
-1.833208085748504745e-01
-3.132978150202701539e-01
-3.843939046493550366e-02
-1.336487324640036056e-01
-2.854361285464068754e-02
-3.164531713232865973e-01
-1.132721054182933978e-01
-1.866744261619521505e-01
-6.602298930149066991e-02
-1.073704957671081373e-01
-1.426327572260282506e-01
-1.552434699984566457e-01
-3.167674840280036430e-01
-2.250190928501261400e-01
-1.735125565237271017e-01
-3.040933598805742322e-01
-2.399610789776143449e-01
-2.342284550991068359e-01
-1.272973402709701163e-01
-1.277765970987613520e-01
-1.611314665188026130e-01
-3.690374123659562744e-01
-2.213243296918245562e-01
-2.562234874565109677e-01
-7.130885114068144515e-02
-1.947916255409423703e-01
-1.417181497421097502e-01
-5.984222608420858291e-02
-9.361658774165938779e-02
-2.219739483721817064e-01
2.892361795521426054e-02
5.048342682194505854e-02
-8.491389747499798746e-02
-1.016842689239727676e-01
-2.833869565802229484e-01
-3.066461766234768530e-02
2.285612355549281396e-02
-1.926067762536292916e-01
-3.295015702147963826e-02
-1.320906463088243887e-01
-8.898090031362211605e-02
4.916155640171371993e-02
-1.148381755269565901e-01
-7.499265076197607349e-02
-1.330694996458776369e-01
-2.396170210468754891e-01
-1.429081810040120359e-01
-1.132980187495680885e-01
-7.192113628828530891e-02
-2.893938852849292989e-02
-1.331452076809150065e-01
-1.736933041449538473e-01
-3.870769153384663944e-03
-5.610907033718150194e-02
-9.683256143765024693e-02
-9.074332622871301990e-02
6.242917872266350726e-02
-2.904027302425604001e-02
-2.571706840027015648e-02
-1.410470538963693454e-01
1.669040708016796340e-02
-9.244813066211445343e-03
-5.435912283381525573e-02
-1.915609668980453040e-01
-7.516287038223160022e-02
-8.884367491008123008e-02
-1.750917632839059657e-01
3.470597497801268527e-02
-2.405925661444071051e-01
-2.138450912804067475e-02
-2.863626748004481914e-01
-3.410527415641700921e-02
-1.816791772611202338e-01
5.155043732236250925e-02
-1.317659178801632580e-01
-4.097370022016603303e-02
-2.941689169483248031e-02
-1.151160652249439420e-01
4.392905973042154910e-02
-3.267099822187604502e-02
7.601792599241674608e-02
5.009773711624274095e-02
-2.021538512874218319e-01
3.081530711739224188e-02
-2.157220984752942772e-01
-1.189368444156186783e-01
-3.072008624206479244e-02
-2.597857197211944635e-02
-6.790802930180017509e-03
1.319079876033874346e-02
-2.788015264122175457e-02
-3.169226035734552804e-02
2.286642090927259313e-02
-1.470327982942775669e-01
-4.832454267541092668e-02
-9.812847901257090721e-02
1.000189054412998074e-01
-1.831917876130114142e-01
1.198268370057540971e-01
-2.673677557435839153e-02
-6.642239059087728936e-02
-7.862822728791926674e-02
-1.111182391778161582e-01
1.387071489288077553e-01
-1.475236877763499432e-01
5.305855280530236834e-02
8.173767509332968695e-02
3.174135887224460717e-02
-4.627371174027445494e-02
-7.597670730339760314e-02
6.909958592138569500e-02
-1.325776067116598012e-01
2.558709453959730207e-02
1.555957425247758985e-01
1.766565620127109049e-01
-3.093009730422661627e-02
1.289090520797498696e-01
6.900156108598853866e-02
1.958922818306292057e-01
8.416833315942821858e-02
-5.188394622192363942e-02
-7.415389550939351093e-02
1.197465827080456124e-01
-1.846526179253428143e-02
1.779858809412409107e-02
6.051347856840878781e-02
1.786298153108002440e-01
9.721931463343252283e-03
1.253995055560440941e-01
-6.459387068379805752e-02
9.880615748516638486e-02
8.777613731497936611e-02
8.181073328652369026e-02
8.709434322877306067e-02
-4.800630376752757639e-02
1.012317075793011945e-01
9.124028077538261228e-02
1.829859574604044137e-01
1.474857863978778216e-01
1.963092489183816125e-01
8.224952745070418514e-02
7.644950193276274508e-02
1.179765365038213110e-01
2.316137566741100634e-02
-9.084244380799943877e-04
1.087489869078267918e-01
1.309712442412167277e-01
1.812883300798679986e-01
1.647492337450333633e-01
2.022931524147779034e-02
4.752540654289759067e-03
1.401251526109923429e-01
8.133686497363153134e-02
5.614719012474942567e-02
2.605704134521584225e-01
-7.605471957042771354e-03
1.741457498394262948e-01
1.682355066258068854e-01
5.688817324884617999e-02
1.273451521751967630e-01
1.473567442368524660e-01
-9.026689614653114063e-03
6.895592997667342183e-02
8.944932468101038023e-03
2.361350189212349793e-01
2.162679496995796313e-01
9.814994396421330980e-02
2.095535011641679324e-01
2.223769639647339424e-01
9.270790136374013057e-02
4.946241762190926178e-02
2.466325556334001967e-01
4.258519449071832691e-02
1.442422203488655796e-01
2.335150757560045254e-01
1.820661850461693931e-01
1.394781790318450586e-02
2.346303191070714667e-01
2.704124978797700640e-01
1.052464851983163641e-01
1.879376738859608043e-01
1.351295882315276253e-01
2.222089392722717827e-01
1.713219107005601871e-01
1.442238406917167037e-01
1.679809333773163438e-01
2.511945026981562412e-01
-8.785403275861665418e-02
6.994016330368060808e-02
1.604421519596836432e-01
8.919107018343934434e-02
1.424656847466380105e-01
1.804463357296219039e-01
2.635570307582270622e-01
9.771371984451215909e-02
2.971036290800273538e-01
1.255986658531324240e-01
7.449653290543660489e-02
2.303143611272950864e-01
4.059020601965614428e-01
1.709875992216461915e-01
2.485825434502640652e-01
1.249427561432016054e-01
1.796871719443102755e-01
1.521331248675640013e-01
2.542331517507523952e-01
2.052335605217922299e-01
1.968805190443776443e-01
2.266341298569709284e-01
2.916746395008316117e-01
1.906532082748989276e-01
2.829822391837804596e-01
1.422538980574504230e-01
2.681309467967977200e-01
3.757356726314231565e-01
3.092676488913235766e-01
1.571092576686373421e-01
1.652300204963056685e-01
2.499131841637241558e-01
2.202585378856899978e-01
2.411892348822217980e-01
3.879713043472744483e-01
1.396845242415175326e-01
2.232836784048258111e-02
2.981400734683488651e-01
2.715023189776333834e-01
2.344157212221109898e-01
2.457051328440631177e-01
2.584543347482654574e-01
4.254529078308180168e-01
2.899974941307517096e-01
2.389910610483783060e-01
4.596889848318113647e-01
2.315592168089252445e-01
2.771736199204332673e-01
3.201905736009502679e-01
2.689507718052262519e-01
3.976788228704881689e-01
2.067518668654581560e-01
1.955519230087895133e-01
2.405153994479526658e-01
2.998198040397238029e-01
2.967098314511996127e-01
2.002158843410798694e-01
2.882333001403267758e-01
1.291568358337321920e-01
3.256630967063093851e-01
2.831989326912230931e-01
2.423763065240000514e-01
4.312948665825331318e-01
3.621714113860624584e-01
2.393416017644719451e-01
2.723509829698823881e-02
3.517595079050654938e-01
3.061836031253360457e-01
3.910290434405772064e-01
3.954930961037618764e-01
2.423411578656290144e-01
3.489719869525574891e-01
2.036697265118727063e-01
3.383557773274781244e-01
3.876771093330941831e-01
3.307186324245196540e-01
2.866242997263522274e-01
3.917138032362553757e-01
5.214296977490108231e-01
2.561677332779421778e-01
2.211984696025126040e-01
4.011535116747735885e-01
3.919988203481206135e-01
2.910733733844454996e-01
2.821622161034433307e-01
4.036598164756973195e-01
3.053423764895843440e-01
4.782132760533905902e-01
3.619094589517641847e-01
3.728522064398186453e-01
3.609773808561275166e-01
3.171755274567221727e-01
3.785758007902252920e-01
3.773699997151618302e-01
3.547888230226098893e-01
2.991613993024514473e-01
1.622384085195747172e-01
3.026055275950790269e-01
4.401208118753885401e-01
2.375640910256316130e-01
4.857446223713335898e-01
4.039596635205008335e-01
4.508407577896503260e-01
3.956452784265745426e-01
4.627509326002317569e-01
4.497024700707808464e-01
3.071887003646953107e-01
3.787752435069647317e-01
5.232005424850753039e-01
4.346793184275788979e-01
4.586984426983015117e-01
3.955894857881093185e-01
3.912718636042353815e-01
3.779093888732460993e-01
3.429218136612188772e-01
5.284386198142143609e-01
2.792775591358781506e-01
4.490037368180095356e-01
2.679956237666356600e-01
3.357362548412767267e-01
3.348003163304703045e-01
4.068394943109466255e-01
4.233136636500891004e-01
5.847204350009452822e-01
3.946889096185601797e-01
3.757748457312169443e-01
5.339479388354348988e-01
4.502659685887690499e-01
4.952209868998556641e-01
4.780671243289247307e-01
3.616318851803628220e-01
3.059390803106248891e-01
4.706303740979601025e-01
5.054173274989575138e-01
3.150675809018270712e-01
4.673293993582995354e-01
3.103166007798129900e-01
4.269128885167466914e-01
5.057744686639948917e-01
5.716730389060084017e-01
4.578495973975217903e-01
4.123770780151589377e-01
4.957315534975274551e-01
5.254118343273325165e-01
4.688181171554995919e-01
5.215219512427312631e-01
4.406399888262237940e-01
4.758270329246494512e-01
4.564869875132532839e-01
4.102908244205597521e-01
4.447240920980072287e-01
5.774644664711748865e-01
3.947896335909991117e-01
4.211425394174751480e-01
4.977593898317524412e-01
5.968027586310520327e-01
6.013011201076692291e-01
4.831451312460922631e-01
5.621987860323267583e-01
5.901514174180999550e-01
5.792869862923745172e-01
5.848797385227095802e-01
3.705324867153009794e-01
4.589422168623370490e-01
5.979941915829464216e-01
5.528050576735252797e-01
5.488086186551495160e-01
5.511080417118520147e-01
4.815092278114234126e-01
7.619090442441793787e-01
5.095123395414835610e-01
5.303839435385596657e-01
4.279789412667328596e-01
4.626134367458432095e-01
3.557934625920818328e-01
5.514405211969983789e-01
5.998164039149157523e-01
4.567092681543779009e-01
5.915689085660490454e-01
4.949136343507289926e-01
4.288284270350280480e-01
5.578944713776005093e-01
4.927277821676702696e-01
5.412312037219337846e-01
5.181683972080771694e-01
5.657329349574731214e-01
6.501014804418183690e-01
5.376500501011671762e-01
5.080810339435927192e-01
6.005123428300056521e-01
5.939406907438017358e-01
6.119911491667378023e-01
5.820750626955244478e-01
6.855018209161111153e-01
6.039289665401226248e-01
5.507237414699520661e-01
5.203852103103818738e-01
6.760121815845676618e-01
4.454103812859592781e-01
7.167593934986474791e-01
5.620148021059816479e-01
5.904836909278833312e-01
6.632971939563850894e-01
4.970306076978813770e-01
7.119315501477148089e-01
5.457171397693079129e-01
4.830037104232689504e-01
5.731260999363078090e-01
4.997215723261749787e-01
6.068085327420741359e-01
6.801144073546331326e-01
5.465512599407655880e-01
6.457782735942255714e-01
6.660735957380580219e-01
7.215928198267869131e-01
6.480943587595076050e-01
5.973901249188783291e-01
5.554078208497753577e-01
5.813244799407968344e-01
6.292025746333410607e-01
8.370350158261898876e-01
6.474929086544463086e-01
5.837385602740232660e-01
5.687511476333265703e-01
5.650839729817265233e-01
6.598965158827588828e-01
6.096655339586849465e-01
5.792283187454106974e-01
5.183993332081113792e-01
4.138114574191149586e-01
6.401409225016020388e-01
5.700476984791066348e-01
4.656908197009924089e-01
7.419283329282165829e-01
7.908189340004606604e-01
5.998441996722184699e-01
5.987230764033975028e-01
6.903934371987042740e-01
6.238699286767602770e-01
6.090525384313842938e-01
6.115394380032126431e-01
6.801922224125330763e-01
4.887358030237606288e-01
6.580070120706309478e-01
8.282562739877600277e-01
5.738609360759016065e-01
7.764820172925552821e-01
7.232519942490477360e-01
7.428698347362535648e-01
6.873171249809867378e-01
7.677501974753619951e-01
5.876928619959265188e-01
8.495222982923641419e-01
6.893000475927819615e-01
6.202344643973027871e-01
6.144695129561112967e-01
6.430770136267625059e-01
6.508852193557860266e-01
6.968528941499130269e-01
7.209904271329723446e-01
8.787946234424844905e-01
8.192853117597586055e-01
7.775659994470031089e-01
7.319455874737169632e-01
6.668196495327427531e-01
7.234555177617408850e-01
7.159902055941920196e-01
7.211112246979189955e-01
7.403983275776520045e-01
6.614241169037889945e-01
7.582769510105675792e-01
6.473487899973744408e-01
6.645783091818899813e-01
6.490797176348935826e-01
7.191375617736422976e-01
7.728723788408763395e-01
5.753845808703703657e-01
6.879007553828321297e-01
5.474263737575351119e-01
5.860439769924158382e-01
6.797251347659354348e-01
7.864431015435816574e-01
6.275697179895092237e-01
8.450555815973128659e-01
8.740132046184770909e-01
6.913466464161471814e-01
7.161845740026485663e-01
8.042452304980677313e-01
6.972890654838180824e-01
8.436710173446390071e-01
7.308950405407953488e-01
7.553367536641283353e-01
6.379958544488203431e-01
6.743426203989177914e-01
7.628688744460835336e-01
7.393103069613411460e-01
7.079330898352034218e-01
7.577925001780925207e-01
7.927601528551642129e-01
7.821153404077936244e-01
7.026339176265662401e-01
9.066810788618988592e-01
7.696055748180745670e-01
9.301963960608133908e-01
6.128386070519115103e-01
7.216172747544521426e-01
7.467133150579747802e-01
7.028203547051521394e-01
9.441329743494688564e-01
8.572711919144283543e-01
7.888336139309086725e-01
6.931780035195996836e-01
8.874778571681741779e-01
7.964215015878249870e-01
7.428626718920333660e-01
7.598279272698802433e-01
7.001758634379672275e-01
8.229797604779582887e-01
9.145856562732954664e-01
8.685263189961063279e-01
8.811656305365904718e-01
7.587425123606167388e-01
8.242118522561615590e-01
8.441039813979958062e-01
9.201672206042047497e-01
1.071579894671559119e+00
7.424131840949053096e-01
8.275588508872758764e-01
9.009228980436954082e-01
8.059462306186773173e-01
6.591277653666567371e-01
7.231815060111543847e-01
8.872551892245039706e-01
8.563811368763011300e-01
8.621383674886181625e-01
7.861530984209772477e-01
7.868220694178640340e-01
8.912089258336975961e-01
7.814787205152402549e-01
8.623664677105528087e-01
8.393474135169365358e-01
8.143285908129702655e-01
8.466939644079310989e-01
9.411879059424277383e-01
8.632940553585638499e-01
8.610478126551778244e-01
8.331873306345023433e-01
8.089451874995284841e-01
7.461527632277293876e-01
8.301454279172555406e-01
9.237605550418583888e-01
9.882965513330304042e-01
9.177631735859528295e-01
9.275873813451361860e-01
1.008844114409668036e+00
9.036923612168142883e-01
9.141021628680459088e-01
8.475546335709780443e-01
5.921621322251906516e-01
8.949399793913603851e-01
9.641041003298707057e-01
8.646872303292683082e-01
8.047418476268359822e-01
9.109798440818968057e-01
9.283611389046582119e-01
9.827943857863556953e-01
9.818824330659091659e-01
9.476089686665875034e-01
8.382405760768639746e-01
8.553593617785451020e-01
6.988357808260321491e-01
9.833042929490164452e-01
1.063764022752738958e+00
9.905458061843733786e-01
9.191088863768110961e-01
8.210453582877840217e-01
8.863556012303154263e-01
9.864397473007360251e-01
9.618907902131673682e-01
9.465839900348402836e-01
8.726953181177358188e-01
9.438873476065254842e-01
1.096957817775235489e+00
8.754852944122141212e-01
9.492345914616917568e-01
9.502442941040789570e-01
9.903015780164091675e-01
8.635866262412302818e-01
8.319541222220530052e-01
9.558642325980010179e-01
9.411654516207432764e-01
9.119864530394805602e-01
8.988870031993888565e-01
9.046374033663917569e-01
9.558690861522165516e-01
9.928975025898076900e-01
9.716666024493674225e-01
9.909403123131721447e-01
9.260665363371484160e-01
9.596109637322189911e-01
9.353838448558314811e-01
8.789528719476662477e-01
8.669201135780248979e-01
9.897895237911457089e-01
1.004764777168601020e+00
1.017316279518417632e+00
9.949358130246991339e-01
9.536921268802952545e-01
1.020648793836622215e+00
8.400009907258843000e-01
9.449597970139854697e-01
7.926356839770960505e-01
1.005805196080851616e+00
9.441856976334430662e-01
9.517364771415192104e-01
