-1.001608376288855906e+00
-9.880274825528750915e-01
-1.058630506825291695e+00
-1.119196034541950713e+00
-9.938215753389710860e-01
-8.986245313973328930e-01
-9.141775670030825029e-01
-1.069029698801347683e+00
-9.900910854685601725e-01
-8.050395461374072470e-01
-9.979500678747671438e-01
-9.285689716691142293e-01
-1.020077502871450381e+00
-9.310482194412305068e-01
-1.039988087110711001e+00
-8.913640905084280197e-01
-1.023656332361553956e+00
-1.021445543088007613e+00
-9.270686322448040695e-01
-9.562930749028528687e-01
-8.980442266624715231e-01
-1.039226238978387507e+00
-1.114014655331580617e+00
-9.796268835492657479e-01
-9.128895217287485986e-01
-1.006169334020320383e+00
-9.944491794236434146e-01
-9.811885472993708834e-01
-1.119126016641189381e+00
-1.039471089520027869e+00
-8.764799066743079736e-01
-8.845024826932482709e-01
-9.059196401253218900e-01
-9.883248660454551082e-01
-8.894264800221742817e-01
-8.788219983709686378e-01
-8.738450285805839934e-01
-8.382520234164951844e-01
-7.707631673919466131e-01
-8.754164538392898987e-01
-9.371216423771216997e-01
-9.782971333559208338e-01
-8.058433103694040422e-01
-9.769435834129305274e-01
-9.367130309510831587e-01
-7.504934028094883969e-01
-1.208731780102484610e+00
-1.069759276574845819e+00
-9.446408640481041008e-01
-8.640350250200463655e-01
-7.666318062152041035e-01
-8.851069460833592695e-01
-9.723203297969549297e-01
-8.195598967590050909e-01
-9.243202446540794703e-01
-9.949120499825024888e-01
-8.824156737342301327e-01
-8.931497603435838428e-01
-8.165459074241960824e-01
-8.138460928308917097e-01
-1.065078912845873971e+00
-8.208646039664839744e-01
-9.828956816560365795e-01
-8.818095989022974868e-01
-8.327606773614145697e-01
-9.296769828207782638e-01
-7.972532829449298086e-01
-9.392241745002839481e-01
-8.800903848759858983e-01
-8.689546693673586564e-01
-9.416928875828846079e-01
-9.569542815745545328e-01
-8.547494586057199362e-01
-7.920472741003559136e-01
-7.532119974627953241e-01
-7.403592962865039873e-01
-9.052802207720040961e-01
-9.007986372782453843e-01
-8.231215434123805297e-01
-7.769183553636679340e-01
-7.148933829698679299e-01
-8.440333032348760200e-01
-8.652731351388639469e-01
-8.207851272092228090e-01
-8.551214128808984904e-01
-6.730271739224569227e-01
-7.076671484824802461e-01
-9.575871910288322741e-01
-8.617867590606212991e-01
-9.274070314310792762e-01
-8.685541914060328494e-01
-7.656659296324757058e-01
-7.146420057067686127e-01
-7.492065664052472984e-01
-6.507158447332316298e-01
-8.535195243986365421e-01
-8.711959451504543983e-01
-8.488618462961746713e-01
-8.965432580176174726e-01
-7.860052013825203909e-01
-8.947861262627581080e-01
-7.428676619600628195e-01
-7.712141809563506367e-01
-8.156101501640103946e-01
-8.915481232250563881e-01
-8.179634731247629187e-01
-7.701601734809905286e-01
-8.275261439978058853e-01
-8.851207357506553075e-01
-7.848887204075356561e-01
-8.798173659247667810e-01
-8.380337601092984201e-01
-8.125839261063101393e-01
-9.274838751990986951e-01
-8.453517171870487124e-01
-8.016752690260992020e-01
-6.990860805603851258e-01
-7.199240825720623072e-01
-8.089922153027315765e-01
-7.972104237777986047e-01
-7.685201284190869009e-01
-7.417374798985156836e-01
-7.686795736754403752e-01
-7.287134957685150738e-01
-8.029336634144784712e-01
-8.731929379603647901e-01
-7.508021845056837007e-01
-7.628504796423026812e-01
-6.890526925703639449e-01
-7.374537239997068783e-01
-7.780939105816068180e-01
-1.002891273815033069e+00
-7.518686840971141594e-01
-8.454975883257989100e-01
-7.931664416810189078e-01
-7.591040710423031523e-01
-7.405592086694905429e-01
-5.996070328573819275e-01
-8.010566848451855515e-01
-5.750288918193736665e-01
-7.919849602305101266e-01
-5.716401868389292540e-01
-7.415093831947844327e-01
-7.407622222194888417e-01
-8.017559676412043812e-01
-6.741723768507541514e-01
-5.713459062719192794e-01
-6.190736233917332187e-01
-7.474806168397525319e-01
-7.992169537471883745e-01
-6.314966333444574920e-01
-7.779575877564618436e-01
-7.451749829416558502e-01
-7.106717952357765045e-01
-6.276351301030590468e-01
-6.872176290759178796e-01
-6.931639950106542880e-01
-8.774019573632593216e-01
-5.212665618909968490e-01
-7.469186755033480063e-01
-7.621653323840036354e-01
-5.407271249942712243e-01
-6.294247078761928682e-01
-7.120428201198993889e-01
-6.979459596298888124e-01
-7.483535176127924515e-01
-6.524931673990242986e-01
-7.378931766987588681e-01
-7.116542839103094931e-01
-6.745688083260596990e-01
-6.245513971485764371e-01
-5.734568196206888402e-01
-6.659811592888947862e-01
-6.273857673542964086e-01
-5.328005313282859756e-01
-5.080295328390223020e-01
-6.468631087076402997e-01
-5.730796023098865266e-01
-6.786114058325632969e-01
-6.179295757350692364e-01
-6.723299948677116111e-01
-6.380228107321415099e-01
-6.207575101894768910e-01
-5.949202727756723874e-01
-7.247769048770223987e-01
-6.601461687394323263e-01
-5.739885011637532175e-01
-6.098754285391935204e-01
-6.254204534690571693e-01
-7.650186770214156828e-01
-6.750629730219019908e-01
-4.618970569988501418e-01
-5.860968083997810663e-01
-5.823131135294004057e-01
-6.357775719540362802e-01
-7.618002690929523979e-01
-7.070778011325420387e-01
-5.413616996217491817e-01
-5.599928423038634806e-01
-5.291515489864424548e-01
-6.061524986002931881e-01
-5.938569037139564966e-01
-6.035460874178243396e-01
-4.629261433096439893e-01
-5.704500495623068268e-01
-7.437099381959979549e-01
-6.814511055049637944e-01
-5.157716014560452811e-01
-6.514470605758294619e-01
-5.976157320915341797e-01
-6.340999588037401491e-01
-6.901313322797202332e-01
-5.217009182038010451e-01
-5.874879053258889039e-01
-6.136929864911346844e-01
-6.988762579640475092e-01
-5.830051552197055287e-01
-5.265610027029696827e-01
-5.885234408631082603e-01
-5.393022265742269949e-01
-6.422738635368261395e-01
-6.184556621190704373e-01
-6.590830165028331855e-01
-4.845790247071223300e-01
-5.906982980918069615e-01
-7.679309034378553056e-01
-6.730443741988405559e-01
-6.357620920832495193e-01
-6.049638693066152761e-01
-6.469312094593994145e-01
-5.272191383363022954e-01
-6.080949410119853571e-01
-5.005752478295930619e-01
-3.801351675556269849e-01
-6.584154535423877297e-01
-4.844928619271105519e-01
-3.824413445611772877e-01
-5.034832278605106959e-01
-4.736635529917651022e-01
-5.725538592481178579e-01
-4.748098340766305214e-01
-6.483128692017134931e-01
-3.987792068081144614e-01
-4.780235600386554817e-01
-5.887826112755955021e-01
-4.758379638057509409e-01
-4.481354055826207716e-01
-4.047114376516029455e-01
-4.688192021394119724e-01
-5.200424764303060998e-01
-4.941440661050126026e-01
-4.011881688490932518e-01
-4.638452515112688190e-01
-5.215053169699780389e-01
-4.239233549590290528e-01
-5.887298409254531073e-01
-5.326245332410286526e-01
-5.593446404421544838e-01
-6.753817621238994429e-01
-4.302218178328896525e-01
-4.037529782482394691e-01
-4.209375118483427713e-01
-5.347520225357227375e-01
-5.089154000335049943e-01
-5.503510364577866021e-01
-4.639861949973161925e-01
-4.703056429841681041e-01
-4.794865653269537176e-01
-4.813507756515686964e-01
-4.719914582744791920e-01
-5.859305282881714927e-01
-4.159732198485511234e-01
-3.938499681825418097e-01
-5.266847983688268675e-01
-4.466456971042161994e-01
-3.732983641810606046e-01
-4.332984510088724872e-01
-4.854577087430268501e-01
-3.418835911788408177e-01
-4.210637545278086424e-01
-5.389775957310668497e-01
-3.162137194446101307e-01
-4.965903693472077385e-01
-4.499019766025932898e-01
-4.903698303784679302e-01
-4.377599320205364797e-01
-4.155231181496720771e-01
-2.730067496905512758e-01
-3.955498497312577300e-01
-4.850991517061361558e-01
-4.386415435790200212e-01
-4.651236033713114226e-01
-3.885022115478027338e-01
-3.753596080622562114e-01
-4.056942703980884746e-01
-4.961860054799841491e-01
-4.514327269060402492e-01
-3.890794028022817597e-01
-4.622866212661644325e-01
-3.627322081529462672e-01
-3.493801179242671529e-01
-2.455271574715762184e-01
-5.083696153932245609e-01
-4.689024797215339269e-01
-4.053263443658469689e-01
-4.409655378660113922e-01
-5.577249759122218098e-01
-5.524645244279531298e-01
-4.180432281094573210e-01
-2.373813663293435627e-01
-3.931849696733885069e-01
-5.431446576355862810e-01
-4.473386514443580819e-01
-2.953153906941452522e-01
-2.922341556943023888e-01
-3.723368327347870710e-01
-3.503334609990631510e-01
-2.905633687476833482e-01
-4.601559073981326686e-01
-4.146802993133787418e-01
-3.130565317208444109e-01
-3.498735202433196911e-01
-3.562358018911879198e-01
-4.602579293439494901e-01
-3.063723454998094065e-01
-3.375440664972874094e-01
-4.546657392627054817e-01
-3.693108468917286613e-01
-2.428525846452087300e-01
-3.872085174783735373e-01
-3.783868416231964127e-01
-2.730630455573386239e-01
-4.859718458519868833e-01
-3.599967045396123555e-01
-2.786797698648971200e-01
-3.112814262466100379e-01
-2.886878845098553303e-01
-2.598735130468546317e-01
-3.144808471343266132e-01
-2.485408082398888885e-01
-2.404057795012367882e-01
-4.260067415388242851e-01
-2.506274807639353730e-01
-1.101036966894088920e-01
-4.322573212534760456e-01
-2.320281432496942575e-01
-2.101337637950981829e-01
-3.120773136702997275e-01
-2.123569077838207420e-01
-3.739890734767528646e-01
-2.551909073159712160e-01
-3.129931211309391892e-01
-2.601294541001754612e-01
-3.208648997023804683e-01
-3.788560492044692474e-01
-2.017232440370206048e-01
-1.739820679835571426e-01
-2.355436995398129119e-01
-3.086436977275184290e-01
-1.290431117819253182e-01
-2.757535378299537654e-01
-1.482174798350541223e-01
-3.211139353905169136e-01
-2.720226600638068204e-01
-1.783163482745948047e-01
-3.763561052913249605e-01
-2.916653630458087565e-01
-3.735356891082093345e-01
-3.810709675663515594e-01
-3.533303370990119041e-01
-2.250584170969931186e-01
-1.929077571194104390e-01
-3.520625056993872959e-01
-1.806064700132018475e-01
-1.976175634370784251e-01
-1.311265225396998635e-01
-2.988000079765855688e-01
-2.656112222562942438e-01
-3.170067294826541815e-01
-3.539918742888343850e-01
-4.586320338364841542e-01
-1.805645427680222515e-01
-2.387963047464503608e-01
-2.435080292422574511e-01
-8.171924706073514788e-02
-2.128885778900580783e-01
-2.762234016389090163e-01
-2.007650310941019589e-01
-1.920145696253325873e-01
-2.842899999688641155e-01
-2.409600381080042597e-01
-1.738851602764562299e-01
-2.106896270197398391e-01
-2.005395786597364838e-01
1.485928258062308056e-02
-5.666863815453136027e-02
-1.595383133890745098e-01
-1.094110544570920801e-01
-1.782071761229728490e-01
-3.100634488720532822e-01
-4.066215699517305993e-02
-1.341294158235460110e-01
-6.484349817085931222e-02
-3.113526973298522682e-01
-9.891260607796192872e-02
-1.757531335512317605e-01
-5.962500836469762644e-02
-1.087546207078005783e-01
-1.688636150726032514e-01
-1.442487670678196110e-01
-3.164775678667887671e-01
-2.195851524686728007e-01
-1.622006576038607095e-01
-3.058554188469961854e-01
-2.610977456407018726e-01
-2.273259847426522817e-01
-1.356048663509380470e-01
-1.438255426014413141e-01
-1.803335736904421727e-01
-3.590197295876735306e-01
-2.190947800186107408e-01
-2.673346381171832209e-01
-7.769011691101752881e-02
-1.910122122699749458e-01
-1.318206578986692301e-01
-4.683768196247420357e-02
-9.195896469781594806e-02
-2.146236501719131495e-01
1.532608039374316368e-02
5.693162321711765783e-02
-7.989887715033512638e-02
-1.004781705579872314e-01
-2.906227342380734435e-01
-5.602214683882515006e-02
3.136492945523550180e-02
-1.961585531280255479e-01
-1.819429389945081271e-02
-1.567935349585221072e-01
-1.051305582182033294e-01
2.902596376798432382e-02
-1.097465011060027029e-01
-9.114847268894878118e-02
-1.140099025022536378e-01
-2.393390654042197307e-01
-1.488959023991865693e-01
-1.246152016729264317e-01
-7.261950345541814955e-02
7.966230976314629328e-03
-1.220063717086215527e-01
-1.799074901900348800e-01
-4.669836637296889865e-03
-4.972473255253125057e-02
-7.824573356085870457e-02
-9.528586280221276739e-02
4.051930408415951174e-02
-3.390788445000795376e-02
-2.530627625086027954e-02
-1.433120435573682350e-01
9.790411532768758529e-03
-3.364586234736712672e-02
-3.197904719721792605e-02
-1.875185398416467641e-01
-5.582296611245202156e-02
-1.017787399376654939e-01
-1.697066871385308484e-01
5.115795122485995022e-02
-2.375426427828188913e-01
-2.090740516259223178e-02
-2.902752313123179717e-01
-5.504374549155172103e-02
-1.599490005281049565e-01
4.040533900883894886e-02
-1.337089479595783559e-01
-5.743680724380095109e-02
-2.742225971010915295e-02
-1.405577427198943241e-01
3.965487325869512802e-02
-3.096538137374845942e-02
6.746527162604912253e-02
5.073515364573864123e-02
-1.977983857105675425e-01
5.081381902429490255e-02
-2.044826743942845526e-01
-1.146132082438634930e-01
-3.773583724524073868e-02
-6.191910269182527085e-03
1.563286245508866594e-03
2.013432624456031744e-02
-2.389646545470219471e-02
-2.130757395877323768e-02
2.562541618140274854e-02
-1.582137303364082037e-01
-4.484105668791425053e-02
-1.042203360154457942e-01
8.655555473619558349e-02
-1.403864549747076140e-01
1.346708576160658977e-01
-2.490347274193038113e-02
-6.470271364946884873e-02
-7.479084473400834931e-02
-1.082526672184739996e-01
1.101359592270978738e-01
-1.632005574169826945e-01
3.612201575564989720e-02
1.070731486785009845e-01
3.414348699888587052e-02
-3.252161910053814886e-02
-9.255386882255056680e-02
4.869024585432610991e-02
-1.117378921989487239e-01
2.197404813777856236e-02
1.483018111223169122e-01
1.461318938563939684e-01
-2.095048313698745501e-02
1.141702796901180872e-01
6.788860011690120433e-02
2.019757451447559138e-01
7.144978475927654671e-02
-4.140332814869094463e-02
-7.201802524209933998e-02
1.068883746928484951e-01
-2.771861848135624348e-02
2.312365488796070886e-02
4.961322587755177121e-02
1.899094387204958434e-01
2.024086659459543164e-02
9.169450919630529884e-02
-5.939549621378450994e-02
9.620697110416621955e-02
7.676292576805091028e-02
7.951845978047472618e-02
8.639503732118458679e-02
-2.799612258913508622e-02
1.006529978591082647e-01
9.168065546452740244e-02
1.790700786562977598e-01
1.442665068772183423e-01
1.695298865676536371e-01
5.773657623116756898e-02
1.044968563004540635e-01
1.186528223998323250e-01
3.166880409655441209e-02
-2.164207166846427582e-02
9.777485197243912518e-02
1.485895367082184781e-01
2.014536432888519857e-01
1.798457446446294905e-01
4.363112625940204076e-02
1.278930443389598992e-02
1.268907295690936687e-01
9.739877725554428600e-02
5.982714250150249213e-02
2.505123064195724503e-01
-1.451602626592034782e-02
1.753731880145443234e-01
1.692863068561930862e-01
4.711357121224560296e-02
1.402128804658788752e-01
1.267044118473751868e-01
-2.360292871004106632e-02
5.896674441938835887e-02
6.356810713079820083e-04
2.704687123464185605e-01
2.042102793797433147e-01
6.860762068956796633e-02
2.263490736684782012e-01
2.171885537270957789e-01
9.168943052939333704e-02
4.810159635320399724e-02
2.452931096774570163e-01
4.332573775138182787e-02
1.624570091431519481e-01
2.190098045360101275e-01
1.874787662088709117e-01
2.865717710481799005e-02
2.338893902784796586e-01
2.936565800934778370e-01
1.082365307888088074e-01
1.820193988186357692e-01
1.054831035250537452e-01
2.205048506255004870e-01
1.933084100477134581e-01
1.345148985065968139e-01
1.638015867766195177e-01
2.497994927393649145e-01
-8.583314311848472267e-02
4.238033755422063176e-02
1.522336039343191449e-01
9.724769893034061752e-02
1.493223948263171785e-01
1.912092767496175461e-01
2.612326317022042876e-01
1.079583144931250405e-01
3.047838496849837875e-01
1.266629132888204279e-01
8.389129716098508993e-02
2.167605480440308041e-01
3.892878858749685977e-01
1.871860125680684661e-01
2.284956862464201932e-01
1.432346153123544297e-01
1.694741360889004955e-01
1.629955218596192967e-01
2.562522748959125130e-01
2.002740143637194437e-01
2.267411071775314035e-01
2.000633640768170185e-01
2.699482706698110301e-01
1.928377705440370571e-01
2.547138618161033929e-01
1.499842945652943849e-01
2.749302467891189261e-01
3.614467706639933886e-01
2.895584829883673939e-01
1.622780434586131582e-01
1.439747398411770629e-01
2.565971276534564360e-01
2.251707400212820953e-01
2.592274976065681025e-01
4.009081928448191001e-01
1.471515854366009790e-01
3.037315577230699504e-02
2.707265695868533717e-01
2.630668087995415294e-01
2.357910174569637085e-01
2.457914235419460247e-01
2.613732652804753309e-01
4.338530968294781465e-01
2.848923476295697199e-01
2.366291596526957086e-01
4.798630397961938798e-01
2.402538733560040662e-01
3.009818314256711980e-01
3.132683711251433856e-01
2.668751038241709006e-01
3.913196987969812524e-01
2.161636967469838799e-01
1.928049161468022021e-01
2.363779013812550012e-01
3.247574063362249075e-01
2.933605228505933860e-01
1.896753274460731553e-01
3.106045510326125858e-01
1.466461755797024979e-01
3.311847377929263980e-01
2.774650562477661286e-01
2.377794783632771469e-01
4.378182783008979784e-01
3.662858292065383492e-01
2.488057771258881390e-01
2.735872966768127315e-02
3.407093224008204135e-01
2.860831543957128575e-01
4.222005055542051299e-01
4.003859805638602665e-01
2.373200984755861331e-01
3.217183480522641803e-01
2.176085500587611188e-01
3.427458186467415846e-01
3.843332684856132775e-01
3.240184862460058213e-01
2.796367104762823019e-01
3.988837881045476652e-01
5.236258278484346995e-01
2.443432725914698178e-01
2.063541486461139551e-01
3.854883007848415866e-01
3.995203237497119697e-01
3.128552737516028803e-01
2.807626286662711634e-01
4.097639655807231995e-01
3.131662196687793887e-01
4.769516292885013775e-01
3.548280388821462572e-01
3.755394989275311901e-01
3.766880801105274568e-01
3.136287717127324570e-01
3.660463153283942672e-01
3.950363760813590530e-01
3.450514975054633227e-01
3.171631253409389894e-01
1.718436771135565255e-01
3.044839279874767546e-01
4.258160581649854670e-01
2.491306099525056328e-01
4.667306399862487520e-01
4.025677304146089153e-01
4.566660700979246479e-01
3.946812544177357718e-01
4.702020179078421069e-01
4.479476684813360476e-01
3.061207587862110335e-01
3.863987214118921321e-01
5.057983020998737533e-01
4.425060899391166092e-01
4.698552293998451423e-01
3.964643778276631947e-01
4.160476866310175992e-01
3.960778962431840688e-01
3.396763835517872532e-01
5.351186407367202191e-01
2.866004831259505448e-01
4.542150624374099444e-01
2.292488303989198006e-01
3.419759978563773894e-01
3.395658674353772000e-01
3.985563120363334044e-01
4.407476703146249175e-01
6.097053581803820732e-01
3.980072298855610868e-01
3.544184157242266653e-01
5.239585191184213953e-01
4.526694694164852817e-01
5.069236656012542364e-01
4.578880130099250434e-01
3.421663493181650861e-01
3.181763401377133427e-01
4.756552768842316481e-01
4.950295936920977580e-01
3.210673326727048194e-01
4.729913449474078546e-01
3.328720573656103743e-01
4.568433797118308659e-01
4.760989773889139909e-01
5.860267079064995777e-01
4.716678674986719000e-01
4.141300474283562405e-01
4.928332543814378242e-01
5.433893434927800081e-01
4.590197896978265857e-01
4.975008916843515760e-01
4.437154058666343270e-01
4.823117250532180655e-01
4.544601289550637135e-01
4.020083210718014000e-01
4.419018198684403487e-01
5.563918536693457373e-01
3.930550970925847931e-01
4.412697769906655521e-01
5.127651794257248596e-01
6.095818000602384323e-01
5.843235083617176473e-01
4.673883255086004329e-01
5.497730722469541531e-01
5.953818013152001321e-01
5.596226784573721247e-01
5.793043702681009988e-01
3.885896546167570964e-01
4.760571593726801720e-01
5.947123661098175917e-01
5.443385343742027649e-01
5.347454765250978515e-01
5.461858662753118487e-01
4.694627829050120882e-01
7.574517496385017035e-01
5.189966564274488547e-01
5.012092029735811805e-01
4.270893341219743622e-01
4.543509268903921927e-01
3.622371202223769737e-01
5.527491156844271947e-01
6.039475147189050652e-01
4.511689888446905328e-01
5.958411116238996330e-01
5.156820895521027071e-01
4.320243213193941112e-01
5.404879601128609323e-01
5.080090603748826927e-01
5.415050746701622897e-01
5.028853764863125964e-01
5.760643278209099938e-01
6.432431827825397797e-01
5.445529119016847552e-01
5.017222687925785296e-01
5.866354153559534268e-01
5.958034771705745802e-01
6.128869873144482394e-01
5.811854506712004209e-01
6.910941640718989420e-01
5.848624314699559790e-01
5.326481078437683703e-01
5.300351079691920653e-01
6.803930557508321986e-01
4.565974100166447780e-01
7.326425597751794472e-01
5.461559235402072554e-01
6.096229785745503893e-01
6.705389571325266473e-01
4.794614601000261045e-01
7.051827886921065991e-01
5.483285073190176107e-01
4.787941528527752122e-01
5.806636317841913364e-01
5.026266721749855781e-01
6.168256359050622306e-01
6.858178319966914405e-01
5.313468653475729164e-01
6.545396470009458012e-01
6.554004614168379428e-01
7.382128216254963959e-01
6.601452480928321487e-01
6.017520145865258296e-01
5.514064312970808901e-01
6.037263636795866528e-01
6.269873347857520818e-01
8.118721692057667694e-01
6.428349421342216541e-01
5.890080987168636595e-01
5.729197154775156342e-01
5.565227323780878033e-01
6.518889134347397585e-01
6.184318011968680251e-01
5.905843280090403713e-01
5.336214588653440671e-01
4.210181120746626093e-01
6.395756918395799628e-01
5.790333201544257680e-01
4.685026694655177737e-01
7.446422691452480036e-01
7.907240129732159284e-01
6.071371989879027486e-01
6.008516141477932004e-01
6.863332637071410947e-01
6.399516199614904144e-01
6.220260304540484730e-01
6.319032082584461474e-01
6.840453032439175463e-01
4.891102289616372500e-01
6.584736217507501932e-01
8.338231762274128656e-01
5.699769561195714429e-01
7.620980615117874946e-01
7.296657768411605183e-01
7.413654754576526340e-01
6.852050002866928446e-01
7.831753202088979071e-01
5.820550674024039806e-01
8.521088477101768088e-01
6.851589500198426164e-01
6.246235809484159685e-01
6.140406899970582977e-01
6.598184791850592035e-01
6.493986576230688090e-01
6.818045240052957867e-01
7.094486753194493289e-01
8.547757663694659502e-01
8.262356760235637365e-01
7.973097475293963177e-01
7.447065907348320302e-01
6.839888570487113739e-01
7.087990898197141787e-01
7.093989235053690390e-01
7.075301229942689840e-01
7.420178997731758930e-01
6.214054754127359415e-01
7.536834320480091387e-01
6.574267629348633513e-01
6.666386148617918783e-01
6.451513767500747232e-01
7.248006165824310010e-01
7.603680359521884924e-01
5.913208327418046917e-01
6.859135339565365364e-01
5.296766550626840209e-01
5.932077344331312396e-01
6.712278491187373408e-01
7.704820584971456832e-01
6.214141506439198048e-01
8.325864726653242620e-01
8.761211389771065283e-01
6.982658233647346391e-01
7.367711697998673426e-01
7.993740856392278493e-01
6.922363591448180697e-01
8.258781150783526259e-01
7.199811210211563006e-01
7.422566973092676879e-01
6.365955012576556271e-01
6.775901373319438425e-01
7.299803369684475518e-01
7.083746679267066693e-01
7.013595256755965623e-01
7.502377164345804816e-01
7.917421400403573672e-01
8.073724749125065214e-01
6.907138783483011135e-01
9.313193932970074140e-01
7.738135253674539582e-01
9.048555680326541006e-01
5.964555466223588898e-01
7.252956061523905262e-01
7.478402046831040817e-01
7.288200859848519286e-01
9.382205620663811585e-01
8.314343155041189481e-01
8.145697370747226884e-01
7.032922357719023632e-01
8.750876969090788382e-01
7.828210379028824883e-01
7.447941627256997599e-01
7.570994288432656427e-01
6.918956159836078257e-01
8.577881149493553625e-01
9.010418674385252125e-01
8.739258795545056246e-01
8.745275603772237893e-01
7.508373440825234502e-01
8.401742514202905632e-01
8.583434669317838717e-01
9.096037449003977482e-01
1.076290145913562979e+00
7.361958669695237711e-01
8.349002145319152079e-01
9.167691629144247845e-01
8.179240527507071201e-01
6.774548561818816150e-01
7.278191929942176008e-01
9.170123355244526042e-01
8.570340478457936229e-01
8.560587624310892485e-01
7.941831094954489023e-01
7.869048171850373530e-01
9.136137318804805618e-01
7.827495399793475972e-01
8.440720449905602107e-01
8.463368845524881223e-01
8.390279079660044603e-01
8.373696276593921572e-01
9.541209791161342491e-01
8.678847721788853775e-01
8.526753954394737933e-01
8.406171666849668878e-01
8.168387811389287156e-01
7.534279156485909068e-01
8.410680817307305546e-01
9.391866757133672250e-01
9.747880812236435766e-01
9.227298063097356673e-01
9.058164372506227746e-01
9.918249612214417033e-01
9.189146395468054118e-01
9.320307236462207490e-01
8.357020906751412292e-01
5.750259445442954531e-01
9.013794292507878447e-01
9.654769699010545825e-01
8.883782432580576982e-01
7.835026976794317033e-01
9.027710766513712404e-01
9.272287621323238582e-01
1.001925320920928453e+00
9.774940552910833524e-01
9.641205777422989787e-01
8.403004451339162184e-01
8.545572359523672112e-01
7.235769925783311907e-01
1.012337196886383683e+00
1.064676268146302229e+00
9.835256431712900982e-01
9.282036546079770467e-01
8.292708958314968237e-01
9.000448098504709726e-01
9.816994206260122313e-01
9.683078345406649357e-01
9.358364537018684093e-01
8.841578067671684860e-01
9.411724799558242038e-01
1.094838529279559713e+00
8.632949346430992543e-01
9.632386902903308235e-01
9.556032320273645242e-01
1.004781853796661961e+00
8.737460195138734287e-01
7.969657612242743161e-01
9.546118319940510855e-01
9.513694934816465665e-01
8.834727649176576936e-01
9.004853508624657277e-01
8.945196507797866792e-01
9.588623345596856140e-01
9.858782030183504963e-01
9.857066482722487422e-01
9.847418108217234067e-01
9.309717553677155921e-01
9.690426269442424800e-01
9.669473894332125674e-01
8.688652062041958279e-01
8.726036587082151019e-01
9.906312328755157992e-01
1.016537983211251550e+00
1.032897532085401471e+00
1.004367993015490956e+00
9.547447018685791820e-01
1.016024712965176047e+00
8.335543781615117886e-01
9.534733712631661140e-01
8.047425931299460045e-01
1.027700254540030667e+00
9.586924356353508925e-01
9.612629964351889766e-01
