-8.784075271079290204e-01
-1.104237364943406519e+00
-9.287783491067715946e-01
-1.027288635590676735e+00
-9.512570461650495801e-01
-9.798201401889449214e-01
-9.461423601153770013e-01
-9.811428787350793268e-01
-9.662797507658364982e-01
-1.011238556861437043e+00
-9.710546871068570507e-01
-9.765830656751162131e-01
-1.003869181359154261e+00
-7.181630670940835071e-01
-8.919226121240089178e-01
-7.340963542873334413e-01
-1.017522776454474975e+00
-9.710357343363047455e-01
-1.023609056193661937e+00
-1.095219302098319414e+00
-8.608694168240186295e-01
-9.916644882154980190e-01
-1.023364970817225217e+00
-8.267263007802223562e-01
-9.401114760249884572e-01
-8.959050753605913853e-01
-8.991517673280872147e-01
-8.876067553171272939e-01
-9.783260769925213873e-01
-1.057504825940512871e+00
-1.021273369421447974e+00
-9.382154238478418451e-01
-9.442893435315251605e-01
-1.011343521838746984e+00
-8.913523393208415690e-01
-8.593992348299537287e-01
-9.045830124052556265e-01
-9.545604130012071975e-01
-8.561714064703637161e-01
-9.544540578554443488e-01
-9.671949051758018667e-01
-8.877670877908904190e-01
-8.811874087752717966e-01
-9.308879258270682522e-01
-7.381778635336324612e-01
-8.556589923072770443e-01
-8.725454174687844455e-01
-8.771589091432846486e-01
-8.497838502845328490e-01
-7.512231940501418181e-01
-8.686118142520150576e-01
-9.215371230443495376e-01
-1.001551241912202794e+00
-8.578213681357537146e-01
-1.033750922543108297e+00
-9.661866911277025016e-01
-1.094040710010370399e+00
-9.112366904606933327e-01
-9.754789665505415597e-01
-8.363213260666717552e-01
-8.195140765838078156e-01
-9.667082384989639232e-01
-9.968481412327482305e-01
-8.381319600221883714e-01
-9.698739105619790246e-01
-7.958512365084785545e-01
-8.423414416293100171e-01
-8.543225676355309384e-01
-8.112691757437313633e-01
-9.587600725438315541e-01
-8.580629081814763470e-01
-6.903092125807605006e-01
-8.329248834074142183e-01
-7.832432847615736771e-01
-9.169531237627609466e-01
-8.315180271973805493e-01
-9.275009845775695760e-01
-8.566794978592301435e-01
-8.283238278484185146e-01
-8.110256009570061542e-01
-7.699411435133955983e-01
-8.229725695753679071e-01
-8.243545979405432211e-01
-8.239990994741897001e-01
-1.014327463511609295e+00
-9.123799274695416628e-01
-7.802569535546473034e-01
-7.957204174869030311e-01
-7.996952123641047905e-01
-9.203754755984836500e-01
-7.335592513835788031e-01
-8.762433485218723561e-01
-8.723516520920207018e-01
-7.410772125825877410e-01
-8.227193946719627560e-01
-7.996711538127821983e-01
-7.494296055002948043e-01
-7.561021952439992422e-01
-9.141045378334846649e-01
-8.654080599414906150e-01
-8.399251053214866758e-01
-7.470359203940287740e-01
-9.237018787024691147e-01
-7.118649677113890739e-01
-7.800933790129302992e-01
-7.303095019802002819e-01
-5.658023763269645068e-01
-7.992231301724428416e-01
-8.664407476513246165e-01
-6.768642662287256417e-01
-7.700758173826247610e-01
-8.230161764803252122e-01
-8.306205999304441256e-01
-8.408435983566354688e-01
-6.292799978538045069e-01
-7.375471578346106671e-01
-9.137168068684197175e-01
-6.817817174605965702e-01
-7.550814359813122767e-01
-8.849617928481751106e-01
-6.960138166349935096e-01
-9.801923781164597616e-01
-7.703726993488023700e-01
-7.785175823254093519e-01
-7.098944927091181967e-01
-8.670450207549503796e-01
-7.630027747431940011e-01
-8.041300849958684660e-01
-6.520651432862313301e-01
-7.507386070956615365e-01
-6.261057551564368495e-01
-6.806532332547431396e-01
-8.250813154868700261e-01
-8.378903316468103712e-01
-9.800460941929544090e-01
-7.227257420046493408e-01
-9.199794351459735786e-01
-7.084434879028372878e-01
-7.186825402050199818e-01
-4.666125979465630680e-01
-7.102876190217606300e-01
-7.143059476813032882e-01
-6.481048260404889128e-01
-8.315848865819965852e-01
-6.645972264491117887e-01
-6.582589892076656790e-01
-6.349816183564853667e-01
-7.368267063992492982e-01
-5.315622711139561529e-01
-8.461756542059440944e-01
-7.533655641498619993e-01
-5.497006980704510770e-01
-5.693613688133895012e-01
-7.554941231016572001e-01
-8.193446967885610333e-01
-7.059437120724790793e-01
-6.449003219917522900e-01
-6.226897834986422353e-01
-7.023297559646610733e-01
-6.015593343620400102e-01
-4.808315660283870585e-01
-6.695042149317931290e-01
-6.334803173367444806e-01
-7.039991543785365513e-01
-6.805207775113429891e-01
-7.059474572681404547e-01
-6.953478203228856680e-01
-6.255727097782201040e-01
-5.504553859421138506e-01
-6.999441728247601802e-01
-6.334215161176472986e-01
-6.032715787302216359e-01
-7.791999821017311367e-01
-6.611326413843906513e-01
-7.039153947087322116e-01
-5.824438580775548324e-01
-5.824057059802446590e-01
-5.816276875960095794e-01
-7.082863867536455249e-01
-7.395158620557505946e-01
-6.327524103007027279e-01
-7.393982341821395687e-01
-6.432344833724515931e-01
-5.234754521483786505e-01
-5.885256838513994726e-01
-5.432995498314692195e-01
-5.630072239871607431e-01
-6.501067871426396971e-01
-5.759164891863252089e-01
-4.843243660278009899e-01
-7.310932756970123236e-01
-6.611448667303463367e-01
-6.396759662073895347e-01
-6.084932530510683835e-01
-6.035691943406772397e-01
-5.411285580878352208e-01
-6.534253089437843665e-01
-3.925387343851614030e-01
-5.722439273063797405e-01
-6.125793160190957654e-01
-6.479903967993196900e-01
-6.860747416824655165e-01
-7.417835251572367783e-01
-5.666807183852128338e-01
-4.156965673458038468e-01
-6.376646910175726157e-01
-4.795372262344641534e-01
-6.562025910550640662e-01
-7.987740355258921010e-01
-5.004797027829879230e-01
-6.971568152873534041e-01
-5.525212319099893632e-01
-5.813319113140594796e-01
-4.991009176633464661e-01
-5.690395408649396858e-01
-5.293290482144921150e-01
-5.101018992964939658e-01
-4.779932395691993685e-01
-5.452619979702213460e-01
-5.006006713293141841e-01
-5.664767909367716126e-01
-5.593466724834090797e-01
-6.017836597598915649e-01
-5.707249228694550869e-01
-4.992814955610579419e-01
-3.769972041239432192e-01
-6.743153959202650150e-01
-3.108688104412184461e-01
-6.683480884895726115e-01
-4.571882559382323130e-01
-5.742549642722976078e-01
-5.185973795500755656e-01
-6.753172428739967481e-01
-4.896470356548383585e-01
-4.788907235710347376e-01
-4.747569969759596331e-01
-4.684519589391942240e-01
-6.588354393975291989e-01
-5.445828387777296165e-01
-6.367683473147173201e-01
-5.166936389961349629e-01
-5.536157224065111349e-01
-5.782541593951504577e-01
-4.362130974575615383e-01
-4.169552944253290816e-01
-5.167803484720354668e-01
-6.642419373239230040e-01
-4.993008506586540940e-01
-4.867287433166729849e-01
-5.427758558084736507e-01
-4.750773231981968991e-01
-4.066916584911698940e-01
-4.513399601889697133e-01
-4.989563828236528442e-01
-4.409108745330073131e-01
-3.939112559884535014e-01
-5.397144597995224835e-01
-4.159770935603431807e-01
-4.895058433784159058e-01
-5.837614703126693394e-01
-4.539606147984757145e-01
-5.536363948751991115e-01
-4.630125142019934081e-01
-5.679971840220556789e-01
-4.051693813832569213e-01
-4.441316109918469479e-01
-5.293155452905399239e-01
-3.345939183560761032e-01
-3.071436552591668145e-01
-3.850078191165262065e-01
-4.954139812531142550e-01
-4.841563657976782897e-01
-2.925147364125547655e-01
-4.074668067737516330e-01
-4.093886806900920994e-01
-4.479797659068269211e-01
-3.867446066090169388e-01
-4.667273453133402583e-01
-4.210205713732000365e-01
-5.733939229773451496e-01
-3.478692707657835559e-01
-3.501929883790316778e-01
-4.744914543819694352e-01
-3.148211385471028634e-01
-3.017613033874433359e-01
-4.301888789031824145e-01
-3.996445885568679079e-01
-2.962537400955971845e-01
-6.118615658014312508e-01
-4.475581670583589355e-01
-3.129831373853000365e-01
-3.076441340144931424e-01
-3.129296365340503705e-01
-4.582371515086590685e-01
-3.738922083280916686e-01
-3.987108025084979412e-01
-2.306205266409605825e-01
-4.329677121242426763e-01
-4.282398521872045616e-01
-3.832308739411852128e-01
-3.836400152568235078e-01
-3.226672951384400023e-01
-4.327895744105882958e-01
-4.736989211190391069e-01
-3.662776032419547412e-01
-3.345057415573451931e-01
-4.307546946774669094e-01
-2.465744854947569120e-01
-4.730447210890384446e-01
-4.710105664018336968e-01
-4.318577312042889416e-01
-3.519222718231054814e-01
-2.964082279351746285e-01
-5.335943741555848607e-01
-3.678863525018035152e-01
-3.342550257106308709e-01
-2.791931498542216672e-01
-3.759399529386296401e-01
-3.972169073209014800e-01
-3.487058023520798189e-01
-2.870300539793784189e-01
-3.644768779034203154e-01
-3.323089409787348680e-01
-2.212758941028478143e-01
-4.612904330141069376e-01
-4.614393263996327543e-01
-3.892072993620296906e-01
-3.481551351359267188e-01
-3.083120007219619652e-01
-4.012052934840335539e-01
-4.324171758416057165e-01
-2.153334844445512486e-01
-2.751369794776936661e-01
-3.832957022071746267e-01
-2.776889562623349739e-01
-4.933027291944032666e-01
-3.728430899392181641e-01
-4.444031576641226389e-01
-2.485389890581467809e-01
-2.314626110067755371e-01
-4.860361033827444999e-01
-3.719445369850093441e-01
-3.478035684563899888e-01
-5.282777985536660781e-01
-2.506819060402864507e-01
-3.369047714009769101e-01
-2.722413289795077573e-01
-3.191585019540473800e-01
-3.447362923748163444e-01
-3.148550971878892324e-01
-2.785054203978984400e-01
-4.180927698559092076e-01
-2.109454996167896002e-01
-1.546587668598807253e-01
-2.665854669325050663e-01
-2.618473202613234574e-01
-1.998035351521605663e-01
-3.619303462979089336e-01
-1.916878025075846592e-01
-2.890210903455693314e-01
-2.061519152603219773e-01
-2.429213089871913311e-01
-3.731701150933492972e-01
-2.076478341472676459e-01
-3.372986896521270594e-01
-3.938985475913638346e-01
-2.215394822407932007e-01
-2.588872443840621873e-01
-2.515322404978841964e-01
-2.954483975445554300e-01
-3.446206656415768399e-01
-3.164918862758786533e-01
-2.665976832057491697e-01
-2.719610064226479773e-01
-2.898011693970657388e-01
-1.883730958285324830e-01
-1.290023972198998392e-01
-2.669689606698276707e-01
-3.017774443013083174e-01
-3.501308962225279653e-01
-2.556070055151622444e-01
-2.165171714402637504e-01
-2.680961194917234197e-02
-2.953839648917568339e-01
-2.141269857597244419e-01
-2.841260323936697363e-01
-3.339060095879340939e-01
-2.212046679202802901e-01
-6.561226816563850428e-02
-1.935676051885126536e-01
-1.914221869798903020e-01
-1.934425054962088941e-01
-1.680887961811145803e-01
-1.580805905872905148e-01
-1.696669364068328079e-01
-1.751473169479925152e-01
-1.307595285561095055e-01
-2.697549296386381190e-01
-1.499244703960306568e-01
-2.172523028011079382e-01
-2.308618871248685200e-01
-2.708551451724794945e-01
-2.040389027989283066e-01
-2.428882513622431238e-01
3.724896785410865795e-03
-3.418102077651398174e-01
-2.592815817033136683e-01
-6.249630152649986170e-02
-8.574500993276511218e-02
-1.826289437720292064e-01
-2.187293233576416140e-01
-1.847650319505167449e-01
-2.033700851943656962e-01
-1.227672280210046624e-01
-5.193601936495889637e-02
-3.290249337834608157e-01
-5.698916867314005041e-02
-1.575529437938649746e-01
-1.967686100866280208e-01
-2.675637175407869495e-01
-1.076931869623657945e-01
-2.163756823061871448e-01
-1.066434556439453535e-01
-1.019616057660906044e-01
-2.964943024827770834e-02
-1.898012556523896721e-01
-1.874490666672408157e-01
-2.621070794041668317e-01
-1.356989392415042239e-01
-2.165253120413711263e-01
-2.125561277782090364e-01
-1.948968660749673398e-01
-1.497157504505666481e-01
-1.909622939610540193e-01
-1.065566648182531689e-01
-9.470078059256625824e-02
-1.434006056104432381e-01
-5.120224700268180551e-02
-9.079034669217538045e-02
-1.487183914413362507e-01
-9.751534046412879686e-02
-1.526359399791318572e-01
-2.657506208713693030e-01
-1.676493574321124558e-01
-1.550772333305971418e-01
-1.445538756778765865e-01
3.097310447865232394e-02
-1.413650487327328120e-01
-1.123080773319327375e-01
-2.325103111582536297e-01
4.132057683376630375e-02
-2.335009299900887847e-02
-9.347368030521102655e-02
-5.030280848493170337e-02
-1.842275334883727578e-01
-3.145925394530859620e-01
-1.331122677251489195e-01
-1.928835769905315745e-01
-9.959559856766883601e-02
-1.347366916465816411e-01
-2.132215179401370786e-01
-1.737394202740506766e-01
2.096765145343158776e-02
7.359597643896984183e-03
-5.653365972927591049e-02
-4.048122303956271789e-02
6.687205919914596857e-04
-1.925762989288700155e-01
2.135590987872650059e-02
-2.632127219522699402e-02
-1.616570534390840766e-02
-1.385030313647845346e-01
-3.900807557821941302e-02
-4.826364316824844486e-02
-8.973228464006996474e-02
-8.481778533227385397e-02
-2.253702834948149158e-01
-8.224863588141544807e-03
-5.588521197902786980e-02
-1.208026206898524420e-02
-6.670327533961399602e-02
-7.182668503118358472e-02
5.121004485914366217e-02
-5.071792196159369270e-02
-1.541862999166035975e-01
3.989583488094592539e-02
7.189855672949448107e-02
-1.525560835148128125e-01
-5.983276954017711230e-02
-5.794926425451924282e-03
6.075214111843418169e-02
1.839018923084376200e-02
-5.162269045795740002e-02
-2.496480367732822545e-02
6.877978107348778347e-02
-6.168497560810054514e-02
2.019229587057304320e-01
1.802090533325275204e-02
-2.320091059149694684e-02
-1.028190177868797961e-01
-7.871348346068327007e-02
8.838219666082276771e-02
-5.915588827946301198e-02
1.035314085483779872e-01
4.186557518995115412e-02
2.486864197318313166e-02
3.262774289417112727e-02
4.733745490638441994e-02
-1.205045356940009221e-02
1.199567733877796721e-02
1.044731065018077720e-01
1.168062320841964895e-02
-9.809656960342870435e-02
-1.172760316424163035e-03
5.488450942375040081e-02
-5.816324198538101037e-02
2.172373684279983730e-02
5.808525543679290970e-02
9.732012864928560325e-02
4.226999984958181023e-02
-2.684204036398125104e-01
-1.856444573788775254e-01
6.459222802464037461e-02
9.454554802016226778e-02
2.383254131180338742e-02
3.292110779333390358e-02
1.136713614099714616e-02
-5.061473729132086319e-02
7.186047406802767434e-02
4.148194742383347344e-02
4.214085186751698880e-02
1.425035260520111646e-01
1.742586819733492887e-01
9.374111725157228958e-02
-6.535026719675812203e-03
9.336427861888829671e-02
1.843573699585090639e-02
1.142491216951217192e-01
1.536546974037067692e-01
-3.732428219142580605e-02
3.829287413552680264e-02
2.019558432430017259e-01
1.149779206564561888e-02
-6.675593372771274070e-02
1.109269842323235278e-01
1.530327291480172713e-01
1.182142831918342810e-02
1.426822306247419181e-01
-7.933014134518853733e-02
1.171061500489878338e-01
3.028383080934608090e-02
1.529393737770756989e-01
1.494375732677942770e-01
1.455575905183916219e-01
-7.023887854598287461e-02
8.008013799562120616e-02
1.134781565570614492e-01
1.368818740682183344e-01
7.949437544271867329e-02
6.395344601259730921e-02
1.856522285838408115e-01
1.098891615610527173e-01
1.820899893722631724e-01
9.817536241525788576e-02
2.917066110507142151e-01
2.340640466061131575e-01
9.282045483773666839e-02
2.118112518546653653e-02
1.809618553127458063e-01
2.743002028066392484e-01
2.079565536042190521e-01
1.205318578882030034e-01
-4.125254734475337914e-02
4.771960866308446597e-02
2.121318176461238492e-01
5.252771599036390460e-02
7.353514097567140362e-02
1.561733797655574241e-01
1.593896749791391121e-01
2.157291174698278136e-01
4.005924306264582041e-02
2.914040523272833916e-01
1.510924570317156435e-01
2.112826970616539235e-01
-6.228150747716419688e-02
1.939774539144072385e-01
8.084964073946160346e-02
3.198753821812937437e-01
2.625076989346159517e-01
2.389863211930562115e-01
2.528844619679848083e-01
9.442047953018503637e-02
9.309494591300844502e-02
1.454562161200698145e-01
1.133582150093536828e-01
2.279625508093864050e-01
2.978004664933510126e-01
7.799220409538519527e-02
2.928541643942430550e-01
1.760232521410305118e-01
1.344897334732463312e-01
2.213588681184854856e-01
7.609360423748189051e-02
3.424188857311687983e-01
3.024155907695313394e-01
-1.840684626892782547e-02
1.054763376228688848e-01
1.737091835380922544e-01
1.037925959152256328e-01
2.368471344382889476e-01
1.059165486934982858e-01
2.116582703947079425e-01
2.505533409600510519e-01
2.680767980208609846e-01
2.876891109065993213e-01
2.703894975778025067e-01
3.484743477230745068e-01
2.880569170598205608e-01
1.640763428240493704e-01
1.499912053779130228e-01
2.708468988464163285e-01
3.213688706370321224e-01
3.216660519106626093e-01
1.578669328587745946e-01
1.992570737071850950e-01
2.460163402599537252e-01
2.642416370933339809e-01
2.728960944449906334e-01
2.919420904753911028e-01
1.247146588724232369e-01
2.966750124407435130e-01
2.301182519531453363e-01
3.253599747750741678e-01
3.861697385410098882e-01
2.990120400876844498e-01
1.366441226157376898e-01
2.759713039985056127e-01
1.867687635952815228e-01
2.818942698070295294e-01
4.159454070723638819e-01
4.374025670174472302e-01
3.220870664725113408e-01
3.990691837799666408e-01
3.190684525297471930e-01
1.858025246682494525e-01
4.594460673350481139e-01
1.739003167618842494e-01
2.805839007062584933e-01
3.928069721619270593e-01
3.293657717040920918e-01
3.779713614278844003e-01
2.504083323962448815e-01
2.453312077519856083e-01
2.941362649030968557e-01
2.729309767363236050e-01
3.017522323270606099e-01
2.817522897356691258e-01
3.728980373431530770e-01
3.912256459230621375e-01
4.031217718608407496e-01
4.896821524265725922e-01
3.619178632464288836e-01
4.145664789318597165e-01
2.660426731806164735e-01
2.666856038698551812e-01
2.569721577153391556e-01
3.157922271895384214e-01
3.180233992554700739e-01
4.115314602969595281e-01
4.785766316160980915e-01
3.127361230341714204e-01
4.442678372458138680e-01
2.644235002258831235e-01
3.743140034981651265e-01
3.361975671513417474e-01
3.524339458696632010e-01
3.596085371057752278e-01
4.864928962223651898e-01
3.271354904078560555e-01
2.660171125513483004e-01
5.018118860699856132e-01
3.409557339462351289e-01
3.466061561933284074e-01
2.303078130227514675e-01
5.009300994487875247e-01
4.184318588623048285e-01
4.717308500016245687e-01
5.148049037357934621e-01
1.752436500082548421e-01
3.104622249654571120e-01
3.525545287211257484e-01
1.469075070904405644e-01
3.437278298190367121e-01
3.688362694807332809e-01
4.040024988553246321e-01
3.153623827341043295e-01
4.636814090240127806e-01
5.066999838466256234e-01
5.130057436039628938e-01
3.805593621079655930e-01
2.764662117303175459e-01
3.458484009222482780e-01
3.031671039885978081e-01
2.956806431608741681e-01
3.371171580387154476e-01
4.297011444412469627e-01
4.867848325808736831e-01
4.749242191568018301e-01
4.756358193425023195e-01
3.243974052265110042e-01
3.692013200567640929e-01
4.739507011584674356e-01
3.925343241845016817e-01
5.871589120306029974e-01
4.836923095003687889e-01
4.890408643839411762e-01
4.084031196683433063e-01
4.084600840221572771e-01
4.713587082130257233e-01
4.452706790577830032e-01
4.157606773064806416e-01
5.217640445959269568e-01
4.304566955820657848e-01
4.008113478309244249e-01
4.409157989028721358e-01
3.693074042153369763e-01
3.669360567338557089e-01
4.240900201571937145e-01
4.073209391906920662e-01
5.129121821430809858e-01
3.651487578170078963e-01
3.542408734500472334e-01
4.902358929060108284e-01
3.601317000941177127e-01
3.372761685481462379e-01
4.208463841520946880e-01
6.213133764682483573e-01
4.132505691837497497e-01
2.963971484797924827e-01
6.621854724629323563e-01
4.084099170122783007e-01
6.476990413132863722e-01
6.020015750659698517e-01
4.953562086850460955e-01
4.665429557225246326e-01
4.856334553696649570e-01
4.389271882007965142e-01
4.105864960365985805e-01
7.636077403412996345e-01
5.934526213245374660e-01
6.030876520538221985e-01
5.696188580044864169e-01
5.359739153559146541e-01
4.609806201893275612e-01
5.982174891628222468e-01
5.001225063033185592e-01
4.523361417810601304e-01
5.437036550309346516e-01
3.773215447241914378e-01
3.315674937735677008e-01
6.727647327341093053e-01
5.241978175323613875e-01
5.871669849970111432e-01
5.845039343967460832e-01
5.901319087658338791e-01
4.973940905327042250e-01
5.313345191257179412e-01
5.722213621420447760e-01
3.230516272394961530e-01
5.691511044114064832e-01
5.860898737474761200e-01
6.308204335612825897e-01
6.148617205728026391e-01
6.873094618004976786e-01
5.727261985900942154e-01
5.738662021124261159e-01
6.123958923131846976e-01
5.625508868628518178e-01
5.412908745677902367e-01
6.218414011837426481e-01
5.004986910646057607e-01
6.337203997174286618e-01
4.682785465580258100e-01
6.618628210609112106e-01
5.234907216517593609e-01
5.725560033215851830e-01
6.451805536213183201e-01
6.465662938114580260e-01
5.464594291078417321e-01
6.702950809396711618e-01
5.929534320832946515e-01
5.631526116251512892e-01
6.430319347388159246e-01
5.685452502313931289e-01
6.023741150920766119e-01
5.441793064301123639e-01
6.583481564354597415e-01
5.957834938506999523e-01
6.032133701625020938e-01
6.914842822437518022e-01
5.797037628076907589e-01
4.373370154604055426e-01
6.280033332852363870e-01
6.068377417066173063e-01
7.268675072559209749e-01
5.411923956872864983e-01
4.473624159744038487e-01
6.835382372272692519e-01
5.074369967649596802e-01
7.079456778476987955e-01
6.687294930851257480e-01
4.962190149380664161e-01
4.919368849276652411e-01
5.669743326354239610e-01
5.792787924597906368e-01
6.855720612818371196e-01
6.181091299949063034e-01
8.268568070558451888e-01
7.517060801317007046e-01
6.827253486027125007e-01
6.301405034360547663e-01
6.520990099682628660e-01
6.283196475785784996e-01
7.185858751893706708e-01
5.629440784017880617e-01
7.552275948842083197e-01
6.810110116717482676e-01
6.825349723719177364e-01
5.233429694144003941e-01
5.441490735050158456e-01
7.678836136634958898e-01
7.257960551842853603e-01
6.678994115167605772e-01
6.839923743893765451e-01
6.821165729318353632e-01
7.177336393828445127e-01
4.743013546478883624e-01
7.861730006391086656e-01
6.702622406687173129e-01
5.512004545202586758e-01
7.524213577358106475e-01
7.104886898370575965e-01
7.142825922096598390e-01
6.657308178817158417e-01
7.962994011651447490e-01
7.120403956122220990e-01
5.898170706094048032e-01
7.125798756783773280e-01
6.154586523731990777e-01
7.840348621099513249e-01
7.080166927255935327e-01
7.345930199242056702e-01
5.570624580276862803e-01
6.511255357523527687e-01
9.394837901525423529e-01
6.039884311188390420e-01
5.601058479388377753e-01
6.939008414512441991e-01
6.251097258379847421e-01
8.870879988637923041e-01
6.562022967080751723e-01
6.817918383647367797e-01
5.025195501970366463e-01
6.326110304320170519e-01
6.359903108327166210e-01
6.813823099245139847e-01
6.518021289731149581e-01
8.333344739562886794e-01
7.729450030274426231e-01
7.431450614982769709e-01
6.989168330005403051e-01
7.926795190682727199e-01
7.426735533189943173e-01
7.697193527436939631e-01
6.759352478104461159e-01
6.926657755774505709e-01
7.894695920306865622e-01
7.207835784031331183e-01
8.335657560727234294e-01
6.391904514327456654e-01
8.210389588462323474e-01
8.283233870701786072e-01
7.363900933422184991e-01
8.088769705072791361e-01
7.111590815249830833e-01
8.045195156862688934e-01
7.074485173546689598e-01
6.694443755035188737e-01
7.499320456464796392e-01
7.867063097837444507e-01
6.374644804495982475e-01
8.810434364894380588e-01
7.807410633127724875e-01
7.320761780589506440e-01
7.716628164953607261e-01
8.376373555005259819e-01
7.509947304689269520e-01
9.065462349295939637e-01
7.858981561884742506e-01
1.004992555382723918e+00
8.078394473560231992e-01
7.430034604889895755e-01
6.793140991388268990e-01
7.972949246587134331e-01
7.097055363997609723e-01
8.413695575716861885e-01
7.117661268297524879e-01
8.861025680975218588e-01
7.806069511035486075e-01
7.552650384657492166e-01
8.849338267777177025e-01
8.164040625433833798e-01
8.709067451522539693e-01
7.996105457246647230e-01
9.354550242510376590e-01
8.772451805241772149e-01
6.375455354669243846e-01
8.211463903524336416e-01
8.733580476923297198e-01
1.003302294375920445e+00
8.744396410794790242e-01
8.950025550732561008e-01
9.098874539283233753e-01
9.325588968118302402e-01
6.664615636335103899e-01
1.071740070597716032e+00
6.943547081509433561e-01
9.456105941064844034e-01
7.464512662912058394e-01
8.600492903417084056e-01
9.851766102712302686e-01
9.817396380134396638e-01
8.230364715269898879e-01
6.548179845013084588e-01
8.869351672718241986e-01
8.660507878573175944e-01
8.696255167381999884e-01
8.225916169121709753e-01
8.081935536130863129e-01
9.052397496364501528e-01
9.275560951152910238e-01
9.451559011272766542e-01
9.571034683472162685e-01
9.022782315018776922e-01
8.680959365638856173e-01
8.290967869957940328e-01
8.553262949977931129e-01
8.494996249120034815e-01
8.167593898791613016e-01
1.053781894845259082e+00
1.007240890330832972e+00
9.002526746924582879e-01
8.829651106887723699e-01
7.960684021628715579e-01
8.970436015592948564e-01
9.427425286546285976e-01
8.396933367721470809e-01
8.755592361407961155e-01
7.593491623977156602e-01
9.571971578223930077e-01
9.800308718321554258e-01
8.717704566462518567e-01
9.213992152836493199e-01
9.054268638395329694e-01
9.095712809827386502e-01
9.769758540871970043e-01
8.511044007779645648e-01
8.482184701070702992e-01
8.843912726742356734e-01
1.006381419203495664e+00
9.224888586253496836e-01
8.672553823866282485e-01
9.008749669041227204e-01
8.078098250564726968e-01
1.039643671521747414e+00
9.137029565198803160e-01
8.959450665451424989e-01
9.016143335942984338e-01
9.566694394035200055e-01
8.395211500401992266e-01
8.916296243511738773e-01
9.743713281836413609e-01
1.026220500668081792e+00
8.826609077692080252e-01
1.055185169116353849e+00
1.113406115861044876e+00
9.557712188719557078e-01
9.841561192680724490e-01
9.580268968000643648e-01
9.564263217702465569e-01
9.802573310664657313e-01
1.051689937605543079e+00
1.149755687161214457e+00
1.011582693839821578e+00
9.125224636698648917e-01
8.645659333929556212e-01
1.179811899735280889e+00
9.499873659956441507e-01
8.434565683376559209e-01
1.071019462469570138e+00
