-8.704834674698030961e-01
-1.110697874523886464e+00
-9.321489789973547158e-01
-1.007056232055756340e+00
-9.733702649004615237e-01
-9.656394118454459941e-01
-9.685222780754579874e-01
-9.682180246508240717e-01
-9.433123217867189769e-01
-9.814396651856613918e-01
-9.708195386043544373e-01
-9.760249430639813539e-01
-9.991454620810470422e-01
-7.225525084326015479e-01
-8.963586106465424308e-01
-7.388699584643596552e-01
-1.037103393375761851e+00
-9.695025537844145225e-01
-1.013286645665651742e+00
-1.141187473024275034e+00
-8.774725831148382227e-01
-1.008051356049823433e+00
-1.023843690847535903e+00
-8.278184331442687283e-01
-9.523742841001656689e-01
-8.966473459503807586e-01
-8.924564369456954305e-01
-9.116019678901452483e-01
-9.852762700874099222e-01
-1.059799043277801500e+00
-1.024207337898269676e+00
-9.510720293057696173e-01
-9.735417995145067005e-01
-1.014376881845266976e+00
-8.932963228811912071e-01
-8.693567361661970194e-01
-9.111617211799504235e-01
-9.596661306798000002e-01
-8.532848757691072761e-01
-9.493688659502549365e-01
-9.552320024713739643e-01
-8.679179377753407643e-01
-8.710978513616504104e-01
-9.620115726588638339e-01
-7.319186540699499366e-01
-8.590242489311005203e-01
-8.978349327776511402e-01
-8.623365878633453274e-01
-8.601684522696753099e-01
-7.653758843761091502e-01
-8.835072123692243595e-01
-9.237276223138772835e-01
-9.812141856590833600e-01
-8.695690147493670974e-01
-1.033430828976693805e+00
-9.582870282154691832e-01
-1.092513619087999377e+00
-9.114278478578189402e-01
-1.003962252828321189e+00
-8.634391627220280307e-01
-8.390436616771981271e-01
-9.808847681793695372e-01
-9.922201015605689456e-01
-8.453010483913102613e-01
-9.478839630797144533e-01
-7.854120083609342773e-01
-8.528505531996841693e-01
-8.536845233527833310e-01
-8.024847917022339683e-01
-9.749883353199664260e-01
-8.780506346639597171e-01
-7.057979012409036912e-01
-8.367031193192144833e-01
-7.921670430776276417e-01
-9.150223054143822310e-01
-8.077213429056212535e-01
-9.306943124976961856e-01
-8.739378141872081729e-01
-8.372816923254855492e-01
-8.260767867965536082e-01
-7.511596612526542094e-01
-8.326598486898325602e-01
-8.289492643485482093e-01
-8.108198465896515605e-01
-1.019478587626473587e+00
-9.305500365822358955e-01
-7.803680427223906868e-01
-7.945120835317708297e-01
-8.177975180083940643e-01
-9.100267219909363714e-01
-7.265250205228501734e-01
-8.914188445831912055e-01
-8.825857868919825266e-01
-7.538679898173167304e-01
-8.538989597891787353e-01
-7.728045705127368770e-01
-7.702939023092173487e-01
-7.581732681714536959e-01
-9.195627001001441814e-01
-8.478236881759562138e-01
-8.437813437837189401e-01
-7.505405946596057642e-01
-9.159666028591459952e-01
-7.066086600197708512e-01
-7.724139746949651997e-01
-7.063761963751138406e-01
-5.730717682615503739e-01
-7.678089372868320828e-01
-8.833575140300305995e-01
-6.683303732757813753e-01
-7.659831539072651241e-01
-8.033552305785000014e-01
-8.277006587136628291e-01
-8.663492898685181132e-01
-6.377041360451114471e-01
-7.411080292933596159e-01
-9.338514983511095879e-01
-7.013859284873310562e-01
-7.462424963495328800e-01
-9.039477534903278544e-01
-6.810347803065996963e-01
-9.953379578769587788e-01
-7.747077778826165773e-01
-7.893460929806269677e-01
-7.134108889381350904e-01
-8.425310120219049459e-01
-7.517324874684003788e-01
-7.844737328443082136e-01
-6.680286585024495238e-01
-7.682466867097321739e-01
-6.150504024633000055e-01
-6.878740004713862488e-01
-8.116103946076438369e-01
-8.164467433475602887e-01
-9.778510311332817562e-01
-7.428565626641838726e-01
-9.275637330805951430e-01
-6.959548303286898774e-01
-7.206824365466601989e-01
-4.662364737116893587e-01
-7.073215777491587142e-01
-7.114761620464824521e-01
-6.582931987928656303e-01
-8.406012516728752493e-01
-6.559093837812907113e-01
-6.762583543357010285e-01
-6.227415666106858039e-01
-7.157164485367175644e-01
-5.121707580275126626e-01
-8.215719491362418747e-01
-7.689348937112847615e-01
-5.410909604358320468e-01
-5.654018925084121072e-01
-7.445260360926295728e-01
-8.373952780476027202e-01
-7.213349859099650319e-01
-6.508254057330824516e-01
-6.028341288398755271e-01
-6.935446972986429870e-01
-6.009168436365777133e-01
-4.854554030879233983e-01
-6.732935638555559432e-01
-6.441508899979974112e-01
-6.871442158853523496e-01
-6.972923221636875279e-01
-7.051355409118593709e-01
-6.939401854601852104e-01
-6.264935707550988164e-01
-5.549493000186501712e-01
-7.118197836068543838e-01
-6.141438570316990475e-01
-6.027512851134458893e-01
-7.698466953454032868e-01
-6.523584346314761362e-01
-7.020581845205542404e-01
-5.983402562540132141e-01
-5.859724045516452318e-01
-5.706279818135234772e-01
-7.005258395895170853e-01
-7.574621071612659406e-01
-6.490908576616110093e-01
-7.542244786151666158e-01
-6.375152159324779522e-01
-5.301890542013825147e-01
-5.812083714819497038e-01
-5.473939780435946867e-01
-5.654621024822726882e-01
-6.446294878414244867e-01
-5.734476908552991192e-01
-4.801264648485345510e-01
-7.303669871064032426e-01
-6.511508017398749404e-01
-6.406156393455644249e-01
-6.077586669533977526e-01
-6.150556875241887100e-01
-5.407391981318381280e-01
-6.691023261642783382e-01
-3.911021861733846028e-01
-5.781983524902326588e-01
-6.067945651722308487e-01
-6.395927418684786980e-01
-6.706832503731584572e-01
-7.504075110026142692e-01
-5.444641114222837919e-01
-3.931535976808748778e-01
-6.417059931546709173e-01
-4.820208537688112083e-01
-6.510800917977946911e-01
-7.856709106682734367e-01
-5.231319572384651728e-01
-6.803145032126257652e-01
-5.652891983579889645e-01
-5.793885147044854911e-01
-4.984352246976535006e-01
-5.706230682079186378e-01
-5.479352539180112336e-01
-4.877681897649400744e-01
-4.970032173647244145e-01
-5.414754154815567544e-01
-5.188259524165982350e-01
-5.783552128293730776e-01
-5.569573102940411635e-01
-5.929122961032499139e-01
-5.673123463102635045e-01
-5.013910327347607110e-01
-3.721274767072211276e-01
-6.696345292004486360e-01
-2.884198493229781501e-01
-6.651602994634846500e-01
-4.852573264070043080e-01
-5.861678510799597230e-01
-4.873988850628167002e-01
-6.851987792110375564e-01
-4.689598129743190458e-01
-4.893002358054910905e-01
-4.878947299098351786e-01
-4.562839065530861493e-01
-6.681268875127280849e-01
-5.353777177532982323e-01
-6.341825305614509078e-01
-5.033610375287235206e-01
-5.539508248099022092e-01
-6.007143451155153580e-01
-4.533666604545317780e-01
-4.094376086455180364e-01
-4.593039557030164644e-01
-6.494667341716134912e-01
-4.895103456918321605e-01
-5.080421631086539103e-01
-5.704347558356718251e-01
-4.498267135253610216e-01
-4.105225682123543329e-01
-4.634097597280522063e-01
-4.787625757531129289e-01
-4.507231248588343675e-01
-3.815737563865811977e-01
-5.323065530184512006e-01
-4.551476278205328629e-01
-4.635926932006509960e-01
-5.883165415343669657e-01
-4.587061603765136275e-01
-5.694465754191135876e-01
-4.913707423437317923e-01
-5.707036141523077477e-01
-4.005010143104181242e-01
-4.533158625936843933e-01
-5.269469237141409801e-01
-3.339634575655260895e-01
-3.167679124113265687e-01
-3.699720173305456328e-01
-5.016693728985465173e-01
-4.996893426798635351e-01
-3.031876811897337709e-01
-3.883913063657739584e-01
-3.910558722854799441e-01
-4.467554639354932577e-01
-3.835610561149571662e-01
-4.482304584388000501e-01
-4.378533268039222492e-01
-5.655355841404551276e-01
-3.406405415615268995e-01
-3.560721222998001756e-01
-4.488036927534648779e-01
-3.235736271195899239e-01
-2.865165674605053558e-01
-4.274080052901967353e-01
-3.955112474526171207e-01
-3.121668296412940524e-01
-6.312757075337214197e-01
-4.421772924616946820e-01
-3.266919203508575342e-01
-2.979604618360234269e-01
-3.237553872668371135e-01
-4.419978874380980360e-01
-3.831166762476924115e-01
-4.160956022804211951e-01
-2.074473991772598780e-01
-4.250302225181356586e-01
-4.475088753650855455e-01
-4.019019353111029647e-01
-3.559346537254773901e-01
-3.369233624565420859e-01
-4.278234200732407566e-01
-4.792987575172266701e-01
-3.888711515801517860e-01
-3.404451371864870568e-01
-4.401811810571394923e-01
-2.652458184128621554e-01
-4.715427126830852855e-01
-4.755613523327700820e-01
-4.215362526383178432e-01
-3.428777021374467826e-01
-3.111533970189711007e-01
-5.215293761652753934e-01
-3.556819730978219574e-01
-3.172045327887791921e-01
-2.775932892744480962e-01
-3.454218605936252851e-01
-3.974368910748550254e-01
-3.678936630791784790e-01
-2.802715136982261712e-01
-3.647969176949095726e-01
-3.613404988223086201e-01
-2.161177730524983243e-01
-4.610702967693709464e-01
-4.757431909818711224e-01
-4.076043650474685531e-01
-3.494356165645526868e-01
-3.185460986594577104e-01
-4.180395068103805456e-01
-4.157414110223467962e-01
-2.245116075221941787e-01
-2.993929763079824502e-01
-3.896552059222858633e-01
-2.779760779719963604e-01
-5.114729335390254539e-01
-3.742009762043622678e-01
-4.596118778622633738e-01
-2.513153224627025506e-01
-2.449629573590149101e-01
-4.766591444454335580e-01
-3.804919166567699573e-01
-3.363615256477958115e-01
-5.222620878387419507e-01
-2.570661819123816194e-01
-3.455781444137540626e-01
-2.557448114626212909e-01
-3.196840576674704337e-01
-3.317771228512322312e-01
-2.913362075200108259e-01
-2.625357941806571449e-01
-4.121663617928644219e-01
-2.167263969018500824e-01
-1.471300044131635676e-01
-2.898377609200357696e-01
-2.630764284325715074e-01
-2.246879144174963872e-01
-3.570750098404475992e-01
-1.888329844914410360e-01
-2.997600323610612461e-01
-2.078700328192946700e-01
-2.344794431837213255e-01
-3.810774909645752717e-01
-2.148262697890967743e-01
-3.238826813040387997e-01
-3.861566977692467706e-01
-2.046386644086804207e-01
-2.756147691841265290e-01
-2.586007018707165428e-01
-2.947700878160677829e-01
-3.377036990152162965e-01
-3.119050167538824914e-01
-2.891232228546644079e-01
-3.054599150876012859e-01
-2.697499247183193782e-01
-1.965705538646383421e-01
-1.446829067940131885e-01
-2.725346652478634613e-01
-2.950511072717706962e-01
-3.339345556203905385e-01
-2.884429568444810132e-01
-2.269809882038627824e-01
-1.629294724597858679e-02
-2.749990173439422758e-01
-2.075337081794252914e-01
-2.998917509137488668e-01
-3.380998706624997463e-01
-2.052210455948275669e-01
-6.122563926922434951e-02
-1.997143567932809505e-01
-1.658610192129641170e-01
-1.750876091517986621e-01
-1.924073507872660904e-01
-1.635107878152541883e-01
-1.569650094583972533e-01
-1.884632374858138393e-01
-1.434705232417529397e-01
-2.744260906560388458e-01
-1.538104015819568848e-01
-2.316254251571109313e-01
-2.343238195690847403e-01
-2.680823553994356456e-01
-2.069911977781770662e-01
-2.292429796877419046e-01
5.092883793737860466e-03
-3.360817097815795296e-01
-2.431079468824176304e-01
-6.079211428100691345e-02
-1.016313313719316574e-01
-1.754539411306335617e-01
-2.050674087380139066e-01
-1.924293544411732060e-01
-1.986465920993808476e-01
-1.555562791205897244e-01
-5.667865265971151756e-02
-3.314484980169639106e-01
-5.881449143033287003e-02
-1.606798771653198676e-01
-1.926084012465793249e-01
-2.516102053142295070e-01
-1.050345150715258913e-01
-2.267507438468095438e-01
-1.202530405146511605e-01
-1.012572254300033170e-01
-1.683116271811327391e-02
-1.835864179556248588e-01
-1.784709680844803192e-01
-2.780793649179376104e-01
-1.396845350629137283e-01
-1.956440625134213684e-01
-1.995785433778916040e-01
-2.204892879697042951e-01
-1.541370641062726476e-01
-1.648983495169278057e-01
-8.317190721716034851e-02
-9.103251733937131607e-02
-1.404194281436810798e-01
-4.648063530331058429e-02
-9.917222843439116309e-02
-1.251477084155940278e-01
-1.115909789098346455e-01
-1.519802315553033800e-01
-2.976753772162705203e-01
-1.783830457204049758e-01
-1.497198376329831326e-01
-1.596718511213534863e-01
2.441625876773199227e-02
-1.449134458933023506e-01
-1.082767421833412402e-01
-2.054780878812871026e-01
2.990399149907022047e-03
-3.943993280788406913e-02
-8.050059797445041632e-02
-6.118723126800450218e-02
-1.619524820199468029e-01
-3.165398623357305596e-01
-1.329397020718280642e-01
-1.832148827393133561e-01
-9.979389945083125268e-02
-1.161238426294407267e-01
-2.082316903829274923e-01
-2.051462925549716876e-01
1.873090657134561868e-02
-1.459148830260232829e-02
-6.541442932698125767e-02
-2.581569480343518658e-02
-8.990854074378246130e-03
-1.848742246834168546e-01
3.732102115642731144e-02
-1.347846177270794685e-02
-2.281838685863614782e-02
-1.488332483883517410e-01
-5.021622695841432976e-02
-5.521966775226487545e-02
-7.124173518526691340e-02
-8.382589259339608134e-02
-2.161619388759397908e-01
-2.344523352642190021e-03
-4.651079011206986358e-02
-2.207915933102010814e-02
-5.175383088146620625e-02
-8.235140985066349839e-02
3.974378100443914236e-02
-3.951951924305796560e-02
-1.440532143453710223e-01
1.935312497176694402e-02
6.607847600626429174e-02
-1.608618018698135532e-01
-5.212296375846064284e-02
1.277390591563300377e-02
4.632426087730646957e-02
-2.026192788592473017e-03
-2.147861776029364247e-02
-2.027730655110432378e-02
6.927518636821179687e-02
-8.867699754237230725e-02
1.778490491949715202e-01
8.097355192798092252e-03
-1.561026590924879942e-02
-1.023575371858471694e-01
-7.707926152179676860e-02
9.802688851581010943e-02
-5.010190552899825706e-02
1.084496873017938429e-01
4.947281617053168878e-02
2.316100701200120640e-02
1.162828266436654809e-02
4.401666342021218203e-02
-6.575771997383780820e-03
-5.627381441257375133e-03
1.170317548158396198e-01
2.400707714983696395e-02
-1.014500353090600632e-01
1.450401792156526086e-02
4.193026770604289105e-02
-5.454463270344715037e-02
-2.070968973413920416e-02
6.579032159584083383e-02
9.904088229380025865e-02
4.679339211515917696e-02
-2.552947008333826262e-01
-1.813992909691690136e-01
8.786298939708360456e-02
1.180367295472159600e-01
3.638360986049961332e-02
3.578455467552504876e-02
1.303283689999591884e-02
-3.771203468245980933e-02
7.168033564558717874e-02
3.170321631213975089e-02
5.928278115128238906e-02
1.611933923610240071e-01
1.922329608286504066e-01
8.158407150806912256e-02
-2.160642762654324880e-02
8.829032042125543878e-02
8.742888018902396016e-03
1.048319657003202315e-01
1.667986227898071716e-01
-3.838665368214921880e-02
1.851769377861398752e-02
1.784188894835387895e-01
1.986295019238830742e-02
-7.097332260899200107e-02
8.903101847323195706e-02
1.530123290664467672e-01
2.033803131122074309e-02
1.430765651230532232e-01
-7.985036191633976266e-02
1.201974488247638806e-01
-7.828927364961305599e-04
1.312543186970314690e-01
1.495653444814055433e-01
1.746849507218130593e-01
-7.006744891729513314e-02
7.514244815245878228e-02
1.109791243414191692e-01
1.286836170881550390e-01
8.382034054484455154e-02
2.901862707979328826e-02
1.774410942795289770e-01
1.324254619372254305e-01
1.955154637998325340e-01
9.559099039265891995e-02
2.822836372148609940e-01
2.197329541664071739e-01
7.327675566053430678e-02
8.766801043665799556e-03
1.532228114187302037e-01
2.599310246663364965e-01
2.318316178433348917e-01
1.164209630828771935e-01
-3.880076891189755683e-02
3.192971250983554776e-02
2.031619198367873858e-01
5.853394997707753872e-02
8.003049791736052687e-02
1.339965699595987436e-01
1.668417638155314242e-01
2.269921393802578069e-01
5.278169284008166207e-02
2.977128421205436637e-01
1.344583106902501879e-01
2.194772845665363403e-01
-3.876456291694259371e-02
1.922342045354901441e-01
9.990129505894358719e-02
3.270011457320860515e-01
2.613211169828730251e-01
2.177703593439024310e-01
2.252379088495697346e-01
7.622161551727629769e-02
9.958457332627311531e-02
1.393816768767543179e-01
1.376294905989267625e-01
2.170985406470223589e-01
2.831652630064690479e-01
9.731735133424521123e-02
2.834355672965738204e-01
1.808386420707327746e-01
1.673159894675090853e-01
2.364785919667138914e-01
6.949136615643536352e-02
3.422082090398682608e-01
2.928362369783826802e-01
-1.506354272561979436e-02
9.016978861180739713e-02
1.878906705687091727e-01
1.085289203250376228e-01
2.388897317560208233e-01
8.172140168403509153e-02
2.235349604420966141e-01
2.544009006410124507e-01
2.441384433677971366e-01
2.939814394243983608e-01
2.608386146789006821e-01
3.446007223445134993e-01
3.098882254874579245e-01
1.695819718759287997e-01
1.697567022287810035e-01
2.521402271612016022e-01
3.068129089720524894e-01
3.234924585781606132e-01
1.753579741537184544e-01
2.110996516625067987e-01
2.519786722255005218e-01
2.791323223503573425e-01
2.925388206722686624e-01
2.972459601968263088e-01
1.327305452644280959e-01
2.917424507398408973e-01
2.199618290175187063e-01
3.079293413315112860e-01
3.837449225764731353e-01
3.021688535899355599e-01
1.388221018284788166e-01
2.885485372499523860e-01
2.037939446782159048e-01
2.614873521717686611e-01
4.122843192119551858e-01
4.218315582371963135e-01
3.176359389102429986e-01
4.220695321637365494e-01
3.243865401141058369e-01
1.914385787936103145e-01
4.718343761900850031e-01
1.711385503138469211e-01
2.965379214629645377e-01
3.871758272287572078e-01
3.374209227665654898e-01
3.777676877215108697e-01
2.479736747144423714e-01
2.281307975582944625e-01
2.988203455207099069e-01
2.771267746660728837e-01
3.087111020033338482e-01
2.881571560139354893e-01
3.827776106781456411e-01
3.753823475705231338e-01
3.965209614808600236e-01
5.024123155380716410e-01
3.890711212784914164e-01
4.153209670604730563e-01
2.226853481475991048e-01
2.846228984506771753e-01
2.308571102195967617e-01
3.012842220520527969e-01
3.011397793817104929e-01
4.401574498684527326e-01
4.684393921532619687e-01
3.261795035718474955e-01
4.334878646196555496e-01
2.576307161377845989e-01
3.861007898100871083e-01
3.559744941539099705e-01
3.444031283269899935e-01
3.353811748744219279e-01
4.812425631949230342e-01
3.381067683308870975e-01
2.623100391695018518e-01
5.167892750259243106e-01
3.388900914702535627e-01
3.604377281014660150e-01
2.459757375258718182e-01
5.010079046595472541e-01
4.265620031952500613e-01
4.491663363251861552e-01
5.307365360886671102e-01
1.755166231129339227e-01
3.151260383343211235e-01
3.443641380563166043e-01
1.548968531118754544e-01
3.204346474363474195e-01
3.581650300943103327e-01
4.160891802481711532e-01
3.104997171557856706e-01
4.699790219407589675e-01
5.235132353456948273e-01
4.858459701337591863e-01
3.910175657459188381e-01
2.734207043587665864e-01
3.329948750066319962e-01
2.871456514238649449e-01
2.906371392902801776e-01
3.309172381849287969e-01
4.394840227752677131e-01
4.988471743546111226e-01
4.712139936033489240e-01
4.796456730523402379e-01
3.575313665307753297e-01
3.743404451924886023e-01
4.853294500113953247e-01
3.943041597754489702e-01
6.040398199051992822e-01
4.803819448919158241e-01
5.015683538517028417e-01
4.064415747020829195e-01
4.272101947704909364e-01
4.820194813703599368e-01
4.356434336141837282e-01
4.110063884565962611e-01
5.189640121636217573e-01
4.171083578520294877e-01
4.038916807724453051e-01
4.679287822255976947e-01
3.697083500235386344e-01
3.723497536392627594e-01
4.064185722791884281e-01
3.938919404265246449e-01
5.209974418899810944e-01
3.658948103729686707e-01
3.490208558166612574e-01
4.982666438701071066e-01
3.425792465526084629e-01
3.518869575979232667e-01
4.166082991721883899e-01
6.269332170164738649e-01
4.116641646922442610e-01
3.010652834868310923e-01
6.609750739494905103e-01
4.118619699671926537e-01
6.331195481225223576e-01
6.021941192197575177e-01
5.055852897400316959e-01
4.481390259930937980e-01
4.875038115964403507e-01
4.644966135269632534e-01
4.105018760228383856e-01
7.851146892837331803e-01
5.950775412876954107e-01
6.017652856209535495e-01
5.772035234664145698e-01
5.486562657749760596e-01
4.738758095700144057e-01
6.003453143608559195e-01
4.910130168543911378e-01
4.745484578768161543e-01
5.460902138798643390e-01
3.581960729838382096e-01
3.355106206113099843e-01
6.829429680097319766e-01
5.222153099244766228e-01
5.900312517709099813e-01
5.558060165137149733e-01
5.721486843314442794e-01
4.989771184409831362e-01
5.490713849984665273e-01
5.655203994680323420e-01
3.306266955176462852e-01
5.347293697203168161e-01
5.928868285560889850e-01
6.203599152479408740e-01
6.122305126552647359e-01
6.584579780174818486e-01
5.711910377407592998e-01
5.436100309873586056e-01
5.754690869794460983e-01
5.828516180526905899e-01
5.680793946205909828e-01
5.989104047174541590e-01
5.117903439953812583e-01
6.289599550099179703e-01
4.936570700070415096e-01
6.679207288288724342e-01
5.213554843969061547e-01
5.863160063922382426e-01
6.261765655782024487e-01
6.223825407960059675e-01
5.458511571608051227e-01
6.651179209855379026e-01
6.036398032510948974e-01
5.372176123571956730e-01
6.291162417081972436e-01
5.627843900019088297e-01
6.139062337472384057e-01
5.511536375320744696e-01
6.598099963946995050e-01
5.851971058176497209e-01
5.933128567524535990e-01
7.262379301551187272e-01
5.861026261102608714e-01
4.242853991724676588e-01
6.026920466276234345e-01
6.088036860378812642e-01
7.303750755078373125e-01
5.215069580669208227e-01
4.513292643535442572e-01
6.937671165681987828e-01
5.049191868801510275e-01
7.034291926823479368e-01
6.524496951019922442e-01
5.141837326581030210e-01
4.944346393504792103e-01
5.446699856395944561e-01
5.691844462553666828e-01
6.875530101184902376e-01
6.060097021267421002e-01
8.244124269975324770e-01
7.564012879393352540e-01
6.880306826613239446e-01
6.405414107529194823e-01
6.557029851423884503e-01
6.548712397728061463e-01
7.048408537089979609e-01
5.747784803122036879e-01
7.464272423623976582e-01
6.505093096997716096e-01
6.758819633630024359e-01
5.193376922573293974e-01
5.385253649341235072e-01
7.597374752996477465e-01
7.177554652037881899e-01
6.928583564293266939e-01
6.599513373914244196e-01
6.713780436089658021e-01
7.298725937065746461e-01
4.516552412959626839e-01
7.706207332993351145e-01
6.731153446844934107e-01
5.742008369463268425e-01
7.738138733764980959e-01
7.171110638877488119e-01
7.260791799453780726e-01
6.556359209034176017e-01
7.916235471078220121e-01
7.159913412259497623e-01
5.933007781853993912e-01
7.006032589965764945e-01
6.466001853470050298e-01
7.608735275591231861e-01
7.200995254568081094e-01
7.192927550955637850e-01
5.742952177378588541e-01
6.896789190247938350e-01
9.398929798189361584e-01
6.067746324063316710e-01
5.747743298175526094e-01
7.064607522263716133e-01
5.946641490603719049e-01
8.848261550510895246e-01
6.663128633193565742e-01
6.560025472227554166e-01
5.044939149859922756e-01
6.431909782745812709e-01
6.591281333612682980e-01
6.945490759470877018e-01
6.448855320262077973e-01
8.215261133716420527e-01
7.797320897726748301e-01
7.194297040562301904e-01
6.880432738286392791e-01
8.083871864972067556e-01
7.611136352656248105e-01
7.645819730976750606e-01
6.985566512713363707e-01
6.778013890551763954e-01
7.781450471887021436e-01
7.003637580385683181e-01
8.216221723630424689e-01
6.191848599395856079e-01
8.305461467252633900e-01
8.443551575687274768e-01
7.567160233683801751e-01
7.983535639577979959e-01
7.069548402890326599e-01
7.878944366293098023e-01
7.141034665058232367e-01
6.686591311859045872e-01
7.535497535428282712e-01
7.953715782914663190e-01
6.560936190337512963e-01
8.615935873399804823e-01
7.876643166775276761e-01
7.409575994339313576e-01
7.651734005423223017e-01
8.464994747701856115e-01
7.441959187020847910e-01
9.213188245361609852e-01
8.129108560034935538e-01
9.754296810593495737e-01
8.021482476396467609e-01
7.578996804494637640e-01
6.903947628462744346e-01
8.053338355627359668e-01
7.329836856278975077e-01
8.350446495539194380e-01
7.182640321594719879e-01
9.001550139890088786e-01
7.692777341062778662e-01
7.753383997596271504e-01
8.868664090049491744e-01
8.230235630785177614e-01
8.927375075853908326e-01
8.071317220756367705e-01
9.293639639533107788e-01
8.727333530056230471e-01
6.423194949623449723e-01
8.289809965973791162e-01
8.878408492017846321e-01
9.844707156228676981e-01
8.526831615986125712e-01
8.759798056590505366e-01
9.098590608505245925e-01
9.280555096132127035e-01
6.810550259567090814e-01
1.069016316987136062e+00
6.980069557906125599e-01
9.728721162317530702e-01
7.730711630968929438e-01
8.870123709057878836e-01
9.856970536120892579e-01
9.817715024357777098e-01
8.049705905119992622e-01
6.588238482638357763e-01
8.837826542672012620e-01
8.688865399417227131e-01
8.641585485645574272e-01
8.288283009653657496e-01
8.277516930461431555e-01
8.848235265776911440e-01
9.146321698867830863e-01
9.584198599376042571e-01
9.692385817620330357e-01
9.159599228813983807e-01
8.725937992559144041e-01
8.445155838982983942e-01
8.606398787953282170e-01
8.321131376982796590e-01
8.203893739199844548e-01
1.101675273667134913e+00
1.004877605617344516e+00
8.944400435316286480e-01
8.829108597789223634e-01
7.985680872186438073e-01
9.046569861991357042e-01
9.241076747695422533e-01
8.441427238272022349e-01
8.575101100916567853e-01
7.858323572725296469e-01
9.534711527508342721e-01
9.800107690124528759e-01
8.545596816461042966e-01
9.133750645240376054e-01
9.150765769863339338e-01
8.983529382413263376e-01
9.794929790465243258e-01
8.725805040421453773e-01
8.477995842122326708e-01
8.872224709030106515e-01
9.856889234480160633e-01
9.300953825563091915e-01
8.971160107591447108e-01
9.042346979048777600e-01
8.139400593620071955e-01
1.069210452416312185e+00
9.283883007632020012e-01
9.283619972786506525e-01
9.060513060683801356e-01
9.523827250646392795e-01
8.254584817754107018e-01
8.851835319178450456e-01
9.676809549652172215e-01
1.026774401764661837e+00
8.723218790909893494e-01
1.014973137958311566e+00
1.109336606175725048e+00
9.615068383774943994e-01
9.787425793265804863e-01
9.553474212627443007e-01
9.719225438353298330e-01
9.758819182392755032e-01
1.035011474660041841e+00
1.129432184813391027e+00
1.016782218887078759e+00
9.065817360374947009e-01
8.704682759297189820e-01
1.193340906333625551e+00
9.582168257295268221e-01
8.685369000108441595e-01
1.076390948701600347e+00
