-9.995294482007062165e-01
-9.879484794889230592e-01
-1.050560498614149907e+00
-1.119928851992544105e+00
-9.995036434805752990e-01
-9.135120977860896607e-01
-9.244046878050132809e-01
-1.076939847126444860e+00
-9.761434875121667298e-01
-7.923004041817034437e-01
-9.765086700225411587e-01
-9.134642182222955098e-01
-1.031487658073924285e+00
-9.270451109968170789e-01
-1.025734521944849709e+00
-8.941556852982753822e-01
-1.033796163569958404e+00
-1.003671567642539175e+00
-9.267716116519540970e-01
-9.693535996912443498e-01
-8.892074919550831957e-01
-1.030231138797685464e+00
-1.100334066109951214e+00
-9.729111523656127636e-01
-9.185431213906680714e-01
-9.916897395696815387e-01
-1.001998286580040531e+00
-9.775906315484801379e-01
-1.109016852539999043e+00
-1.025160829348500391e+00
-8.782678733973319218e-01
-8.856165664197757081e-01
-9.028734309059474050e-01
-9.769985898148414449e-01
-8.863791662108670977e-01
-8.696529443121248093e-01
-9.014609165741581664e-01
-8.257788946600452817e-01
-7.757678618891715727e-01
-8.755975904037381907e-01
-9.387802416005188721e-01
-9.731722506420542596e-01
-7.941814982038477577e-01
-9.816539776013171181e-01
-9.471732843164163418e-01
-7.677294442350931503e-01
-1.185009781236567417e+00
-1.094698374058127976e+00
-9.522415624748292728e-01
-8.561910899939886299e-01
-7.725418362322675758e-01
-9.069476436653841622e-01
-9.597783470848126885e-01
-8.298145165682149216e-01
-9.081728366730058566e-01
-1.010631015392374321e+00
-8.523706837990976393e-01
-8.945527422744846691e-01
-8.237374277849101034e-01
-8.071294017497930851e-01
-1.058069965914207877e+00
-8.257889732205355715e-01
-9.814018723168247416e-01
-8.912870976630896669e-01
-8.379480687167829567e-01
-9.239214470872677554e-01
-7.942511478988679707e-01
-9.487235602826613601e-01
-9.017637870795828237e-01
-8.634391749789650516e-01
-9.164168266401395702e-01
-9.322574618517617262e-01
-8.527127432018534181e-01
-7.947064647241981472e-01
-7.700842742616647030e-01
-7.286844980586614229e-01
-9.076472500406677080e-01
-8.951583895573305139e-01
-8.287327710289444926e-01
-7.690982267607419098e-01
-7.256546351831633102e-01
-8.273581298433464459e-01
-8.644287168968766144e-01
-7.997412683586501148e-01
-8.625150041249680655e-01
-6.774638283192964128e-01
-7.071963149190223508e-01
-9.691281252299845939e-01
-8.590811061835912366e-01
-9.311050008426228208e-01
-8.837673041951826791e-01
-7.429272131718726024e-01
-7.238849412850391074e-01
-7.567134875026017005e-01
-6.694338328310746045e-01
-8.501813595040709215e-01
-8.832997432520351966e-01
-8.298723626584356694e-01
-9.148087752911613357e-01
-7.690539591015179699e-01
-8.966731781294876580e-01
-7.591778529346914217e-01
-7.727963852726233984e-01
-8.426472295291590475e-01
-8.929880001245344978e-01
-8.349565853902871648e-01
-7.952838447518791876e-01
-8.295404385835239980e-01
-8.900045622091933284e-01
-8.029222216235031295e-01
-8.886629830368142358e-01
-8.225738159778400727e-01
-7.911832815112160855e-01
-9.226941076368680994e-01
-8.570410300439249562e-01
-7.939562252732296210e-01
-6.962007249433931344e-01
-7.139823916691269146e-01
-8.228421559953921216e-01
-7.694560898321641806e-01
-7.836304073100303080e-01
-7.262744207286430109e-01
-7.606319697135640601e-01
-7.321774369818432326e-01
-7.928466035129640987e-01
-8.533814586855366091e-01
-7.409470808118970853e-01
-7.555973988964603816e-01
-6.963025663346621430e-01
-7.315208560183638076e-01
-7.919612792326627959e-01
-9.943492934813412676e-01
-7.585497743812954496e-01
-8.491311561587777668e-01
-8.051015526692423263e-01
-7.454016205705387144e-01
-7.427645778265918874e-01
-6.038174150116092376e-01
-8.108408498757214700e-01
-5.734104392117470583e-01
-7.865321476618167829e-01
-5.796077222010570518e-01
-7.397226775846659219e-01
-7.427535135784021358e-01
-7.971735261995666066e-01
-6.758425630691738961e-01
-5.500793745630174758e-01
-6.234176215721995984e-01
-7.451570646518657082e-01
-8.268756461924563483e-01
-6.178707452296511304e-01
-7.746344914046381369e-01
-7.457957506415884286e-01
-7.230230885428311494e-01
-6.404985438101661321e-01
-6.742027048956238389e-01
-7.105699653752970413e-01
-8.699960466419957017e-01
-5.100208296885699877e-01
-7.280660935806003708e-01
-7.395304567060935197e-01
-5.594487904422499325e-01
-6.340482245503108460e-01
-7.327175922254640650e-01
-7.064432522617674071e-01
-7.319088207642686639e-01
-6.511355667272856751e-01
-7.526579104561482714e-01
-6.994681013829269212e-01
-6.568997665685545329e-01
-6.188429060124642778e-01
-5.913673794098811554e-01
-6.791624051167459708e-01
-6.119820688101684780e-01
-5.553291814186942510e-01
-5.161021620647250341e-01
-6.423640157032506348e-01
-5.724544344026240017e-01
-6.772720399153825399e-01
-6.156469502076822309e-01
-6.790499347555561949e-01
-6.438608646991536011e-01
-6.150916426104674484e-01
-5.926609494467621753e-01
-7.121964982560579083e-01
-6.452264724037752863e-01
-5.998664031520640760e-01
-6.031579410674519082e-01
-6.004825479917390574e-01
-7.646892012791844939e-01
-6.738577601885760160e-01
-4.499903750853329609e-01
-5.987282778972401465e-01
-6.078682684148922766e-01
-6.437216999556252262e-01
-7.803476653554458631e-01
-7.139467622345019304e-01
-5.512869069471222350e-01
-5.630530135335606312e-01
-5.373202463636448378e-01
-5.993206102437165228e-01
-5.833323477729811524e-01
-6.211228606952107212e-01
-4.389925713042787669e-01
-5.726298068072966929e-01
-7.408906966066037825e-01
-6.902304837514622315e-01
-5.018230964557611751e-01
-6.691539024066277541e-01
-5.878854514492273253e-01
-6.291453746599660057e-01
-6.974030202048306926e-01
-5.078052104842040171e-01
-6.061722864041143577e-01
-6.054677267412321706e-01
-6.874338974412618208e-01
-6.119676559475516475e-01
-5.534665450084730320e-01
-5.916273752516711948e-01
-5.480743731040316202e-01
-6.285907054837087671e-01
-6.008250499827203495e-01
-6.459101026952273061e-01
-4.851060795152811189e-01
-5.811025090031087803e-01
-7.505856833913874260e-01
-6.969410799461662753e-01
-6.309294495345062481e-01
-5.917382538838689143e-01
-6.290056092836163737e-01
-5.233239894081056498e-01
-6.165557643579432368e-01
-5.193834430032880922e-01
-3.616867325267283939e-01
-6.665513143270656027e-01
-5.116856203987779628e-01
-3.769204637338582908e-01
-5.194475313965275509e-01
-4.760473124520491761e-01
-5.682752217480102619e-01
-4.618860744557600206e-01
-6.358614903826701470e-01
-4.169050232641320353e-01
-4.812234098124937298e-01
-5.899205003564844674e-01
-4.709076431865513168e-01
-4.653126682891387533e-01
-4.354822087004858733e-01
-4.500242896223082267e-01
-5.353372298617636860e-01
-4.753183543129466115e-01
-3.859559457855186171e-01
-4.428866643250808921e-01
-5.092612668180577229e-01
-4.255258533398281751e-01
-5.836175331532181820e-01
-5.156011161814261223e-01
-5.567576059494592222e-01
-6.892556767270530127e-01
-4.272961255958812044e-01
-4.261104981247299528e-01
-4.103957694170408121e-01
-5.467694661318420746e-01
-4.861359569581953921e-01
-5.514074085549213189e-01
-4.725709673462203386e-01
-4.765259771375525699e-01
-4.690063533243518656e-01
-4.887072618332578000e-01
-4.487123955748320570e-01
-6.043464292339526533e-01
-4.043685058457222037e-01
-3.913435754773028075e-01
-5.172467521823442826e-01
-4.268490259407809462e-01
-3.890957760741463045e-01
-4.154548745427067424e-01
-5.016689116508770141e-01
-3.259186145151509728e-01
-4.025049645397518194e-01
-5.345022514694861560e-01
-3.283921269083081573e-01
-4.806318529444096321e-01
-4.653665356234741313e-01
-4.736415367775848595e-01
-4.544750552306328628e-01
-4.161587944104249703e-01
-2.691013290927259938e-01
-3.766286840839033756e-01
-4.973038720228922238e-01
-4.284336539075039307e-01
-4.597384758733692456e-01
-3.917863968146725884e-01
-3.641702807914964368e-01
-3.962808968789112707e-01
-4.741060985730794486e-01
-4.448049619395191279e-01
-3.783112584369803799e-01
-4.510039172293072163e-01
-3.597203385371769424e-01
-3.351254551654631597e-01
-2.561424495473662577e-01
-4.999457924905348349e-01
-4.671213107983614443e-01
-4.115702958763742259e-01
-4.192089468724872758e-01
-5.423374427685803134e-01
-5.526887242862938976e-01
-3.966013959189560456e-01
-2.306880992079749781e-01
-4.132668552729827360e-01
-5.501609683585171329e-01
-4.378429564282446673e-01
-2.981508086439708660e-01
-2.977642765770754374e-01
-3.695573492338762311e-01
-3.515978466036986938e-01
-2.954547646912771830e-01
-4.543690204608670236e-01
-4.455313316361187437e-01
-3.015296169273240512e-01
-3.452441943814716918e-01
-3.584386520812279930e-01
-4.520960370287168129e-01
-2.871117455259820095e-01
-3.389836374090531290e-01
-4.727465129301574587e-01
-3.798955472697788660e-01
-2.567624421234256937e-01
-4.071131054242604908e-01
-3.871415172919214776e-01
-2.730978017000644797e-01
-5.080126815004162300e-01
-3.685070786011283017e-01
-2.661046513729982688e-01
-3.075826790127618726e-01
-2.994807321770615594e-01
-2.715247341523273628e-01
-3.051451312181288622e-01
-2.679167183849812117e-01
-2.413338705157242470e-01
-4.481227908465437726e-01
-2.391336838004679555e-01
-1.284439431595408576e-01
-4.665561898616346626e-01
-2.382562058267735094e-01
-1.976706251027876837e-01
-3.334432492671028370e-01
-2.174284467068645921e-01
-3.826387234372467527e-01
-2.524230771662943074e-01
-3.185660795055738626e-01
-2.477365396778494766e-01
-3.163232057674563724e-01
-3.726277639738149183e-01
-2.156584988690658511e-01
-2.100545152958843698e-01
-2.278033303907020524e-01
-2.931740605281210610e-01
-1.380150114804303829e-01
-2.409176635449351567e-01
-1.618735296800972723e-01
-3.142738062438693580e-01
-2.739059065549048766e-01
-1.982576452221639085e-01
-3.863186230463782622e-01
-2.874383812601606358e-01
-4.040565167806177138e-01
-4.030408646403804696e-01
-3.655312738255823146e-01
-2.339218903241097047e-01
-2.074812344649556162e-01
-3.520238382540348820e-01
-1.904395914085029451e-01
-2.281840316529673285e-01
-1.522652136998626227e-01
-3.011626887087273108e-01
-2.655526328128410829e-01
-3.025960453554036311e-01
-3.746042398872335144e-01
-4.573267169126662424e-01
-1.963934350301957676e-01
-2.406940682751635974e-01
-2.562386481702518815e-01
-7.220555295408126462e-02
-2.257448714437865211e-01
-2.660817750796936609e-01
-1.935438871178742359e-01
-1.967769988766893408e-01
-3.172273525803320782e-01
-2.669825588492064083e-01
-1.781676170206932253e-01
-2.136824662182610912e-01
-2.180345042259921595e-01
2.029299852981297433e-02
-4.944039337896809910e-02
-1.623746395026573475e-01
-1.089653609478289237e-01
-1.994281087399335795e-01
-3.275892740496558209e-01
-5.151110822250970500e-02
-1.342947508577868598e-01
-3.486474223581248477e-02
-3.317449677471932534e-01
-1.145963331306723010e-01
-1.705670352851275662e-01
-6.159935737374699211e-02
-1.062892862763765017e-01
-1.635418769303884357e-01
-1.200720733751527020e-01
-3.088330281438338987e-01
-2.261605512074637558e-01
-1.516667673001041716e-01
-3.098864560015663350e-01
-2.390322556472203319e-01
-2.244960840217648523e-01
-1.317073196395183166e-01
-1.521018186010278661e-01
-1.549416228971788323e-01
-3.753197548740102030e-01
-2.224853999362003398e-01
-2.474843122395920803e-01
-6.810892115809251413e-02
-1.834601597652009142e-01
-1.382288509286989653e-01
-7.249473272196646501e-02
-1.054205514599299010e-01
-1.913135919983077193e-01
1.119087017920361582e-02
5.427453196496608012e-02
-6.458796673602876237e-02
-1.001578365867955289e-01
-2.896658757217847602e-01
-4.228113772676449916e-02
2.067248737504746164e-02
-1.960840740256930559e-01
-2.472614233815439988e-02
-1.556997199583618485e-01
-1.088442657428693588e-01
3.359595620815455236e-02
-1.200599469588488899e-01
-6.636817254164877056e-02
-1.397525448415283533e-01
-2.442651289090329025e-01
-1.532983824580406162e-01
-1.206181529709096506e-01
-1.090509235151693734e-01
-8.371662851956489931e-03
-1.293370960171337236e-01
-1.753631948081356973e-01
-1.908456669949420634e-02
-5.048888606037666565e-02
-9.454121127793178869e-02
-8.138974757174553820e-02
4.762961534732784025e-02
-6.953011273573281303e-02
-3.299753238880169526e-02
-1.355018597909886380e-01
1.930524512605968392e-03
-2.028014894061793555e-02
-4.567583340454775542e-02
-1.890369518377764957e-01
-5.274928950109866038e-02
-1.005127208372296049e-01
-1.681546330858167682e-01
3.690460959405501840e-02
-2.480696758607435215e-01
-1.100436480786426766e-02
-2.901842842259616528e-01
-2.406652211235826844e-02
-1.511380403171531939e-01
4.347376576029551853e-02
-1.450809402077754551e-01
-6.061252237982885094e-02
-3.714256416206881267e-02
-1.272121548347685815e-01
1.621949366072995488e-02
-2.603310075917607616e-02
4.834629163124366108e-02
4.478139315256415148e-02
-1.779318467069482268e-01
2.369926804272956544e-02
-2.259807657199248421e-01
-9.903635060985124805e-02
-2.662850860809498361e-03
-2.869138744322360587e-02
4.123288523575751457e-03
-3.948121283952820207e-03
-2.655835472084194793e-02
-2.368757807313587663e-02
3.679848875348053910e-02
-1.544103581261797031e-01
-1.955393323495615079e-02
-1.070932219897213489e-01
9.761538338214909016e-02
-1.607097610016772482e-01
1.275079760787466709e-01
-3.189849513626377003e-02
-6.334016288331353883e-02
-5.737072411210616951e-02
-1.085324957043255073e-01
1.188462022194043399e-01
-1.436709268976613385e-01
4.794068868742633327e-02
9.360473283780303133e-02
1.527079674649545714e-02
-6.466672682944879513e-02
-8.876931200498903995e-02
7.885933929943096665e-02
-1.073933276339441439e-01
3.717915205418596131e-02
1.376415794289992389e-01
1.575251743573686525e-01
-1.693773801047893449e-02
1.243121714220946916e-01
8.833577582340498835e-02
1.925673811101572819e-01
8.275681321889874487e-02
-6.053395399813184946e-02
-6.586401016738113734e-02
9.283429530716966194e-02
-2.740641228295576451e-02
2.437345507437702757e-02
4.808658979405645156e-02
1.811944338056074855e-01
-8.555145964843828207e-03
1.058432455559206314e-01
-6.759807613409807292e-02
9.549751037992905423e-02
8.347391880803584074e-02
7.876717944574493369e-02
9.000897651207701022e-02
-2.609155291439577140e-02
8.798843572290868109e-02
1.026861656480467372e-01
1.783678899037203780e-01
1.533143527753007274e-01
1.621759353849089869e-01
6.658989645102922350e-02
1.035300174429088088e-01
1.081038832651125270e-01
2.987475649312561210e-02
8.256363421419199086e-03
8.624995961251591403e-02
1.327642624979286923e-01
1.994913851443703701e-01
1.781376347998802623e-01
3.133012178388676350e-02
1.935646579687846230e-02
1.213528713134263415e-01
6.840109597237437056e-02
5.248936305521322704e-02
2.459103176538238178e-01
1.536923518321729222e-03
1.825936111034117404e-01
1.774900715122380013e-01
2.747944260207677361e-02
1.446557893062476730e-01
1.292748401113286150e-01
-4.989384227853865816e-02
5.046798854404935947e-02
1.568727914070744411e-02
2.553619382174232011e-01
1.973829799439719423e-01
9.979334221211223765e-02
1.976720685829596591e-01
2.334239184486736063e-01
1.036088681372978743e-01
4.266421880656730281e-02
2.282885794508519028e-01
3.626055800347200569e-02
1.604952078398007298e-01
2.277817165248353093e-01
1.909622913021014057e-01
-2.635871077632199414e-03
2.469537152086852538e-01
2.751895181169465854e-01
1.014073513010194244e-01
1.905758564267989175e-01
1.134964480042108120e-01
2.274331056569550147e-01
1.825623831219244098e-01
1.109159055421467394e-01
1.572448145686976551e-01
2.576988179457188055e-01
-8.981151191525379995e-02
3.581944562602140669e-02
1.707848476526058756e-01
9.843915736294515939e-02
1.398399754253221161e-01
1.792348324425464268e-01
2.781716157975211434e-01
1.048218310759068683e-01
3.004905764355806363e-01
1.056292586212488477e-01
6.260710493476989713e-02
2.241908806844856161e-01
3.959392170402553091e-01
1.829714548756054271e-01
2.285038600518578544e-01
1.409823127770617190e-01
1.792641021679342583e-01
1.571040731334924223e-01
2.742463356920151196e-01
1.973465206621840828e-01
1.883824312832025338e-01
2.223390615226539524e-01
2.674436370436409915e-01
2.038272525418320658e-01
2.535412600787803061e-01
1.383533742328777461e-01
2.763190074313851552e-01
3.845297270199322104e-01
3.029865689117099969e-01
1.530107367938577656e-01
1.476704620484489971e-01
2.432906545036288282e-01
2.182095494477375441e-01
2.621955769137140346e-01
3.878562006912920634e-01
1.415819658140921589e-01
3.400270766400686345e-02
2.651187071097845793e-01
2.509478358719042235e-01
2.598840824571914676e-01
2.367151545421271874e-01
2.750549252608124884e-01
4.282966376443212986e-01
2.972447065059408144e-01
2.235792268353316847e-01
4.611606374838659317e-01
2.038987427805130925e-01
2.914612284404022868e-01
3.424887320001304136e-01
2.633842863322151118e-01
4.128326622076352037e-01
2.097112216449299182e-01
2.050197166432051188e-01
2.259733867445568589e-01
3.114504151664636566e-01
3.136327150762134863e-01
1.987251755888749249e-01
2.912646837363701002e-01
1.546748412509473258e-01
3.261511374947516639e-01
2.768686584253107208e-01
2.514971603460322003e-01
4.422482273669721131e-01
3.535244476179589257e-01
2.512435510365043090e-01
1.860422364539085840e-02
3.381975748815472249e-01
2.985391284857158434e-01
3.949297182895774583e-01
4.020409407401764335e-01
2.358605386951217187e-01
3.600653102974349928e-01
2.334960030164660583e-01
3.408367940663303841e-01
3.961465352801633033e-01
3.245752211751703475e-01
2.929948164176061076e-01
3.905978396722137869e-01
5.291300386414118373e-01
2.396601420181604103e-01
2.126248693642611154e-01
3.960624478617153499e-01
4.078776435376065268e-01
3.038629194795231525e-01
2.816821855492374072e-01
3.936921874209993732e-01
2.865506106144427023e-01
4.936854129475260478e-01
3.701948235686061683e-01
3.863009434135127873e-01
3.708606253759167970e-01
3.010481527459145656e-01
3.791944566831700891e-01
4.002399407218975580e-01
3.360147495974155074e-01
2.920534649182228715e-01
1.584897678027049617e-01
3.079445154432406406e-01
4.277518079609327062e-01
2.237325356568071744e-01
4.629140777521769667e-01
3.985785931419847383e-01
4.651294638454477881e-01
3.904436050302073080e-01
4.683884337518742225e-01
4.256914394629801590e-01
2.853692132719116703e-01
3.895080097311305889e-01
5.133616582941589179e-01
4.332577122659145297e-01
4.553862051584033344e-01
4.095180668913943611e-01
4.180027669801126278e-01
4.032966592917188731e-01
3.380111582193729425e-01
5.173124949274948703e-01
2.946973338838152490e-01
4.595765994178296343e-01
2.530324279178442493e-01
3.286325454527713186e-01
3.421287110773225115e-01
3.958631850941673469e-01
4.393322758404538675e-01
5.947702758115990251e-01
3.863884712868790872e-01
3.620213627674073176e-01
5.263670106992085485e-01
4.566704318511831673e-01
5.074679242395927492e-01
4.519248224396774649e-01
3.489150882764266992e-01
3.350532469613317077e-01
4.699957010217468145e-01
5.064749869893719891e-01
3.150948001727156833e-01
4.730058763988642112e-01
3.250738489084954996e-01
4.413025405174591520e-01
4.891966321002846341e-01
5.779097889005517796e-01
4.671051086592795665e-01
4.026782258820120197e-01
4.949947597097836827e-01
5.276193808673668162e-01
4.655696342043981195e-01
5.021739148500763417e-01
4.546284071787763947e-01
4.884130530812924031e-01
4.358696990694539419e-01
3.958667820364840662e-01
4.428069283232595188e-01
5.567277979219208417e-01
3.858714283238021681e-01
4.242045816318305573e-01
5.050071547760974777e-01
6.066341962777361818e-01
5.918406993989988596e-01
4.756257188786992551e-01
5.556064970134541037e-01
5.558815711323934483e-01
5.804904252644800255e-01
5.755671504886055168e-01
3.838411632701200227e-01
4.672553663013962466e-01
5.990607317003625587e-01
5.641132043166476873e-01
5.471467731622552400e-01
5.351286629305959108e-01
4.749893768241290060e-01
7.610164352475793370e-01
5.144449839354077181e-01
5.245090718473609526e-01
4.574268209004306307e-01
4.781816147603680234e-01
3.675309437001397783e-01
5.473106896270899524e-01
6.174579323162653344e-01
4.581856980412390978e-01
5.749236001279039998e-01
5.146802500504007449e-01
4.355132976026761527e-01
5.513310443244274772e-01
4.930708019093693606e-01
5.398333218361767161e-01
5.384782708735660339e-01
5.726150083356942311e-01
6.309959949047408978e-01
5.435594759486320759e-01
5.083414510849654233e-01
5.906219323392994935e-01
5.884256059175571041e-01
6.316306584918637279e-01
5.929431199926999962e-01
7.015189558577423767e-01
6.113500326399959883e-01
5.520910138194916605e-01
5.541905315717984282e-01
6.613202676468604713e-01
4.583517966413724332e-01
7.348690282070166058e-01
5.638004791393337323e-01
5.901840888667757579e-01
6.677296325222066287e-01
4.997890715229776903e-01
7.176548722916745726e-01
5.485713528392579530e-01
4.778903268372559632e-01
5.664271698287633994e-01
5.102021875113095239e-01
6.028002722818400771e-01
6.649496379568792248e-01
5.203449812542653152e-01
6.426727893213930454e-01
6.611973310032435158e-01
7.108438888599589722e-01
6.470706235155387898e-01
5.898731220278227161e-01
5.749914125349383509e-01
6.120561146470719915e-01
6.357965843408378559e-01
8.528890575684748843e-01
6.385168306726062282e-01
5.828068441139809819e-01
5.749237894655772063e-01
5.666210153950278494e-01
6.661251511828433225e-01
6.223192366218561755e-01
6.144731416801938462e-01
5.202090345048028253e-01
4.065882989475389508e-01
6.221481105730723993e-01
5.597139306067219211e-01
4.683316577207049525e-01
7.059410931034315606e-01
7.807219976904689052e-01
6.052462000356149119e-01
5.920232335636508303e-01
6.818137696936779069e-01
5.945919338669293230e-01
6.182500327552264974e-01
6.161602249355193628e-01
6.715372732433825265e-01
5.092201925991768352e-01
6.594314592439848299e-01
8.403063683272717910e-01
5.543808639704538299e-01
7.594674359846922407e-01
7.332630834479955118e-01
7.450582584526503904e-01
6.795915535850657330e-01
7.751542991877694577e-01
5.657912469699629687e-01
8.745802016515725752e-01
6.726219810785580844e-01
6.243272312053421702e-01
6.126861215493720758e-01
6.475361970143764800e-01
6.687685501016165102e-01
7.057679909964930109e-01
7.116373005256697581e-01
8.566458972379599190e-01
8.250235690724561088e-01
7.780937114670000154e-01
7.185444372105365129e-01
6.830055912970011134e-01
7.014928717588586604e-01
7.199677383138375353e-01
7.054743245049477363e-01
7.312756476133243089e-01
6.424823287369219038e-01
7.599266524101206954e-01
6.553018540915214185e-01
6.786459543322540533e-01
6.474391391123314188e-01
7.146777935747796739e-01
7.678134982735463909e-01
5.883592513962059289e-01
6.967043222924328427e-01
5.513745761016087821e-01
5.841608548588890226e-01
7.094208872264421428e-01
7.907645777856754377e-01
6.381306455785018539e-01
8.450036445531630136e-01
8.659114398112065514e-01
6.891661977601968303e-01
7.514838785228179496e-01
7.993991971408691555e-01
6.899872854043248571e-01
8.391894680169209586e-01
7.124821791793881642e-01
7.393276271292541502e-01
6.223127531380380217e-01
6.679282040695210254e-01
7.293797601792858520e-01
7.084829937161978286e-01
7.021312155801248123e-01
7.515009998769085486e-01
8.067543232411810150e-01
8.008674920829296218e-01
7.091228226759145326e-01
9.324055059091932440e-01
7.618345567624602577e-01
9.147149104821263865e-01
6.131028098779630620e-01
7.216899218431982455e-01
7.618988703640391380e-01
7.452087659440996825e-01
9.399400159110009589e-01
8.640708955902892674e-01
8.107980484664714105e-01
7.122734270480793883e-01
8.798138524687110218e-01
8.134718923943875524e-01
7.368142002289430614e-01
7.793369661024800443e-01
6.941741718277461004e-01
8.390992002078050405e-01
8.758742626088656946e-01
8.773818819526069124e-01
8.782557238617401119e-01
7.637003016488805862e-01
8.323363110692367783e-01
8.818837406366769605e-01
9.307552700516299460e-01
1.042086662127230445e+00
7.328392853601258805e-01
8.445209994516185148e-01
8.920650325383832069e-01
8.159925336729315637e-01
6.754647999474082676e-01
7.178522273830645339e-01
9.021111164808586214e-01
8.527166362862579341e-01
8.628716538582265061e-01
7.939448584146315824e-01
7.681723161998583738e-01
8.877510095501469634e-01
7.740592361829203849e-01
8.625060594372265799e-01
8.579165997291021695e-01
8.242122360935372205e-01
8.556910458258726315e-01
9.473105180026373251e-01
8.627601821942757487e-01
8.694190227295760520e-01
8.381164780339110942e-01
7.882416818784052648e-01
7.676634191912544702e-01
8.372937645914738658e-01
9.176086952949110698e-01
9.899443925772736241e-01
9.234325504441337484e-01
9.370319971656470015e-01
9.817112297035761603e-01
8.977078679398503569e-01
9.189350923166446083e-01
8.710230591381753484e-01
5.926531411039270836e-01
9.219640671106643648e-01
9.594848341459814023e-01
8.956532734866521350e-01
7.983983192994810185e-01
9.118416255326988740e-01
9.105101758779555743e-01
1.002135304284659245e+00
9.593702437345846823e-01
9.506084695854808420e-01
8.548430871132771669e-01
8.591017159462400743e-01
7.098377200422988365e-01
9.794959048816973546e-01
1.075052930654598615e+00
9.775969109916179400e-01
9.307110999819884212e-01
8.218323637116321523e-01
8.839364872450358179e-01
1.007903118398746800e+00
9.701042714084031626e-01
9.394781305520677472e-01
8.786079453798095740e-01
9.559574146834090014e-01
1.102214558553477275e+00
8.573074841089503018e-01
9.423956197275583646e-01
9.423842418870324034e-01
1.016834313688209201e+00
8.816215820518744639e-01
8.233039478732988581e-01
9.796102836282432058e-01
9.660102766025256971e-01
8.888958675004279275e-01
8.694302555976007874e-01
8.985951850357207782e-01
9.677258418735896761e-01
9.918509569802472781e-01
9.732272694652405187e-01
9.740767458200989548e-01
9.281212616353223810e-01
9.391195822001104920e-01
9.671084447136819584e-01
8.619794769668163159e-01
8.775920907672197790e-01
9.891123963787492590e-01
1.012924408220231554e+00
1.015153477881555633e+00
1.014496589358471423e+00
9.461297919770486065e-01
1.000065508611941656e+00
8.538276452008261019e-01
9.317141351212014921e-01
7.929516679856466466e-01
1.011972268005069564e+00
9.572113216187644325e-01
9.652566756510269075e-01
