-8.756814352396881107e-01
-1.106930369042494977e+00
-9.514757083647639169e-01
-1.013286417042923881e+00
-9.592398173250883398e-01
-9.963968572921549915e-01
-9.438350889691523582e-01
-9.871769075971829066e-01
-9.513757744180254550e-01
-9.950397727400110970e-01
-9.755402320968505903e-01
-9.774568621477081054e-01
-1.007088910068732579e+00
-6.971764842713228383e-01
-9.033489446461715477e-01
-7.378161427708517239e-01
-1.020390983782620165e+00
-9.765153664135106659e-01
-1.017791204484443934e+00
-1.132574346065603921e+00
-8.775441408307814717e-01
-1.004744012645004902e+00
-1.021534364747118229e+00
-8.164933591403887858e-01
-9.355223288592051656e-01
-8.888436561898171995e-01
-8.801351296671212632e-01
-9.029351016741642422e-01
-9.892350071685496182e-01
-1.036093171207496111e+00
-1.019155496488375556e+00
-9.423169971450501281e-01
-9.608967203650854438e-01
-1.006690017630123224e+00
-8.936118271086601617e-01
-8.827846475327731923e-01
-9.072753455583438820e-01
-9.767419610739859204e-01
-8.693731099292670850e-01
-9.768022706409088540e-01
-9.660801414229757134e-01
-8.891402220450884686e-01
-8.467189524034891557e-01
-9.240741444492114320e-01
-7.323616367144684114e-01
-8.673827571790698743e-01
-8.796611048305238434e-01
-8.700897137633450962e-01
-8.358663683704178338e-01
-7.433453005097266919e-01
-8.981004837059753942e-01
-9.188601573712724679e-01
-9.928982424564746223e-01
-8.708806235395827322e-01
-1.041832188435754425e+00
-9.641812192025153161e-01
-1.096039707363055005e+00
-9.185941306480299717e-01
-9.890969773853393043e-01
-8.449373919844955783e-01
-8.462741739778154582e-01
-9.871966683488796468e-01
-9.941179343037521710e-01
-8.540542312849818130e-01
-9.628792363164597745e-01
-7.868417562880962723e-01
-8.441529330348596094e-01
-8.535950251982571402e-01
-8.309558552587436031e-01
-9.479707033804285476e-01
-8.795162164262676496e-01
-7.035103234280797313e-01
-8.214220544057159179e-01
-8.082219954897701397e-01
-9.047764632088425296e-01
-8.180009443244723455e-01
-9.273857424819935691e-01
-8.482971500206819560e-01
-8.193778654574104259e-01
-8.270350841597308156e-01
-7.456737217144915331e-01
-8.240924846968646911e-01
-8.156606842531998192e-01
-8.233791465502238172e-01
-1.002201278931081685e+00
-9.498709119761583608e-01
-7.707330629943890399e-01
-7.922167682704451819e-01
-7.994660426833044564e-01
-9.086641267274934153e-01
-7.573855378542838634e-01
-8.841840044339585036e-01
-8.821737343868512049e-01
-7.476972587251328184e-01
-8.349835336010665854e-01
-7.699928076376925112e-01
-7.638727346269703622e-01
-7.540293134119762097e-01
-9.203703042520349209e-01
-8.545498086831694318e-01
-8.281619199164518275e-01
-7.479465667721797439e-01
-9.502187934489011445e-01
-7.050461297766337232e-01
-7.938780551171762401e-01
-7.201971332066615661e-01
-5.808763354490913411e-01
-7.854935588378032518e-01
-8.878804810646702128e-01
-6.530849635629756289e-01
-7.535272461574035185e-01
-8.143993667092586097e-01
-8.378167613603825226e-01
-8.605438149994978358e-01
-6.415219533934052309e-01
-7.331712536619161558e-01
-9.381681314029628460e-01
-6.710597445485149137e-01
-7.106944915853617983e-01
-9.113338006018065762e-01
-6.876371038612645314e-01
-1.000218314631202476e+00
-7.601586981087332662e-01
-7.744845474177987077e-01
-6.996341930751812654e-01
-8.685594735752099060e-01
-7.598187976146342226e-01
-8.080422944840661703e-01
-6.400297803983744371e-01
-7.699736492700796076e-01
-6.194448853763993013e-01
-7.171096102763293567e-01
-8.249973326266502038e-01
-8.316045333858490540e-01
-9.642500958890968255e-01
-7.374908222278383496e-01
-9.343130722340935446e-01
-6.915482756549105048e-01
-7.299528200771953079e-01
-4.518951258050126762e-01
-7.021500673216177768e-01
-7.087987627358053322e-01
-6.663510851937396451e-01
-8.341217718626111610e-01
-6.755128454386462034e-01
-6.796448539024394497e-01
-6.396172526564453120e-01
-7.383363153409643331e-01
-5.265622136962641031e-01
-8.195067241485369802e-01
-7.720067907427671239e-01
-5.584878721582818839e-01
-5.773288883319351861e-01
-7.659101040556791640e-01
-7.987182119260258784e-01
-6.966277720356635061e-01
-6.278717432190250580e-01
-6.261695118048181685e-01
-6.956874890080594342e-01
-6.100779494691072058e-01
-4.668252703345234789e-01
-6.763110764646871331e-01
-6.328674844138205691e-01
-6.889416899747954348e-01
-6.887290346270572572e-01
-7.027260216767247103e-01
-6.874578498278233196e-01
-6.139045341043291026e-01
-5.438310311214649140e-01
-6.987320501749099133e-01
-6.300071295007036998e-01
-5.795847347131040106e-01
-7.640571417875438032e-01
-6.776427653591299283e-01
-6.781046986944411215e-01
-5.889211725506382500e-01
-5.933053123565878995e-01
-5.884572194657208266e-01
-7.098332606934021349e-01
-7.612820437974082699e-01
-6.313511382677915451e-01
-7.241042588758583864e-01
-6.175106852607191721e-01
-5.311103338845347688e-01
-5.730620546557149142e-01
-5.373284918411902478e-01
-5.492484667828647638e-01
-6.392593833656955438e-01
-5.854371669933722266e-01
-4.714634298235869103e-01
-7.202382056222532691e-01
-6.552096771179630741e-01
-6.300507822640418754e-01
-6.064427561966907465e-01
-6.033393011605907574e-01
-5.343985090316903941e-01
-6.650751914195186520e-01
-3.974073211391461746e-01
-5.842218825002115645e-01
-6.269071545902162867e-01
-6.571844355567286744e-01
-6.771459730907924968e-01
-7.447201837170238647e-01
-5.617103008908351791e-01
-4.184196890760377707e-01
-6.381177911873689990e-01
-4.466736635425275215e-01
-6.388952329747031866e-01
-8.049855114218277263e-01
-4.952296545809338757e-01
-6.726589264586932959e-01
-5.610006263474088817e-01
-5.832971894451015604e-01
-5.166297009435657506e-01
-5.799976843331504650e-01
-5.487458653116287222e-01
-5.173191265665274541e-01
-5.044807772390054179e-01
-5.329004638637823144e-01
-5.017756185763482257e-01
-5.603748245418987972e-01
-5.459496636558079929e-01
-5.757618905620822680e-01
-5.791709417282289163e-01
-5.134662549438255841e-01
-3.982434779360024546e-01
-6.632328668857037091e-01
-3.173940724201285146e-01
-6.818315120210212132e-01
-4.906098389820722216e-01
-5.825933265310996312e-01
-5.082321609503447357e-01
-6.745810108266538929e-01
-4.777463345997569055e-01
-4.924887039596277938e-01
-4.728780653273634282e-01
-4.563700575740273768e-01
-6.683941088424166788e-01
-5.433289695976857292e-01
-6.340924972325551190e-01
-5.016920131501405589e-01
-5.591709980937662472e-01
-5.812648622387844854e-01
-4.416406518636721845e-01
-4.052406898368527965e-01
-4.857257412988773004e-01
-6.603144111615025791e-01
-4.856355521219968274e-01
-5.152367282836674001e-01
-5.452617430818647026e-01
-4.529084700555739418e-01
-4.021267719044257505e-01
-4.635550914866703454e-01
-4.757866007377092865e-01
-4.439700488483927510e-01
-4.076317927085192361e-01
-5.204802931821934653e-01
-4.357472758660083101e-01
-4.687150023742645555e-01
-6.022769677386621279e-01
-4.562347533217395168e-01
-5.717790739377578424e-01
-4.867734918194994154e-01
-5.808083522777295338e-01
-4.126774308061914587e-01
-4.541015377919824236e-01
-5.407953688818507576e-01
-3.422274537801645589e-01
-3.241564351602352900e-01
-3.652303174522727458e-01
-4.729309365858934688e-01
-5.083121082351261810e-01
-2.760926790595061853e-01
-3.952533943391171589e-01
-3.983133162906190017e-01
-4.553419072199335615e-01
-4.042073324901545028e-01
-4.499726539704425043e-01
-4.211319207094855188e-01
-5.645192694329588257e-01
-3.285837994795424155e-01
-3.481653295044028207e-01
-4.535394269887532692e-01
-3.424458096747362013e-01
-3.028200662753244843e-01
-4.261844750685242489e-01
-4.199353885408841358e-01
-3.098544766527265293e-01
-6.053339243364294076e-01
-4.391970565476386312e-01
-3.379729729977012931e-01
-3.070342861928402334e-01
-3.063742476345169830e-01
-4.405290440390992601e-01
-3.807385192414577402e-01
-3.855414038277947819e-01
-2.235403137075492042e-01
-4.374141319388933358e-01
-4.168721654714320768e-01
-3.898913463290289982e-01
-3.737389874743400342e-01
-3.141435390053075594e-01
-4.240587663401979013e-01
-4.691942083888145931e-01
-3.850167448983462526e-01
-3.509216477502741793e-01
-4.206186736396002601e-01
-2.445692224315755281e-01
-4.685205010168023709e-01
-4.633627939934121809e-01
-4.192312519183084008e-01
-3.235977879686974257e-01
-2.983708052983482517e-01
-5.357163415966601505e-01
-3.438824694398978088e-01
-3.365737297795600158e-01
-2.844155559938773559e-01
-3.661588419769334912e-01
-4.078418024196483471e-01
-3.534604268311364872e-01
-2.967980356462892599e-01
-3.560582920494317349e-01
-3.628133044905808013e-01
-2.376355136702585635e-01
-4.536735043900835818e-01
-4.774044362123791574e-01
-4.014376592311976188e-01
-3.641312696558580142e-01
-3.198525463855771966e-01
-4.289671438970063533e-01
-4.366387182813408208e-01
-2.165147886809100641e-01
-2.959212444733521075e-01
-3.917231972611295854e-01
-2.701715510962119371e-01
-5.223150703632395420e-01
-3.850929316662955459e-01
-4.644344405032999057e-01
-2.481879025271981620e-01
-2.085896275290143598e-01
-4.785565114088581873e-01
-3.582616606567371464e-01
-3.575938038371693217e-01
-5.152190406789981525e-01
-2.707443912303727496e-01
-3.476585101994009164e-01
-2.675250976814434467e-01
-3.005656578309698901e-01
-3.503098048645103546e-01
-2.901383476097681435e-01
-2.571365759594675393e-01
-4.059253224271491822e-01
-2.143815948026405183e-01
-1.667533165230248859e-01
-2.662134366786274575e-01
-2.586681753856099886e-01
-2.019335538557307241e-01
-3.689664726872888267e-01
-2.016383907258006425e-01
-2.856289253386380400e-01
-2.236227189445684771e-01
-2.241694370723640861e-01
-3.976944276568110670e-01
-2.237739529780809200e-01
-3.313146863450550650e-01
-3.798321464475389320e-01
-2.033754338239089909e-01
-2.714467916484639143e-01
-2.512316192601308229e-01
-3.138169349643511463e-01
-3.612111533009555453e-01
-3.178099097993414279e-01
-2.701838053948712459e-01
-2.895660050424527787e-01
-2.608627343364350315e-01
-1.828614476879887318e-01
-1.258119956781998672e-01
-2.527439336189907793e-01
-2.897587785645540648e-01
-3.073145820195647970e-01
-2.485778613508676793e-01
-2.109386671242758637e-01
-2.543859489418232728e-02
-2.718968400149775477e-01
-2.240339918358312254e-01
-2.985891439160167082e-01
-3.389609963460622488e-01
-1.901034094286949416e-01
-5.226359579696933377e-02
-1.945692179181676695e-01
-1.901754205661992658e-01
-1.730991349557299830e-01
-1.799618181992560517e-01
-1.579388471885776191e-01
-1.427783020714269713e-01
-1.874087030449294866e-01
-1.370335719026736510e-01
-2.617119767720104129e-01
-1.521621769553455072e-01
-2.265734445794917451e-01
-2.269750590189572315e-01
-2.718095339540923527e-01
-2.251373673248627805e-01
-2.601998915572419357e-01
7.770779265671009725e-03
-3.400059555111957788e-01
-2.639703500854895246e-01
-7.366971437834889114e-02
-7.615323331021016384e-02
-1.856428625808261568e-01
-2.171860274679977831e-01
-2.089149652841488236e-01
-1.957335908731681895e-01
-1.375678752202551536e-01
-8.708262339746736247e-02
-3.339271363019823968e-01
-5.842810450329841143e-02
-1.617569407965690764e-01
-1.833870252739678852e-01
-2.547970789818763682e-01
-1.092416567382651776e-01
-2.213609557921932813e-01
-9.074583086425078160e-02
-9.734444936120234537e-02
-2.032874618817934534e-02
-1.805894454323241916e-01
-1.753574173546118276e-01
-2.679616837340068614e-01
-1.410741209612156322e-01
-2.133168951540931335e-01
-2.294302126028653910e-01
-1.958892868036896384e-01
-1.415689933938341361e-01
-1.935414305580220040e-01
-9.629572191843381590e-02
-7.030769287489163633e-02
-1.270054647633034051e-01
-6.744965727524604437e-02
-1.030380788007059512e-01
-1.493326289712285371e-01
-1.071994569675093212e-01
-1.572011794595320200e-01
-2.736912872803631269e-01
-1.852917384161423542e-01
-1.530825400034211137e-01
-1.310011365185806964e-01
2.549489207133673330e-02
-1.502190448842473935e-01
-1.036636432004467284e-01
-2.318208369621934939e-01
1.415217635602219505e-02
-1.461786737638260704e-02
-8.180524768787551804e-02
-5.031770336787528414e-02
-1.671166184633516016e-01
-2.957221334036527205e-01
-1.273932143519939386e-01
-2.009108073546801154e-01
-8.031039340986613484e-02
-1.127285767863016319e-01
-2.100980302562384106e-01
-1.768345255974463903e-01
2.230301020307902740e-02
9.318941880825616295e-03
-7.771019626946146230e-02
-4.452042480285109405e-02
-2.403849162054749831e-03
-1.940825405185319097e-01
4.382253777440273113e-02
-9.998905768040730613e-03
-3.091842119371796677e-02
-1.369184364834162004e-01
-1.059322509909631574e-02
-5.359188164679058036e-02
-6.795381959972568442e-02
-4.450494739313980846e-02
-2.051386572059893942e-01
-7.662667885835365361e-05
-4.265150513921910774e-02
2.757772995749493191e-03
-5.274128394604376407e-02
-5.848438956548391437e-02
3.783084350904166587e-02
-2.920143017071661143e-02
-1.613398137026702261e-01
7.375428216505104488e-03
7.599632822849713976e-02
-1.437873587788182084e-01
-5.528878795863775147e-02
6.134678966318684104e-03
4.965820478288557327e-02
2.200809566409930428e-03
-2.936826105014555405e-02
-2.651043899679024832e-02
4.391920151228045216e-02
-6.336780981049755512e-02
1.722276145500850619e-01
-1.039558811098429715e-02
-1.401021836781526052e-02
-1.291439313520207632e-01
-7.744207371998892975e-02
1.031558149983581862e-01
-4.927405808573728785e-02
9.181966780224645741e-02
6.002835311544850450e-02
1.943726117031613007e-02
1.920739025060236999e-02
4.070419541510610778e-02
-1.773675391116303138e-02
-4.358800664492608855e-03
1.127423863423995948e-01
1.151849530294837311e-02
-1.016280737375217930e-01
4.760056077678674613e-03
4.411066053304488893e-02
-8.042283880681454222e-02
-3.673736994334873482e-03
7.412058442270348657e-02
1.106678386161790845e-01
5.190990580779585029e-02
-2.777934523645622100e-01
-1.720445240741539095e-01
7.794493374387220785e-02
1.067625912952975265e-01
4.662521676471018117e-02
3.997685475676255457e-02
9.921319100628364640e-03
-3.977888841525617503e-02
7.841517654666695092e-02
3.611133333424730585e-02
5.583721514358824106e-02
1.505848072774125246e-01
2.049118528232416192e-01
8.015092254079680956e-02
-3.470618292964919652e-03
9.157297242990578012e-02
-3.402629156684847719e-03
7.835057188214344936e-02
1.468771228967887255e-01
-4.901556945734080600e-02
3.973445160427168527e-02
1.896374299732920821e-01
2.343970987152605573e-02
-6.975757363928755672e-02
1.020587394694072447e-01
1.457696401685599219e-01
2.568812996385498940e-02
1.551575821937197508e-01
-9.578841934273572833e-02
1.115538897120268019e-01
7.229049200894612122e-03
1.375054744072151947e-01
1.508827516309969585e-01
1.603881228331048570e-01
-6.293296269140782884e-02
6.436753718644599997e-02
1.011387387907859009e-01
1.154046420272964585e-01
8.000034948704351501e-02
6.731125065385645811e-02
1.979116733777096238e-01
1.137537065371706374e-01
1.821728364258972388e-01
9.393130998856695502e-02
2.729961051574503195e-01
2.114384801209318876e-01
7.860054296277294017e-02
2.136715468156455411e-02
1.643476299128737161e-01
2.701921983277797978e-01
1.917849787534739447e-01
1.272994675258660446e-01
-3.468806450651180234e-02
4.951864902696940379e-02
2.116224972646306157e-01
6.255485945747847609e-02
6.986754085340227127e-02
1.279700243413167404e-01
1.695989765541991712e-01
2.153885004743029130e-01
4.522141573914785495e-02
2.871177225589187088e-01
1.476486428066040857e-01
2.091660197105179864e-01
-5.173571242663384251e-02
1.874611795301067418e-01
7.017661743741822333e-02
2.932432440038223453e-01
2.803984762880158965e-01
2.154051817099136290e-01
2.414254737460855005e-01
7.909856015741270618e-02
8.604463488797028936e-02
1.294987374958241899e-01
1.321381452486490859e-01
2.157000123697750127e-01
2.722409965254374287e-01
7.873190803922743009e-02
2.794008000423053306e-01
1.825795719544337781e-01
1.485477744148949453e-01
2.318772324870785606e-01
8.799025832529422386e-02
3.442905691402831647e-01
2.802599210329133061e-01
-8.195625507737171536e-03
1.047153336950969738e-01
1.643449976713889649e-01
9.503839195649699256e-02
2.497304365018966077e-01
1.084514610916694766e-01
2.213000372417851247e-01
2.611881103129961024e-01
2.502503957315880267e-01
2.876505204891117162e-01
2.636798411973095835e-01
3.225791439376416436e-01
3.157849519417172957e-01
1.758275846104923323e-01
1.712876544795536582e-01
2.688992769103428770e-01
3.321931187198784996e-01
3.197403891253734476e-01
1.598116753005975610e-01
2.153842285899270903e-01
2.689827386359537886e-01
2.788153429643501768e-01
2.847380825532089266e-01
2.842151173139825793e-01
1.276954708330112209e-01
3.015920108214273920e-01
2.086265768204874915e-01
3.275936774895351067e-01
3.898433629573556658e-01
3.060656784435846212e-01
1.480531907173699147e-01
2.770163440779387920e-01
2.188491202530245539e-01
2.590344529450260280e-01
4.019002837102397807e-01
4.223602019104260030e-01
3.225882975597647584e-01
4.080691302805928844e-01
3.165755880118038545e-01
1.914801680290731667e-01
4.725874352533001033e-01
1.808822427144156642e-01
2.824591282299011574e-01
3.846316827321826226e-01
3.224030990447515621e-01
3.972144022497993143e-01
2.608474175673697326e-01
2.304938389546948574e-01
2.989471924705784933e-01
2.667801367154813974e-01
3.008755325155503813e-01
2.937122891951525205e-01
3.820184743122064241e-01
3.958312826252036731e-01
4.012447568697604661e-01
5.053463478829233191e-01
3.403221387852705671e-01
4.214626898415056999e-01
2.443031797798762284e-01
2.753066820000638626e-01
2.205730884329842045e-01
3.019344467149883693e-01
3.168364232696043170e-01
4.217850813585848346e-01
4.750048170473956666e-01
3.183060963819135392e-01
4.408057236484894115e-01
2.763805703695569327e-01
3.833494200757702197e-01
3.537904522538450891e-01
3.504172094063808252e-01
3.638783596723660918e-01
4.875357805733642191e-01
3.306015418168838926e-01
2.615767761812127778e-01
5.156370400720027281e-01
3.649858150274511992e-01
3.551937938970309849e-01
2.380580163404967808e-01
4.858268651901174739e-01
4.381657605264294153e-01
4.579149913331910238e-01
5.326444825423723994e-01
1.804702032221414953e-01
3.061452598784301649e-01
3.423425114758417154e-01
1.502182812688743208e-01
3.143962347596895857e-01
3.485743099443714965e-01
4.196102746686842799e-01
3.168490453470963475e-01
4.809337660243093726e-01
5.001164689714833189e-01
4.766451398044178611e-01
3.646776283929605844e-01
2.953436858224132155e-01
3.162552496273607350e-01
2.938286736505523744e-01
3.122644652477781779e-01
3.387441883263380693e-01
4.509431411127096667e-01
4.999909116517986529e-01
4.785774934663987179e-01
4.647018454812218979e-01
3.258806407230736557e-01
3.707828022096381071e-01
4.928470935677323750e-01
3.927552334860011096e-01
5.903020332628431399e-01
4.847332654031972221e-01
4.994350676805803801e-01
4.248228031237485380e-01
4.244693484598534017e-01
4.579748380725880974e-01
4.757453507212024979e-01
4.088806467560939795e-01
5.124894503653880662e-01
4.106939701121261055e-01
3.942616040641462316e-01
4.311466614723936108e-01
3.670967111666694760e-01
3.595497426040974998e-01
4.092152688315702225e-01
4.061757841959395265e-01
5.125365360426646921e-01
3.470715734953351839e-01
3.536501931775766772e-01
4.811865800444214969e-01
3.500673516825306142e-01
3.420468127806022274e-01
4.027252180735782505e-01
6.410837379097888977e-01
3.949836202523436257e-01
2.936907845386915183e-01
6.817673364788600088e-01
3.963519591063941472e-01
6.280101523792973595e-01
5.896827850777485169e-01
4.883135149954552223e-01
4.550302204209545898e-01
4.951226174839323257e-01
4.494932274287016249e-01
4.064237979937477263e-01
7.512539462793285105e-01
5.738813513128387944e-01
5.843030792754245750e-01
5.786969403563240189e-01
5.551516735142413284e-01
4.505808666988990741e-01
5.787790902201904730e-01
4.937985918638458926e-01
4.627910253043947542e-01
5.423307186522776657e-01
3.707430845889436166e-01
3.490070473471525991e-01
6.728695270243791882e-01
5.085718961053102838e-01
5.718393758735904608e-01
5.637713156297388117e-01
5.667985437030371720e-01
5.054463542920837327e-01
5.623123816156322397e-01
5.550724214046613980e-01
3.105112134429948711e-01
5.679778124521286387e-01
5.826322659408692539e-01
6.463576769528975863e-01
6.282037729402608628e-01
6.721526856166570862e-01
5.696268553475402063e-01
5.767537203360435516e-01
5.984124302979239030e-01
5.627710937260245183e-01
5.650143133901318615e-01
6.156015273411044042e-01
5.193537570766457723e-01
6.465576758403199786e-01
5.023899245520746515e-01
6.742726635092068932e-01
5.083832926886325820e-01
5.856084542926279779e-01
6.433862899148128367e-01
6.529103443572651377e-01
5.475050606549102250e-01
6.652243264821293689e-01
5.889867736630192141e-01
5.588271300004615805e-01
6.256285190050795419e-01
5.739009913986686806e-01
6.093098784433773618e-01
5.565166036447716236e-01
6.760117577884173778e-01
6.163233431822141561e-01
5.984551785514533595e-01
7.073882579789683156e-01
5.764487616449557317e-01
4.220147405140043939e-01
6.027698500987899166e-01
6.078526145971805406e-01
7.318879701281293393e-01
5.397177294560226990e-01
4.526322229730586066e-01
6.779069971960871577e-01
4.935606176713489002e-01
7.107010767755053138e-01
6.459686782348004197e-01
5.144493073503536573e-01
4.922639079186066358e-01
5.544564136070427862e-01
5.774358839276242383e-01
6.733103678512623036e-01
6.238164072020868645e-01
8.245430852721943316e-01
7.512233911760356486e-01
6.563491531066650841e-01
6.354313988030447780e-01
6.777802930271237258e-01
6.393242843008165588e-01
7.176163842464791109e-01
5.409771729643457761e-01
7.399520575075747564e-01
6.663362598114177526e-01
6.841752360585027226e-01
5.149643465304669654e-01
5.380968362390544657e-01
7.732611220123680740e-01
7.213703052361224444e-01
6.617480491250904429e-01
6.773754329479289016e-01
6.923160907023359067e-01
7.181063143779158331e-01
4.452520624365441382e-01
7.755187355271090377e-01
7.020085075154366416e-01
5.607700753725632925e-01
7.435642546589789070e-01
6.957444459137831494e-01
7.275346508868657525e-01
6.616120089170748342e-01
7.871959093596456736e-01
7.105352656554551061e-01
5.836750690395835495e-01
7.068154227179586080e-01
6.236358843452861622e-01
7.727975537754055990e-01
7.292142712328140153e-01
7.385070151023895857e-01
5.668305056300537714e-01
6.895888873703467370e-01
9.495298527568076796e-01
5.964028833490553350e-01
5.693313576913616725e-01
6.935651108618009486e-01
5.757241218838428098e-01
8.893158687982325450e-01
6.700151963687696055e-01
6.579977065494942989e-01
4.942656392214938021e-01
6.426207185037147163e-01
6.475639302381029916e-01
6.925938122241400707e-01
6.483245826241540444e-01
8.339282414137811905e-01
7.644936407252801436e-01
7.613276376509295895e-01
7.028760861575328311e-01
8.036360092541414701e-01
7.633533899668271117e-01
7.797326359249140415e-01
6.650465655428959844e-01
6.898500004263214969e-01
7.911514239828990602e-01
7.019850395521529673e-01
8.314155963192465526e-01
6.350761629105905470e-01
8.332811981525152234e-01
8.353051240898961005e-01
7.439531305151710905e-01
8.267221413440749567e-01
7.167368861941587621e-01
7.883350995686473350e-01
6.973426883813277355e-01
6.723385305775720910e-01
7.485673150609736259e-01
8.061829794082356893e-01
6.493090291983125706e-01
8.663243567364694586e-01
7.696889030706879353e-01
7.410775244684987273e-01
7.660569095778863025e-01
8.604029735582351401e-01
7.333860282421271748e-01
9.174658645089275311e-01
7.777111365480707805e-01
9.947805149196273788e-01
7.998391179561266107e-01
7.425872967057970397e-01
6.969812509107976561e-01
7.969728026580845670e-01
7.126835042953740817e-01
8.422764181842538056e-01
6.998535635373790420e-01
8.698023425974612532e-01
7.548066582188180940e-01
7.914284922517212939e-01
8.779061496794210440e-01
8.088898744664851925e-01
8.800466463302309972e-01
7.819680898992104057e-01
9.297755927525758191e-01
8.431166414550446131e-01
6.354732434481016323e-01
8.136597940995203837e-01
8.659427325052364566e-01
9.989776346150267550e-01
8.679876873385667935e-01
9.078257430653394744e-01
9.055086000510144117e-01
9.276172569048916072e-01
6.655537309337491436e-01
1.086911064523413906e+00
7.024492504794626058e-01
9.622070199846544103e-01
7.588297898514421158e-01
8.581014461516062175e-01
9.822072121439973102e-01
9.749952127158795223e-01
8.142085950405253403e-01
6.559693095975592803e-01
9.051074734154457291e-01
8.910643988546067540e-01
8.396005239111705709e-01
8.210716479547586211e-01
8.261460114605212457e-01
8.789813255825442706e-01
9.212711618967007743e-01
9.483124038309850290e-01
9.706208982726998169e-01
9.165981598880906800e-01
8.595455159537306322e-01
8.226041688925387341e-01
8.643817750880007367e-01
8.383489784321163096e-01
8.092458104802695562e-01
1.096439604453707917e+00
9.943985192168093290e-01
8.855135106287738145e-01
8.877394317543240154e-01
7.941893577109512270e-01
9.042724852435461980e-01
9.304237376834375572e-01
8.446941313427480669e-01
8.684145590485384814e-01
7.790251114994991566e-01
9.644851116631731891e-01
9.648826199866045172e-01
8.643453532984889387e-01
9.104133925763132629e-01
9.155514512526722326e-01
8.949487178124190256e-01
9.670096700350733210e-01
8.557525608977877285e-01
8.589889540614080721e-01
8.806044133003678720e-01
1.047300782665721242e+00
9.236151723541946579e-01
8.707067377545616438e-01
9.151123416859654469e-01
8.278044945231181062e-01
1.047813117420248075e+00
9.234350204963901465e-01
8.827202750799336695e-01
8.913857688801287704e-01
9.523421158390175112e-01
8.503543980891561382e-01
9.044762914748525340e-01
9.595508219625636936e-01
1.039308329380754126e+00
8.716984238966406506e-01
1.020511618222795347e+00
1.105608395748988171e+00
9.757357179867036656e-01
9.798777849635377235e-01
9.486931366174472524e-01
9.629409074798910284e-01
9.838744461457835655e-01
1.047584701969251242e+00
1.147469943951761051e+00
9.993014736073003723e-01
9.163825942739560748e-01
8.588208761489017906e-01
1.183019012880784260e+00
9.464354454574686049e-01
9.028362383468909735e-01
1.064366858660726001e+00
