-9.917120442573834627e-01
-9.754154235926251193e-01
-1.191710667270499124e+00
-7.547946998258426854e-01
-8.312610760147368660e-01
-1.094631786429532960e+00
-1.072467153031143594e+00
-1.200112392082972823e+00
-1.106078395833710148e+00
-8.732632941426944351e-01
-9.929500077037192174e-01
-1.005007332790765595e+00
-8.645301800485831745e-01
-8.626116068189755293e-01
-1.126656075391237133e+00
-9.227069580638085355e-01
-9.813848255190165126e-01
-9.859791499834420492e-01
-1.091778658357309029e+00
-9.245046492289447082e-01
-8.746106636344995744e-01
-8.953586859168479739e-01
-1.067628435573700241e+00
-8.669517509568692715e-01
-1.071703153797422203e+00
-9.268115296108894174e-01
-8.828566508182027484e-01
-1.061990272312123729e+00
-9.421587048975497147e-01
-9.418063034905632680e-01
-9.923148229587145375e-01
-9.976766148906505149e-01
-7.972359335619197962e-01
-8.997739669196520573e-01
-8.733078683414292609e-01
-8.093176200596172709e-01
-8.131134159507221737e-01
-9.114316582520218812e-01
-8.259042811000257833e-01
-9.441890305615802115e-01
-8.915160623354889680e-01
-1.071115017760310151e+00
-9.157184747711062389e-01
-1.025372840223092386e+00
-9.514461833180767325e-01
-9.914668305316962638e-01
-1.047884463239163955e+00
-7.338769555544404355e-01
-8.782438850536247177e-01
-1.035004365657675507e+00
-9.783524955435908277e-01
-9.586055389031533647e-01
-7.827949849139467231e-01
-8.586738574279391134e-01
-9.577776512809196285e-01
-9.606568039505263279e-01
-9.586563021420650976e-01
-8.826939047769264413e-01
-8.634458076133282312e-01
-9.582087345759060515e-01
-8.108276174514235102e-01
-9.414142866373372831e-01
-8.494034552319761344e-01
-8.426965094794071076e-01
-8.514093903044229750e-01
-1.020795425225484720e+00
-7.048065681297228657e-01
-9.029143592503555693e-01
-9.759422092065476173e-01
-7.536979809035119215e-01
-8.613628776046096114e-01
-8.875629166509350076e-01
-7.156773323561538280e-01
-8.273186361566245983e-01
-7.416347855651084231e-01
-8.130369346153620835e-01
-9.320151772665250522e-01
-8.460024832138104411e-01
-8.657687760075181149e-01
-9.071058260144889696e-01
-9.419670098521266688e-01
-9.169573584054946380e-01
-8.085387073484646692e-01
-7.581110669083871434e-01
-8.357734246584073157e-01
-9.207217216483878364e-01
-8.267165481683562689e-01
-1.038559242297840024e+00
-8.753545743997409589e-01
-9.187677888220443512e-01
-9.472318823458601988e-01
-8.623953721711934417e-01
-8.103214423306572822e-01
-1.011833152354653764e+00
-7.481622016763880278e-01
-7.575261082196714790e-01
-9.185521829686145168e-01
-8.011150165238658527e-01
-6.962703584514445820e-01
-9.492810111755282110e-01
-8.326967374729916660e-01
-8.473786361665688327e-01
-8.040941910257592973e-01
-8.296500137934215147e-01
-8.481400435117792957e-01
-7.515647330628605349e-01
-7.395163264305205653e-01
-6.945284102885067590e-01
-8.860719269311171375e-01
-7.680229968242916483e-01
-7.798303978575864548e-01
-6.873696582528348031e-01
-7.001993093325653561e-01
-7.526163474058542580e-01
-7.842379944344359810e-01
-8.304054747170499517e-01
-7.918699879741154524e-01
-8.458403165201143770e-01
-8.274180369293804294e-01
-7.082310251464174478e-01
-7.183520755813955772e-01
-8.200215466747975412e-01
-6.882366034839693114e-01
-6.288478256549019374e-01
-6.787389843876008300e-01
-6.793386590672751968e-01
-7.276317278084903917e-01
-6.052637286586535215e-01
-6.532972415510708286e-01
-5.672719473502045862e-01
-7.399399514347883011e-01
-5.877169612660267939e-01
-6.614533258904640167e-01
-8.092022945563941416e-01
-6.989404535930171525e-01
-7.392418385887671306e-01
-7.294706449560924844e-01
-6.692567882089150988e-01
-7.121696527866260285e-01
-7.348014388317694046e-01
-6.637677735021478842e-01
-8.682397858324107931e-01
-7.717210475356185428e-01
-7.633419533618944763e-01
-6.787322749068935845e-01
-6.602739921042805049e-01
-6.265869643516658316e-01
-6.872850298668966573e-01
-7.629989659088618481e-01
-8.399905032259824544e-01
-7.220368365705537306e-01
-6.892294652901517216e-01
-6.537685537743979092e-01
-8.109949691308867559e-01
-6.797747252371457716e-01
-5.339986189160252916e-01
-6.779921958222417944e-01
-6.374925241128857056e-01
-5.285937230236579243e-01
-7.383294313459548563e-01
-5.917115535817415450e-01
-5.706033381657557024e-01
-5.362936838798577632e-01
-8.165981848934330545e-01
-7.136782578003350030e-01
-5.751716947419214243e-01
-6.639819253023361290e-01
-6.897297040991446915e-01
-6.994930599113154956e-01
-6.123237249725689280e-01
-5.559539462574447644e-01
-6.070798588411382424e-01
-7.675055841210450813e-01
-6.333744450487243105e-01
-7.118828771336376260e-01
-6.414166763572851648e-01
-5.142194618537078155e-01
-6.632690186516800868e-01
-7.101652803999140007e-01
-6.032841980300581719e-01
-6.387542340310660149e-01
-7.266459172074034578e-01
-6.399322504366925513e-01
-7.058186308188012514e-01
-4.328648303843897760e-01
-5.387126867833815780e-01
-5.668830618528719612e-01
-7.903468282197430028e-01
-7.535222048782725945e-01
-6.067070842015571674e-01
-6.416148764267440852e-01
-7.355349848047355588e-01
-5.579875054106013810e-01
-7.296219341813103831e-01
-5.841992563968327890e-01
-6.988348133943405038e-01
-5.994724537101882023e-01
-6.394623240580525891e-01
-7.113858926711285058e-01
-5.166344933858595390e-01
-6.536518365062378155e-01
-5.450761929596749100e-01
-5.307998078469902126e-01
-6.307505491451191881e-01
-5.437793316109277297e-01
-7.090779459801421769e-01
-6.453947910033605018e-01
-6.809805768998956621e-01
-5.788154918876418087e-01
-7.004010953045965993e-01
-6.097754315767317523e-01
-4.472007749164314538e-01
-6.895549915924512607e-01
-5.309209862985705408e-01
-6.473318439339916797e-01
-3.839241021331152859e-01
-6.589878345264794657e-01
-5.969711147694634068e-01
-5.491321175290790890e-01
-6.399811843849101400e-01
-5.626479444142253872e-01
-5.098814798255255631e-01
-6.206130163519593124e-01
-5.913981208412995016e-01
-4.819088222736477301e-01
-4.934711589948929111e-01
-5.490471157801370961e-01
-5.805891050196002601e-01
-4.548816227188643979e-01
-5.800203916413223526e-01
-6.830930375201226257e-01
-3.544988826514952618e-01
-4.723107251851458299e-01
-7.172392107055576282e-01
-6.074531279354543623e-01
-5.769522534854601981e-01
-6.132933264483203528e-01
-5.375578757716419354e-01
-4.975743446928445612e-01
-4.229792988553531807e-01
-4.163828174523457881e-01
-3.115821448193350496e-01
-5.343540091567198225e-01
-4.505161591408959887e-01
-4.467552335451698275e-01
-5.786519341772007330e-01
-4.847611781963369060e-01
-4.457352566560332519e-01
-3.991397164990973523e-01
-6.286218188500121151e-01
-4.037888528900318019e-01
-4.841460143232959590e-01
-4.868609686614122634e-01
-5.122093116938141177e-01
-5.090695615390442574e-01
-5.529392921531045557e-01
-6.348187570023458015e-01
-4.736904498906286398e-01
-3.418947137264103930e-01
-5.440027889368910241e-01
-3.881678328049087412e-01
-3.684056530988541467e-01
-6.382556817346858313e-01
-3.965284976209876855e-01
-4.312812918237580728e-01
-4.039745109033044956e-01
-4.995471172719312403e-01
-4.389406726655666335e-01
-4.249073736416476010e-01
-5.130096287972383262e-01
-3.857145703950887183e-01
-4.139506699407713985e-01
-3.029715530603145357e-01
-5.149258499601729877e-01
-4.092374140276864303e-01
-3.966307512723484252e-01
-3.224182188666492310e-01
-4.755816407900634868e-01
-4.357163775616230139e-01
-4.302131862824852271e-01
-3.648661872202753065e-01
-4.471298065776137531e-01
-5.053547744779283146e-01
-4.177699697515871446e-01
-4.326803459500431770e-01
-3.750185635401415696e-01
-2.966597092860024931e-01
-3.121843993907399417e-01
-3.371510925392041669e-01
-4.499019808933714670e-01
-3.564382000224090019e-01
-4.211932179657497666e-01
-3.146710474595496021e-01
-5.207250553442975827e-01
-4.284571859354033840e-01
-3.872530721700107037e-01
-3.917462770558550744e-01
-2.393275235026764702e-01
-3.071374584771238703e-01
-4.681813040958318073e-01
-5.364809903003275871e-01
-3.176181320981532608e-01
-4.817279147660864513e-01
-4.801211362982946151e-01
-3.233854327594348765e-01
-4.373357825643213737e-01
-3.116928878389796931e-01
-4.255516613036580686e-01
-5.721434868878448876e-01
-3.530486143846001124e-01
-3.624614581648119560e-01
-3.098339422505397289e-01
-2.849338073691263240e-01
-3.518478830554318537e-01
-3.880096701793932512e-01
-3.954969642866225099e-01
-4.754133966087564778e-01
-3.348532446994424983e-01
-2.176342271430735109e-01
-4.210730434693310542e-01
-4.256058863832298256e-01
-2.440575194625908551e-01
-4.411469060414305310e-01
-3.914524995688737352e-01
-3.311514345915417268e-01
-5.670313050079319739e-01
-3.850857558766384026e-01
-3.324172427647739680e-01
-3.810049958263510561e-01
-2.441906421645942682e-01
-3.328772144501659924e-01
-2.794018501473692351e-01
-3.341814102086970162e-01
-3.666460282597153730e-01
-2.436195827246398771e-01
-2.033991882083948100e-01
-4.386369339985487364e-02
-5.121779555501522196e-01
-2.139681899885082783e-01
-3.387806229326544294e-01
-2.917370090403457183e-01
-2.327062952387013162e-01
-3.017541525898584931e-01
-3.648961534901899451e-01
-4.635598658876617373e-01
-4.069408850223473761e-01
-4.157573365508844820e-01
-3.865173267465973894e-01
-2.424749747471865446e-01
-3.059083565551840578e-01
-3.984773973651183909e-01
-2.603260959487742054e-01
-3.360845753371618505e-01
-2.445769836951879606e-01
-2.881464427143067830e-01
-2.116040924746834251e-01
-4.725432099841037070e-01
-1.747980655749987178e-01
-2.457912146248245611e-01
-3.333185662036186048e-01
-3.845830818300748355e-01
-3.293464906486262556e-01
-1.904127267442020655e-01
-4.958952244924131336e-01
-1.544901341519645532e-01
-1.994675639271503431e-01
-3.928178249118521176e-02
-3.400124899908893439e-01
-1.805298439822659029e-01
-2.870177381169206621e-01
-1.678400033274214387e-01
-3.295848584487015009e-01
-3.051189910227075641e-01
-1.877223418338922478e-01
-3.226903162356414834e-01
-3.442179194341795090e-01
-3.427684521302465925e-01
-1.532035256725099992e-01
-3.079008620619931857e-01
-2.247285803793448167e-01
-3.354758461884024823e-01
-3.108914384760831373e-01
-1.802289519753751401e-01
-2.563136352096909709e-01
-1.810575491068301124e-01
-2.640155779469003927e-01
-8.804041043764716801e-02
-2.759485126012033440e-01
-3.164373198257121600e-01
-1.227476429115843537e-01
-6.937450104451496624e-02
-4.197644340667938678e-01
-2.376476396229943167e-01
-3.975364660872616751e-01
-8.917142029007822657e-02
-1.810772961315686436e-01
-2.630491238301433388e-01
-2.072672492708162451e-01
-1.601059388361749103e-01
-1.621688243690565800e-01
-1.155368952202262961e-01
-2.899746242436070376e-01
-3.269769844788951163e-01
-2.184924440927341893e-01
-1.749101142444192125e-01
-2.145323496888670023e-01
-2.216659986659884896e-01
-2.855630221680033887e-01
-2.127873121799572498e-01
-2.097240710921201012e-01
-1.988427733117951179e-01
-1.943259466292583948e-01
-1.610628763160169841e-01
-2.495036934822177921e-01
-2.235501423436690172e-01
-1.295359713596342111e-01
-1.926463305059496200e-01
-2.942493445623675097e-01
-3.340020673700675458e-01
-2.276364241268323818e-01
-2.454965818935058997e-01
-1.283641486772677531e-01
-9.441763096027913638e-02
-3.215025209897666159e-01
-1.341207716839119546e-01
-1.615247610985166282e-01
-9.084103733325893382e-02
-1.110183882539994421e-01
-1.357281704609356321e-01
-1.117091796455730451e-01
-1.650970216458853279e-01
-2.800726216836738613e-01
-3.534211114276124555e-01
-1.905658696385894857e-01
-1.253094592294163034e-01
-2.526713649245515558e-01
-2.825944109963199891e-01
-2.838337426004202135e-01
-1.625168860168638985e-01
-2.215288702517030639e-01
-1.227857451195993599e-01
-1.330853793114427364e-01
-1.992984993571229324e-01
-1.674689069838315447e-01
-5.255184734660886536e-02
1.039005316151121600e-01
-1.821711065287726639e-01
-1.225415378536925254e-01
-1.616016503172997276e-01
-9.865752893224431774e-02
-2.907945495435771965e-01
-1.312792685767963721e-02
-8.334677846714469776e-03
-1.750996953200615880e-01
-1.761722462299869785e-01
-1.332480615951271985e-01
-7.089585633901401840e-02
-5.975269342404801454e-02
-3.481614513564102592e-02
-1.537186520661537881e-01
-1.455526746243409122e-02
4.422302048014384313e-02
-2.253721675231148414e-01
-4.478343453905474919e-02
-5.814881654107050685e-02
5.404266785267692469e-02
4.025172196678856312e-02
-7.651720683390662858e-02
-4.479691754069399512e-02
-9.037084324608080088e-02
-2.611964438027917015e-02
-7.502537322343549864e-02
-8.983840664401974985e-02
-1.974149769784374828e-02
-1.779979514982152899e-01
-6.217159546634574291e-02
-1.351399638583276885e-02
-2.182007833327516064e-02
-1.229818395454277402e-01
1.453394657994856037e-02
-1.257082666325994857e-01
1.032423694715903922e-02
-2.586396214448462294e-02
-2.061657845826268994e-03
8.915914042552468277e-02
2.473234635027876313e-02
-6.888198486548523236e-02
1.893525530822657427e-02
9.167261230990664256e-02
5.738698405763283800e-02
-5.287128313257478951e-02
2.335079668007230408e-02
1.269461764714037433e-01
-1.635379252962501639e-01
1.236713701087784195e-01
5.262522342753990501e-02
-6.090201183171885940e-02
-5.913101792054666029e-04
-1.390184133882357842e-01
-4.306163218531957465e-02
-1.239549517843115539e-01
-9.916834456500424333e-02
3.497767813637005924e-02
-6.538610398853079986e-02
-9.307812291244056679e-02
-2.223400253111767338e-02
1.215320694021365944e-01
-1.420421602899654516e-03
1.875843362579080187e-01
1.186520024605490914e-01
1.026597458879252057e-02
-3.889352950937801506e-02
5.553425992888721963e-02
-2.494930440442717431e-02
4.274636144104316214e-03
-1.218402227784298464e-01
-1.271252222145282176e-02
-2.314118563152920902e-02
-2.950883873850318820e-02
2.465501750839714512e-01
8.112935437359237306e-03
-6.006835334690873579e-02
-1.760328399445083803e-03
3.591642885259366258e-02
5.761158880624149548e-02
8.315884189309268038e-02
-5.615230034610386306e-03
1.598439710898306165e-01
-5.626348439599613421e-02
1.080381295817617326e-01
6.101069136956324690e-02
1.275258886987171159e-01
7.995804575625918564e-02
2.164969130054065216e-01
2.022864866995603694e-01
-5.766597372635612340e-02
1.198627847763471255e-01
9.288225222083454358e-02
-3.927207541457461426e-02
1.123360115447280955e-01
1.661905805820096949e-01
1.071891357716609067e-01
8.283863651213249635e-02
1.630633343026034188e-01
1.789923936828171358e-01
2.049898471345959206e-01
1.582979434957517972e-01
1.782463353016595919e-01
1.183555639271345744e-01
1.067173598290919317e-01
1.180944118274364213e-01
8.191863293627470177e-03
-3.030035881498341702e-02
1.481599721411789861e-01
7.312694464361203794e-02
1.696390905605134891e-01
2.456572438201970188e-01
8.835893014587448135e-02
1.932266325053430822e-01
3.295844073723739470e-02
2.665239703176363814e-02
8.632550742458895698e-02
1.272158174321940671e-01
2.568583771894764611e-01
1.518374933859332199e-01
6.053224880029301619e-02
-4.513134775890308148e-02
1.457889202773873516e-01
1.030371131117171074e-01
1.417835880526238101e-01
-4.399916623309955976e-02
2.060702254567330360e-01
1.245722572810950834e-01
1.082053810332719301e-01
1.207350449326053815e-01
1.716248424674248207e-01
1.744345037575827928e-01
7.027844199135960257e-02
1.568094321811998038e-01
2.611544011084944716e-01
1.402595704397877063e-01
2.338164928112832497e-01
1.634043173929918547e-01
2.226569961392775299e-01
1.590706536764512069e-01
1.085841416884099908e-01
2.345121309285716493e-01
1.525334333402960929e-01
2.319817726807059666e-01
1.110594562100147842e-01
1.852796668867746632e-01
1.848698208097319384e-01
2.821629425402297220e-01
2.912773672656875368e-01
2.864095067926131222e-02
1.749438798636730741e-01
2.807329542649337761e-01
2.809483884459957337e-01
3.440741217155533493e-01
5.729071894989879593e-02
1.992759692428457408e-01
1.696846601752441397e-01
2.120020707419218442e-01
3.040953345349884374e-01
2.782751717592538143e-01
2.032144781174302084e-01
9.194778858137453437e-02
3.360577203566542104e-01
7.663707732923218108e-02
2.828971070002534449e-01
1.303781382359146535e-01
2.236823421717232252e-01
6.099253566281783584e-02
1.702871657956177287e-01
2.045248410926167604e-01
3.059240180803335929e-01
1.940875478659908060e-01
1.230990168132963386e-01
6.567882889240246602e-02
2.868196214461940508e-01
1.330440674144382218e-01
2.512313147636603960e-01
2.736132494235462009e-01
2.429389163216080783e-01
2.850651968827887517e-01
3.924575511033900344e-01
3.099469401942865909e-01
2.467536493860874869e-01
2.827532941980778758e-01
2.477044537827228221e-01
2.669588919895685142e-01
1.705070592119498629e-01
2.793398843395398234e-01
3.720660712614262677e-01
2.317519238865590747e-01
1.141285272806966677e-01
3.968886592267394375e-01
2.046697783667228154e-01
1.490871665451566352e-01
1.722376076356585684e-01
3.526305206831786276e-01
4.751100242236611093e-01
2.737488565638551141e-01
1.212251225923379749e-01
3.059283206230370977e-01
3.097443483777063689e-01
2.257046994783664939e-01
2.345813942197535196e-01
2.630366870847652971e-01
4.336792954677391454e-01
3.165728633826320748e-01
3.229857744081012227e-01
1.394387276521804331e-01
4.068445733233516659e-01
3.129043734938254384e-01
2.701084205773182645e-01
2.959987466160289293e-01
1.630930979396387759e-01
3.020937692035847166e-01
2.497382752564186736e-01
3.026681963490758798e-01
2.657204704530385375e-01
2.327498422399122135e-01
4.710276966047978187e-01
3.341962085247308645e-01
2.108237078833687106e-01
3.600486795052085243e-01
2.675021839546239955e-01
2.781491984407896689e-01
2.316428116004415061e-01
2.403307416014905384e-01
2.397042878350731099e-01
3.936209031095231348e-01
3.770518661569453589e-01
5.042461143240870580e-01
4.380530862057060992e-01
4.243932153070902324e-01
3.200649819339776991e-01
3.896215369041127197e-01
4.499334783100322199e-01
3.255613880021779316e-01
3.450634490003585686e-01
4.016095361401273989e-01
3.741432092834000578e-01
4.570514018833250480e-01
3.330062288925971226e-01
3.345663848964335330e-01
1.360453828423542899e-01
4.038271266203065646e-01
3.817203434263698458e-01
4.384660450124756581e-01
2.942994073430081903e-01
4.921135241702622731e-01
3.861244911899762711e-01
3.804589835064863257e-01
3.659038984702813746e-01
3.888598288595711550e-01
3.529092116397757328e-01
3.328298393485316642e-01
2.460225803355161334e-01
5.580192549726187279e-01
3.130120803687247988e-01
4.809512089464593187e-01
3.383354721983614088e-01
3.480369248294137297e-01
3.621596633386474640e-01
4.914035876749822118e-01
2.959209951764102953e-01
5.106072355709522226e-01
4.113023478611640416e-01
3.449693379601814214e-01
3.601211441489036713e-01
4.869977212232275421e-01
3.817966982565428880e-01
3.371487195351060007e-01
4.847878480168657522e-01
5.104850141475292258e-01
4.534454576885112997e-01
3.218497367591200975e-01
4.903357486496489615e-01
4.390200947353788963e-01
3.353449613532961116e-01
3.476216805686053735e-01
3.721004335148142550e-01
4.847709639261699177e-01
3.809803878437041935e-01
3.382607932828979314e-01
2.983451187805455374e-01
5.311355287885350940e-01
5.160079728093428519e-01
4.742973432858231253e-01
5.423236303441253403e-01
4.535867190244677327e-01
4.349356700452433611e-01
4.761725788450583141e-01
4.755085266358171636e-01
5.027547079233383176e-01
5.634378126460672931e-01
3.559064939421696105e-01
5.320596737306317880e-01
4.840654110162557200e-01
5.833804099500430329e-01
4.546422868462817735e-01
4.029660412491506416e-01
3.818651068464136156e-01
4.897602237714594464e-01
4.419853748572754593e-01
3.982787078594623997e-01
4.508314868557066202e-01
5.564334911454993371e-01
5.477981888294819468e-01
6.233205536748676057e-01
6.130461841864475181e-01
4.892983169203150018e-01
4.842436833122089057e-01
4.860977930989804352e-01
5.424670423592083957e-01
5.293155455754082750e-01
4.440510486220433095e-01
5.677962969125386339e-01
5.610314056387830650e-01
5.668697903453190357e-01
5.801748138868628724e-01
6.411530849511627439e-01
6.434120979786935868e-01
6.526486081861392341e-01
4.957386910675198877e-01
5.156102604194300332e-01
5.467997242252130574e-01
6.003286892155127452e-01
5.452043366365352250e-01
5.180544861611835472e-01
4.482584853025508576e-01
5.474898503505781777e-01
5.885393731259458416e-01
5.652697612507046054e-01
4.870296960661075203e-01
5.661121534181932091e-01
3.989959269013611531e-01
5.584085726590901633e-01
6.272410481324147691e-01
5.172873195721542361e-01
5.742148251978569373e-01
5.046098873980885413e-01
4.453021439036299878e-01
7.064807072148376887e-01
5.483274717089194894e-01
5.212716306224527418e-01
5.558967583929741441e-01
7.710576486582004785e-01
4.347114592342313233e-01
6.631437548349849997e-01
6.135846913240263767e-01
5.746608957477743473e-01
6.259639708602032782e-01
5.780324889279483402e-01
5.130770576985532738e-01
5.344797170680457565e-01
6.363766805858885878e-01
6.326859235865567310e-01
6.310669634691367103e-01
6.604704544191286608e-01
6.832142244265055897e-01
5.001951601143173054e-01
4.992041726813531977e-01
5.768853976582375420e-01
7.105824361447800053e-01
5.292453794679101708e-01
7.917360515690016198e-01
5.982069696267225956e-01
5.758641557859651705e-01
6.323908378953728704e-01
7.070399530913590302e-01
7.192433995643040534e-01
6.455460173925028355e-01
5.555641738744145908e-01
7.988553973789969120e-01
5.718463226160961366e-01
5.548333032287704469e-01
6.576807840084236689e-01
5.579310593777564442e-01
4.556618487520917027e-01
5.630720803026437737e-01
6.077278606562400709e-01
6.384095777118306003e-01
7.346866882867522097e-01
5.319982814012007566e-01
4.854532489649763249e-01
7.198014932631493501e-01
6.607998720549901339e-01
6.448550735868761041e-01
7.418917212659343896e-01
7.131562479083830564e-01
7.163869362855496137e-01
7.203156736620434097e-01
6.447987141219980733e-01
6.653434101593667105e-01
6.866204663377034612e-01
6.528129862189763211e-01
7.442520961952764358e-01
7.104622687658809221e-01
7.592198577498613377e-01
7.478661310721711475e-01
6.355732410098221541e-01
7.371861085014337345e-01
7.203820063772679028e-01
6.698167894270732337e-01
6.991125489195146869e-01
7.084144132087584200e-01
7.731038037463515700e-01
7.538516348738730777e-01
8.874353201076564668e-01
5.240873266343918369e-01
6.575881869635890054e-01
7.226057229781990277e-01
7.002345288440082749e-01
7.088697761030741118e-01
7.202183874546590481e-01
5.450935142503290365e-01
7.223038129584296030e-01
7.940507407004259166e-01
7.982997733282262143e-01
7.281968844841657518e-01
6.959826851528545522e-01
7.644898726425652935e-01
6.343269174867087745e-01
7.118249166277177409e-01
7.542605907280706123e-01
7.131083988051338807e-01
6.072903436180794312e-01
7.301558830097666375e-01
6.860917589228541225e-01
7.124288646842735773e-01
8.749391669240295100e-01
7.578422413210731401e-01
6.468051104355513337e-01
8.170369765087837077e-01
8.441058284715179383e-01
8.396728834582481982e-01
6.677503698706960256e-01
8.687635881412798522e-01
8.242631701909231001e-01
7.879652629477207348e-01
7.174992316864070574e-01
6.073898572729329315e-01
7.491845358625790485e-01
7.146240884945574967e-01
7.700143276816416860e-01
7.862785765324041831e-01
7.800905860623651433e-01
6.714102512255086808e-01
8.441069584947555882e-01
7.836543529848809531e-01
8.910798628387306408e-01
8.197480237303003126e-01
7.297045762065340613e-01
7.331880710571520021e-01
8.150185954512244590e-01
8.068193768343203676e-01
7.146486074031325186e-01
8.937196142966004064e-01
7.874214060946342908e-01
8.023110757379621205e-01
8.758685715951174400e-01
9.285244410333876042e-01
8.383536505785728066e-01
7.578843224905644771e-01
8.976053005220004932e-01
9.098742661647534202e-01
8.371843511114060998e-01
9.768775681479653361e-01
8.117637381685027798e-01
1.086281303099483342e+00
9.996763328497753065e-01
8.360534321179631245e-01
9.849749201607986837e-01
7.804797447467951566e-01
7.541735846676813626e-01
9.435937570894702420e-01
8.814904745913519912e-01
8.387562618921154955e-01
9.018811884062868378e-01
8.126376125657404081e-01
9.351405546593002382e-01
8.951409604273281584e-01
7.395228825805034711e-01
8.582344357803597390e-01
8.659823995047402079e-01
9.554292989170498629e-01
8.510814922531189097e-01
8.084469190119806248e-01
9.571920831655289508e-01
9.233951618535022332e-01
8.885603320661416005e-01
8.881120579533716697e-01
9.176733624461995698e-01
9.159718023137408682e-01
9.404316042519123009e-01
8.791147070280839193e-01
9.170134981618851544e-01
8.997260840910038526e-01
1.011363361467372712e+00
1.073259586905258578e+00
9.793307155308104139e-01
9.936847041082612630e-01
8.823352022192628707e-01
1.023527042404253073e+00
8.254786343064358656e-01
8.090453421822202396e-01
8.283203969953429890e-01
1.043659393623770582e+00
8.618189152030084621e-01
9.287138084966738427e-01
8.439352483646532788e-01
7.957773878261690248e-01
8.674562125294213999e-01
7.916161896557681876e-01
9.177902886149970074e-01
8.924589321176714662e-01
1.096452831066851985e+00
1.031043470944962070e+00
1.017281601552183501e+00
1.100840434374710908e+00
9.657662625036150805e-01
1.009422231391514213e+00
8.542930605355534279e-01
8.506835087836486231e-01
8.613497722781576771e-01
8.747091593793350217e-01
9.773164056906008534e-01
1.062443438452637556e+00
1.051890130176004856e+00
9.491539167216139772e-01
9.305338747848147518e-01
1.022416589875008608e+00
9.259269587709954008e-01
9.817140496668010918e-01
8.432251009544057263e-01
7.564161061949333797e-01
9.841363482365680371e-01
8.004233911819224057e-01
9.553031110385028501e-01
1.081249364997807216e+00
8.847399832732721903e-01
1.056601851635943001e+00
9.444340496021791376e-01
1.055716956614812352e+00
1.030644783984371760e+00
9.813473913585848418e-01
1.088750646441285719e+00
1.021566655911973376e+00
9.557974055462349350e-01
1.086796635235384167e+00
9.743634183656080250e-01
9.675597745849491282e-01
9.894378545187989538e-01
8.759615057038923069e-01
1.097500700314630206e+00
1.079675711724841891e+00
1.014892257234571327e+00
