-9.931748456166350492e-01
-9.771425242685251034e-01
-1.178583654800831937e+00
-7.574440795618325728e-01
-8.161010820385410369e-01
-1.093365048189561151e+00
-1.095014687262426012e+00
-1.180302984885898354e+00
-1.083286701069626989e+00
-8.494104701984872552e-01
-9.644318467357936298e-01
-1.007525533409786123e+00
-8.861499024088614895e-01
-8.784606072845890790e-01
-1.111510559188465308e+00
-9.395773888480501990e-01
-9.712592156701277402e-01
-9.955803268850519361e-01
-1.088429124776249868e+00
-9.234545039533521571e-01
-8.737604092629274177e-01
-8.941647367560668913e-01
-1.058280971510674240e+00
-8.743975887795950586e-01
-1.074308805825229252e+00
-9.412059203048703804e-01
-8.570759170333107635e-01
-1.066407452925245636e+00
-9.603041250558378428e-01
-9.715000541869210915e-01
-1.004747843547439068e+00
-9.993287487766872035e-01
-7.888899793234733782e-01
-9.093706789802634693e-01
-8.507796580906085149e-01
-7.926817682672379073e-01
-7.980496555789470259e-01
-9.062478395178693580e-01
-8.081230431587760332e-01
-9.118891274625773313e-01
-9.044793498943795029e-01
-1.085059536815385473e+00
-9.091959520468085865e-01
-1.074472462270812168e+00
-9.501795576145212197e-01
-9.964953029446196320e-01
-1.047716296588197427e+00
-7.383724616439374389e-01
-8.717420794688929275e-01
-1.022406316206816657e+00
-9.644594722927575248e-01
-9.516410541525522904e-01
-7.862466801657272963e-01
-8.451656992406353375e-01
-9.647925420785422590e-01
-9.384778265687775400e-01
-9.525851079549836342e-01
-9.034876365568624834e-01
-8.462610452092942381e-01
-9.576911513246207930e-01
-7.988742003206051878e-01
-9.348949419710138597e-01
-8.602094301043865521e-01
-8.517520274566799943e-01
-8.502111750533799528e-01
-9.920702392200189124e-01
-7.250720381665434200e-01
-9.169038824807778099e-01
-9.823128114772097241e-01
-7.311397095621682274e-01
-8.738396807486431550e-01
-8.729579242707096176e-01
-7.229762025704641326e-01
-8.492344165720855376e-01
-7.330698124946696259e-01
-8.078631366251328716e-01
-9.131241388447060014e-01
-8.416013236883468362e-01
-8.688781454693655926e-01
-9.025586518719448392e-01
-9.414466878750591405e-01
-9.155571473563183238e-01
-8.236973760548096379e-01
-7.787223237256623021e-01
-8.001235440392682197e-01
-9.208524775836324228e-01
-8.379070202101196463e-01
-1.025704043776036078e+00
-8.599041144158728889e-01
-9.107461143957330529e-01
-9.360449171915972144e-01
-8.724575419962957712e-01
-8.155432235528363716e-01
-9.942772622935555082e-01
-7.721059786596051744e-01
-7.500767235511620612e-01
-9.207474962821516895e-01
-8.012766415324826808e-01
-7.337788940418477068e-01
-9.628760427431902746e-01
-8.278159963063018711e-01
-8.191258493982681577e-01
-8.377643270706066625e-01
-8.207867954345965389e-01
-8.468193271196280403e-01
-7.364540934296011088e-01
-7.385028651621040607e-01
-7.058318521486234287e-01
-8.855757761583972210e-01
-7.703727203497443554e-01
-7.945213406068941664e-01
-6.781098913048995147e-01
-6.885640693338138663e-01
-7.369983405855259351e-01
-8.041406642787207737e-01
-8.326863533479963442e-01
-7.880212355273655822e-01
-8.380347606733569155e-01
-8.493479252100970545e-01
-7.121039003995935923e-01
-7.318104309240303085e-01
-8.436944175541423174e-01
-6.730218960155031072e-01
-6.363543598318923689e-01
-6.807010363946132125e-01
-6.783579963253505429e-01
-7.312788646989351049e-01
-6.028946761884927952e-01
-6.617355825640758304e-01
-5.680714801675509351e-01
-7.700256810390082585e-01
-5.796188554432005757e-01
-6.479418072410124685e-01
-8.020085961863888668e-01
-6.742811852229921854e-01
-7.445535757850667569e-01
-7.344207072963074845e-01
-6.643939855619745982e-01
-6.986439786668489083e-01
-7.399817798983131523e-01
-6.563913247132937556e-01
-8.703081231024532016e-01
-7.606009750903781619e-01
-7.520857631198937243e-01
-6.986147054419894475e-01
-6.617891918044837007e-01
-6.255501209620238923e-01
-6.834521871311788344e-01
-7.631364559955968740e-01
-8.191997019478182152e-01
-7.483877986003194538e-01
-6.879538667345119762e-01
-6.599174527247502198e-01
-8.208478518206915320e-01
-6.459237169246109245e-01
-5.423945586034901734e-01
-6.856184778237079946e-01
-6.463952596372544157e-01
-5.259235943181036488e-01
-7.619103927910779728e-01
-5.934039381763623888e-01
-5.705765873218338058e-01
-5.285109174784631270e-01
-8.146014145135382911e-01
-7.067346366974326388e-01
-5.693647372272852003e-01
-6.728078926847281815e-01
-6.955975453042632095e-01
-6.856117961584152765e-01
-6.078622199927572467e-01
-5.388226913227601722e-01
-6.238166750595114385e-01
-7.714629060714670583e-01
-6.187220517565628075e-01
-6.890498574262938769e-01
-6.213089012799274391e-01
-5.288589503507739042e-01
-6.449943098447515899e-01
-7.141144050813655886e-01
-6.113746813010962899e-01
-6.299666332113929013e-01
-7.200857673900682432e-01
-6.245472092855927082e-01
-7.194149091584025602e-01
-4.255002445479169060e-01
-5.450678137257606304e-01
-5.693515105229843831e-01
-8.069293542281127385e-01
-7.533523823780153839e-01
-6.246687306567029196e-01
-6.228491887077068911e-01
-7.332396472472501037e-01
-5.624198944148555146e-01
-7.344245066162297109e-01
-5.609328159576444373e-01
-7.038897421785392794e-01
-5.989006591724683748e-01
-6.490113940876707233e-01
-7.077052914997270516e-01
-5.112698223812838227e-01
-6.582095379374732769e-01
-5.554662938549675966e-01
-5.348598448314274556e-01
-6.450069416185760796e-01
-5.550547516207382515e-01
-7.252196559871055825e-01
-6.445931854073231326e-01
-6.884619935243713185e-01
-5.813032344799548001e-01
-7.138449284148695728e-01
-6.022418279146274367e-01
-4.711988928016720424e-01
-6.871695217634959940e-01
-5.281687326397761506e-01
-6.557554100541942432e-01
-3.975083957831567760e-01
-6.689069401098223233e-01
-5.892141879749971389e-01
-5.262161765694215454e-01
-6.460515448822122808e-01
-5.759503148008966456e-01
-5.029716376057254967e-01
-6.109423817472726670e-01
-5.615005473740621866e-01
-4.955312221562195307e-01
-4.919962252862032925e-01
-5.612793233438294616e-01
-5.950778364965911837e-01
-4.292513665490702568e-01
-5.765834435820770265e-01
-6.758805561954916996e-01
-3.631676084294994666e-01
-4.581691876168016431e-01
-7.011785301781245927e-01
-5.885589112984065396e-01
-5.746013912862241169e-01
-6.052452363546028113e-01
-5.304633028030306674e-01
-4.849320928274066245e-01
-4.313743251173568494e-01
-4.044559642023348722e-01
-3.089499553140175325e-01
-5.349764344015222051e-01
-4.593637598019419954e-01
-4.505211396759540299e-01
-5.655654539941711301e-01
-5.051663997529559635e-01
-4.416433922802196488e-01
-4.106571429291289155e-01
-6.488183218461099910e-01
-3.973085957841615001e-01
-4.784201864576836383e-01
-4.861500417562945042e-01
-5.056903956786232834e-01
-5.187342538314062557e-01
-5.674461509780451829e-01
-6.215781029262236190e-01
-4.697540220472524730e-01
-3.633932919342933165e-01
-5.425368140521170668e-01
-3.825819832542029508e-01
-3.898332230724674830e-01
-6.476871787111632139e-01
-3.848048478540307404e-01
-4.377959586129406833e-01
-4.062675380571313943e-01
-5.005256302240962407e-01
-4.454799520339916552e-01
-4.376352264048148921e-01
-4.804165016187433301e-01
-3.766839630140803585e-01
-4.533248464618793161e-01
-3.050922926088118214e-01
-5.126199884963952291e-01
-4.375276448173004429e-01
-4.379834952585085484e-01
-3.574848361192737300e-01
-4.661468868071145244e-01
-4.263695645928540778e-01
-4.335919621541554081e-01
-3.715463501911160371e-01
-4.375540921785070481e-01
-4.828248422331802292e-01
-4.246030404500250044e-01
-4.137418721489284912e-01
-3.991240325752010154e-01
-2.861085110761417694e-01
-3.143217022638796210e-01
-3.383115728870094152e-01
-4.333673036538691070e-01
-3.630885012248684096e-01
-4.119594631560529185e-01
-3.083740393132756719e-01
-5.212802551069976031e-01
-4.121973586001393408e-01
-3.850651979596967922e-01
-3.796254929753726803e-01
-2.364544401754742620e-01
-2.792008354630130529e-01
-4.831276662316319470e-01
-5.084877867332427970e-01
-2.946403722631175670e-01
-4.962730101368685864e-01
-4.827079225986806166e-01
-3.431853976905200332e-01
-4.186306346135308942e-01
-2.964264061675512818e-01
-4.270283790152694658e-01
-5.651346045954428465e-01
-3.596856881510754333e-01
-3.965265788340630038e-01
-3.167081672539414638e-01
-2.565790621624983725e-01
-3.322945629834217485e-01
-3.893681536561037215e-01
-3.965581423613725454e-01
-4.858524273374603131e-01
-3.248343754013435780e-01
-2.270712852269628212e-01
-4.204329089497031990e-01
-4.310750850156334080e-01
-2.392873144737474311e-01
-4.324766726313527543e-01
-3.860081080022674249e-01
-3.232815554736302444e-01
-5.670334217513522956e-01
-3.833061525039890838e-01
-3.339432202634887159e-01
-3.916151526872753141e-01
-2.478727259381325321e-01
-3.480195657783009544e-01
-2.806591502650719328e-01
-3.253755426936373318e-01
-3.467895199317478361e-01
-2.449336206186774334e-01
-2.074388469707772187e-01
-3.061274276708211839e-02
-5.073282646117148742e-01
-1.944402237227449426e-01
-3.332567421827791199e-01
-2.806748295500367529e-01
-2.232673163023385643e-01
-2.965830672338842233e-01
-3.654419999475047587e-01
-4.805674741217705326e-01
-4.267885777970920613e-01
-4.020484371715262184e-01
-4.047982378481677634e-01
-2.344712043786260081e-01
-3.060183503140700978e-01
-3.962422105558800478e-01
-2.876040915687049782e-01
-3.092490847052611902e-01
-2.759610661690599098e-01
-2.789996905756660373e-01
-2.308057042559786554e-01
-4.683206303294799033e-01
-1.756546475975181154e-01
-2.317935267997640325e-01
-3.354503624222447966e-01
-3.866601162446214879e-01
-3.196352459876430907e-01
-1.947052917276173578e-01
-4.717738047160960901e-01
-1.403357024996571834e-01
-1.843962675373313487e-01
-2.413222625976609373e-02
-3.449644479963189792e-01
-1.785491443344255358e-01
-2.781063093185837110e-01
-1.930914961327448165e-01
-3.284056355570332819e-01
-3.001403701300028870e-01
-2.299338836942890207e-01
-3.210466497102223427e-01
-3.493839000399679984e-01
-3.577941355598183715e-01
-1.611112288007670312e-01
-3.018789845909276570e-01
-2.190648431194174572e-01
-3.102923701813350976e-01
-2.956627020389834826e-01
-1.733059664104578124e-01
-2.864452662067604183e-01
-1.844686629125429633e-01
-2.572899517577442174e-01
-8.967041814804527222e-02
-2.568562102743244258e-01
-3.094355646534497351e-01
-1.317074086680965761e-01
-9.108717096769976262e-02
-3.847566894586516573e-01
-2.204384228554419900e-01
-3.777898314519974599e-01
-9.559000247662614858e-02
-1.845516766765139816e-01
-2.517417906254152959e-01
-2.333278432782530110e-01
-1.829116261981795777e-01
-1.629525694136543246e-01
-9.904510201635223499e-02
-2.968511019182334398e-01
-3.221767846871985141e-01
-2.407713077950714431e-01
-1.956165934621846292e-01
-2.120815799913351729e-01
-2.107742197172453591e-01
-2.655275155806063880e-01
-2.166020268455155218e-01
-1.986376935084367690e-01
-2.174886010804193970e-01
-2.009058378968765213e-01
-1.675158699496705206e-01
-2.246303662062946183e-01
-2.277395911726943778e-01
-1.287387649715563687e-01
-1.902358922932630425e-01
-2.817652598902342653e-01
-3.350597260305920311e-01
-2.469372261454453876e-01
-2.627087180679718581e-01
-1.179628109368645178e-01
-1.022656910127361790e-01
-3.105219635131127864e-01
-1.422868601843592373e-01
-1.575390787954375760e-01
-1.326743836893708173e-01
-1.205667021915185350e-01
-1.210042236703744861e-01
-1.083897854120658560e-01
-1.580513587414283661e-01
-2.644708154437427350e-01
-3.606400413725796006e-01
-2.102759655217280865e-01
-1.025478270438067163e-01
-2.496405634691871434e-01
-2.844238795128288810e-01
-2.533500319407806511e-01
-1.666750444846603896e-01
-2.347096386364440623e-01
-9.905740720788584752e-02
-1.586756940531804383e-01
-1.944038392990607989e-01
-1.923426706697531907e-01
-2.465381273801971543e-02
1.017777626315607559e-01
-1.700382067498123484e-01
-1.214561822561987248e-01
-1.352053982855705161e-01
-1.031334004056487369e-01
-2.955869147090419147e-01
-3.043189224864491574e-02
-4.223290192470353921e-02
-1.529891275623557478e-01
-1.941691525628492232e-01
-1.402865291791903224e-01
-4.271018462048450925e-02
-4.609530003499454770e-02
-2.329577220031715454e-02
-1.411881483204910637e-01
-2.474045783549693595e-02
4.011960943150125192e-02
-2.117061045135816277e-01
-5.025816005383905438e-02
-4.356313171014056934e-02
3.756606680783254604e-02
6.336628712931530183e-02
-6.888932882365483845e-02
-6.907206429949297455e-02
-9.468709733668001505e-02
-1.240455429187354089e-02
-9.886091922093437345e-02
-1.011477284069786930e-01
-2.025896216234046587e-02
-1.666038817749070922e-01
-6.446356775700787245e-02
-1.143991692984646161e-02
-2.201502707501283920e-02
-1.282694329472456041e-01
2.176253389983841269e-02
-1.442172173142009794e-01
1.533051275590058098e-02
-4.767542957322665198e-02
-9.772390436081853510e-03
9.003003924634503385e-02
3.430714194843727249e-02
-7.698256107357359657e-02
3.584756313312807002e-02
1.031694966523038631e-01
5.706457350814698321e-02
-4.595013138030025479e-02
1.561485541197725133e-02
1.183697762359372935e-01
-1.629845041795437710e-01
1.138100965757630617e-01
4.557915709310413066e-02
-6.336660421618769967e-02
-1.290833209754250165e-02
-1.321191743892441983e-01
-4.082359102501371961e-02
-1.066043784403094830e-01
-7.575975571642880324e-02
4.465917970250299351e-02
-6.753362012337325859e-02
-7.693901346955628329e-02
1.084180793634768273e-03
1.005269151976164732e-01
5.176424051678031428e-03
1.597093398406473630e-01
1.072625515917533939e-01
-8.191602971911337086e-03
-2.498252125070096752e-02
9.992591366207370651e-02
-3.371281745757980647e-02
1.131678344779984448e-02
-1.047642449876463322e-01
-2.953267054713183334e-02
-3.035715350968458404e-02
-1.573073335289550817e-02
2.346936310056443320e-01
4.271222165852069791e-03
-9.249072030425875557e-02
4.371930853959019384e-03
3.506429519188277583e-02
3.483074110572016019e-02
8.070706049895574885e-02
-5.361676923498119238e-03
1.405539389103141745e-01
-4.866185823460238841e-02
1.080479981078886348e-01
4.846450685841795919e-02
1.315147787852861683e-01
7.434147704017490810e-02
2.232768209720318309e-01
2.345725298506680656e-01
-1.189172011523157053e-02
1.170525634340666282e-01
9.373048656016139124e-02
-6.114112317167744171e-02
1.084312045653726686e-01
1.635906333337120988e-01
1.056508007849012026e-01
8.176232264757611612e-02
1.765248163275836835e-01
1.780589615845253049e-01
2.051273104819074378e-01
1.611477110192194306e-01
1.760851621102743625e-01
1.067548486929176810e-01
7.717455608725301563e-02
1.104436968186612994e-01
1.883091192103310621e-02
-5.455291750046591115e-02
1.400068814564513486e-01
5.349855561511739077e-02
1.703690806349585363e-01
2.183006626915432180e-01
1.017315237092475955e-01
2.165866995245940285e-01
4.906599603593228553e-02
4.597145757329994947e-02
7.427714012027546164e-02
1.332041723785725995e-01
2.679589775098821236e-01
1.544860755956925513e-01
3.963037972445450363e-02
-2.678653949079627325e-02
1.260967285904835977e-01
1.143342958080860727e-01
1.301902686471277659e-01
-4.107963837708818178e-02
1.889546802207692777e-01
1.115455296281201297e-01
1.168485754954656231e-01
1.421848997378003798e-01
1.797090921919786977e-01
2.006115784965760152e-01
8.284413825980192769e-02
1.818621753476799552e-01
2.583590989662066795e-01
1.143904458825096976e-01
2.142712050199429286e-01
1.726134462944627079e-01
2.389160557548635488e-01
1.582360790328037614e-01
1.171136593780883889e-01
2.241461110008842184e-01
1.466168925095045483e-01
2.259130381562244605e-01
9.580124339324803950e-02
1.843010963311769723e-01
1.621808686384863529e-01
3.038061379019771358e-01
3.119299403689358985e-01
3.864523651509673557e-02
1.608642267654621372e-01
2.804481398415283877e-01
3.112780135814057769e-01
3.477300590799276003e-01
4.626265131959335364e-02
2.012576721921570388e-01
1.612119731410712742e-01
2.226860078471801507e-01
3.165183214496424813e-01
2.930769957299663719e-01
2.014950969557903204e-01
9.966408904864471063e-02
3.258343018416054448e-01
7.340339758975215900e-02
2.847378893846734260e-01
1.062069715619816251e-01
2.015680717766751839e-01
5.843716036990776602e-02
1.879608262190789192e-01
1.845389447945707806e-01
3.054194978063890509e-01
1.936139165377202265e-01
1.096102125771568070e-01
7.907575099566171994e-02
3.203408244613830114e-01
1.326819869098330995e-01
2.584834622922791425e-01
2.741015578922750273e-01
2.493297807466882676e-01
2.720829000549419563e-01
3.656166060953810470e-01
3.094849344196223817e-01
2.583703835900990065e-01
2.746447052755851548e-01
2.450713566025889967e-01
2.719449382227862588e-01
1.841315713868953152e-01
2.883933366450968094e-01
3.602010803432953434e-01
2.292531081736754739e-01
1.062449154191963951e-01
3.992455778014327716e-01
2.087163725695887484e-01
1.630358338755523995e-01
1.756378596421535043e-01
3.371969269437834482e-01
4.610615645236904592e-01
2.675456685434138282e-01
1.066881695652305007e-01
2.928661986039469145e-01
3.260424392516915182e-01
2.249026988286268181e-01
2.330263957517073603e-01
2.568653107895677024e-01
4.543226328742315245e-01
3.213860694501722848e-01
3.279502941852829312e-01
1.512132106135386234e-01
4.166854536407686993e-01
3.112314393774099353e-01
2.751426944748395220e-01
2.967021480982241499e-01
1.599537648967057080e-01
2.869967720478151518e-01
2.629161117770413836e-01
2.860072667466343477e-01
2.390504237012296140e-01
2.064663200330019155e-01
4.597578495504325291e-01
3.523110174882998491e-01
2.146203390476739414e-01
3.609790144431466730e-01
2.522228593609135427e-01
2.734895387571099623e-01
2.418994995589297536e-01
2.551828992993858125e-01
2.312513915343788196e-01
3.934785978609401935e-01
3.821035563125999013e-01
5.050053438473649514e-01
4.566740567411241014e-01
4.170864464494357660e-01
3.364156286977347809e-01
3.802597402282414940e-01
4.702436899184514463e-01
2.991981684345947357e-01
3.274737087667944357e-01
4.009371705646431749e-01
3.869928298251940069e-01
4.415160852007748993e-01
3.519463301302779845e-01
3.151210038724993057e-01
1.505760939431865231e-01
3.778747256999121507e-01
4.096618679545311892e-01
4.314825102081131791e-01
2.839730941771966277e-01
4.969411871498530808e-01
4.037324710258904936e-01
3.809065094550543318e-01
3.634804522983997588e-01
3.840917628921163285e-01
3.340577068225157320e-01
3.312945446554282358e-01
2.408567305180381313e-01
5.714350266045234994e-01
3.128942008813631603e-01
4.750211213764090057e-01
3.409997732277584848e-01
3.280271395667269663e-01
3.697438203347894747e-01
5.040622358661571711e-01
2.698799740208212006e-01
5.335077904888684275e-01
3.883183821538042091e-01
3.539648644769949337e-01
3.615300975904019998e-01
5.019345515024968840e-01
3.610689819461173622e-01
3.588385966446256958e-01
5.106547316209281151e-01
4.880635418681566473e-01
4.343622548329615363e-01
3.132988341188619463e-01
4.777597092635278431e-01
4.174967582388285359e-01
3.370066945363311972e-01
3.267479943200735093e-01
4.070623879056606831e-01
4.721673754719253879e-01
3.886800353355968629e-01
3.344649479685646298e-01
2.963902410404052890e-01
5.805329077989754838e-01
5.140596100444909666e-01
4.584446288199799935e-01
5.628209781182048621e-01
4.474777815138944459e-01
4.327319442173807595e-01
4.730582119182701328e-01
4.625229454114690997e-01
5.123432480224924257e-01
5.755568496179553906e-01
3.484308256020958727e-01
5.248303121253343750e-01
4.692679601824097380e-01
5.880536464754518855e-01
4.591605607260847433e-01
4.088319327490406163e-01
3.918996731786915100e-01
4.972330840870166635e-01
4.380234776768002769e-01
4.135352557940082940e-01
4.399131278908692266e-01
5.640145460063404892e-01
5.600700952643851149e-01
6.244669999855397835e-01
6.112219421271153363e-01
4.922832769948130571e-01
4.621508804549434579e-01
4.927322706419678955e-01
5.321058968509680964e-01
5.483411973224667779e-01
4.656989001968546704e-01
5.750181640853323506e-01
5.398484802454278642e-01
5.458245397464717152e-01
5.849490185089478711e-01
6.589041343701077524e-01
6.560389268876215541e-01
6.532092390681623062e-01
5.033347827155443266e-01
5.254170386184980890e-01
5.271570753289628319e-01
6.131280838374679742e-01
5.713466935979887307e-01
5.157721577501949151e-01
4.251810341305333751e-01
5.451961784226656560e-01
6.190818910438375955e-01
5.368588606861901535e-01
4.573377818270679129e-01
5.498796924326934121e-01
3.967079991249330972e-01
5.437385174370718000e-01
6.191965755317035969e-01
5.083360202912028392e-01
5.731050119566002410e-01
4.977966678156904856e-01
4.550603615515279032e-01
7.039749789391472889e-01
5.268627610211210621e-01
5.136159634945399732e-01
5.491409671126299408e-01
7.688330982494316901e-01
4.148606464657599857e-01
6.754160733314668041e-01
6.055389241614229645e-01
5.551282411509886883e-01
6.027556846471204821e-01
5.730220884604425580e-01
4.804943578319988973e-01
5.327445861124388005e-01
5.891305552073331508e-01
6.309094663654430946e-01
6.423200531983777051e-01
6.479555641502104946e-01
6.733931529101494506e-01
5.172131779009673247e-01
4.948575576252284836e-01
5.947537324541891657e-01
6.950043619881413060e-01
5.216148044691594210e-01
7.884931077243524378e-01
6.024693635109173995e-01
5.651882358317265043e-01
6.501323928406121944e-01
7.280942114994704006e-01
7.179439851736024725e-01
6.388182713791169531e-01
5.573243836964021369e-01
8.005379739814671991e-01
5.619489732760970524e-01
5.643110397892535657e-01
6.301303280223741199e-01
5.521742302051332318e-01
4.454940698891556861e-01
5.535509000172684768e-01
6.054358064531972783e-01
6.271366392251797039e-01
7.181678320115669756e-01
5.309028414366339099e-01
5.063243355533678658e-01
7.192469252082394071e-01
6.646304257018723627e-01
6.355908135717788232e-01
7.451354175794241419e-01
7.185859784558653596e-01
7.259677000460700302e-01
7.101892569108300135e-01
6.428465704728147934e-01
6.520535163324324701e-01
6.822092547534749363e-01
6.610092084076046870e-01
7.308780383586450657e-01
7.107576301114925110e-01
7.570134351713753151e-01
7.587702375768456964e-01
6.270105590715989718e-01
7.400562739012913616e-01
7.327198486962730462e-01
6.670316534305947842e-01
6.969030091972966412e-01
7.167952908930131928e-01
7.857092851591913618e-01
7.563379917962442800e-01
8.979087270513018693e-01
5.252532666840502573e-01
6.571394834456901757e-01
7.468882170506564444e-01
7.156311654865928906e-01
7.127383256173521753e-01
6.982273623581480848e-01
5.380598598938285404e-01
6.974104828837089931e-01
7.993258158794026569e-01
7.876719564011316344e-01
7.212027228863946426e-01
6.919131739399644321e-01
7.474611347709637643e-01
6.398559346945529303e-01
7.032802097365179472e-01
7.409652251961568181e-01
7.106246490318465225e-01
6.052546416180719646e-01
7.429973438727801582e-01
6.945257369452166873e-01
7.178003935969907712e-01
8.669304441739186240e-01
7.559714443842348031e-01
6.505860511598394735e-01
8.093522797240927380e-01
8.727485514631219132e-01
8.681602370618339837e-01
6.581199937571469150e-01
8.706563396001959498e-01
8.538831617995099599e-01
7.771791618130974300e-01
6.919339842277598684e-01
6.469525913135791839e-01
7.587592663880982080e-01
7.038369400699936440e-01
7.541177746765110879e-01
8.052592432856565674e-01
7.704770672946464893e-01
6.927159682803173402e-01
8.529577077886384417e-01
8.020501085625169058e-01
8.939444034277338469e-01
8.150060785917041528e-01
7.324786251760327938e-01
7.534730726101313003e-01
7.902352471903306697e-01
8.152997877448467934e-01
7.250977904261194373e-01
8.979712513725790490e-01
7.837599011334557275e-01
7.998998088288997721e-01
8.801333347026762954e-01
9.329802369245239202e-01
8.209550455056631169e-01
7.443353019433174289e-01
8.728274127544964900e-01
9.100874161635437165e-01
8.355088654348360455e-01
9.721720173674146537e-01
8.145250336363498711e-01
1.095365238786123019e+00
9.860650030121583809e-01
8.246710369156629028e-01
9.891352458879294485e-01
8.006767080759840116e-01
7.501392707310410302e-01
9.180923809549313974e-01
8.763655256773462687e-01
8.554501084569617886e-01
9.057312623274381691e-01
8.195395154659612658e-01
9.399879948347765746e-01
8.797367075699902284e-01
7.540488086726317984e-01
8.687717603868277960e-01
8.788357490060801913e-01
9.429905052695525258e-01
8.624539688272170324e-01
8.171810970563059273e-01
9.696424925005430184e-01
8.896725553459611247e-01
8.848408199502342253e-01
8.920997706708231334e-01
9.361992638814786716e-01
9.198489485030530988e-01
9.278751668421734156e-01
8.751177132136895853e-01
8.867865401450064633e-01
9.262480858062488442e-01
9.995789359985005618e-01
1.081225663414656868e+00
9.760714048886883765e-01
9.712259777251943671e-01
8.965889014259843526e-01
1.013975563989313766e+00
8.010165238830406764e-01
8.196192843490889279e-01
8.036671629327193367e-01
1.036501342195074615e+00
8.465654266485567181e-01
9.529444925014606271e-01
8.635362840583529209e-01
7.825570136944249855e-01
8.474575658974838888e-01
8.086665317418977317e-01
9.251080075571183059e-01
8.720928309477117280e-01
1.089843303508370553e+00
1.023319641440181282e+00
1.008461428580466945e+00
1.113033428367417033e+00
9.576883963454021487e-01
1.017016985029908449e+00
8.579835022154725932e-01
8.504017369908067892e-01
8.407238766616930148e-01
8.592493185565054370e-01
9.823240574373381939e-01
1.066575354210703486e+00
1.051057617253003507e+00
9.286550038922496420e-01
9.455488781565911660e-01
1.028015485614541147e+00
9.138472265926700366e-01
9.916695787809441942e-01
8.442259412710622080e-01
7.733453418655205081e-01
9.925678254941138201e-01
7.803060741193754701e-01
9.493395320895564593e-01
1.080281815900063114e+00
8.789190711850819460e-01
1.056106428241368578e+00
9.459673815533137242e-01
1.039350318310437560e+00
1.027537301427208227e+00
9.711909333380162046e-01
1.089572036151562395e+00
1.027639621709665274e+00
9.564341379675477262e-01
1.110783790694039652e+00
9.968105555258424122e-01
9.980853077419156172e-01
9.958557919985014939e-01
8.556501227453271463e-01
1.103869008897685688e+00
1.083769847401062858e+00
1.028554096999796608e+00
