-1.063844397725782986e+00
-9.757993385768380934e-01
-1.017154729631870147e+00
-1.073034691353182968e+00
-1.064155900172236935e+00
-9.808719668719354523e-01
-1.199053027126270266e+00
-1.003265978032473749e+00
-1.065934029078620782e+00
-9.503751927247172659e-01
-1.009181316967041608e+00
-9.857479668903372794e-01
-1.037022264011695505e+00
-9.248841999582171347e-01
-1.167750440779782961e+00
-9.755149726682836864e-01
-9.378750511082506458e-01
-9.692218545435050681e-01
-8.813183480828650218e-01
-1.060833246693234422e+00
-1.159478524537166155e+00
-9.621670628268496062e-01
-9.401989001811579261e-01
-1.043706637232229006e+00
-8.634120191651878384e-01
-9.271897593637471457e-01
-9.764056314943840853e-01
-1.020577625912849395e+00
-7.925164068655271565e-01
-8.934108368950740564e-01
-9.654648244906354204e-01
-9.652059911738963827e-01
-9.026738498922149967e-01
-1.032980911419643988e+00
-9.602701085920648527e-01
-9.258375765075615993e-01
-9.870602694900819651e-01
-9.049720584067233453e-01
-7.928396532542051345e-01
-8.121063731567826904e-01
-9.639727989477592240e-01
-1.013548450345255203e+00
-7.945607743038688442e-01
-8.382103364350145247e-01
-7.900029643732586759e-01
-8.878043939079265368e-01
-1.045134688633000630e+00
-9.384560660140317534e-01
-8.554540003722739261e-01
-8.696338239220950950e-01
-9.154289037215065372e-01
-1.004602874221506958e+00
-7.724159613494000487e-01
-1.029134984509745276e+00
-8.982348865881657485e-01
-9.094553422667086551e-01
-9.337611270260031127e-01
-8.252292610584230914e-01
-7.678741673168879567e-01
-8.524391491517180341e-01
-8.985305031132615472e-01
-8.462589881074554787e-01
-9.085337611707646754e-01
-8.680870212432384436e-01
-9.196433650968702800e-01
-9.144809022962128164e-01
-9.070367505403631458e-01
-9.444872735900593508e-01
-7.734615560663827827e-01
-9.346785209908351488e-01
-8.896268104621030126e-01
-8.511828363501284800e-01
-8.766271021058503754e-01
-8.907034249805904080e-01
-8.206739080112982476e-01
-9.322423577494416413e-01
-8.435746382687669964e-01
-8.669455535280715663e-01
-8.361639522269083136e-01
-8.558163463173648067e-01
-7.023129923832317489e-01
-9.845037976740325103e-01
-7.350695704162572008e-01
-8.699278926233654508e-01
-8.070305082193263146e-01
-8.275438687418192885e-01
-8.106941324579671759e-01
-9.404177631402823589e-01
-6.975496338908974137e-01
-8.738614055482601950e-01
-6.193909482568558111e-01
-7.003727842516872526e-01
-9.061791398493201921e-01
-8.877920063793097727e-01
-8.541968135196558176e-01
-7.333685342596252266e-01
-8.409095903722255683e-01
-8.648092589073218539e-01
-9.227280675519857756e-01
-6.820038321246404411e-01
-8.652310908863553029e-01
-8.511744682309514420e-01
-8.654788222170328726e-01
-8.027447831028755587e-01
-8.195190507160087234e-01
-6.769682302079294001e-01
-1.033009706395397576e+00
-8.595126774374729495e-01
-6.783245108377957688e-01
-7.784893264330793317e-01
-8.409460742375248765e-01
-6.597335903047912842e-01
-6.910585419209738234e-01
-8.046186967241976129e-01
-8.067826802450187573e-01
-8.526467526907023364e-01
-7.550466816870851083e-01
-7.706185510896639279e-01
-8.619342933710252286e-01
-6.221140049185707177e-01
-7.230495949970535685e-01
-7.681624322893645385e-01
-7.949512164853088647e-01
-7.063823770441354233e-01
-6.019380042461730529e-01
-6.871101202312311917e-01
-7.132972163047976988e-01
-6.438457825089781705e-01
-8.247512437476737235e-01
-6.733354379225795494e-01
-7.486374814199718841e-01
-6.721006703510181701e-01
-6.649968435409999712e-01
-8.214281395242385431e-01
-6.415323273162312212e-01
-7.805690415425173834e-01
-6.032784338878228736e-01
-6.411133265315693830e-01
-5.357323599193246633e-01
-8.199242988057479087e-01
-8.394102812093776622e-01
-7.489126161244130664e-01
-7.318632078732060231e-01
-7.028939747585610798e-01
-6.903978898172732359e-01
-6.105910956416539248e-01
-7.622912117055599124e-01
-7.606756762366444491e-01
-7.272347189009729096e-01
-6.099051514959359377e-01
-7.862758064015438197e-01
-7.561337727816712651e-01
-6.784588399562835326e-01
-6.063334594209213169e-01
-7.362332543597182033e-01
-5.626265678774435841e-01
-4.970376694358153991e-01
-6.648424069549755400e-01
-7.015833589837828788e-01
-6.980902270591358150e-01
-6.916448537768098426e-01
-7.030376712307641052e-01
-7.437503987044213893e-01
-7.393797375436871322e-01
-6.738631095363235568e-01
-6.621389569088128590e-01
-6.610465779965370992e-01
-6.851004199684237461e-01
-6.366622397800461020e-01
-7.291389925242305337e-01
-6.664231904303636878e-01
-5.682268371775187621e-01
-7.134957632360106050e-01
-5.766247585766387518e-01
-6.605893543892956687e-01
-6.108003410800847410e-01
-6.231377138365388202e-01
-6.453167068687521990e-01
-7.900149307182828817e-01
-5.690497108125838199e-01
-7.149512557539527968e-01
-5.239560839362799038e-01
-6.086638556679471179e-01
-4.947749269378605708e-01
-5.201270578725017968e-01
-7.624381720323770706e-01
-5.794086915929967940e-01
-6.541758982693306468e-01
-6.344768615336041639e-01
-5.605733695796704108e-01
-5.653818712224079057e-01
-5.190355085513443933e-01
-4.950954680693529508e-01
-7.179428059710989407e-01
-5.358150738029568982e-01
-4.189572838920965214e-01
-5.265123227796910665e-01
-6.086838462638421987e-01
-5.061456932802265163e-01
-5.108603294585128962e-01
-5.676435667636823279e-01
-7.326782722740653453e-01
-6.065955096412413150e-01
-6.706462866711780935e-01
-5.687929699953557794e-01
-5.674503289260418581e-01
-5.838330568410594612e-01
-3.687300161843137802e-01
-5.066435347542108669e-01
-6.600104423190435998e-01
-6.523194154260506528e-01
-6.307515625109244572e-01
-5.871709984289965600e-01
-5.775632173293552274e-01
-7.844785066105991467e-01
-6.557019151124171552e-01
-5.593741692253937359e-01
-6.710060818990590814e-01
-6.415221391083707481e-01
-5.695946823114562685e-01
-5.442881631178233537e-01
-4.141511482847456960e-01
-6.214387257789741881e-01
-4.760626119339236850e-01
-5.953418069078248998e-01
-5.890078826723382788e-01
-5.903268095009048810e-01
-5.373687313715506120e-01
-4.652018652368977714e-01
-4.981138529083016242e-01
-5.608841585269416230e-01
-5.873680419509371697e-01
-6.459245640000574884e-01
-5.646305730764292763e-01
-5.543160115817636902e-01
-5.285319992576384962e-01
-4.104335386648446105e-01
-5.409855890480396168e-01
-5.359636437001900067e-01
-6.150345452169996285e-01
-5.728538668523529553e-01
-5.536046086882979722e-01
-3.924794437953496584e-01
-5.751681928363028273e-01
-4.225749431098663189e-01
-5.074150156465310202e-01
-4.077543911867277937e-01
-5.361657120330489690e-01
-3.663712556718131674e-01
-5.301425150755449955e-01
-5.630074129584786702e-01
-4.750370384964110460e-01
-2.929024792838442193e-01
-4.778790493394748928e-01
-4.502136586280635622e-01
-5.451864096853747954e-01
-4.596895724308802667e-01
-5.393407174535119752e-01
-5.116652895470737983e-01
-5.061757315706565397e-01
-4.215403472110146321e-01
-2.999104124689632167e-01
-5.320132058423943100e-01
-5.304862386112451089e-01
-4.222881334884866500e-01
-3.717649416131043050e-01
-6.905226523612024714e-01
-3.675285928581726314e-01
-4.830561474185557369e-01
-3.865878858202959067e-01
-4.803166198817087063e-01
-3.817966495690494622e-01
-3.904722028147761814e-01
-3.640264346858215760e-01
-4.149242320705443521e-01
-4.748914327148159864e-01
-6.318812104141373620e-01
-4.039996410071275967e-01
-4.024159743074776086e-01
-3.506820953279255471e-01
-3.182828023025365827e-01
-6.028739256663683266e-01
-2.463722256781830378e-01
-3.642952567582869450e-01
-3.938860774218103655e-01
-3.916252245574916580e-01
-4.519209871965519376e-01
-2.335324116374602743e-01
-5.062478142093573830e-01
-3.240843357803721014e-01
-6.678269778915161270e-01
-5.119407791909059702e-01
-5.113855640921358692e-01
-3.649187069639417413e-01
-4.144073636397807014e-01
-4.301204663726503896e-01
-4.071524763681739212e-01
-4.566516090684293872e-01
-4.654106262590824716e-01
-4.257708040750163847e-01
-3.093220404519456124e-01
-4.209453814067807276e-01
-3.935967964969095401e-01
-4.117653694326359748e-01
-6.320807362340670199e-01
-3.754835946837336014e-01
-4.058569312767351667e-01
-4.816039496633391370e-01
-2.428482163232062174e-01
-3.132016076341552768e-01
-4.339731111601121682e-01
-2.859770968221354570e-01
-3.799657574791078241e-01
-3.973873367832957970e-01
-2.975281406386774963e-01
-3.026026645241396418e-01
-3.701303069169241677e-01
-3.836540932609838750e-01
-2.451784344128177251e-01
-3.672686723871751435e-01
-3.380223579062662798e-01
-3.697093760736002155e-01
-3.794922935061209035e-01
-3.751598287441491042e-01
-4.279571499125030543e-01
-5.377632660957458732e-01
-3.780095946278484997e-01
-3.607808304582061920e-01
-3.383464203658242964e-01
-3.524223134544245961e-01
-4.295779069355939450e-01
-3.856453747568691637e-01
-3.025365982573752777e-01
-4.074042860456797421e-01
-2.444734525027537353e-01
-3.246871567365320899e-01
-3.654910897133211711e-01
-3.741626207070794519e-01
-3.927667974108255411e-01
-3.284142411286850582e-01
-2.324768018589725704e-01
-2.422023405891430559e-01
-2.460136164677508286e-01
-4.344317848309387498e-01
-2.775129866980553528e-01
-1.722659739103362952e-01
-3.526901744374703607e-01
-4.299970020138070836e-01
-3.844153933551184288e-01
-3.122782663995744001e-01
-2.887506624632398267e-01
-2.987818242303121319e-01
-2.152447553382379475e-01
-1.495517550064982548e-01
-3.760634242006978822e-01
-2.438136805123821416e-01
-3.207459184047722900e-01
-2.215913903860564083e-01
-2.840812296814588245e-01
-4.086820659243590170e-01
-3.547069226600766956e-01
-1.515150955862643589e-01
-1.100215412298201356e-01
-3.746371631673626190e-01
-4.115118591102656098e-01
-3.547114984447694574e-01
-3.766974322443327194e-01
-2.790615536507890515e-01
-2.839530353435039123e-01
-2.259679046053385820e-01
-2.021748653234851922e-01
-2.779451298722568908e-01
-3.047300324190491128e-01
-5.370912266882561098e-02
-3.185408913262942066e-01
-2.343744594366456713e-01
-2.839975566808879415e-01
-1.942644307360947842e-01
-2.953584278742958924e-01
-3.268919949640556322e-01
-1.108141597943109180e-01
-2.998516797014201818e-01
-3.642619272316204859e-01
-4.474143895920378311e-01
-3.229189458052693085e-01
-2.791485017799180679e-01
-2.268588738932477977e-01
-1.781461415129395043e-01
-2.559212517235399109e-01
-2.663555823043888826e-01
-2.170085684864865305e-01
-2.508355425040348363e-01
-2.281775078838956250e-01
-1.578955323686656864e-01
-9.851957693766270896e-02
-5.741873856450328134e-02
-1.714582068073704224e-01
-1.680037575502850988e-01
-4.772756764692992482e-02
-1.839974661136426215e-01
-1.231139961129834870e-01
-2.268862426295082668e-01
-1.848462481457949502e-01
-2.035882524807512695e-01
-3.211280775737831994e-01
-3.088068115106762934e-01
-1.907511939025871225e-02
-1.801021132079357878e-01
-2.356923624084491797e-01
-1.643991840068030064e-01
-1.104763213582657388e-01
-6.018140608618172821e-02
-2.716057492627195757e-01
-1.341207780650894577e-01
-1.377783503507211960e-01
-1.639807349846165996e-01
-2.754930446894845453e-01
-7.578087123379737000e-02
-3.272099122138187877e-01
-2.121051964469526929e-01
-2.301576388921178218e-01
-3.814150945086604988e-02
-1.499320167595945552e-01
-2.046865702891806083e-01
-1.164839175937530807e-01
-2.313892942485578641e-01
-1.010997790710877475e-01
-1.096724055120089775e-01
-1.034786342708885060e-01
-1.664206590415244491e-01
-1.547270007338032716e-01
-7.059265246357710605e-03
-5.090564511746906162e-02
-2.063886642244472935e-01
-6.385835449819951548e-03
-1.498632500728374617e-01
-1.465099963590772714e-01
-1.702908338249953524e-01
-1.452970396133582420e-01
-1.237922621001943252e-01
-1.224221480687339714e-01
-1.318943208388255739e-01
-3.661430041683638031e-02
-7.315526110764801471e-02
-1.903837420519078893e-01
-3.092356891724125090e-01
1.912162880548805635e-02
-1.793410941027832883e-01
-8.350734922139010918e-02
-1.651045530922722049e-01
-6.376857383586308214e-02
-6.977949250119048520e-03
-2.326861338383526268e-01
-9.564210499512521002e-02
-8.876062014909584519e-02
-1.488986640873829655e-02
-2.690884559578951563e-01
-1.223414793999094419e-01
-8.198132138585552398e-02
-1.271371409270206365e-01
-1.161746678909929553e-01
1.914596960031995920e-02
-7.592168601047034893e-03
-1.301288646515820213e-01
-1.797416784953948798e-01
-7.839184668438141379e-02
-9.155178491542961816e-02
-7.781163690332749960e-02
-1.112027255089572120e-01
3.654763496381006893e-02
-6.294627780542501327e-02
-9.303802380990774945e-02
-5.161614412034264826e-02
-2.521638224180969626e-02
-9.560621654637588285e-02
-4.233620922459299662e-02
-1.922422761243124389e-01
4.060701016828276860e-02
4.178181815475834338e-02
-2.069632742353780946e-02
3.379989786931526796e-02
6.883099693306429789e-02
-2.433721245615039913e-02
-7.813588266052008680e-02
-1.888531079409045410e-01
6.563991100002662671e-02
-2.123632927313863841e-02
3.735714349994262093e-03
-4.697546291815469371e-02
5.187564277867458967e-02
-5.796355575763629392e-02
-1.220408377072940229e-03
-2.415813932799076857e-02
-7.959554133554638811e-02
2.422538848958609697e-03
-1.687143283960853002e-01
-1.096305770735541280e-01
8.723364809821786137e-02
-1.974270175683314268e-02
1.751397411466268927e-01
-3.557225803179415308e-02
5.533803995427856448e-02
6.004087171585138077e-02
2.604189620529259036e-02
1.548933603080279442e-01
8.455951902369532314e-02
-1.970459813369863228e-02
6.016178462885058559e-02
1.212927111273370134e-01
-5.239458215908446986e-02
2.036999598923895996e-02
-8.136027222570824113e-02
4.445704431188361727e-02
8.012714618110872156e-02
1.601190779149881324e-02
-1.298684443484430726e-02
9.910786214521238868e-02
-9.117836122614973726e-02
-1.193414013073321699e-02
-1.432010775519062390e-02
9.684946512271512542e-02
1.114783830872104892e-01
1.884432248358559325e-01
1.550321769171700455e-02
-5.925220029713121339e-02
8.774311778047673427e-02
-4.035017530177114481e-02
2.261994433456146758e-01
5.507683978417463044e-02
2.037795453430144288e-01
6.453072507581679440e-02
-6.978959862594970309e-02
2.691964819679915771e-03
9.373726431788526048e-02
1.427481388114708039e-01
1.194397137487939187e-01
3.108186252261387408e-02
1.355625051173172391e-01
1.023210557287183575e-01
1.590137072485019176e-01
6.787507382510447884e-02
1.624238640736796746e-01
8.146678670949461520e-02
1.154953723966749973e-01
-4.441795565817022173e-02
1.683178018277284305e-01
-9.061549170438597256e-02
5.855925136822737881e-02
1.941030379975125786e-01
1.138294695095928982e-01
1.150455069298587513e-01
1.451054106504305885e-01
6.304475223928822369e-02
4.754259739063137341e-03
2.391770495242592498e-01
1.222071926839206693e-02
5.970663715790799908e-02
2.997265029655887258e-01
1.043523347115230676e-01
9.103294767961143952e-02
1.254334432819413092e-01
1.785432848299414177e-01
6.193485704943779702e-02
1.407291750911074946e-01
1.491524248022609300e-01
2.103776277439530773e-01
6.175254380946015864e-02
1.047530879762511857e-01
1.703986387033389893e-01
1.258230244756651794e-01
1.129547362836080399e-01
9.244008390076897952e-02
2.246636639202127250e-01
-1.462072193151403056e-02
5.393724456458828115e-02
6.160572613835338385e-02
5.304384354074236779e-02
2.485975560509360305e-01
2.777902758511981984e-01
3.763729022703494326e-02
2.114655683966645827e-01
1.455830706107057448e-01
2.624027988613586437e-02
-6.561215300247696947e-03
2.147460426473665751e-01
2.213707071838750817e-01
2.671377568320010276e-01
6.726314241096359448e-02
5.394680305513434304e-02
1.740357346175567810e-01
1.356201854180358046e-01
1.798271318086821502e-01
2.535900712870278184e-01
1.313211821099000420e-01
1.647390249511524463e-01
1.637627327795332932e-01
2.317087242500992794e-01
2.571670647123119324e-01
2.264020572701847256e-01
1.936456133064247687e-01
2.429619521900269197e-01
1.163776170602020266e-01
1.582490087121193878e-01
1.902798479097808082e-01
1.621755240577127388e-01
2.746565849067036935e-01
1.923294565138597700e-01
2.486623176273751457e-01
3.079565336818879673e-01
3.049344449876090213e-01
3.257374176567329749e-01
2.142790211400092404e-01
3.789223388096246703e-02
1.498720154056069342e-01
2.247960389738959952e-01
2.604652399186596079e-01
1.083802319581883417e-01
4.271314002292966872e-01
2.504641332174205592e-01
2.168759653276342292e-01
2.232380899861772239e-01
2.149170670671737282e-01
3.016450631838151208e-01
2.931148991456632991e-01
1.896092116430586061e-01
2.847274327773813840e-01
3.154383044328947783e-01
3.014327607865574521e-01
2.090334571656460583e-01
1.568356087294459911e-01
1.335125525658581724e-01
3.851474115899452544e-01
3.142553469364898211e-01
2.543470686331933961e-01
3.901416154664097413e-01
3.616250609039885489e-01
2.187900565314387646e-01
3.091670826098232294e-01
3.519128929974231212e-01
2.546145584550675856e-01
2.550583640355740256e-01
2.229369820695737414e-01
3.081533877321328552e-01
3.515245037923455107e-01
2.525117566900796362e-01
2.944058224089957654e-01
2.479962851814521696e-01
2.931946555265216858e-01
2.419411984907942070e-01
2.204985869965820633e-01
2.551147173447643746e-01
1.916336779624284170e-01
2.370511171940810902e-01
2.520266187271627545e-01
3.465196565852895483e-01
3.577017355560630496e-01
1.795894203591238136e-01
3.802016326072445440e-01
4.019598844746563593e-01
1.829683412204694826e-01
3.693961067956605948e-01
4.860270587034547507e-01
3.572119001851836728e-01
4.628080058883399794e-01
3.944728510970545998e-01
3.677285112441917581e-01
1.957931587855126498e-01
3.688382291988770989e-01
3.398638999496058632e-01
4.068172721081701471e-01
3.042673176538292501e-01
2.131338165425354370e-01
2.136864030843733386e-01
4.313343894120905686e-01
3.115680231571233416e-01
3.848335119487452660e-01
3.093213036731049526e-01
3.069574764513566256e-01
2.801494118341572026e-01
4.486287692040989983e-01
4.741565661417028177e-01
3.475955920208211314e-01
3.874438636443025552e-01
1.645723263267229175e-01
3.671151867545356384e-01
4.682864392376092644e-01
3.119675926007954292e-01
3.584628416004076445e-01
3.655551357909254118e-01
4.398697738250849087e-01
4.028623955618161889e-01
3.913951594428959346e-01
3.901997500794749940e-01
4.379184021644839109e-01
2.789304857557209361e-01
2.590306157090280781e-01
3.130101769749726870e-01
5.138243832648640153e-01
4.831629619695217426e-01
3.091995650231335602e-01
4.030560656994694457e-01
4.764243359778965736e-01
4.506347801943012543e-01
5.117864599988858343e-01
4.254670787298557855e-01
4.210140436582275880e-01
4.620750094555097776e-01
3.911623735256440360e-01
3.306365942202216801e-01
6.002085217333199552e-01
3.777497912648923317e-01
3.717144322502003995e-01
3.060825581124366757e-01
4.727690092197912586e-01
3.384646628020396841e-01
5.026459495867487970e-01
5.181072523066861946e-01
4.941571467563815601e-01
5.114348954771502642e-01
5.560981539104898896e-01
4.034774773365466527e-01
3.880786290000676209e-01
5.073249899207058489e-01
5.669962149328866552e-01
3.766480089764506767e-01
3.036951022227418751e-01
4.434156391714493828e-01
4.277354698354289275e-01
5.198175593567175845e-01
3.831140128877146278e-01
4.230955915951355450e-01
5.932938925376698425e-01
3.821382309899644114e-01
4.318363736966945310e-01
4.244709786184641120e-01
5.586025279043255187e-01
4.607595643764129667e-01
3.635077487746449232e-01
4.283804673882071201e-01
4.716567208398220190e-01
4.893395934078152432e-01
4.966147716320237215e-01
4.601895479495241581e-01
4.963109703638011183e-01
4.919345902466896181e-01
3.001411181879493073e-01
3.432449892572180805e-01
5.534684407093953817e-01
5.365259874082856095e-01
5.528872880976519744e-01
4.201965215955651423e-01
5.176030595454679251e-01
5.107348406924606676e-01
4.560427525159268525e-01
5.828762951667578740e-01
5.981562062680536584e-01
5.350111629189583384e-01
5.154287612036329014e-01
5.464043527425932467e-01
6.294055571558340167e-01
4.785943241454425068e-01
4.653499480955391454e-01
6.794313864452651286e-01
4.505910466222726174e-01
5.145062406075343597e-01
7.010847751874511591e-01
4.666069030324048739e-01
6.296626220026232401e-01
4.911840680413394611e-01
5.147879789329582456e-01
5.085324814072794686e-01
6.458975303326398576e-01
4.617248675597372953e-01
5.473973249902414073e-01
6.558825333777860145e-01
5.367783406057614615e-01
5.689825610857269789e-01
4.373111847776408601e-01
4.617107305663359917e-01
6.363852572016833742e-01
6.106070541463045620e-01
5.964366521963578860e-01
5.764088106151259439e-01
6.388817300416201883e-01
5.399699661512177284e-01
4.514173417977630498e-01
4.588092973039439859e-01
4.717819062061298085e-01
6.263821003597088710e-01
5.838311576642434275e-01
6.552475776007391506e-01
5.170933564567294916e-01
5.046523126204263132e-01
4.761255071136430428e-01
5.270570004316778023e-01
4.179367409805517242e-01
5.674250141208497800e-01
5.869036114358057166e-01
6.420692243575616409e-01
6.522257350492436379e-01
6.116847014514935621e-01
6.649381795076517720e-01
7.426153283700904773e-01
5.622405882194723148e-01
4.193683200826658353e-01
5.947276025277127287e-01
6.235280713262761898e-01
5.024345822217063384e-01
5.977311837720922227e-01
7.719293783333387449e-01
4.978521931424281788e-01
6.474393235736844998e-01
5.477466774594847987e-01
6.881494588274272850e-01
5.203600623232920164e-01
5.803800298016145165e-01
8.076662568121711905e-01
5.566298217126804948e-01
5.839112137322024498e-01
6.826901262390407954e-01
5.989885372491110527e-01
7.146355670034383323e-01
8.005911276704412716e-01
6.381104834478391608e-01
6.359481141030951523e-01
6.949021361721005041e-01
5.375836005579369692e-01
8.367120288132605666e-01
6.632666528507871195e-01
6.150285977764022860e-01
5.827585169727937942e-01
6.468271234767924982e-01
5.362660091748222557e-01
8.026814629268579360e-01
6.227394420360899963e-01
6.724105692056016048e-01
5.287442605116222660e-01
6.288754329828651901e-01
7.297118351824990468e-01
6.054380397441196937e-01
6.656017183886078215e-01
7.041129677170647749e-01
6.816157353164131738e-01
7.587901527806403257e-01
4.776083883010737718e-01
6.410343684251208485e-01
4.558793711883163957e-01
6.132384617616269962e-01
6.713038468769187972e-01
6.100514902593068278e-01
7.128160767364895012e-01
7.625869089980760185e-01
7.565457395941920238e-01
8.236129169521333449e-01
8.014649448463257997e-01
6.648453964481673140e-01
6.415322825289733188e-01
7.528917059762536557e-01
6.338628313247849366e-01
6.121285042434763124e-01
8.070117999984849355e-01
7.365332329257719968e-01
8.216550888550557818e-01
6.356231123081175216e-01
8.665982390616947528e-01
7.101194913078137105e-01
8.490960354766627916e-01
6.294862635414502083e-01
7.498183362849276667e-01
7.085128920389379692e-01
9.198160889020214892e-01
7.733086695362854091e-01
8.715881800065364837e-01
6.660385861325867074e-01
8.827679297636530364e-01
7.667057288632129763e-01
7.493682340914042950e-01
7.085049898255353362e-01
6.911248044106300670e-01
6.296434729640680850e-01
6.250006260468753405e-01
7.537401660410709692e-01
9.338297891040594489e-01
6.683609411222896091e-01
7.981036894862887365e-01
8.310810717008169091e-01
7.051487045355308014e-01
8.803561848619751995e-01
7.789153777353358121e-01
8.552634624761887849e-01
6.880319479865115717e-01
7.217307676548007089e-01
7.576774305792608466e-01
7.914635693472946709e-01
8.527925166231765663e-01
7.434327321177228720e-01
7.923757754783470331e-01
8.243686408809468569e-01
6.960002711702352185e-01
8.615826295011814739e-01
7.800232402004756427e-01
7.997477474148665388e-01
7.650226330917130335e-01
7.237557995382036813e-01
7.222022287793938844e-01
8.705193737421257349e-01
7.229792814902140652e-01
7.951168239791593928e-01
9.315337687690116164e-01
8.048944399386909199e-01
8.366796005698725613e-01
7.303160651108384638e-01
8.674696046199245059e-01
7.428527395869110039e-01
8.042224496467058614e-01
6.541534261332330180e-01
8.119032899479110554e-01
6.677804657944017563e-01
8.254066408255302800e-01
7.273307881144517317e-01
7.466261969611884819e-01
8.026843600324490291e-01
7.543026016937789402e-01
8.069632263032954222e-01
8.910294172851023209e-01
7.469804160795752157e-01
8.394113073700589789e-01
7.947367015855743011e-01
7.370735953803516649e-01
8.818462652635807864e-01
7.588892173822842091e-01
9.052314411284904105e-01
8.659639695695962036e-01
8.269966582622753082e-01
9.301122890528384923e-01
8.013841822202525389e-01
9.430467472686500097e-01
9.888157768161568439e-01
8.863232357509571724e-01
8.110969197573743017e-01
9.395349748020458414e-01
9.149061239473417206e-01
9.077363941878813236e-01
8.860453248778549229e-01
8.907531413288564126e-01
8.528783958670739240e-01
9.913199948601905120e-01
9.306085662207096432e-01
8.343904629298545261e-01
7.840250017568405339e-01
1.074704272419630069e+00
9.677530443093043111e-01
1.093449145925808219e+00
9.845596338756784638e-01
9.814684612695033783e-01
8.597640807131835539e-01
1.001938707987544364e+00
9.743527386780045374e-01
8.544261588008896791e-01
9.768039352322080981e-01
9.328753955028926681e-01
1.031722935816177023e+00
9.106383517103477931e-01
9.965498318331689198e-01
8.255937859155541014e-01
8.806920262298054691e-01
9.246638927589360124e-01
9.553084036210411911e-01
9.077438339010713841e-01
9.765068128638201284e-01
9.529373799211180440e-01
1.029110867656389816e+00
1.103046360388714842e+00
9.529284769404273714e-01
7.685213585968561079e-01
8.162544643853014703e-01
9.965918591598068588e-01
9.294321706363705138e-01
1.094722630361471882e+00
1.037193411554946154e+00
8.441629641373356030e-01
9.623626758540188009e-01
8.805398879645895960e-01
9.649261516557336993e-01
1.076905108112274023e+00
9.821580465028626472e-01
9.092168503429935988e-01
1.036491122680035071e+00
8.417217083503351072e-01
9.182696844380098256e-01
9.544254214603863362e-01
1.062495459768319828e+00
9.301472986199865733e-01
9.579632331117161614e-01
9.586872398871355561e-01
1.112167318053689069e+00
1.052817055579323702e+00
1.091702527067369477e+00
9.767878905730060790e-01
1.075937102056351513e+00
