-8.567670987749960165e-01
-1.103820470062858883e+00
-9.603485177796741157e-01
-1.026934827432121056e+00
-9.482851442833712952e-01
-9.984275365248977963e-01
-9.558162605526232536e-01
-9.679183892823661761e-01
-9.632368344446701203e-01
-1.004574667759476014e+00
-9.675539763800367066e-01
-9.670237293347502261e-01
-9.824716914425991598e-01
-7.324779772331551086e-01
-9.101517795109159703e-01
-7.272693194656405513e-01
-1.027246859313567962e+00
-9.774833175259634022e-01
-1.011181378735262815e+00
-1.122776485936758828e+00
-8.761312276272713584e-01
-9.953023202969707439e-01
-1.017785076570424829e+00
-8.234083325541802223e-01
-9.490595530307499583e-01
-8.957842066551251481e-01
-9.076336906124419235e-01
-9.099975629917125275e-01
-9.642089048686836028e-01
-1.035810269425423424e+00
-1.027699115398407637e+00
-9.691196113136020251e-01
-9.564547071391755750e-01
-9.996704002723394433e-01
-8.766045774942782254e-01
-8.508090397463331511e-01
-9.078104900865962001e-01
-9.733901162552359709e-01
-8.683094304930755181e-01
-9.733708272403487349e-01
-9.806227345372696691e-01
-8.891851607983176642e-01
-8.548362058453246037e-01
-9.278458654135163242e-01
-7.260777672190583676e-01
-8.576462268676880996e-01
-8.907167475160558956e-01
-8.941481877633513653e-01
-8.464634510078556939e-01
-7.624642187538240856e-01
-8.880067774507851563e-01
-9.242721482690663404e-01
-1.005290322764916811e+00
-8.779206459764588022e-01
-1.042983219090911406e+00
-9.603588729294986193e-01
-1.115108710165542583e+00
-9.415533089039141990e-01
-9.912255080534599916e-01
-8.707813703041772380e-01
-8.348609714524150016e-01
-9.693892038003139033e-01
-9.922547505190979500e-01
-8.640915316557772341e-01
-9.609701787462436862e-01
-8.009794491135413530e-01
-8.563958782560322502e-01
-8.513703647710869626e-01
-8.232713916686020816e-01
-9.522830445472720839e-01
-8.615009548353709246e-01
-7.049941853076500120e-01
-8.399403711138468953e-01
-7.975819755972058944e-01
-9.149583765452350415e-01
-8.415161127284731535e-01
-9.295575096268433590e-01
-8.639569099168973310e-01
-8.306406046583000302e-01
-8.187318095078501834e-01
-7.658380918806243498e-01
-8.272326022059572903e-01
-8.329791713058449787e-01
-8.300891684969438078e-01
-1.016114002978123487e+00
-9.518306292816614000e-01
-7.695054260489866405e-01
-7.902560497662063366e-01
-8.033877973191891897e-01
-9.294014495922382491e-01
-7.311777373857418771e-01
-8.958473376878742789e-01
-8.680928184490290800e-01
-7.591933474662582171e-01
-8.298959015387387117e-01
-7.782244738557366759e-01
-7.643414535000364607e-01
-7.310614492266520603e-01
-9.376026571107227703e-01
-8.369027882862074552e-01
-8.684614769896984443e-01
-7.440049102451724572e-01
-9.263665226825619214e-01
-6.977073728974356737e-01
-7.857194733224164285e-01
-7.189513994447692680e-01
-5.940996379499688951e-01
-7.878423544435003700e-01
-8.622753472054898172e-01
-6.726001977380965391e-01
-7.738579293674262560e-01
-8.027842341517261726e-01
-8.498930899821364182e-01
-8.638551348578450417e-01
-6.345884498487976977e-01
-7.421257171312468648e-01
-9.152616737841263728e-01
-6.622112427630847398e-01
-7.392364792065919676e-01
-8.900096812062224805e-01
-6.987234045373517111e-01
-9.953858326715168126e-01
-7.580451714748681624e-01
-7.906041366079756827e-01
-7.216734780210812827e-01
-8.475703269689799368e-01
-7.650035629835452156e-01
-7.918615107689526145e-01
-6.696096721010097452e-01
-7.647224144502806631e-01
-6.400449094059038613e-01
-7.114761136944025566e-01
-8.419816160445782183e-01
-8.124954491308512550e-01
-9.696306164122484583e-01
-7.305454650780607295e-01
-9.191368506471915278e-01
-7.129785426922841118e-01
-7.107360626284165983e-01
-4.765673456430608024e-01
-7.036676677788210599e-01
-7.122387436165091845e-01
-6.495266768402775392e-01
-8.224862314596622648e-01
-7.077025997616424036e-01
-6.583938251306022948e-01
-6.486932422342510662e-01
-7.333087612374667996e-01
-5.076660753603079446e-01
-8.256607953580396009e-01
-7.712759645021920463e-01
-5.493231614435841736e-01
-5.707471266502084362e-01
-7.492373497104415359e-01
-8.236404124010890948e-01
-7.155939283859859001e-01
-6.384766996709536624e-01
-6.172104983978213832e-01
-7.057364456351656878e-01
-6.025750307509458725e-01
-4.845729248224140973e-01
-6.616649780095618105e-01
-6.424566844071474270e-01
-6.820098542310635281e-01
-6.866838301767000941e-01
-7.054194599139474997e-01
-6.750709856703502876e-01
-6.222688483907995449e-01
-5.624647410288257099e-01
-6.917004055014318586e-01
-6.188280427739442091e-01
-6.029360574692873564e-01
-7.472973412112150493e-01
-6.766830174790553487e-01
-7.086773853952651470e-01
-5.963599197169132671e-01
-5.861511308007155696e-01
-5.657777493983554562e-01
-7.118229896246522914e-01
-7.547160268983503784e-01
-6.158421294570864957e-01
-7.418162637879525123e-01
-6.323806351902729883e-01
-5.274041248209995203e-01
-5.933339124392215114e-01
-5.444495292980856549e-01
-5.421927117523634987e-01
-6.188466417939992859e-01
-5.817123489769711053e-01
-4.744883963140065219e-01
-7.404107721540847953e-01
-6.717887989505213486e-01
-6.402041364977800741e-01
-5.991355366468594790e-01
-6.016798215036971431e-01
-5.277321164994910330e-01
-6.718017837750183130e-01
-3.952200464994349294e-01
-5.856704844191998882e-01
-6.102903460843551731e-01
-6.226952072373739266e-01
-6.837012052794606554e-01
-7.405546942901432006e-01
-5.596573167993805775e-01
-3.979346855246452819e-01
-6.297678923766565351e-01
-4.541770000144247366e-01
-6.491703664171377675e-01
-7.819968720617384017e-01
-5.025290900977379405e-01
-6.803920713915643237e-01
-5.631118924640766688e-01
-5.709752721617211701e-01
-4.992341535682817133e-01
-5.560541732824512140e-01
-5.547266580808631886e-01
-5.156980071935983734e-01
-4.953560560771416710e-01
-5.553463765901317517e-01
-5.110946192424120627e-01
-5.638926118218030581e-01
-5.477293897181856330e-01
-5.714375579139627792e-01
-5.628677052323411978e-01
-4.943157977511130063e-01
-3.885220657451622928e-01
-6.694406637231146151e-01
-3.144780242870460762e-01
-6.849331305603663100e-01
-4.859677306258435858e-01
-5.799736637183002808e-01
-5.097230533357496318e-01
-6.784370393837496627e-01
-4.900893851087789188e-01
-4.818752779207909342e-01
-4.828615560182685784e-01
-4.724714649230327135e-01
-6.798069560893017504e-01
-5.496324736336857253e-01
-6.379031789800769792e-01
-5.185946637127515357e-01
-5.438781865898043577e-01
-5.693601917524300227e-01
-4.292187614685697983e-01
-4.070257302969655933e-01
-5.088602590389423863e-01
-6.562066304477883749e-01
-4.896307389983446945e-01
-5.105686059512413166e-01
-5.477582100631163131e-01
-4.453743966147076794e-01
-3.920829305499993200e-01
-4.594632675493892093e-01
-4.973946413521749266e-01
-4.356053459909567382e-01
-4.024684534461434038e-01
-5.310820933473900940e-01
-4.252725747466846173e-01
-4.667204634055737156e-01
-6.004451522882479075e-01
-4.646371123956426485e-01
-5.658088813723399779e-01
-4.774771405751336850e-01
-5.781165423229068789e-01
-4.060266816125810974e-01
-4.537226406531346123e-01
-5.558405752204761407e-01
-3.648927191605670917e-01
-2.995339171274307710e-01
-3.668713913446778885e-01
-5.008230354722664757e-01
-5.053594755232595492e-01
-2.844990608787821285e-01
-3.959684869083517911e-01
-4.041179201682615907e-01
-4.388827582543897710e-01
-3.865267918964399585e-01
-4.666048351023072693e-01
-4.320354121265854719e-01
-5.613712250913079904e-01
-3.421798337218822095e-01
-3.500989388698128035e-01
-4.502627378037651895e-01
-3.404314955956478372e-01
-3.162180406627352336e-01
-4.265424740992131425e-01
-4.025292170468106612e-01
-3.110355543746160523e-01
-6.219183113382330541e-01
-4.419932646623158101e-01
-3.106917230526670126e-01
-2.917055380224871097e-01
-2.991555848250079253e-01
-4.473465345521405179e-01
-3.847332541674531314e-01
-4.152972451764556650e-01
-2.135184427347102676e-01
-3.995955498861062383e-01
-4.351841982534874198e-01
-3.995586738105695312e-01
-3.845849324488833099e-01
-3.111902659891221945e-01
-4.223996695748722940e-01
-4.402521754713991653e-01
-3.842690027886229709e-01
-3.387979243812753727e-01
-4.300199684864750571e-01
-2.482242284629500861e-01
-4.714845491286245305e-01
-4.807875825045445084e-01
-4.205592051596116487e-01
-3.257432195017517795e-01
-2.915704198148131310e-01
-5.324787769282353089e-01
-3.524416082959156427e-01
-3.385508076749047524e-01
-2.706765163664858198e-01
-3.579828069125060019e-01
-3.918916630267194612e-01
-3.558391568912767644e-01
-2.853496277173283580e-01
-3.580784731512641761e-01
-3.524717979906450971e-01
-2.070092067893369303e-01
-4.294361825097361973e-01
-4.823659735432384577e-01
-3.722690856082361277e-01
-3.510489471382423066e-01
-3.167103728841592636e-01
-4.280642086454834461e-01
-4.022083492093207480e-01
-2.157147259450551413e-01
-2.775067224037843783e-01
-3.991517036702345589e-01
-2.755939811351102442e-01
-4.937148797970823955e-01
-3.724496566171802692e-01
-4.287064722028625652e-01
-2.249136918008873554e-01
-2.264081931174954654e-01
-4.759628527223668804e-01
-3.712547564334579553e-01
-3.517683333755174946e-01
-5.150043254970869677e-01
-2.737580695671573139e-01
-3.516665696644000749e-01
-2.753441700914587287e-01
-2.969910044280813510e-01
-3.300112427232916312e-01
-2.862786017268950656e-01
-2.594343089456276341e-01
-4.138137754302991800e-01
-1.947759958150583337e-01
-1.501854208322633277e-01
-2.569260903090189729e-01
-2.604388290273720874e-01
-2.201798770312279052e-01
-3.584041495970961000e-01
-2.106601171507456460e-01
-2.941606367079206974e-01
-2.116981416562403462e-01
-2.424399643314640862e-01
-3.776663326434354095e-01
-2.159875444032256231e-01
-3.099896203823719332e-01
-3.620520868615524357e-01
-1.931827761855917092e-01
-2.659358051729994732e-01
-2.490993261531912750e-01
-3.072809277310795117e-01
-3.525941315238186324e-01
-3.004821475357925542e-01
-2.736000427462061402e-01
-2.918347083804217479e-01
-2.535516006103928355e-01
-1.867172891926226486e-01
-1.359423614890210574e-01
-2.652751758350087030e-01
-2.928609419312140361e-01
-3.160468565095126414e-01
-2.673936762243888099e-01
-2.048436120029276386e-01
-1.815594891720289511e-02
-2.835752490264000780e-01
-2.374001148883586043e-01
-2.967814655643297717e-01
-3.155909954695277353e-01
-1.835990693715874866e-01
-4.657030885321447600e-02
-1.981998932501637667e-01
-1.883884845561037691e-01
-1.864227136003259178e-01
-1.895878347521853802e-01
-1.485409854840270272e-01
-1.419438786383758200e-01
-1.786943792556412447e-01
-1.298909175322232046e-01
-2.785242969416115155e-01
-1.640501390978188201e-01
-2.337164083393341307e-01
-2.212160421512749664e-01
-2.648369002513691339e-01
-2.119116475555256618e-01
-2.579347290545184745e-01
9.799490563617318292e-04
-3.480821415940781871e-01
-2.706411822725692251e-01
-6.307569654599835818e-02
-7.299326464533238690e-02
-1.847142380348997248e-01
-2.235150929202582015e-01
-2.244599524381847844e-01
-1.977380632340005329e-01
-1.331686016518176252e-01
-5.769946348224205129e-02
-3.215490375876710050e-01
-6.614398914487831793e-02
-1.508021847032738894e-01
-1.744260749987273096e-01
-2.762533307137718386e-01
-9.358632176717351925e-02
-2.402225732905644007e-01
-8.801405657552152650e-02
-1.096691909445644403e-01
-9.923501022109627867e-03
-1.809863345799063994e-01
-1.765127128719911898e-01
-2.716941657574601376e-01
-1.169380859218826785e-01
-2.232392599033312108e-01
-2.112344015649244011e-01
-2.098931773335184492e-01
-1.673916674201280652e-01
-1.802281818876716735e-01
-9.080028359019225170e-02
-8.735892788069095360e-02
-1.532923437963013835e-01
-5.523539132646591160e-02
-1.141942064760872871e-01
-1.447590637239312972e-01
-1.091277329031122428e-01
-1.617834208851797462e-01
-2.846016776538335957e-01
-1.840392158011747714e-01
-1.504486541941304489e-01
-1.284629167338132705e-01
3.415085354718860877e-02
-1.664877878799465027e-01
-1.233858496568661089e-01
-2.183757027797519901e-01
1.523539476611014513e-02
-3.581059556534468835e-02
-8.619242207359005536e-02
-3.099185600822811776e-02
-1.763137913945528046e-01
-2.890638352024501589e-01
-1.298962485382528231e-01
-1.925258708308768552e-01
-1.096606691310011567e-01
-1.295326258591218971e-01
-2.074324910164035973e-01
-1.704417093681594719e-01
1.114214989814046354e-02
1.475072201914760968e-03
-7.578626377305175410e-02
-3.805503810607450965e-02
8.696333061008367296e-03
-1.956278809318110767e-01
2.564705938182080744e-02
5.564769446580389647e-03
-1.805056168013336598e-02
-1.796506422817853998e-01
-3.987020206267599676e-02
-5.082318870502902652e-02
-8.682824449793111188e-02
-7.115527873004029447e-02
-2.217900672893884650e-01
-2.075891203199180246e-02
-4.480389419950100288e-02
-1.563741109210612127e-03
-5.536478813961425577e-02
-7.413253026225388731e-02
6.652510319358735658e-02
-5.118548010803581488e-02
-1.625971149142269312e-01
3.351741991617341460e-02
7.575568378145106085e-02
-1.595261867982913362e-01
-5.228599670842161429e-02
8.454337569757088000e-03
4.896061596107740416e-02
7.241877339905129080e-03
-3.490822828950239376e-02
-1.859384302402081537e-02
4.581069336904588368e-02
-6.901884304574225359e-02
1.692564838455995757e-01
-1.116044558321527269e-02
-2.423487412238423469e-02
-1.253450683980654734e-01
-7.706784178243455963e-02
8.077087340350896927e-02
-4.816610172125664752e-02
9.992861256880515575e-02
6.429471006003119327e-02
2.513237013427160188e-02
1.368203653399717966e-02
5.287239011720633319e-02
-1.388741173457164017e-02
-2.570424869009373114e-03
1.274731239239170477e-01
1.457350694603536979e-02
-8.961145702507973543e-02
1.348376509497346658e-02
4.293430409039978440e-02
-7.461134436347563459e-02
8.617147794706266420e-03
7.166803027109150404e-02
9.175199266725760083e-02
2.542367468290842453e-02
-2.744194448559894584e-01
-1.777263818861476441e-01
8.045024634536469821e-02
1.026115268472111847e-01
1.384044326389890361e-02
6.331586748875861481e-02
1.825318147632424420e-02
-4.019231460213108786e-02
8.155642944858805532e-02
3.889581506225319590e-02
6.238949652681104879e-02
1.432931057984505041e-01
2.067588736408391414e-01
8.868046048878686083e-02
-1.003706482201097844e-02
1.137810949655420900e-01
6.560210115227131135e-03
1.086523989953699365e-01
1.448659054059625584e-01
-4.496340015963152387e-02
2.004492588064121436e-02
1.727105904382054691e-01
2.841275992236373671e-02
-5.668719077649159860e-02
1.087149303070508305e-01
1.589244615216029166e-01
1.883140070191939575e-02
1.621329574001708074e-01
-6.522987257442222631e-02
1.311269519860754906e-01
3.177621159618923812e-03
1.257495621543705810e-01
1.617381846577109483e-01
1.577970062715141619e-01
-4.963738964343978460e-02
7.855887128295045707e-02
9.970489541092962538e-02
1.007503876688455730e-01
9.293226766424332597e-02
5.748999822613730382e-02
1.847967875765779144e-01
1.266362672124642652e-01
1.680275174705672392e-01
7.752336519733227238e-02
2.992668481794175661e-01
2.075343418794414196e-01
6.841499375774151570e-02
7.809170128589923042e-04
1.641297752070671190e-01
2.659522900377568333e-01
2.178982273676224879e-01
1.197504370489554937e-01
-1.303423906960111955e-02
3.257140656523985905e-02
2.003393811475440989e-01
7.665631429401024988e-02
6.054517982352818073e-02
1.377035911204575747e-01
1.745717931859894767e-01
2.381297283799477527e-01
5.559715842892427873e-02
2.928353299566042733e-01
1.492735464116969057e-01
2.091551443147472988e-01
-3.728485691904340898e-02
1.830624883890756560e-01
8.190094514949551596e-02
2.883427468912080904e-01
2.604982848819948904e-01
2.027131984436638668e-01
2.357582002944780541e-01
7.713556767178562923e-02
9.579138539896996096e-02
1.221228191914273814e-01
1.128493839336418836e-01
2.196615904175074907e-01
2.815993250433424522e-01
7.894897568598190085e-02
2.810216388438172563e-01
1.812033092024376846e-01
1.565321949570023796e-01
2.228061617058348098e-01
7.055126297318294049e-02
3.621754765406418608e-01
2.695710833605398649e-01
-1.281025829066289798e-02
9.656126089933780854e-02
1.920499772807746364e-01
8.584235359961510381e-02
2.513374544093764928e-01
1.168002034560404884e-01
2.110394081628016172e-01
2.589443471123716312e-01
2.541453647099068403e-01
2.946169128144143778e-01
2.735158494682666253e-01
3.347482064300817406e-01
3.059946316948004563e-01
1.653354016155185457e-01
1.810681138540434498e-01
2.684506349217315457e-01
3.339520852333003331e-01
3.067062250924752487e-01
1.767702080479303939e-01
2.068588169083266370e-01
2.608775871963813220e-01
2.685818623120985738e-01
2.701100018955096549e-01
2.967892846604421875e-01
1.324340073669489637e-01
2.935522501043367205e-01
2.209955282759287210e-01
3.431118393317917348e-01
3.833240172546313329e-01
3.037662070769525657e-01
1.377685139170783390e-01
2.740857764502088734e-01
1.961135782858961230e-01
2.498549525909500302e-01
4.085605118356495646e-01
4.219598906182694953e-01
3.120582352836389628e-01
4.092984738828522873e-01
3.128611472796836157e-01
1.998039387529798594e-01
4.565918230489485752e-01
1.842307773004800420e-01
2.804073917624019252e-01
3.958701498969133814e-01
3.118311295766258429e-01
3.951287011095400703e-01
2.551083613661429550e-01
2.381479076416064544e-01
2.928308500428039030e-01
2.889487184525063035e-01
3.138868151269191831e-01
2.909647863819020963e-01
3.846470154767646088e-01
3.944378558223358144e-01
4.215563087044977841e-01
4.878278155940276584e-01
3.551178235803051919e-01
4.141119744000434921e-01
2.565431035537133475e-01
2.684838902643715275e-01
2.469281206240399040e-01
2.915075401518675280e-01
2.996540327135305271e-01
4.075168215597451127e-01
4.753530570764872842e-01
3.115864665377295339e-01
4.227540150598445012e-01
2.515577290349381712e-01
3.687532717323470655e-01
3.509053878509448832e-01
3.623560807263349615e-01
3.800411525201891072e-01
4.814239909847383148e-01
3.396833183149806090e-01
2.718617318365731395e-01
4.969806159018357317e-01
3.546052119513175005e-01
3.600972131113529540e-01
2.538866915417843928e-01
5.074572467026853273e-01
4.218860378984893300e-01
4.603188373375901588e-01
5.457455555579134865e-01
1.466017832239644436e-01
3.144473399504572053e-01
3.538968149374114858e-01
1.836177870668555534e-01
3.244407712071871730e-01
3.471627447619899387e-01
4.085045721368895655e-01
3.168115683497246815e-01
4.605906510917188168e-01
5.138312696137213864e-01
4.921568410851233089e-01
3.739509501820532655e-01
3.003049672955385163e-01
3.267341303525342355e-01
3.003398186994104546e-01
3.045849844301266041e-01
3.329193290389144133e-01
4.436266812044445396e-01
4.963278033181350857e-01
4.791111074468990538e-01
4.877887710550585787e-01
3.203055550712960442e-01
3.573029641573858828e-01
4.793229800637522908e-01
3.974454922219148867e-01
5.901640377595893661e-01
5.077329232668592596e-01
4.925797119904644639e-01
4.032607982168471272e-01
4.146213195766961790e-01
4.697083748396558844e-01
4.452630325041396775e-01
4.176485956324844095e-01
5.349174344979007456e-01
4.282050515834087134e-01
4.055565148223964078e-01
4.566690805154626220e-01
3.548041761198179045e-01
3.643576985875843777e-01
4.093071381498613603e-01
3.814600856506994431e-01
5.196661862579975422e-01
3.658335815178803685e-01
3.538389643619707092e-01
4.789020039061503975e-01
3.435815618252807679e-01
3.480867775418947097e-01
4.015202604805828135e-01
6.585566753275164942e-01
4.095859249028289684e-01
2.847394036058522038e-01
6.676969450819449925e-01
4.076868662185880732e-01
6.336467743554821119e-01
6.107122317203957929e-01
4.965713439388112493e-01
4.718184204126653625e-01
4.796741954072346048e-01
4.542854532063000939e-01
4.125031334321386245e-01
7.734720018053331536e-01
5.922234156304250208e-01
5.903426570415671870e-01
5.770929291781663473e-01
5.484673910490097670e-01
4.510867613762704065e-01
5.867791925375165363e-01
4.941467362298277988e-01
4.567390901595522745e-01
5.386864716398109820e-01
3.658628413899150389e-01
3.201082142649417928e-01
6.807214061264245109e-01
5.225306761314646442e-01
5.767858503257897729e-01
5.688326429985662847e-01
5.624428077940663018e-01
4.784349865795373136e-01
5.357912370427331261e-01
5.625719520177480115e-01
3.125412905232561322e-01
5.684983722720278188e-01
5.882225572796275781e-01
6.326867367867704539e-01
6.222694297587154644e-01
6.582774713262231625e-01
5.695043288629545453e-01
5.677816792565189008e-01
6.041090326430417212e-01
5.718366532106547995e-01
5.503876902184773323e-01
6.278003141823790267e-01
5.303491694945976498e-01
6.261248940859430734e-01
5.004791506128666301e-01
6.607283807240225126e-01
5.219929465668745605e-01
5.706499270345484209e-01
6.364465925326583395e-01
6.504901859169522904e-01
5.773829291568236544e-01
6.786381821883352705e-01
6.029712374723243951e-01
5.387245385746466386e-01
6.126331840117047456e-01
5.822470919097912923e-01
6.273387144574354979e-01
5.419105361510091479e-01
6.766832409758244404e-01
6.077677621136188257e-01
5.940806329438129696e-01
7.038648325239319492e-01
5.863877729240614123e-01
4.319860156254581862e-01
6.071875299264805070e-01
5.957699496196723343e-01
7.300749188958221003e-01
5.604735855416996815e-01
4.411835804896158675e-01
6.857454861160263704e-01
5.175761723589950014e-01
6.924201629213494469e-01
6.469751380333937929e-01
5.126211041269204127e-01
4.855809807991132154e-01
5.301035642646053647e-01
5.733348544296283933e-01
6.736374455973996866e-01
6.346228668576264775e-01
8.050949219617512531e-01
7.544895920778632581e-01
6.538244324402887608e-01
6.429447156588631307e-01
6.527671914280873677e-01
6.470378664115624678e-01
7.236071647562202225e-01
5.422980374025010430e-01
7.106550090777226103e-01
6.421761834422166082e-01
6.873625797024488504e-01
5.287718043613005570e-01
5.501637722361565341e-01
7.641842603551506352e-01
7.241255834956755733e-01
6.849360105980268898e-01
6.774756183795385134e-01
6.815306638886471369e-01
7.412536867673331642e-01
4.613398823590295073e-01
7.762461975800928338e-01
6.874575982567148191e-01
5.602680564349767911e-01
7.747861406865760303e-01
7.222419390934563532e-01
7.384243255875578837e-01
6.594724181684437081e-01
7.696558664906983926e-01
7.105799929205822707e-01
6.013500918796285122e-01
7.219288730280615241e-01
6.091960481316973652e-01
7.682745883055496217e-01
6.953819499379738645e-01
7.182918010924537189e-01
5.528387536837150451e-01
6.885943585556756341e-01
9.501157495498508965e-01
6.018955438712928485e-01
5.773980996591497883e-01
6.925661162384767477e-01
6.213745783031350278e-01
8.669533911758714462e-01
6.783921002547221857e-01
6.500030869189181715e-01
5.036807201642442555e-01
6.476746537059956399e-01
6.333897080545483060e-01
6.640731113275033515e-01
6.601237328442741692e-01
8.399517217712944017e-01
7.806352853921528778e-01
7.406542102867671451e-01
6.656781728573997192e-01
8.017006006100576565e-01
7.308002219133377109e-01
7.736688898709942475e-01
6.858113432601438131e-01
6.816593333506926200e-01
7.834231838813381366e-01
6.850585109782338922e-01
8.341073451651551673e-01
6.343120454462025659e-01
8.338949507938671069e-01
8.150523068930194404e-01
7.416858514857381790e-01
8.184514417479139547e-01
7.037417014969341578e-01
7.876014585004671442e-01
7.016202646786096064e-01
6.726352636518070360e-01
7.729057377409126461e-01
7.937600879479363991e-01
6.616091288071141996e-01
8.624647493248727148e-01
8.043104271116647830e-01
7.513483089777615032e-01
7.695804542070425747e-01
8.544649613112866859e-01
7.497194080360473079e-01
9.089094335750418363e-01
7.862138446965911687e-01
9.699922191833562080e-01
7.941709731288661978e-01
7.461629595063337117e-01
7.042873818851496104e-01
8.116103848343790839e-01
7.226047485299686990e-01
8.273823385777305806e-01
6.981024091580373403e-01
8.964149215881284105e-01
7.686467017144360536e-01
8.038300212469529082e-01
8.783549478373059438e-01
8.193103865533705177e-01
8.755245701257856616e-01
8.046402421621311474e-01
9.315955211664942448e-01
8.678777227623047930e-01
6.099276802956288268e-01
8.168572211924727267e-01
8.705455104938469857e-01
1.003481308720682419e+00
8.761693584270039414e-01
8.910326346974544176e-01
9.105887311089166936e-01
9.128397815038298280e-01
6.788733240848888739e-01
1.050815142318849427e+00
6.916982965008288131e-01
9.577758873992419097e-01
7.700219435345287966e-01
8.744743744761012127e-01
9.642061566949887697e-01
9.533275770145792638e-01
8.110603098711002268e-01
6.665423116314369567e-01
8.754361967045058979e-01
8.672367864933179238e-01
8.464635375950976259e-01
8.146806344524363253e-01
8.266779139819243616e-01
8.907605238046489848e-01
9.109994560300530564e-01
9.571338846488098850e-01
9.589681605879153414e-01
9.003015825709106412e-01
8.501786824089612171e-01
8.456864014318064005e-01
8.525401265593158806e-01
8.465253460136110686e-01
8.206504956730558131e-01
1.093514294120717434e+00
9.989201110341695555e-01
8.954689965568051191e-01
8.960259369040889377e-01
8.064236682529645206e-01
8.834756649499972969e-01
9.343548280788307459e-01
8.445726214517982333e-01
8.601147849165073911e-01
7.872849298957603770e-01
9.690898733090939077e-01
9.837726551129208907e-01
8.666221466071734048e-01
9.194628464526044542e-01
9.247331406626800865e-01
9.059069241631255709e-01
9.701267778825231058e-01
8.730006809244974519e-01
8.587686475231460781e-01
8.764344504463047469e-01
1.012243455024449457e+00
9.184961114859785392e-01
8.818046793795646376e-01
9.195313463772900597e-01
8.154146773067985077e-01
1.041134428266116796e+00
9.192630978104135986e-01
8.978305769572049178e-01
9.000122287722159831e-01
9.535019209584221223e-01
8.630551546708006283e-01
8.978358969876132356e-01
9.635447373596721654e-01
1.013376609006187534e+00
9.031160127391735237e-01
1.012664742937942508e+00
1.118146550510928039e+00
9.624765617959972763e-01
9.771298207853469364e-01
9.582976764356466726e-01
9.629180758388848904e-01
9.777547946155143999e-01
1.036812782493958141e+00
1.143408340334103768e+00
1.009686650558021759e+00
8.925451821083045800e-01
8.588036330626874770e-01
1.166165572564206832e+00
9.381591200019625543e-01
8.775445118881133322e-01
1.065889459479243850e+00
