-8.475952254190508572e-01
-9.912049090635742798e-01
-1.143086833577680927e+00
-9.500842805877580677e-01
-9.926368499070735707e-01
-1.123816831752229239e+00
-8.479933524441668480e-01
-9.761189774596494839e-01
-9.098488472229426804e-01
-8.211180699172099251e-01
-1.046058351379382412e+00
-8.657605684276100666e-01
-8.360347382485142642e-01
-1.008771982070929107e+00
-9.046738825562193886e-01
-8.450971938581212095e-01
-8.888093566015204949e-01
-9.023504022235192545e-01
-9.327909344022281557e-01
-9.822753267149093581e-01
-7.474215089663528433e-01
-9.461468057456067227e-01
-9.657001042685450232e-01
-1.002905755153486345e+00
-9.394258267599820966e-01
-9.540917340070976804e-01
-1.027631688165830504e+00
-8.199290886015413449e-01
-9.091311479744645929e-01
-9.761029087804361515e-01
-1.082072346309788768e+00
-9.594275075239744321e-01
-9.985423484367436098e-01
-8.237798993124738622e-01
-1.066144463589002944e+00
-9.213964392746257781e-01
-8.146049207161063510e-01
-8.952506516369583833e-01
-9.469461348549970126e-01
-6.633494951087832714e-01
-9.880278249629712572e-01
-8.849622133470189667e-01
-8.919221800247109089e-01
-9.215443972961511188e-01
-8.918892033385236173e-01
-9.110703872411790583e-01
-9.790291755635682769e-01
-9.524368702777563644e-01
-9.683153657501392120e-01
-9.650561291510277862e-01
-9.683506516067087455e-01
-9.529283058908226689e-01
-7.634749231841924111e-01
-9.235548758203935282e-01
-8.948406784208013942e-01
-9.914275522742665991e-01
-1.017799494589098463e+00
-7.546668499574462619e-01
-9.200858268868215006e-01
-9.194720982363051576e-01
-8.939233775652984937e-01
-8.942603325930157387e-01
-9.204214824758452096e-01
-7.433598833051500154e-01
-1.036568765124730396e+00
-9.455964017359981266e-01
-8.854502900380271102e-01
-8.995859781649485631e-01
-8.314433011092857706e-01
-6.431193512675993373e-01
-8.094420619610467327e-01
-7.316840630825139913e-01
-8.477348173339237514e-01
-8.309880814815389094e-01
-7.713240571846528004e-01
-7.990372908988693235e-01
-9.662533907292695234e-01
-7.315064917231641761e-01
-8.747836674875970608e-01
-6.875510994796777409e-01
-8.523229862608581175e-01
-8.294370924110662235e-01
-7.359954621764319693e-01
-8.709346098663133251e-01
-8.928273258367822596e-01
-5.820955516848638212e-01
-8.835868498408031568e-01
-7.536495850084105053e-01
-8.450593073674038669e-01
-6.924161797254385631e-01
-8.576536612457164033e-01
-7.677988107042034160e-01
-7.523488984342623365e-01
-6.886022859550550157e-01
-7.554497746882448128e-01
-7.933462992205031483e-01
-8.602495128426190796e-01
-8.632428014548526596e-01
-8.141847298106072994e-01
-7.172491641098285298e-01
-8.917182009251226615e-01
-7.866583668204322199e-01
-8.720878380019913001e-01
-8.726823541363822878e-01
-6.785662217629850890e-01
-8.056958209888039901e-01
-8.021471630889857041e-01
-6.486745692431343802e-01
-6.050004011367529078e-01
-8.624097535472597942e-01
-9.069592118166500683e-01
-6.860483330295837900e-01
-8.046272438413797357e-01
-6.797416593072830304e-01
-6.696906940182958401e-01
-8.343646368620782905e-01
-7.387623638577743845e-01
-7.273984453037178888e-01
-6.431601664616209968e-01
-6.999069612291354270e-01
-7.531330800714508555e-01
-8.277982904179738144e-01
-7.870175837056424539e-01
-6.573399951401449615e-01
-8.418835071388864888e-01
-8.511146624755062673e-01
-6.847299686756692649e-01
-7.875562503639346179e-01
-9.078947704901131344e-01
-7.480052903965862532e-01
-7.984005283645285722e-01
-7.099747201898131133e-01
-6.721167668175177523e-01
-6.071512975416770708e-01
-6.137989011992081023e-01
-6.786962771086695323e-01
-8.390799887225703912e-01
-6.697783119618371250e-01
-6.959925744933966874e-01
-6.802650074388556511e-01
-7.199114077060487782e-01
-7.077500144096632306e-01
-7.385210943515442272e-01
-7.798262156151335445e-01
-6.870536651393119865e-01
-6.130912752179527025e-01
-6.710727041214049615e-01
-6.660105937770742779e-01
-6.670925175496156267e-01
-6.304324883788274825e-01
-6.354220472839043898e-01
-6.235183271808543148e-01
-8.006555065098319712e-01
-7.574973986681450278e-01
-7.530492192214052194e-01
-5.631003087721700995e-01
-6.212736804357078535e-01
-6.950505403485781608e-01
-7.010010784398517103e-01
-8.622816109230079240e-01
-6.238497498182287160e-01
-6.582890554740876699e-01
-6.462635894688090188e-01
-6.070168524200948434e-01
-6.487115643423415623e-01
-6.406221420210679307e-01
-6.234290731682591291e-01
-6.058223103412676558e-01
-7.167993093419041672e-01
-6.101368805453309951e-01
-7.720641879797051077e-01
-6.579497528405776618e-01
-8.169113891151359441e-01
-7.328331236367084944e-01
-7.010431371210354978e-01
-6.934897372708574981e-01
-6.474326363219143898e-01
-6.123368596239220363e-01
-6.768684259766793998e-01
-7.450681958385843018e-01
-6.150155736513323035e-01
-5.610616993018971987e-01
-7.349568863123310258e-01
-6.203492677223284568e-01
-7.207239605586776010e-01
-6.307375955084808528e-01
-6.685465308425884157e-01
-6.351458428322906968e-01
-7.124657375823690852e-01
-7.916220353518903519e-01
-6.359244505380986512e-01
-5.553117589351823646e-01
-7.019781804356791666e-01
-5.827826055252381954e-01
-7.027110656876862649e-01
-5.691943873360550965e-01
-7.882251189113277379e-01
-5.477694232286686171e-01
-6.826180695810206700e-01
-7.299232536541874206e-01
-5.624680222610156655e-01
-4.945780552809503350e-01
-6.379196730583852615e-01
-4.884430419385873967e-01
-5.779010430560402867e-01
-6.657885489716350857e-01
-5.426825717754184542e-01
-6.523972201679868466e-01
-5.113743926401848050e-01
-6.147586507585408588e-01
-6.412625037983977760e-01
-6.535327547853451158e-01
-6.874512303734238161e-01
-6.945338339382641779e-01
-6.207064022129473724e-01
-7.354541327121985050e-01
-6.380466967711626580e-01
-4.931017093747834257e-01
-4.713402385065595945e-01
-5.070654117134206773e-01
-6.682550107815948826e-01
-5.712511621962310659e-01
-3.064291505741290611e-01
-6.263785883335202254e-01
-4.767693605200904461e-01
-3.900105869135914172e-01
-5.989265116971975722e-01
-4.762216201227905121e-01
-4.456800753658204939e-01
-6.846217628985226122e-01
-4.840423021441452311e-01
-5.934182297109212856e-01
-4.081384104684764313e-01
-5.495283691645596047e-01
-5.545265416147340254e-01
-4.682949870778150281e-01
-5.231248772764183208e-01
-5.889357503107793823e-01
-4.756294516943294637e-01
-4.870026105172149955e-01
-4.654941168584929567e-01
-5.676420357346311230e-01
-4.242247782115037280e-01
-6.172518180852935021e-01
-7.583504532027598444e-01
-3.986478336148037149e-01
-4.353765943541775818e-01
-5.099474845515464816e-01
-4.200819649454664018e-01
-5.318613862829633110e-01
-5.628554642313188250e-01
-3.866485991100916397e-01
-5.846517498476977437e-01
-4.328374055598309678e-01
-6.030398201920038614e-01
-5.933577496835203968e-01
-4.309365030936994079e-01
-4.138010625672818299e-01
-4.554610204999473000e-01
-5.758772151478933621e-01
-4.118036169712144812e-01
-4.970864711447565698e-01
-4.220122235002122801e-01
-6.247788642974849704e-01
-5.576887090423534588e-01
-4.818386161367933518e-01
-5.633802996033483446e-01
-3.665601402335048609e-01
-5.912348196608092632e-01
-3.606581860327228717e-01
-4.911213866273189121e-01
-4.245289211267589957e-01
-5.467640291631750138e-01
-4.466800304058847759e-01
-3.630889582815014505e-01
-4.985060943210154472e-01
-5.868791780531303903e-01
-4.220883478876572559e-01
-5.183019011555458633e-01
-5.374917598968073085e-01
-3.646095184525541821e-01
-3.702859989591643641e-01
-4.711683017182474176e-01
-6.407560342549665222e-01
-4.296972236093539732e-01
-4.183176758454638100e-01
-5.368311960485047107e-01
-3.838409968963440444e-01
-4.618009635986838890e-01
-4.579030594083617900e-01
-4.251261623563885594e-01
-3.665227580147406572e-01
-5.639699978527182855e-01
-3.409808621393581873e-01
-2.704037502208728738e-01
-3.697528174336505713e-01
-3.866079127248772673e-01
-4.057323578694349009e-01
-4.921012702698288610e-01
-4.485194979550570227e-01
-4.123706319454762959e-01
-3.736105967561387797e-01
-3.721954679555528056e-01
-4.810297354358012423e-01
-4.971017809531859677e-01
-3.541113601687097545e-01
-3.889017959391569135e-01
-3.982089434263095806e-01
-4.948223189075722228e-01
-3.307703670049587652e-01
-4.318316407943530444e-01
-3.654610122663109473e-01
-5.647849354193090754e-01
-3.629055681444696702e-01
-2.061893616088068260e-01
-3.673347382382101123e-01
-3.611301878365529294e-01
-3.323001860077954839e-01
-4.255011183115028350e-01
-2.826465538896475449e-01
-3.451628776225959538e-01
-4.123841330100466718e-01
-2.019578439154026961e-01
-2.036776475723960644e-01
-4.856947316102531165e-01
-3.967821533720145011e-01
-4.582672008968348698e-01
-2.937699805788929197e-01
-4.710157031461700283e-01
-2.338018044433304021e-01
-3.664767773026671449e-01
-5.696016610411835934e-01
-3.129335517093254082e-01
-3.656613787761421319e-01
-1.798273976686955988e-01
-3.730649959963028284e-01
-3.248064460779425122e-01
-3.877809874527711198e-01
-2.293946104656791052e-01
-3.366437902628822698e-01
-2.702819906581732656e-01
-4.267249317042362544e-01
-2.362196351115780635e-01
-3.578612103609451478e-01
-4.407197943585987598e-01
-3.010962529564088497e-01
-2.275990589100528594e-01
-3.746821857266515177e-01
-2.913940405395408773e-01
-4.035542552423976304e-01
-2.392882893937676725e-01
-4.009443677432595332e-01
-3.421324427056430806e-01
-3.987857187509351031e-01
-3.114519235461809532e-01
-2.119154635577642776e-01
-1.853214550718436382e-01
-3.667063162089271300e-01
-3.768306076684964645e-01
-3.796231495581920967e-01
-2.341437431628831667e-01
-2.597075192310446257e-01
-3.440845767028204993e-01
-3.498856817720858436e-01
-1.740203220364522074e-01
-1.026887673752883701e-01
-3.194081064564724959e-01
-3.072626700254717513e-01
-2.891554168952873427e-01
-2.909629900669173375e-01
-1.987355551109919530e-02
-2.553202392225064066e-01
-2.371851981862571346e-01
-1.226861326101746918e-01
-2.093997443289428440e-01
-1.416484813234487328e-01
-2.828732880806092420e-01
-2.470485362888296954e-01
-1.310948588341178667e-01
-2.260909553387665527e-01
-2.365446992934191472e-01
-3.888306266223101049e-01
-1.871930342486681775e-01
-1.561428270220041048e-01
-1.910921030825676881e-01
-1.769305013808432359e-01
-2.292892213494709119e-01
-2.359737731975109221e-01
-1.813703237529797341e-01
-2.711238380462728803e-01
-1.533848514807061580e-01
-2.288597427503139825e-01
-3.905820359674319620e-02
-3.335769327386046146e-01
-2.891554141701145331e-01
-3.173481796061448090e-01
-7.792188873897942791e-02
-1.755493235799672203e-01
-2.648172537315329200e-01
-1.563553366562599189e-01
-3.206987823295930906e-01
-1.131376669334457769e-01
-2.944021172249952634e-01
-1.478292729447034104e-01
-1.962729315928556650e-01
-3.004030425030801976e-01
-2.890438535761429284e-01
-1.983743358009305569e-01
-1.293700384628293856e-02
8.938721451951815722e-02
-2.813439067223161283e-01
-2.234504884090149357e-01
-2.355487272559925460e-01
-1.322885774378664836e-01
-1.881297954494583480e-01
-2.023751266405948435e-01
-1.501788697040675746e-01
-1.204937791871041608e-01
-1.340935353222810766e-01
-1.524923430056651374e-01
-1.650964537291858825e-01
-3.026939761489688685e-02
-1.806527355381661037e-01
-6.786171205813361362e-02
-1.390241066301771411e-01
-1.793891323365630341e-01
-1.875480527651620516e-02
-2.277608863697707930e-01
-1.983300063518617651e-01
-1.859263925175763388e-01
-2.684782790447587386e-01
-3.623198247389167181e-02
-2.464745411649178486e-01
-1.188196731635247083e-01
-8.704506104174174197e-02
-1.488388209942729246e-01
-1.216857309223376565e-01
-1.699862244759247631e-01
-6.642971249343086748e-02
4.702263064784625857e-02
-8.020372053683563762e-02
-1.016328620969184776e-01
-5.498413513958901738e-02
-2.307835080004726480e-01
-2.021952395299291549e-01
-2.081106134010714537e-01
-1.266250595235190735e-01
-1.006073021984291854e-01
-6.753475685214388805e-03
-8.137201378780004046e-02
-1.832732160179288000e-02
-1.222587923741842303e-01
-1.975331072990231876e-02
-2.318161045223523231e-01
-1.104740157077011009e-01
-1.875646611963851240e-01
-2.181192292091178320e-01
6.448449120491474285e-02
-1.275217326305478349e-01
-9.596828668537256413e-02
-4.540230691886838754e-02
-5.433985312603609175e-02
-4.022033385310913589e-02
-5.159534000640521312e-02
-2.734292261002780125e-02
-7.842141009972512788e-02
-4.856629952946225209e-02
-2.214491987649172891e-02
2.213484424675209172e-02
3.447197727071461132e-02
-3.063319849135990453e-02
-1.149480167106546741e-01
-1.109831197278289411e-01
-1.937821802827186524e-01
-2.062554026881213420e-01
-5.141192608519321722e-02
5.043767809749231251e-02
-4.527867618323317550e-02
5.410406644002493937e-02
-1.740591753315356149e-01
2.553795732461963675e-02
8.064631641984026933e-02
-2.273047701514231966e-01
1.715466275189647671e-01
-9.036683288730865127e-02
-5.488196464882712927e-03
-6.384438592949351343e-02
-3.131101751637065111e-02
1.642198406847679773e-02
8.893869773295856812e-04
-3.492581182694910052e-02
-2.854785643762181718e-02
-7.268259402334423247e-02
-8.840245979662156306e-02
-2.484130933142207273e-02
-1.342314907986461026e-03
-1.651536985401713120e-01
2.865581228231829300e-02
-6.716277548043070311e-02
2.870054929908791817e-03
3.690106206306790343e-02
1.281240084044548144e-01
5.288131557039839337e-02
-2.656060120661951282e-02
-4.955136293008771675e-02
-5.431397405452616234e-02
-3.973233861641202458e-02
4.188084635104658698e-02
3.550136085367175398e-02
4.154742987401675858e-02
1.823908775936849969e-01
-8.050148916384913811e-02
-1.345403071917778380e-02
4.415930018649288219e-02
-2.613346550084629655e-02
1.494447425855570666e-01
-2.499508688001619156e-02
-3.426192230689090873e-02
-5.451244304708597471e-02
-1.977678784848475868e-02
-7.449255900439347156e-02
-1.408378531305649883e-02
1.156919480026462888e-01
1.305336808178193808e-02
-1.538573826163132721e-02
5.333087815268624382e-02
4.125490366763204936e-02
4.730910178406733807e-02
1.617397063630420517e-01
1.024044901863784274e-01
7.193485618439740548e-02
1.502217346915567797e-01
-5.814906442811792336e-02
2.136983523036942167e-01
2.013686650097687159e-01
1.730122379355000795e-01
6.209170555926381979e-02
-1.120648517088837781e-01
6.230598020399517878e-02
5.042985040227344201e-02
-3.352435473452631404e-02
6.218185637223382078e-02
3.669560778630243103e-02
9.669647526571670260e-02
8.778010875491386311e-02
-4.575563965754952944e-02
2.100891509927909351e-01
1.248613495001124479e-01
5.717306904044641702e-02
1.058828112774379410e-01
6.648362266100012186e-02
1.962548014753487391e-01
2.683585776789682575e-01
6.579607339297882662e-02
1.521854186371925620e-02
1.664064570702087631e-01
1.446254438663459596e-01
1.505019401606438323e-01
1.461313813789575644e-01
2.421342954774199085e-01
1.652648690225630990e-01
4.515931611769324200e-02
1.752591421677069106e-01
1.008460866705366415e-01
2.437862962742908327e-02
1.628956595297382792e-01
1.948829910166266499e-01
1.417626901106705528e-01
1.803305316505917077e-01
1.050242294453923309e-01
1.492608028443384860e-01
1.478491244281067152e-01
2.058714451765447373e-01
2.039589631240239509e-01
1.580515138956801180e-01
1.398733363270341645e-01
1.477655778387047536e-01
7.458962109190160616e-02
2.390242435907002638e-01
2.755745965009744336e-01
1.064171122975478417e-01
1.659504655271277218e-01
1.267482360202123459e-01
1.314270917601816913e-01
5.513821598897630100e-02
1.922027088316144716e-01
1.247904814852157235e-01
2.813375433642328893e-01
1.919003561454880047e-01
4.047800406904321358e-02
2.215514312226728455e-01
2.731221932371346028e-01
1.318823667218705920e-01
2.809268552323910817e-01
1.023994301493926229e-01
2.144260577934522793e-01
5.946410837462698384e-02
1.532198163240074684e-01
6.052987205560294431e-02
1.256119236387501503e-01
1.760402212294348567e-01
1.679179645567827339e-01
2.922576751684914376e-01
7.108277047006156257e-02
3.330376817294025682e-01
3.545779738411517501e-01
8.818300581438399954e-02
2.966818176183246697e-02
1.916860053800256980e-01
1.235671921376901433e-01
2.088400522024891071e-01
1.809562888364033839e-01
1.358163513429653801e-01
1.748021222873528957e-01
3.088527323692081827e-01
2.247945133576510490e-01
1.096856939494717242e-01
2.076001391684778596e-01
3.327107927892543060e-01
1.698449625497777116e-01
9.808255696384954314e-02
2.528500789129529136e-01
2.404212262898361985e-01
1.193014036130141536e-01
3.217721839686723539e-01
2.812378022908718078e-01
2.764209316698310603e-01
2.770481720318069274e-01
3.858223532370184117e-01
2.593853921281465968e-01
2.241516849301353753e-01
2.585892669856557080e-01
2.005602935036896739e-01
1.670068635851755245e-01
3.622804675936604490e-01
5.847775593636724001e-02
2.196125893507901161e-01
8.171317452687930361e-02
1.623831682512150987e-01
1.237796398304518986e-01
3.659434415238033145e-01
1.826477672701393440e-01
4.877404857090926193e-01
3.288162455294496578e-01
3.251780730619073245e-01
4.037884887603593320e-01
1.570470874260962157e-01
3.219064835103365718e-01
3.373930417985760433e-01
2.429153426102988456e-01
2.343939933654993757e-01
3.233180154638919390e-01
2.879132169848619971e-01
2.929781003277022733e-01
3.465009749225527180e-01
3.708320099275246307e-01
3.052998458469460275e-01
3.783509841547962327e-01
3.118912569303490812e-01
3.512685716299518979e-01
6.899280237251546877e-02
3.373795585252938323e-01
4.323050935119583937e-01
3.955454470250742149e-01
4.244733105391632066e-01
4.845672209768562277e-01
4.080591477000090617e-01
4.122525887630620334e-01
3.403612225239555644e-01
2.134062677525147833e-01
4.252029372900650861e-01
2.981408325967219164e-01
2.877044189621008607e-01
2.688157327830719701e-01
3.916587002804656215e-01
3.791239344707101888e-01
3.736516729277899462e-01
3.242362261967510206e-01
3.795681124529683426e-01
2.578457781189134046e-01
3.744241470916817582e-01
3.198072915103636338e-01
3.585860627895637309e-01
4.595045320983655035e-01
3.392721071853821435e-01
4.715938119446760335e-01
3.872449816022121571e-01
2.917463640794447644e-01
3.916645672894780716e-01
5.049796880991612724e-01
3.674432377327623844e-01
3.171317566526796194e-01
4.361976816256356027e-01
2.920338916401787888e-01
4.996136399400050165e-01
4.993180741607688988e-01
3.042497521359038837e-01
3.186746421708654964e-01
3.045411347134219793e-01
3.224092543665578736e-01
2.866617895617550871e-01
4.357632539905846869e-01
1.967647331861572813e-01
4.277738807030716517e-01
2.786578506648424436e-01
2.571364250650760575e-01
3.925998193483372645e-01
4.820037899425298478e-01
2.227902419483925867e-01
3.981123140633074375e-01
4.931441765605114602e-01
5.103474659983511241e-01
3.857870295387432757e-01
3.248839495618495721e-01
4.162230256439888310e-01
4.956543353470046487e-01
4.497710403701058457e-01
3.895638278687454381e-01
3.699590722932051268e-01
4.213111834541488077e-01
4.560029639346818708e-01
3.868118941414552814e-01
4.130214293924441282e-01
3.103614006649856871e-01
5.729585486194898047e-01
4.221022807134148791e-01
6.158715005670702958e-01
3.105503565640536090e-01
5.347119122608948727e-01
6.822127197273405441e-01
3.887707714376026358e-01
3.938211590794624684e-01
5.163198211314729003e-01
3.241063412827402956e-01
4.492075030928808776e-01
5.649399225754746512e-01
4.160137235833427094e-01
4.732272019660686557e-01
4.447427065429283011e-01
4.803252675702386343e-01
6.350342741366790111e-01
5.351518260014881401e-01
4.783928616129854428e-01
3.988507830860841818e-01
4.412322671473618008e-01
4.372985050316748334e-01
5.190759849521527913e-01
4.356430736991873109e-01
5.110178657317204776e-01
4.339923270262287525e-01
6.284116506150653203e-01
5.242935112706273992e-01
6.097010517812248009e-01
5.978347007770328236e-01
3.709089307002301217e-01
4.794491485651998786e-01
5.159000906928311592e-01
6.918140808858129764e-01
7.008016332824542616e-01
5.901522865219240854e-01
7.153579996737555735e-01
7.066790274925124349e-01
5.530868878304577851e-01
3.689055458097724172e-01
3.272553484167133320e-01
5.572748104318817619e-01
4.729866481884552609e-01
4.155563779373271371e-01
5.094689384847082003e-01
5.124992096923524088e-01
4.129665259282941925e-01
6.548103111552089350e-01
4.959452396955457143e-01
5.998422433295654832e-01
5.499712090343952253e-01
4.787305349302434232e-01
4.798256337865630661e-01
4.545481170724041675e-01
6.180906314758741749e-01
5.365588998916180907e-01
4.623862909592045267e-01
7.634519521208621429e-01
6.054844081953639767e-01
5.716097615556537948e-01
5.901577811037395094e-01
6.228173136928372156e-01
6.053809194055324028e-01
5.373462494393520528e-01
6.220146674110542673e-01
5.293848127162990025e-01
6.368986166979651031e-01
4.677276823667735894e-01
5.191147019173151245e-01
6.897258139378196207e-01
5.274120322005027006e-01
4.536558021361423720e-01
5.425572118745962680e-01
4.932455631497580928e-01
5.907654701826693389e-01
7.046399696647985822e-01
4.701012349889537867e-01
6.827998146430394044e-01
6.235878325793816623e-01
5.628501280680079377e-01
5.305839754551242571e-01
7.402182896115012678e-01
6.604972109509085199e-01
5.402556725371882029e-01
5.688077383032399403e-01
6.528579605378711515e-01
6.560130714003807872e-01
5.448102694289956860e-01
6.181059691649761767e-01
5.976883781726928246e-01
6.169206454896218883e-01
6.767256494218534257e-01
6.742296098096605128e-01
5.861004437264160094e-01
6.319582066247091401e-01
5.848213327603682954e-01
4.359839035402261476e-01
6.918337355188473037e-01
5.964162320591198663e-01
7.232572474090877002e-01
5.811115817728018662e-01
6.565769914096004634e-01
5.726539754050882225e-01
6.356828987192144620e-01
6.262955388500829335e-01
6.402097801087348605e-01
6.003127704731978653e-01
6.095614208044024540e-01
5.746196305587629727e-01
5.717175156057432428e-01
5.339663776783135640e-01
6.556754113074526602e-01
6.672382435499226716e-01
7.711251219137420509e-01
5.131914360943757858e-01
6.468364183783261723e-01
6.502762901087902891e-01
7.103119882362290971e-01
8.230883322923394640e-01
7.207791737888351591e-01
6.115367057544394136e-01
7.651942864600648209e-01
4.689081041029850017e-01
7.209242067779451091e-01
7.267300856099958573e-01
6.959394801059186619e-01
7.763217392929189220e-01
8.427898857918423303e-01
6.566616089099374109e-01
7.244914456610719311e-01
7.366636418046472734e-01
6.096134506188278790e-01
8.568567528851499526e-01
1.060365521428932034e+00
7.601329007750874389e-01
7.001742002543330790e-01
8.115809981895687475e-01
8.589277132982487961e-01
7.386743846535909208e-01
6.859766754134043465e-01
7.511329996090346794e-01
6.430256672567682408e-01
6.961375505938083297e-01
7.581635278237441877e-01
6.610051303735630102e-01
6.755277454421012573e-01
7.413497290916404303e-01
7.900454351151747767e-01
6.426778810634095063e-01
8.376936994209446263e-01
7.670036311487319347e-01
7.340436208556856412e-01
7.093617285620206214e-01
6.582141646787552647e-01
8.476251676569329652e-01
8.281149047450930833e-01
8.369811109276390493e-01
7.577505906158022997e-01
7.249745656278231420e-01
6.958364228774718274e-01
6.693284154590782853e-01
6.539476412470214273e-01
8.405729052926474987e-01
7.517331929474472263e-01
7.230588316921032765e-01
8.801943284124017497e-01
6.585008275213342088e-01
9.026704837647721025e-01
7.169323050023455046e-01
6.651585345919831527e-01
7.871104009116285383e-01
8.130863665805161400e-01
8.227348151848634661e-01
7.720965736373370802e-01
6.749477104710474018e-01
8.952885012948604837e-01
8.256873492964025285e-01
8.843877645849751445e-01
8.625452494466615549e-01
7.387812665039258375e-01
7.847044129182674244e-01
8.121707936387824178e-01
8.166952962241746938e-01
7.450491950346153081e-01
7.585758440882900411e-01
7.990590414789914275e-01
8.537190668700210816e-01
7.533464838150828458e-01
8.109283615560662906e-01
6.848445424582130237e-01
9.346290081756134516e-01
8.432250369639833210e-01
7.661646717358033820e-01
6.897825790642678756e-01
8.154113464132822786e-01
8.052963257733309899e-01
7.806911869599707510e-01
1.040079174896095582e+00
7.923843325936800186e-01
8.614162919485004455e-01
8.676726293853126437e-01
8.484641781500396052e-01
9.190637576109640383e-01
8.673363007939789426e-01
8.816151691101092869e-01
9.527514922056808944e-01
8.253582797379735991e-01
8.124338379931964615e-01
8.397365615303774566e-01
8.652675615404121778e-01
8.329707646119861586e-01
9.397215004471887179e-01
8.381264132974879377e-01
8.749935149306076188e-01
9.105919401200626151e-01
8.081978349516154569e-01
8.949913736546136755e-01
8.315904946180088242e-01
8.261009840566860829e-01
9.425162479483583100e-01
8.928920432336979740e-01
8.461779153240200912e-01
9.525266922322777052e-01
8.910957185317442963e-01
9.283960823330569267e-01
9.344644978882393760e-01
8.423430324939459313e-01
8.317989678163753009e-01
8.737349616252536588e-01
9.306642837967866733e-01
8.622255261634633738e-01
7.493530769121443669e-01
8.487301137137888141e-01
9.487469215938642009e-01
8.146612921386614525e-01
1.078790749574661811e+00
8.913158258303692794e-01
9.052886711418927090e-01
6.983842818455883172e-01
9.692879329914753095e-01
1.072437260777869827e+00
8.235545493414925255e-01
9.016317513346198131e-01
9.360792883291074729e-01
1.034320644343490470e+00
9.606590117406023088e-01
7.885045226310052335e-01
9.238916955730347436e-01
9.112520928519683983e-01
9.108213941564721194e-01
1.017827590130336413e+00
7.653338224398326117e-01
9.179959402324526785e-01
8.984588702884974687e-01
9.702707055781502055e-01
8.606307572874303258e-01
9.659453595098362877e-01
1.011499815325177742e+00
9.423372791146865657e-01
9.003043221444723132e-01
1.050693734007638103e+00
9.611068789003435198e-01
9.034893168340790703e-01
1.013211065309862269e+00
1.095511180403602181e+00
1.154486413561748970e+00
9.577126239594400126e-01
1.042752835091188102e+00
1.064210578729426260e+00
1.032414503798022132e+00
9.005501233485238011e-01
1.042992949770513489e+00
9.777097800504203073e-01
1.142715599843690866e+00
1.077513898183190211e+00
9.506379811082928954e-01
