-9.812434586595982777e-01
-9.989824339908242035e-01
-1.046204867579703990e+00
-1.118192701181016435e+00
-9.917104313738389632e-01
-9.163611327036160770e-01
-9.402828914793217585e-01
-1.060463707952027379e+00
-9.759067933311869059e-01
-8.165745589560983175e-01
-9.882886978404322731e-01
-9.249400016842067584e-01
-1.032888035819526262e+00
-9.303115453482356800e-01
-1.027079274030157530e+00
-8.991356149092516459e-01
-1.028811583072822389e+00
-9.961435575340279458e-01
-9.402805283684835258e-01
-9.750896002099646021e-01
-9.216768770814300904e-01
-1.029137991689697884e+00
-1.098229983095590834e+00
-9.683109681996429075e-01
-9.066423631617487322e-01
-1.017361086810002035e+00
-1.000798418834841552e+00
-9.986104146113488067e-01
-1.102085222568657041e+00
-1.044036819336401134e+00
-8.864521164137200149e-01
-8.865371475272660895e-01
-8.850754837918834994e-01
-9.694901084358715782e-01
-8.894182539344528404e-01
-8.691207108959794203e-01
-8.796829542244563038e-01
-8.333229461278804928e-01
-7.662622139379753339e-01
-9.113822409388285806e-01
-9.194230363984756682e-01
-9.589255453343477065e-01
-8.143631767338083138e-01
-9.879309283101610495e-01
-9.193553999810769595e-01
-7.636532353946279272e-01
-1.197864730897197250e+00
-1.099015019605208199e+00
-9.372495872070276679e-01
-8.682546457944284590e-01
-7.699621245485871457e-01
-8.988289321872471316e-01
-9.836748364551299861e-01
-8.165186209381598559e-01
-9.061342838996470084e-01
-1.030661676622146139e+00
-8.570713720407691083e-01
-8.919404768493133240e-01
-8.350948406455646067e-01
-8.046557730577714729e-01
-1.029561876669049969e+00
-7.984899846185798955e-01
-9.894749168731052924e-01
-8.823454511662560673e-01
-8.216441871178795653e-01
-9.217077519100992378e-01
-7.953566164866184840e-01
-9.506817532919836777e-01
-8.985450588435095476e-01
-8.720910674720051547e-01
-9.012439010790697091e-01
-9.456574854037294031e-01
-8.375621890576706585e-01
-7.905922991173556236e-01
-7.600278786663172692e-01
-7.264811313580510355e-01
-9.035422985680511276e-01
-9.017336970669361795e-01
-8.183930056361000682e-01
-7.707927082059519153e-01
-7.168583730867126302e-01
-8.358621230977603123e-01
-8.563989659894041262e-01
-8.062422915722330385e-01
-8.536619901158546408e-01
-6.879443020755137139e-01
-6.949375614168764592e-01
-9.532649204619613181e-01
-8.634465263823462022e-01
-9.323710191949311499e-01
-8.581574442827372140e-01
-7.438176284421779139e-01
-7.227302537823800943e-01
-7.367931233187702267e-01
-6.615697798807136376e-01
-8.384277124130394832e-01
-8.666211140480678532e-01
-8.389309586316100464e-01
-8.962036575783322023e-01
-7.895831658843368572e-01
-8.955605786374921662e-01
-7.317636195628449691e-01
-7.559571517246274075e-01
-8.430192122587311099e-01
-8.932887881010724840e-01
-8.048383393775659922e-01
-7.730278904150913455e-01
-8.437499678733438868e-01
-8.903310283589358498e-01
-7.693136054911339228e-01
-9.015210903603352310e-01
-8.388832818774708544e-01
-8.003780073352396718e-01
-9.079227984330529022e-01
-8.713395190483174124e-01
-7.988054284753266510e-01
-6.950352801919330581e-01
-7.113287097763468791e-01
-8.210462049959275088e-01
-7.921541903872121315e-01
-7.764027180378876292e-01
-7.469710489470178238e-01
-7.759141471241163268e-01
-7.108100936601008391e-01
-7.846810304531677271e-01
-8.709597420084235209e-01
-7.581663502649100828e-01
-7.772650657135263819e-01
-6.993147538171058386e-01
-7.505509588643337615e-01
-7.866295934432585568e-01
-9.983100642700986072e-01
-7.385445231260511223e-01
-8.525104042198692333e-01
-8.058949918697599912e-01
-7.597890522689149106e-01
-7.417536157352059289e-01
-6.020403033025588657e-01
-8.141989101634958814e-01
-5.517776838925041449e-01
-8.048440509501115780e-01
-5.682702763348078667e-01
-7.340265672724320956e-01
-7.628887202129531753e-01
-7.831008565859520765e-01
-6.782982247182935964e-01
-5.638497463435562240e-01
-6.191896974594830461e-01
-7.291916787076031525e-01
-8.037401492719462581e-01
-6.282479165681543742e-01
-7.679727954730047879e-01
-7.676966922321902809e-01
-7.139677061281445303e-01
-6.351184053956490105e-01
-6.644505715481556773e-01
-7.000123374223437001e-01
-8.815153168967656550e-01
-5.076580260955243507e-01
-7.652219562350550675e-01
-7.630737278688565217e-01
-5.549764976227881119e-01
-6.457082269002526465e-01
-7.277964655061240906e-01
-6.970910973999867588e-01
-7.391195633705504031e-01
-6.568144111729260493e-01
-7.448346512057770763e-01
-6.836426593668147866e-01
-6.745703850346507213e-01
-6.268072961788022646e-01
-5.875960945041774908e-01
-6.707853678608383108e-01
-6.082658454401624892e-01
-5.451077276628256696e-01
-5.102590516539889931e-01
-6.452572564127943000e-01
-5.733670913385339185e-01
-6.576176511499591815e-01
-6.010781659162967028e-01
-6.778400255679977171e-01
-6.235080316993927285e-01
-6.191028335039964192e-01
-6.128292352862475534e-01
-7.298651397952692355e-01
-6.596699284362054216e-01
-5.759338367959168092e-01
-5.996254160782683584e-01
-6.032235000164871686e-01
-7.775581670920845845e-01
-6.464470287810489824e-01
-4.582421570531693411e-01
-5.898086129727788673e-01
-6.089362658715985477e-01
-6.466763541846273222e-01
-7.715192447274294985e-01
-7.208224801206545296e-01
-5.504539051705502617e-01
-5.601033758651692285e-01
-5.410544054105430600e-01
-5.972737092583270124e-01
-6.045756056927110711e-01
-6.223908727125058160e-01
-4.348041409809711988e-01
-5.750290555479189436e-01
-7.507768153213054685e-01
-6.852949156736309888e-01
-4.917012566248214478e-01
-6.486682452104446384e-01
-5.733002269230700332e-01
-6.354778519370385403e-01
-7.094224480858422055e-01
-5.371701351575874916e-01
-5.940669807491530952e-01
-5.946094285068517227e-01
-6.922419150822022305e-01
-5.809293663256339668e-01
-5.171298654972646958e-01
-5.897067804494194876e-01
-5.620688898209509343e-01
-6.340632697578801880e-01
-6.195506759582158907e-01
-6.353427732178358323e-01
-4.732281808225357045e-01
-5.927128747626388972e-01
-7.548721274543189752e-01
-7.068646977405241838e-01
-6.177484706051555863e-01
-6.012271919304328360e-01
-6.280629255524385890e-01
-5.486510953203530550e-01
-6.015253995332801029e-01
-4.921743829694560368e-01
-3.807960829438585271e-01
-6.686619016554310457e-01
-4.953698660002823773e-01
-3.849732941116755236e-01
-5.225945188964112864e-01
-4.606449855334998622e-01
-5.438286728330042896e-01
-4.490459602254454619e-01
-6.482959105783018261e-01
-4.219921141730567649e-01
-4.858385636184550105e-01
-6.051526936065138029e-01
-4.933548401024601682e-01
-4.707236778180491910e-01
-4.271302802779494701e-01
-4.684042508060829446e-01
-5.179814082784724993e-01
-4.693153248225581109e-01
-4.156139449015827103e-01
-4.458983500898130448e-01
-5.175529294422783755e-01
-4.075060352681676434e-01
-5.955879015292513401e-01
-5.410840867854469494e-01
-5.621378865607515873e-01
-6.896168356932835808e-01
-4.579077436826242131e-01
-4.083549177980813627e-01
-4.116702952287843442e-01
-5.511988064584879554e-01
-5.112879683757420857e-01
-5.274883127065790323e-01
-4.899316436316388246e-01
-4.496997875971191494e-01
-4.768934565026525796e-01
-4.784353919249941245e-01
-4.585346735286703335e-01
-5.803890726764998620e-01
-4.165130462230059449e-01
-3.747965821262200237e-01
-5.261856892891423332e-01
-4.444664624064046943e-01
-3.659343061484577886e-01
-3.983476715157266979e-01
-4.831269261100784029e-01
-3.170325872177875981e-01
-4.189050824812055041e-01
-5.292986154010814737e-01
-2.997903885645358257e-01
-5.022380597468290020e-01
-4.993799611476999467e-01
-4.723503186833465928e-01
-4.371702519898467698e-01
-4.214853049479045932e-01
-2.693261318868293563e-01
-4.087674968758347460e-01
-5.128004198899377419e-01
-4.487632979631448471e-01
-4.640743853533526031e-01
-4.057288519916376068e-01
-3.531662574504530472e-01
-3.937730123896040491e-01
-4.891613421791694560e-01
-4.475837235185280982e-01
-3.738828607744119070e-01
-4.677231611952086809e-01
-3.610050699524991469e-01
-3.440043159354959079e-01
-2.691538436358008601e-01
-5.097483255032193572e-01
-4.633569207116821631e-01
-3.899158556664408803e-01
-4.270524477787752127e-01
-5.787582200273604371e-01
-5.626319622592527159e-01
-4.030830785189258303e-01
-2.402906552373887117e-01
-4.131715760067586896e-01
-5.641771237853173693e-01
-4.291236620325744600e-01
-3.007410479238453727e-01
-3.149311424981446894e-01
-3.577395775148953794e-01
-3.501625819382832017e-01
-2.894162435779474851e-01
-4.508711504940736137e-01
-4.223428618022186387e-01
-3.096725074181572723e-01
-3.392901801494395131e-01
-3.669243249408523089e-01
-4.416283545621368933e-01
-3.060477050904253926e-01
-3.486610275050515129e-01
-4.869745677086915747e-01
-3.800720067641904509e-01
-2.543195469202696457e-01
-4.238604266496974193e-01
-3.758952740055461206e-01
-2.727156141344005968e-01
-5.068734123488085608e-01
-3.573397656353552998e-01
-2.675325668786276423e-01
-2.919003664176882951e-01
-2.774322786039006838e-01
-2.766040538229349588e-01
-2.819759817890891140e-01
-2.672690339762444078e-01
-2.501807289254560085e-01
-4.444336367513998520e-01
-2.345918186980297249e-01
-1.169733250573392613e-01
-4.544832772044161695e-01
-2.210935802407539008e-01
-2.064279514967372053e-01
-3.273707566671016367e-01
-2.014048177410937557e-01
-3.637068097608123218e-01
-2.707881356546901763e-01
-3.018113518664599093e-01
-2.590169015843710731e-01
-3.088780868773182697e-01
-3.700212743362816248e-01
-1.866970207488476141e-01
-1.983116919599599015e-01
-2.093414415466889889e-01
-3.041762009164239999e-01
-1.283338667604526917e-01
-2.328435293648461468e-01
-1.678677116364014898e-01
-3.090874708789225767e-01
-2.918670728826852079e-01
-1.947084705517076741e-01
-3.868888414383726548e-01
-2.923444656014831389e-01
-3.772721726072431059e-01
-3.831794025643606716e-01
-3.692724878258763499e-01
-2.256665587148885543e-01
-1.904121304186394137e-01
-3.321942678128327886e-01
-1.733781554903748301e-01
-2.295329749304939326e-01
-1.297158378920995059e-01
-2.965486416261340352e-01
-2.545446101727984467e-01
-2.954330967031240651e-01
-3.654356881785618683e-01
-4.537583396116916523e-01
-1.616887840111692620e-01
-2.668505819125940315e-01
-2.501392236452060214e-01
-8.730577660680420571e-02
-2.317276926729227027e-01
-2.817176459832740898e-01
-1.842226681731002069e-01
-1.903985896313974413e-01
-3.025016953916426776e-01
-2.415524701227250159e-01
-1.573689271136946288e-01
-2.183763762799706409e-01
-2.055209230560860745e-01
-7.833733906263306429e-03
-4.922755088194301354e-02
-1.472456516481149835e-01
-1.116798122030250168e-01
-1.874372020626664803e-01
-3.023888941756595061e-01
-5.318795389788776723e-02
-1.338138395365275346e-01
-5.551745883634480461e-02
-3.217476376314598596e-01
-1.153546442102832553e-01
-1.822732232283639509e-01
-6.053762306891073697e-02
-9.147326159993596217e-02
-1.764054754428239502e-01
-1.638392284423448308e-01
-3.211359969093334765e-01
-2.245899167545068464e-01
-1.717282127727937091e-01
-3.030315887941337216e-01
-2.213865315481002849e-01
-2.177803374947671622e-01
-1.330335606911619006e-01
-1.230253211129320873e-01
-1.493897900948691626e-01
-3.803187743395550213e-01
-2.209960105835108990e-01
-2.617823550355231621e-01
-7.297149404294481223e-02
-1.671623272931838655e-01
-1.427987748868478624e-01
-5.029395207469136014e-02
-1.116592141977940655e-01
-2.068231768757557432e-01
2.177830197262434903e-02
3.992895827170661605e-02
-6.843203668680666873e-02
-8.883344037960957951e-02
-3.116931804791764904e-01
-3.619236542043284544e-02
4.220849365911558126e-02
-2.174043947559587964e-01
-2.201948559616018208e-02
-1.272281581810116857e-01
-1.127943823595810163e-01
2.681528283051283143e-02
-1.420797268719118378e-01
-7.348563540100354341e-02
-1.272761900730489670e-01
-2.285274723210415637e-01
-1.484264298415375050e-01
-1.112896815445173354e-01
-1.066634066184527913e-01
-2.799045238250701725e-03
-1.341967933774292632e-01
-1.670100909651596743e-01
-1.354424306669561699e-02
-5.430723755472535025e-02
-1.007391196084089363e-01
-1.031393847659555774e-01
3.759550231086167260e-02
-4.326692391183923486e-02
-1.361793983580724364e-02
-1.397389524740043076e-01
1.906722495223904523e-02
-2.578079556369263989e-02
-4.783591218773232401e-02
-1.785312013345956295e-01
-4.960824178275250601e-02
-8.995568487836667904e-02
-1.836267787624353831e-01
3.095634796392903940e-02
-2.575956428808149345e-01
-2.689404699332325482e-02
-2.849220410598727882e-01
-3.048523730441306950e-02
-1.750150690702740319e-01
4.272791954634320294e-02
-1.244543360238773572e-01
-5.129841654361840669e-02
-3.200982631772288783e-02
-1.122799950501952998e-01
3.235222826775269178e-02
-2.576534812174122169e-02
7.342566556993514182e-02
4.350276420087344914e-02
-1.944318793001517387e-01
2.772930179020408753e-02
-2.338909127699193291e-01
-1.032459165628544367e-01
-1.588369664139327453e-02
2.942400703831074115e-03
-1.185299718918551327e-03
2.763587574260343779e-02
-1.312120000697542498e-02
-6.018872231060409805e-02
3.770970766030382060e-02
-1.783690904756574935e-01
-3.552191527456773079e-02
-1.296122941403581863e-01
1.015557245890986587e-01
-1.673826096968376032e-01
1.273245926965476948e-01
-3.680982864759038686e-02
-7.713992021715683489e-02
-8.216379621517853893e-02
-1.076989639288367245e-01
1.339289592235488879e-01
-1.497173512152350505e-01
3.594585591957932813e-02
9.598120328451900662e-02
7.971824376411314195e-03
-3.198770240840856371e-02
-9.588426531694832500e-02
5.566174371145778815e-02
-1.303641269503332811e-01
3.641841636418065298e-02
1.474872112108899236e-01
1.732645204001397876e-01
-4.335420929339817847e-02
1.249301497539846983e-01
7.678148419979455297e-02
1.810545293309263615e-01
8.348734516893384361e-02
-5.076228720625879792e-02
-9.149415431358695616e-02
9.461887166526802839e-02
-2.147471480766379587e-02
2.999731746438965771e-02
5.340591284431556174e-02
1.825365833667046966e-01
1.228850271856902175e-02
9.139313042670231535e-02
-7.842292363847123970e-02
7.594200590070546153e-02
8.466070560961108660e-02
8.766796076987470876e-02
1.039329820097367324e-01
-2.016974183888470273e-02
7.412963021987332979e-02
1.063326793867208908e-01
1.699040982127600352e-01
1.692500679862584401e-01
1.989750562470117001e-01
7.985709389922984736e-02
9.047580775573843548e-02
9.647516008224438222e-02
1.907331159924150615e-02
2.476849738126752840e-02
1.116462520515976442e-01
1.348838175285701768e-01
1.826457886137383135e-01
1.900360490969035254e-01
5.191160050055503017e-02
2.850696725133679971e-02
1.256246919595687128e-01
8.640587605982064101e-02
5.096312730861918966e-02
2.657267507531654860e-01
-7.091652747846779667e-03
1.635704751453772865e-01
1.646748586162354033e-01
3.537274212740882523e-02
1.380898753611899676e-01
1.250574347824842114e-01
-1.945424017078396448e-02
3.854561256444121592e-02
1.026151129935308666e-02
2.443816548513665088e-01
2.032030340301969051e-01
8.933537605039103269e-02
2.105245865136486372e-01
2.406573585883322874e-01
1.097375803218523516e-01
7.359070221487484798e-02
2.325289444647403170e-01
4.752108719633543060e-02
1.722879658077672016e-01
2.124478903877702052e-01
1.637539864973802106e-01
1.761219740276059181e-02
2.475955049448896883e-01
2.540167815327026846e-01
1.129519925327069907e-01
1.923955808292106551e-01
1.262210042180499092e-01
2.350573873376965717e-01
1.682910403601348137e-01
1.469919221329041847e-01
1.460989874307881964e-01
2.519916727858894090e-01
-7.970796770534974152e-02
5.264618491623248436e-02
1.539718822153894884e-01
9.795458404428608601e-02
1.453445890448676336e-01
1.798308356218386583e-01
2.934159532697915851e-01
9.389851818855135535e-02
3.098574993096199770e-01
1.094612157537898922e-01
8.670917395037741615e-02
2.118603543237777276e-01
3.809293597639357154e-01
1.778726828797339843e-01
2.280693889915952066e-01
1.465516055654432770e-01
1.805085520929827769e-01
1.668502646367341635e-01
2.596082587242804496e-01
2.054272207557071295e-01
2.078468594714618090e-01
2.089305322271673426e-01
2.449054812775871282e-01
1.888482452328691386e-01
2.638654882672865631e-01
1.304543559303511235e-01
2.679805081160427926e-01
3.540942158271828677e-01
3.231202300713534870e-01
1.655775180687547032e-01
1.531178374853271462e-01
2.547300965883989576e-01
2.258502054946774362e-01
2.542276257747221324e-01
3.937668466367423292e-01
1.562439096311574183e-01
4.058389768903468420e-02
2.803922036700147724e-01
2.882645568218780152e-01
2.425909983573670825e-01
2.751207671589575576e-01
2.630831573740830542e-01
4.254205978019101608e-01
2.881910197087451109e-01
2.097126608527985492e-01
4.552903999173900651e-01
2.160472780596758569e-01
2.899685177613148257e-01
3.200153644521374074e-01
2.824886766672518590e-01
3.938518942272081214e-01
2.058079210878459020e-01
1.868692448894837543e-01
2.113984490451475962e-01
3.115194150384166805e-01
3.183038767466589980e-01
1.968569120905601377e-01
2.907606680283367773e-01
1.526408895315581049e-01
2.995423310169214037e-01
2.829151552868529595e-01
2.599996616088357526e-01
4.368556557529539863e-01
3.565726570966436526e-01
2.536373224590853792e-01
2.020729774773371082e-02
3.592030957060792784e-01
2.899092879454432392e-01
3.870843562963957041e-01
3.940388489930541360e-01
2.561828879313862717e-01
3.572010142186732851e-01
2.205908473246207258e-01
3.289909163570190476e-01
3.988668797754253426e-01
3.348373098160247752e-01
2.880559670634283975e-01
4.105553298308766697e-01
5.190685298676609438e-01
2.512389136661221656e-01
1.990125445166470441e-01
3.917725221184525375e-01
4.076541721593134882e-01
2.997619409234562049e-01
3.017330582983496212e-01
4.137424825477257762e-01
2.953107201544862837e-01
4.679223204252264678e-01
3.508717210579789803e-01
3.744426825029506523e-01
3.773713326077712815e-01
3.166901566057313544e-01
3.722273089855751005e-01
3.776967309154422026e-01
3.467369687533195521e-01
3.119987154554317854e-01
1.609896692344372493e-01
3.152173604027862508e-01
4.230263023109792631e-01
2.421525337630066887e-01
4.845049130603631959e-01
3.861146197772185595e-01
4.605928920049852104e-01
3.976634522623598289e-01
4.793410125649782416e-01
4.455454713934441924e-01
2.708111679987741383e-01
3.861962944937023523e-01
4.940536913484454007e-01
4.316024896622606133e-01
4.603150489577984561e-01
3.900646138768978921e-01
4.188317241660771129e-01
3.881831757432103180e-01
3.650834629939913034e-01
5.082710226768606399e-01
2.883549404879279243e-01
4.394359335715055104e-01
2.610688063473388110e-01
3.300699970065223976e-01
3.481680825973411664e-01
4.082078639076859861e-01
4.277578715042709145e-01
5.848133744348552598e-01
4.136946141601387517e-01
3.542892786123881810e-01
5.490041349137914084e-01
4.405341278939012284e-01
4.734487909050440479e-01
4.510487314548233262e-01
3.509893835108377491e-01
3.184676273642856326e-01
4.437121028639983145e-01
4.844649607073563402e-01
3.106867943046121017e-01
4.826900622671291274e-01
3.190410579368158084e-01
4.364900789446607976e-01
4.895583542475375749e-01
5.759056164363240971e-01
4.701159814675983650e-01
4.155373806922453839e-01
4.956502026396580884e-01
5.459035586813696384e-01
4.655681785848413967e-01
5.159699407752836864e-01
4.382367246686926232e-01
4.789960057829467099e-01
4.639949925331578462e-01
4.036836869263012995e-01
4.378402830442166827e-01
5.715056624961455389e-01
3.903987665667754126e-01
4.422266878317689387e-01
5.001869187165022268e-01
6.238985438175236320e-01
5.991760546260728182e-01
4.735116743254917937e-01
5.664866861872746018e-01
5.801069925241716385e-01
5.669392969160530482e-01
5.686974432690169445e-01
3.968467074648410198e-01
4.786433843844037916e-01
5.958202837099842997e-01
5.514295182888220292e-01
5.454146602274446698e-01
5.467728095289262624e-01
4.897842561753195101e-01
7.777297352916323625e-01
5.269054643476732691e-01
5.087531486061129815e-01
4.493075549947011527e-01
4.768026865129275094e-01
3.625829576928805698e-01
5.636737266705658111e-01
6.095857451817864314e-01
4.506877297036729346e-01
5.803705922705080233e-01
5.103744286653800755e-01
4.285696150739013999e-01
5.381738135967882863e-01
5.258673463535369352e-01
5.289426768621291464e-01
5.101142999562132685e-01
5.613622383317945497e-01
6.423758626118253323e-01
5.665311365453665760e-01
5.147911338995516672e-01
5.906833838421037264e-01
5.917374638342131066e-01
6.113799714282905917e-01
5.711855415739669484e-01
7.001260430300912940e-01
6.003155831385015295e-01
5.563924195513217930e-01
5.440054730691856744e-01
6.633511943902020702e-01
4.643133473905480257e-01
7.025433791637125669e-01
5.395735480982019050e-01
5.985434053722652470e-01
6.624776861576487930e-01
5.082035139433979110e-01
7.359039904222876016e-01
5.546270904903750631e-01
4.767277362191649215e-01
5.900249016143462866e-01
5.005967909801367632e-01
5.994390316911438754e-01
6.892183425355737914e-01
5.370573059076716449e-01
6.411305395986002242e-01
6.779346098016933997e-01
7.104966678650058709e-01
6.499330074340543550e-01
5.866147169435532716e-01
5.568601948198365070e-01
6.072233641709581242e-01
6.342370935288288436e-01
8.313359355439150500e-01
6.390890464470266874e-01
5.869290008658932800e-01
5.731800544697199795e-01
5.535563251353714520e-01
6.568255554025060894e-01
6.312338284474949823e-01
5.949038225036473726e-01
5.232513543790249244e-01
4.229980702655778413e-01
6.451935247726566791e-01
5.777712806500451270e-01
4.856406343950686044e-01
7.156428787192340435e-01
7.900118050630023925e-01
5.920808625786161405e-01
5.958978592723189749e-01
7.084023906226102341e-01
6.193654340862297936e-01
6.195086796948005015e-01
6.154262480572199046e-01
6.775340957137472309e-01
4.808905199413189280e-01
6.608164046506135314e-01
8.312685359684123254e-01
5.586117945928520401e-01
7.663259650182947524e-01
7.276275199515482850e-01
7.584912211134209326e-01
6.693755048389549156e-01
7.914063822960710759e-01
5.557459504372289638e-01
8.593581529435200261e-01
7.152157158398164682e-01
6.225866000948742096e-01
6.261006270275251140e-01
6.405067520649821988e-01
6.426789171389379884e-01
6.990403153716265860e-01
7.181714119222498693e-01
8.851886110064004498e-01
8.387315907337086207e-01
7.879670522588209103e-01
7.280981189960665789e-01
6.798589656542899373e-01
7.111888698066173298e-01
7.215197321868419555e-01
7.148830634845728671e-01
7.241626207986970876e-01
6.626192727137545369e-01
7.493607252447547218e-01
6.633508626486680493e-01
6.663668597732710364e-01
6.479027670358685764e-01
7.132455119601145421e-01
7.841912916605331407e-01
5.835200348980608132e-01
6.996834518105669032e-01
5.486716927320028914e-01
5.687365745961728836e-01
7.125373292163620365e-01
7.732266147874038431e-01
6.369367332239583845e-01
8.449250586068456359e-01
8.668994516849466425e-01
6.836327361349064935e-01
7.502448682237489175e-01
8.102804113329209468e-01
6.925592692277211526e-01
8.505930223437760951e-01
7.290932884775055411e-01
7.518718322363904250e-01
6.197683714948832856e-01
6.456326696656359276e-01
7.372134460741733841e-01
7.082261194787266012e-01
7.189811880478047534e-01
7.458953420402265611e-01
7.885083675627881927e-01
7.845902706070466692e-01
7.213984496655642120e-01
9.275494480832501276e-01
7.671254205425855899e-01
9.060979316434515374e-01
6.363770128451419206e-01
7.275693419573889820e-01
7.480443869238354582e-01
7.321591442883637058e-01
9.525366364825017529e-01
8.552832820858676799e-01
8.039899165248565183e-01
6.907947523549572422e-01
8.868390378597323931e-01
8.052961775495549590e-01
7.509578688055632556e-01
7.760076937793253249e-01
7.018534050362653653e-01
8.338031772638793138e-01
8.729060643677530873e-01
8.576205256820744749e-01
8.729742478193049937e-01
7.610897964132866678e-01
8.139093135889348130e-01
8.567492250212369598e-01
9.222541115401849954e-01
1.042279958728342670e+00
7.270288688039152625e-01
8.076152837785791627e-01
8.823639917509829012e-01
8.226889674279128650e-01
6.757842270282981012e-01
7.178581790904438042e-01
9.050589591583838578e-01
8.469424119615873714e-01
8.310942450258251846e-01
7.970814075095572493e-01
7.671679045583662537e-01
8.604429804308995067e-01
7.676246014718313138e-01
8.616550572119184848e-01
8.463728617797620091e-01
8.332416221109709698e-01
8.451293448084261639e-01
9.499983953419262050e-01
8.894922228854461599e-01
8.618728809185375317e-01
8.261821873010947170e-01
7.983047727517642578e-01
7.738718317674125879e-01
8.343744879005241533e-01
9.408316720807811118e-01
9.693194745116232580e-01
9.195700709827765440e-01
9.489799372461060756e-01
9.934056400395993025e-01
9.027887081295015159e-01
9.229734257306898559e-01
8.438197976432644243e-01
5.951700879693587742e-01
9.158105712048357772e-01
9.566656936610969941e-01
8.833722308715670213e-01
8.050168411500554511e-01
9.037290518885560120e-01
9.347978746009858453e-01
9.913616447584088220e-01
9.764752932272958708e-01
9.561598078509446763e-01
8.391758005507670148e-01
8.497223800897309998e-01
7.329264468877721983e-01
9.889226999543745400e-01
1.067242871067888954e+00
9.851352136211141142e-01
9.441068334067117540e-01
8.363049515034739478e-01
9.082473322778202851e-01
1.004377816755752884e+00
9.817332477220379605e-01
9.158895409943988986e-01
8.636275619329966124e-01
9.487811874964978687e-01
1.091635921991864322e+00
8.627226053577055076e-01
9.443916114509282034e-01
9.573236542420796580e-01
1.005686827711201881e+00
8.682299898203338362e-01
8.120365943214555848e-01
9.527968406134555979e-01
9.572052550548687533e-01
8.895647463792284437e-01
8.948527243208524995e-01
9.039043217824181964e-01
9.768970569820584204e-01
9.815082940009177692e-01
9.714902952161266203e-01
9.847653827523293879e-01
9.214100459955051337e-01
9.506504855051710612e-01
9.558315379990193206e-01
8.661558247207280514e-01
8.604756787904933590e-01
9.909906824186968111e-01
1.010271269839625230e+00
1.008661519541298457e+00
9.920676309067917309e-01
9.621801142283542552e-01
1.014123037495496815e+00
8.382279438267191685e-01
9.442960129994599772e-01
8.063950259830660050e-01
1.010507567041766919e+00
9.537642680777722592e-01
9.506420758858354914e-01
