-8.293820560133394748e-01
-9.712085699393432359e-01
-1.172368049442944038e+00
-9.586468568476538277e-01
-9.861765335677877831e-01
-1.120861473152968468e+00
-8.400228251118267986e-01
-9.697689224618258885e-01
-9.256058987664244064e-01
-8.165709773385170234e-01
-1.033102743177608085e+00
-8.509777893790673176e-01
-8.513862665576897859e-01
-9.962203356416056144e-01
-9.088082671092286846e-01
-8.545227127060732730e-01
-8.742080737418561620e-01
-8.901298231683831830e-01
-9.344275034618902964e-01
-9.728232811974382166e-01
-7.558656093974540635e-01
-9.434520387826328403e-01
-9.607570922113403133e-01
-1.002952934903016180e+00
-9.271277674763689358e-01
-9.515176447324960041e-01
-1.007822743465045523e+00
-8.016026423829940573e-01
-9.195873871027199220e-01
-1.018982160325144104e+00
-1.092590879906808476e+00
-9.520412981138967057e-01
-9.952430299265657698e-01
-8.263547109524276291e-01
-1.084656440584266024e+00
-9.369092391524381780e-01
-8.343224265523644378e-01
-8.951672677429167724e-01
-9.472673308785964918e-01
-6.577716176232520917e-01
-9.920267846548150859e-01
-8.976926612311371123e-01
-8.839233582922098043e-01
-9.502872382662987949e-01
-8.915701821981798503e-01
-9.060484122316304623e-01
-9.822343010087122295e-01
-9.550098775096935722e-01
-9.696670811363092835e-01
-9.521277682373622264e-01
-9.586062749802727323e-01
-9.383859325720576017e-01
-7.433824349677677912e-01
-9.227717042190204388e-01
-9.127085771044857188e-01
-1.009054294062484036e+00
-1.049982231215219386e+00
-7.515109081451978312e-01
-9.164941825348221771e-01
-9.103874302905416993e-01
-9.172232567183725704e-01
-8.991889409849385117e-01
-8.999944664911717629e-01
-7.557448135202519124e-01
-1.035833723109749638e+00
-9.334203001564271851e-01
-9.080536781603792962e-01
-9.093767318523834353e-01
-8.441768007587046041e-01
-6.423112107863364617e-01
-8.122829597016812953e-01
-7.338697046932927126e-01
-8.477561842935192882e-01
-8.541372850917537951e-01
-7.658497207496154369e-01
-8.312146103545078324e-01
-9.945515568296108277e-01
-7.288457733299038566e-01
-8.724450003587269631e-01
-6.777961444554960746e-01
-8.406538897675727151e-01
-8.250223636687965545e-01
-7.469742804263356240e-01
-8.898479560253788057e-01
-8.976542990546861889e-01
-5.571877984283988283e-01
-8.724010334128450284e-01
-7.560074349083918399e-01
-8.335662963685745996e-01
-6.679885629621541421e-01
-8.414982631048603112e-01
-7.514039548809297031e-01
-7.572383573325303097e-01
-7.043632576705587400e-01
-7.602879673322719967e-01
-7.778188212779456601e-01
-8.782958671517691052e-01
-8.630502863119243750e-01
-8.329466818086673774e-01
-7.116762760616740513e-01
-8.916514193223857854e-01
-7.946136110929736818e-01
-8.697844892186451515e-01
-8.865367068213274582e-01
-6.762840273044479211e-01
-8.155541574906522984e-01
-8.099315789879426575e-01
-6.583061742779487968e-01
-5.817292285813290276e-01
-8.781646761868043827e-01
-9.002960907600602303e-01
-6.783441516149032458e-01
-8.014772744316635000e-01
-6.932262744574685387e-01
-6.715374614573557110e-01
-8.164212535099422130e-01
-7.396065524941511926e-01
-7.428722211580172097e-01
-6.379718261839665283e-01
-6.961705514213011314e-01
-7.651272451249593320e-01
-8.288200205119909958e-01
-8.032747552454487794e-01
-6.776208127379639290e-01
-8.333705233525992018e-01
-8.601735370317368234e-01
-6.950309697943559684e-01
-7.753335874432122354e-01
-8.942285791053879995e-01
-7.396214542588075425e-01
-7.884357511330772894e-01
-7.003097593438744051e-01
-6.669075379554179062e-01
-6.017798169759183136e-01
-6.029604633164162841e-01
-6.961342135158793409e-01
-8.557918915636509860e-01
-6.673893173588620886e-01
-7.024235003862741022e-01
-6.599728809088483139e-01
-7.312800986562968397e-01
-6.860693371300071730e-01
-7.452825078997613595e-01
-7.495038710007208005e-01
-7.022116010943723063e-01
-6.041504439144477212e-01
-6.750552097600946988e-01
-6.835758074050019006e-01
-6.716000099379305643e-01
-6.163089100019101263e-01
-6.341459237047840647e-01
-6.312619005836170860e-01
-7.897417511211269892e-01
-7.398333053940123749e-01
-7.105456783845019997e-01
-5.547337980339880348e-01
-6.148358438011085614e-01
-6.633295744202774014e-01
-6.980502325318911350e-01
-8.619549481368559141e-01
-6.428586340033056734e-01
-6.666729557454986743e-01
-6.407986657868141034e-01
-6.074496230052153223e-01
-6.457780877830012756e-01
-6.240854526602876984e-01
-6.263666911561105444e-01
-5.946190038965751823e-01
-7.120240292145187944e-01
-5.925775877661186852e-01
-7.673174112486362830e-01
-6.623029717240911385e-01
-8.053672103874176535e-01
-7.224134859492858940e-01
-7.009960924099009061e-01
-6.924770578990222525e-01
-6.420661000808222107e-01
-6.285555152089891129e-01
-6.883863079055867473e-01
-7.379232893489416911e-01
-6.157728190065626661e-01
-5.540793879861877214e-01
-7.157622963879126665e-01
-6.182509815191128411e-01
-7.137182608338804579e-01
-6.449497115054826368e-01
-6.687795840334995745e-01
-6.086668469030872552e-01
-6.962379396066349369e-01
-7.809307394094806565e-01
-6.318914427084528773e-01
-5.412146593669251438e-01
-7.031595882553350885e-01
-5.753675272933698182e-01
-6.881908271949546130e-01
-5.574245348427250279e-01
-8.119702755891152757e-01
-5.392631643768606153e-01
-6.905667217650732770e-01
-7.377503621364477349e-01
-5.444958693723322973e-01
-5.060250161327074503e-01
-6.527293481846833112e-01
-4.851111536141953784e-01
-5.627640187374696179e-01
-6.664692020487733570e-01
-5.469700752792517884e-01
-6.404899398797143650e-01
-5.062014488453427941e-01
-6.305946925629355437e-01
-6.495958567316307830e-01
-6.467542904451516472e-01
-6.728857315820074847e-01
-6.963995907555775577e-01
-6.503739575521745309e-01
-7.299265158762162642e-01
-6.377193188538808899e-01
-4.892236804810637385e-01
-4.605874414325125676e-01
-5.208727150375315196e-01
-6.858566212919241512e-01
-5.790894688989326466e-01
-3.248390161927424136e-01
-6.229559497271531798e-01
-4.820185947989377717e-01
-4.061215849219393381e-01
-6.253386364876979409e-01
-4.712365376514773274e-01
-4.417422822237778712e-01
-6.793496587809781939e-01
-5.045170110094510108e-01
-5.965066952294776348e-01
-4.123610945269933770e-01
-5.658206537463813524e-01
-5.524012212832827284e-01
-4.626024617354630997e-01
-5.235423019661260557e-01
-5.947085223993939795e-01
-4.625222864544762946e-01
-4.937258586912012248e-01
-4.791982645528949925e-01
-5.566287393613335022e-01
-4.226462715858791408e-01
-6.175896049697643386e-01
-7.692976810812492960e-01
-3.803568992413703942e-01
-4.079490257835465261e-01
-5.116576232591123485e-01
-4.281884250411012172e-01
-5.137554672020619995e-01
-5.627738914329082354e-01
-3.813723727442511202e-01
-6.060832490288609042e-01
-4.197157013913658807e-01
-6.090938639017484668e-01
-5.755938740042738644e-01
-4.203240548664761711e-01
-3.871215976479802645e-01
-4.557720650191945944e-01
-5.621737841277293368e-01
-4.160408296267252282e-01
-4.806519634674719099e-01
-4.106150421696518338e-01
-6.185931814906909798e-01
-5.690533720884490831e-01
-4.722497224446376984e-01
-5.686864541755556335e-01
-3.595067763257719373e-01
-6.104226649085290335e-01
-3.913482493121401840e-01
-5.088886575262389078e-01
-4.353524143595092211e-01
-5.392973272627696879e-01
-4.414220944553935433e-01
-3.401093518674564442e-01
-4.943912763195620341e-01
-5.932098865324719750e-01
-4.029797402786856053e-01
-4.999225510809930939e-01
-5.246254640902180411e-01
-3.594739640235594669e-01
-3.505950318995026960e-01
-4.557814572506126427e-01
-6.408977253385029771e-01
-4.052083735182900326e-01
-4.491614923798022962e-01
-5.327131656331823839e-01
-3.862681842129562226e-01
-4.668961381085329765e-01
-4.190840544427219538e-01
-4.202664187403825635e-01
-3.722476304199771602e-01
-5.679871014633458559e-01
-3.629346407816612108e-01
-2.931411181205024752e-01
-3.675821141551662286e-01
-3.685735704707702176e-01
-3.880807118341038642e-01
-4.875472560136663858e-01
-4.422538714898406331e-01
-4.079987992775374606e-01
-3.539291739297047434e-01
-4.007316385712952900e-01
-4.865181306761800495e-01
-4.882897290046512850e-01
-3.542621362802506058e-01
-3.894210659118091944e-01
-3.791745953997445739e-01
-4.913144596257801866e-01
-3.363279679808657274e-01
-4.316931642414355008e-01
-3.822246643036926739e-01
-5.576309250979054610e-01
-3.673112633502039204e-01
-2.054333817145580776e-01
-4.029698645698781001e-01
-3.481448718319279378e-01
-3.562032745428332925e-01
-4.431258476757388154e-01
-3.018586511097922087e-01
-3.553899046603347656e-01
-4.152364168299380043e-01
-2.127894392722452510e-01
-2.092897971458950734e-01
-4.856014815474658519e-01
-3.815902277678245857e-01
-4.648494951619529525e-01
-2.678673624404429576e-01
-4.729104642572143913e-01
-2.440173402222144683e-01
-3.618469126520713064e-01
-5.819718420815302995e-01
-3.283737628402799147e-01
-3.547245292422282481e-01
-1.796325471313464373e-01
-3.820439239441784096e-01
-3.139873266084390879e-01
-3.720866429013520715e-01
-2.503112560223310079e-01
-3.489448833466596289e-01
-2.789396498023978266e-01
-4.389795945295703050e-01
-2.275845247903842683e-01
-3.305273064804687411e-01
-4.336555175931815498e-01
-2.838329142938383898e-01
-2.031899934955055387e-01
-3.974414562166930787e-01
-2.936429502565781613e-01
-3.794565263798120314e-01
-2.621748828966090072e-01
-4.014025095001466092e-01
-3.146732748342913055e-01
-3.936652561777930770e-01
-3.269998294413659079e-01
-2.042050337723572140e-01
-1.687574204918713683e-01
-3.577163767145817852e-01
-3.643837198413301670e-01
-3.835277925422903578e-01
-2.234851661026752978e-01
-2.549845687684418882e-01
-3.396535575690416420e-01
-3.595989591719088718e-01
-1.857005934244245760e-01
-1.141825008576764916e-01
-3.138727632092227493e-01
-3.064909034917605024e-01
-2.865719805842463219e-01
-2.888590189011789322e-01
-1.878681878835706739e-02
-2.639708707699270351e-01
-2.519715842600764311e-01
-1.228767103741670863e-01
-2.030807638964872430e-01
-1.533482132017971733e-01
-2.698972746214735041e-01
-2.393624961205607360e-01
-1.426156327129571855e-01
-2.010999737147997068e-01
-2.357446257853357541e-01
-3.874715162406666136e-01
-1.756714323698128077e-01
-1.625040782888517721e-01
-2.042325636197456218e-01
-1.723507053068339123e-01
-2.484763437360499039e-01
-2.330490580694233316e-01
-1.814399974756048806e-01
-2.599142159537513042e-01
-1.385181689298513874e-01
-2.344988537122360550e-01
-4.324208427310823055e-02
-3.408209061643483473e-01
-2.701967370817088265e-01
-3.253672175750371709e-01
-6.385796457188842867e-02
-1.916293089332507527e-01
-2.698518836588693626e-01
-1.423020452024119364e-01
-3.231812766017651550e-01
-1.074076468300736581e-01
-2.756695630268567454e-01
-1.280108739046225963e-01
-1.798631081254538078e-01
-2.995612928146348941e-01
-3.004194036511832477e-01
-1.947178062533597986e-01
-2.565559266594561946e-02
1.026540810728258368e-01
-2.745252107359288929e-01
-2.419572207352550519e-01
-2.083830645027580641e-01
-1.461621299508971961e-01
-1.955569606469705624e-01
-2.322557706334020533e-01
-1.617822248372778327e-01
-1.073818447995567027e-01
-1.291247874830294406e-01
-1.596828495618916322e-01
-1.623646384438625634e-01
-2.950421824589273892e-02
-1.740511973126813161e-01
-7.015908676320499471e-02
-1.657793248086115723e-01
-1.909328970316485352e-01
-2.612126726216901229e-02
-1.946800230515884633e-01
-1.874769122531833865e-01
-1.775017171084671552e-01
-2.507192840383063448e-01
-2.650999070030601867e-02
-2.199766185903536120e-01
-1.042053623004258606e-01
-7.236829059333753367e-02
-1.607827403974338709e-01
-9.517743897157979194e-02
-1.668772482281308256e-01
-6.204501071388805050e-02
4.516441144898344917e-02
-9.864126263795883198e-02
-1.070216928693725339e-01
-6.211511197255842331e-02
-2.352951799315932124e-01
-2.134665225977232794e-01
-1.939285489671492002e-01
-1.460161342210271052e-01
-1.140920083749670105e-01
-1.020688154916146555e-02
-9.894344040776333060e-02
-2.695100784942556713e-02
-1.392697525414003656e-01
-1.052817590205164244e-02
-2.062957457383874649e-01
-1.257441619666256616e-01
-1.740097016613833258e-01
-2.461332042486948923e-01
7.540490268579998212e-02
-1.393966675937395316e-01
-1.210014468093758983e-01
-2.887321650063771894e-02
-7.256291997945156502e-02
-2.692100099289534629e-02
-6.366763962937366239e-02
-3.850882065326188819e-02
-6.090108061374389231e-02
-5.243260070727123051e-02
-3.568840425004005112e-02
2.137825575325078345e-02
5.188349273554623137e-02
-1.910152017462637269e-02
-7.957260265030792479e-02
-1.275284051557638298e-01
-1.852436448760987064e-01
-2.004655165883571510e-01
-4.727553627517039336e-02
2.568356492578918043e-02
-5.742733161596851738e-02
2.902381802933509322e-02
-1.671282819674062559e-01
4.113614805814362618e-02
8.396265127271441975e-02
-2.245646831974092428e-01
1.484114763511218682e-01
-1.026928583836474729e-01
1.550842111738507528e-03
-5.867207011927921823e-02
-2.672835110847086512e-02
-1.057071128791318895e-03
-1.433544419707644124e-02
-4.569948300885222359e-02
-5.762944717115498633e-02
-7.941483021337944481e-02
-8.131140170130726763e-02
-3.042098535563184450e-02
1.365696562390389737e-02
-1.893261487278478927e-01
1.775536229600310420e-02
-7.915954894549051546e-02
-5.178559083822998135e-03
1.962989773903483018e-02
1.221814767486907871e-01
4.710300701654786953e-02
-3.280243729644930634e-02
-5.674906933169390072e-02
-5.852656223810839831e-02
-4.077930341578625550e-02
4.750818930175189359e-02
8.444522400204071411e-02
2.803219071929853590e-02
1.757312028190779751e-01
-5.403070501039356627e-02
-2.522795639475028731e-02
4.259094467370905246e-02
-4.356861089328980391e-02
1.739444059329384173e-01
5.700386338590324176e-03
-3.671786638717267764e-02
-4.415978308510561806e-02
-4.629559636020518475e-03
-7.711706246637121953e-02
-6.756284191777425958e-03
9.875917490025168388e-02
-1.111539359681720318e-03
-3.520192876076433386e-02
5.440630580284912948e-02
5.633507512535293471e-02
5.389660940042689113e-02
1.863223647897054858e-01
9.598796029434758514e-02
7.827751676166674888e-02
1.652019229732128169e-01
-8.189462995340976437e-02
1.906392937831746237e-01
2.081745462696045768e-01
1.685522399794993909e-01
7.789486795595405855e-02
-1.198059847533595873e-01
5.287460694644799397e-02
3.898863353477918098e-02
-2.795598748171500628e-02
6.680072964757717557e-02
5.494829822761879839e-02
8.984655367363707235e-02
8.868636983212889457e-02
-6.378451969318277293e-02
2.347574910678262017e-01
1.325135949645778188e-01
6.310176125472712061e-02
7.800494093975923748e-02
5.776291317005162462e-02
1.960727865969617845e-01
2.754989995599768093e-01
7.361559771801720609e-02
3.087790441226241633e-02
1.708577134030822564e-01
1.320339489202881078e-01
1.346966759714632311e-01
1.490830095888967810e-01
2.758197659333854745e-01
1.614601823517601009e-01
4.558089244113153193e-02
1.688560944994407231e-01
9.324817122326670149e-02
4.761217337870687211e-02
1.574981020148911171e-01
2.112228885079764362e-01
1.504209779241160450e-01
1.768972822437784309e-01
1.007780715532181209e-01
1.646463457691793031e-01
1.445342568806177730e-01
2.082095535734190817e-01
1.880538274466590776e-01
1.447826137905948995e-01
1.472370353193804271e-01
1.592545267201229964e-01
9.410336834365673475e-02
2.324578978090577064e-01
2.677936808624585274e-01
8.711746633659778194e-02
1.571155014295771146e-01
1.293326650574921910e-01
1.376538432265887735e-01
7.686460658928438716e-02
1.665417288487623937e-01
1.060572639440147541e-01
2.816437875419777748e-01
1.914458305046478626e-01
3.223404115101415057e-02
2.313646894790609976e-01
2.837299696826081630e-01
1.439313526916285446e-01
2.996922396316516468e-01
1.140314611739131623e-01
2.293854826994184692e-01
6.813170401680065935e-02
1.434206209035757684e-01
4.819410584859274566e-02
1.145828913774992325e-01
1.769784681824434769e-01
1.663769760968844824e-01
2.918239266392779752e-01
8.643190017668214709e-02
3.305840396000415682e-01
3.514599884446321099e-01
8.458253579430489999e-02
2.987143956434414743e-02
1.940245627596389466e-01
1.409842498902516006e-01
2.066622008461449778e-01
1.583821009631926346e-01
1.346720410523770117e-01
1.895072738914748978e-01
2.850575421407058885e-01
2.314239832515894713e-01
1.266854275630143190e-01
2.130508557551442916e-01
3.424969972506611282e-01
1.685728861372009224e-01
9.048531032077727909e-02
2.381685970379427419e-01
2.123764319273040158e-01
1.202242165184424644e-01
3.354750360073827098e-01
2.816126716916683703e-01
2.664518126632285377e-01
3.097425075998296307e-01
3.997332401914051037e-01
2.589399389324318346e-01
2.311773617726757268e-01
2.587596646428670377e-01
1.954874227594746161e-01
1.659733772451529310e-01
3.611063062531943979e-01
5.593002746969780170e-02
2.406008890407351775e-01
9.913366604611589805e-02
1.414617641959124428e-01
1.535073876507457302e-01
3.996006670192705501e-01
1.675338562868998737e-01
4.569236831324274828e-01
3.319989612618556296e-01
3.203503088793749343e-01
4.053882673765545341e-01
1.733874053088155509e-01
3.131701315856944001e-01
3.454837621440292050e-01
2.397922318432079702e-01
2.460553944855710384e-01
3.422025048817690096e-01
3.043681550198237828e-01
3.127572573108188814e-01
3.461304267764968023e-01
3.844476972072597420e-01
3.118209167822464378e-01
3.594015173965109944e-01
2.932478193490662410e-01
3.533280791600972304e-01
7.374227741341857212e-02
3.337680759558780963e-01
4.336970830930904075e-01
4.117456927215892848e-01
4.286469294691409582e-01
4.594720412054285608e-01
3.965048541293987872e-01
4.470955353516415931e-01
3.413214805880137037e-01
2.208511726190574842e-01
4.344225584991067701e-01
3.020115871297208709e-01
3.079512392373108809e-01
2.847624239852537542e-01
3.866290919040216156e-01
4.162403200409883208e-01
3.958810436361584473e-01
3.539189165232877743e-01
3.886139228964505254e-01
2.793377137121038079e-01
3.866771522598234090e-01
3.244434812195142737e-01
3.648427870201854106e-01
4.477738680233576130e-01
3.132066460384771989e-01
4.544330953686485652e-01
3.815549543152143008e-01
2.716543361366852150e-01
3.715350173861299288e-01
5.235537756612012039e-01
3.576825815723213564e-01
3.103263598553577807e-01
4.174877178004344769e-01
3.018185376540213904e-01
4.792773606400710928e-01
4.672216682938417076e-01
2.797761802286468091e-01
3.240455964318954551e-01
3.114648646824151879e-01
3.163666584253836955e-01
2.715144445889288161e-01
4.343257295431333098e-01
1.871779947779572961e-01
4.159073754657987010e-01
2.633636522416520354e-01
2.817260376688412449e-01
3.990286948177701465e-01
5.017618922966250450e-01
1.988174051182975965e-01
3.995902978454491383e-01
5.182491463954155275e-01
5.162754404090122984e-01
4.122824013340850025e-01
3.390923751311305523e-01
4.247003373894732703e-01
4.732165478491628940e-01
4.650884856719653682e-01
4.057253014503775512e-01
3.678098837266552401e-01
4.059883018336244431e-01
4.339592093066141909e-01
3.616723330771984823e-01
4.122448685909845256e-01
2.964581089847661555e-01
5.457745918565091170e-01
4.379653308890651409e-01
6.398075148393274070e-01
3.140130861891356484e-01
5.232062791214239228e-01
6.503029131238502458e-01
4.324626448301095438e-01
4.096146913811485324e-01
5.160398772517356125e-01
3.028976086947907098e-01
4.552493641317186257e-01
5.876027730551691697e-01
4.197242391968293296e-01
4.756936640309663011e-01
4.334296286359327066e-01
4.710069667046620223e-01
6.279946593594358806e-01
5.423748914831572066e-01
4.732241927625540079e-01
4.022689303533417138e-01
4.432146508023480092e-01
4.193908775626362662e-01
5.002984687929113994e-01
4.443911917075348827e-01
4.885615799829936545e-01
4.342336839771659407e-01
6.164347646835459660e-01
5.291064232932989331e-01
6.083960729588668848e-01
5.804132397192565129e-01
3.851401909083199682e-01
5.004053503966691130e-01
5.264260692958249166e-01
6.848225552841287200e-01
6.936644417965850407e-01
5.626489965683156846e-01
7.266759249993152148e-01
7.268214780745813064e-01
5.319337672543165141e-01
3.529522917248011371e-01
3.336061428506608140e-01
5.623665367757317846e-01
4.762402024302382353e-01
4.331209881679121132e-01
4.834555197235910207e-01
5.250971168147872126e-01
4.201511323797717523e-01
6.313168988860251574e-01
4.976164165504110559e-01
5.755523401453276344e-01
5.386449221622310324e-01
4.554330229782611594e-01
4.794446950994988854e-01
4.714816815352662061e-01
6.181775594416365482e-01
5.365719553247261242e-01
4.709558723723574758e-01
7.518656906718111932e-01
6.197996093653107552e-01
5.860636394376674829e-01
5.711950200568811642e-01
6.268931009203722038e-01
6.249103620198711573e-01
5.517251226989920987e-01
6.425183188365072295e-01
5.322023707792319369e-01
6.446618633024725487e-01
4.688266662229431669e-01
5.252410849194173448e-01
7.043546757190253249e-01
5.250705974806172405e-01
4.509422718486952308e-01
5.358105371381731707e-01
4.654010626328919376e-01
6.205282987761272517e-01
7.085679708244981834e-01
4.639570545470058649e-01
7.019213170088904885e-01
6.066317644518184338e-01
5.827089906215914272e-01
5.274534188687211023e-01
7.394715744786442002e-01
6.710315811771597749e-01
5.457727243339164369e-01
5.639644233411401641e-01
6.547471870117306247e-01
6.486919153057760790e-01
5.365275596584822004e-01
5.843087981825780819e-01
5.980269933673183491e-01
6.334353841720107292e-01
6.623790020883877361e-01
6.640909207552773141e-01
5.787444915774121457e-01
6.332516400812437940e-01
5.730400455566334594e-01
4.298706228109622218e-01
6.804094747539156662e-01
6.022170319813406891e-01
7.123956415221671667e-01
5.959134049605266936e-01
6.606203518661818430e-01
5.836973103160278953e-01
6.350060172610351161e-01
6.119049820072702817e-01
6.473523078430178934e-01
5.877836638972367966e-01
6.141447035274958388e-01
6.045816216364088280e-01
5.469456827712738667e-01
5.171749927195123941e-01
6.521501105697564693e-01
6.523293838688896118e-01
7.819650775652469132e-01
5.453892009383186634e-01
6.601922703546991844e-01
6.443024471030175393e-01
7.268940132938653820e-01
8.241166277592225642e-01
7.371122660764893864e-01
6.303280931886079408e-01
7.943321593381510448e-01
4.529133546475552774e-01
7.152739806010559587e-01
7.178497260286191839e-01
6.905246048988868957e-01
7.880380632943934094e-01
8.466328246884311515e-01
6.442181705477059150e-01
6.975482751034264295e-01
7.180295091673474239e-01
6.382194449895588484e-01
8.604777157837469881e-01
1.053556984885163361e+00
7.641942639648801050e-01
7.115579656759907223e-01
7.957137457780122380e-01
8.389646371926570145e-01
7.185784701881571257e-01
6.743449737294541224e-01
7.650657966005455224e-01
6.480176116056195479e-01
7.059961774403773482e-01
7.655794671505516957e-01
6.508609434307157660e-01
6.803202154825001013e-01
7.468844233031181057e-01
7.892746417432603412e-01
6.530878014782097729e-01
8.440352988171655468e-01
7.390073308653233308e-01
7.119389897986528881e-01
6.987502516135551955e-01
6.503511289546968221e-01
8.346607327619152139e-01
8.323255175320380950e-01
8.331179060773591383e-01
7.438400438945197424e-01
7.176486106993252845e-01
7.027353979486833380e-01
6.774647889027186620e-01
6.764999904293449440e-01
8.403320591731684441e-01
7.328029598565531932e-01
7.333823616751534713e-01
8.693026177894741524e-01
6.608303056173430168e-01
9.293979717367000237e-01
7.033197844681869926e-01
6.631916953866545672e-01
7.778177309918692384e-01
8.018906713769508032e-01
8.161082239638687286e-01
7.743485733049951802e-01
6.756625452803968201e-01
8.952528264207940678e-01
8.320958260138696660e-01
8.890565111611754556e-01
8.593435845291990116e-01
7.403117733914703624e-01
8.056506628040990270e-01
8.167679850261820862e-01
8.062506068565872264e-01
7.540966898423243636e-01
7.549964790044632057e-01
7.691484003301682915e-01
8.391918097075218297e-01
7.651811466622323588e-01
7.934113542633799421e-01
6.881525182852543665e-01
9.224623112642585943e-01
8.594133833613197826e-01
7.458316367070449981e-01
6.980327534529705558e-01
8.012309608284182705e-01
7.885763632211555407e-01
7.753685373606445941e-01
1.039146572776714850e+00
8.173220617785935671e-01
8.603301248851772387e-01
8.478774261583608141e-01
8.325332358379465836e-01
9.361724628076711907e-01
8.656514270485076157e-01
8.632925392118667718e-01
9.460654881464125587e-01
8.431282020807785438e-01
8.168337557793633463e-01
8.572839766619342328e-01
8.709714925895821747e-01
8.162318302158831917e-01
9.712154069428970971e-01
8.628746706165987268e-01
8.700248694329356658e-01
9.195984249450015469e-01
8.020006335501366213e-01
8.727428491642331698e-01
8.270556761022599401e-01
8.226943388448283434e-01
9.655258936179484941e-01
9.056790411158122112e-01
8.565078192521214939e-01
9.568567889185030095e-01
8.875051911914146885e-01
8.936519740084687413e-01
9.410426157442913775e-01
8.545430473401388616e-01
8.200117231980057486e-01
9.085149109567626224e-01
9.470474821089864825e-01
8.683600526483742366e-01
7.656034386682161186e-01
8.360419741635028990e-01
9.466139962954200904e-01
8.149850571716175107e-01
1.069524063914055745e+00
8.836276348257902091e-01
8.989067713896027323e-01
6.793066880864442325e-01
9.498398647251482529e-01
1.098147185365678791e+00
8.328700894315086423e-01
9.157378318454920674e-01
9.190465759464283568e-01
1.031238478715683859e+00
9.697003946641309380e-01
7.813174710893722175e-01
8.849594778479401569e-01
9.292092821289629212e-01
9.405759007832326102e-01
1.028150024385148908e+00
7.640391329768445594e-01
9.145599487784383808e-01
9.120113444694892824e-01
9.674748474788278374e-01
8.981107471190244995e-01
9.526688051610201491e-01
9.967890813166476738e-01
9.421610288455253279e-01
9.058163488914372508e-01
1.030108634363974929e+00
9.778034890244364785e-01
8.986085033308768288e-01
9.922044810680350491e-01
1.081795421104484012e+00
1.161494551035219924e+00
9.673653113237955514e-01
1.032509259681718250e+00
1.049587741790050321e+00
1.045324543430897979e+00
8.812075570960724580e-01
1.041863429308101718e+00
9.835653266332391453e-01
1.123751904507940047e+00
1.071409588849902894e+00
9.501751142013973306e-01
