-9.947077270125294080e-01
-9.983314249354139358e-01
-1.068390448168625495e+00
-1.135386257811583866e+00
-9.951071565561525611e-01
-9.119602121805978623e-01
-9.392118627336231151e-01
-1.080028818996792150e+00
-9.942759910758773856e-01
-7.805748301891717311e-01
-9.898135820529360140e-01
-9.281416963931047315e-01
-1.034238784445137505e+00
-9.337051569690543174e-01
-1.028694529527203416e+00
-8.943930043235867045e-01
-1.021609660040637912e+00
-1.005278325295454245e+00
-9.309175500602148157e-01
-9.708513467223059967e-01
-9.103399468557569207e-01
-1.031658461188881271e+00
-1.115652758395054844e+00
-9.814178989519293239e-01
-8.963682240401082968e-01
-9.998490399891419855e-01
-1.022802601925828947e+00
-9.945517012708660065e-01
-1.114402594144097369e+00
-1.039193776235929789e+00
-8.774689518439485747e-01
-8.965320431500344300e-01
-9.060858863297559518e-01
-9.879371557653759961e-01
-8.892565959473075488e-01
-8.896411938458249624e-01
-8.699236945076430638e-01
-8.392997524192714609e-01
-7.655751272756865511e-01
-8.919960038618702791e-01
-9.341590906162112740e-01
-9.419214242870259657e-01
-8.303097688291519729e-01
-9.825618848495525359e-01
-9.257249362650390445e-01
-7.617770560114001110e-01
-1.178359596236834728e+00
-1.090268794335918612e+00
-9.365286556421930086e-01
-8.671562200453386549e-01
-7.513007416086109336e-01
-8.957124295411273973e-01
-9.518898571532243835e-01
-8.098154796645715692e-01
-9.068556908400783323e-01
-1.008494582275147433e+00
-8.521480495413278344e-01
-8.959458565240155936e-01
-8.332238633216203505e-01
-7.975327061277626139e-01
-1.051216077379966585e+00
-8.135315833353030657e-01
-9.915985532757236598e-01
-8.783233733991909764e-01
-8.343170734036052805e-01
-9.232485338686634568e-01
-7.943580371843960153e-01
-9.361971000289528444e-01
-8.861446888926142185e-01
-8.765469226982444129e-01
-9.281052794293143116e-01
-9.430164035582790927e-01
-8.390507925417217683e-01
-7.693074646476670830e-01
-7.811906621877634516e-01
-7.015566587372318308e-01
-9.050415373451400347e-01
-9.078979310611284825e-01
-8.501391671498612634e-01
-7.773154042780661133e-01
-7.163562743985927295e-01
-8.347340121009337865e-01
-8.603435947521602678e-01
-8.267620827524341243e-01
-8.677760907600402529e-01
-6.973383618370998516e-01
-7.143694685229110553e-01
-9.575649200510735204e-01
-8.641667429561211700e-01
-9.190197226601746205e-01
-8.519499774773245937e-01
-7.356311274881626172e-01
-7.193782095984502245e-01
-7.189984610029656054e-01
-6.686698116872061837e-01
-8.583968809429793900e-01
-8.610011868110817312e-01
-8.427835509583204709e-01
-9.003754231977143530e-01
-7.822410209611349030e-01
-9.130638143481152325e-01
-7.340631232295767861e-01
-7.677442415421531496e-01
-8.400624008857103808e-01
-9.043187738925191343e-01
-8.067595513963200515e-01
-7.804224774802653863e-01
-8.397068481611253965e-01
-8.602939926083887912e-01
-7.900969466748146708e-01
-8.704107298773644530e-01
-8.270464097556027294e-01
-8.031579314681825954e-01
-9.236102141748888661e-01
-8.687393856089568045e-01
-7.876876717467585776e-01
-7.016921881180462339e-01
-7.086762899847358632e-01
-8.203974106532244681e-01
-7.823441310984066144e-01
-7.839802783604220560e-01
-7.456462680114013253e-01
-7.499308156852130258e-01
-7.246985357082891266e-01
-7.851022808782730511e-01
-8.568553581486245685e-01
-7.520045788647620189e-01
-7.655490982267173505e-01
-6.837927767206765095e-01
-7.487904421963410551e-01
-8.009403725436056165e-01
-9.857472171578536280e-01
-7.170179996821650636e-01
-8.639955877959610842e-01
-8.032496481695067247e-01
-7.557734229147937688e-01
-7.652590989760278406e-01
-5.882451081268158521e-01
-8.002140210582178170e-01
-5.881371414808986842e-01
-8.082869896550589628e-01
-5.701926061181118444e-01
-7.279182505568773109e-01
-7.501102248554627483e-01
-8.124172834043824620e-01
-6.926841831235777125e-01
-5.662781669568077714e-01
-6.293452031421347126e-01
-7.266269275148992124e-01
-7.846612844294800215e-01
-6.209401618992064220e-01
-7.711222577596069661e-01
-7.682645959876305275e-01
-6.918239618181394324e-01
-6.365555410467881314e-01
-6.735889659219508330e-01
-6.770508570195763465e-01
-8.827333397592527220e-01
-5.214117822343451447e-01
-7.493887169941356730e-01
-7.512030936157018113e-01
-5.285980850024092348e-01
-6.323418481970832783e-01
-7.239950361466906958e-01
-7.212650454445431736e-01
-7.391854603911626187e-01
-6.675690128399867085e-01
-7.671668623148762967e-01
-6.900075166388048853e-01
-6.473343252343510823e-01
-6.187892589223974449e-01
-5.723300330873035691e-01
-6.792272304189110876e-01
-6.067106601969044499e-01
-5.474934874006405217e-01
-5.392568776461690305e-01
-6.158270131862422225e-01
-5.627025808171747245e-01
-6.660890042110355624e-01
-6.099586610234313255e-01
-6.600565590901971147e-01
-6.331802154854044851e-01
-6.290206811419480903e-01
-5.980322470568804061e-01
-7.025055898997148995e-01
-6.616563769958186958e-01
-5.806910767191602041e-01
-6.178537088684040723e-01
-6.284294733584094850e-01
-7.647308745894474402e-01
-6.670698256515209534e-01
-4.548957653877459539e-01
-6.067955975182389716e-01
-6.027410242748840741e-01
-6.355073079597142183e-01
-7.557385058498662378e-01
-7.075995868300563041e-01
-5.467166358828018380e-01
-5.535177794067962509e-01
-5.119601008866154768e-01
-5.934911600624662720e-01
-6.031755125687330299e-01
-6.036351808269775354e-01
-4.683169950820221805e-01
-5.754664070922882457e-01
-7.441124022949167083e-01
-6.702902147609968164e-01
-4.875060993052256486e-01
-6.750034864138172441e-01
-5.835996431903606174e-01
-6.245686836987605073e-01
-6.990256665434388950e-01
-5.204576724166598556e-01
-5.708092739083377998e-01
-6.165995003414892484e-01
-6.700453671048736126e-01
-5.872633448666774170e-01
-5.258876556205029917e-01
-5.943879357124772778e-01
-5.528897154153642468e-01
-6.298998591799328528e-01
-5.995396847688182485e-01
-6.676843047280299759e-01
-4.702343685294338993e-01
-5.620962842328511844e-01
-7.339468251499120521e-01
-7.009577134290279066e-01
-6.342027890054068306e-01
-5.915237123619744297e-01
-6.513244100471506925e-01
-5.367597573596306626e-01
-6.296884216989049321e-01
-5.034555231798185648e-01
-3.608340431903461210e-01
-6.652423999065302240e-01
-4.891596763339341458e-01
-3.738715444102647667e-01
-4.798730954864144360e-01
-4.511135750336947581e-01
-5.623703020608875613e-01
-4.229095246142534070e-01
-6.414465965868868524e-01
-4.208046747619164085e-01
-4.809064476870814620e-01
-5.650478827826822537e-01
-4.680508883624698302e-01
-4.466464218310134404e-01
-4.168101320231618612e-01
-4.751738428018458249e-01
-5.248511738164981510e-01
-4.858372831501046041e-01
-4.285058903575035827e-01
-4.529344932453329697e-01
-5.271182148709497861e-01
-4.263412256347204887e-01
-5.932965081417022057e-01
-5.276678873519983215e-01
-5.589921444637369063e-01
-6.681662026470548410e-01
-4.454115319771528858e-01
-4.345312219908898377e-01
-4.135836372221635693e-01
-5.499695570615793505e-01
-5.107562916280223853e-01
-5.322242599952140552e-01
-4.764911905866812680e-01
-4.816509932888469736e-01
-4.648595492207318602e-01
-4.695970779457451227e-01
-4.696076717712351356e-01
-5.911510425431956151e-01
-4.049349751303975564e-01
-3.733474223054815688e-01
-4.798037746784993285e-01
-4.458507899500833149e-01
-3.690403990614553598e-01
-4.159733930360486887e-01
-4.993105954178395645e-01
-3.201496737371623547e-01
-4.137889306259396882e-01
-5.409237195188999481e-01
-3.087172342393993962e-01
-4.978338771066621038e-01
-4.609341933270967862e-01
-5.225915849035107641e-01
-4.334193070337868936e-01
-4.098217696473702709e-01
-2.789993562910794700e-01
-3.796345613715404466e-01
-5.078123656494770710e-01
-4.404446540683520928e-01
-4.514021057433046935e-01
-4.029460895616879812e-01
-3.428519889328976999e-01
-3.779779788038397648e-01
-4.838092348337615922e-01
-4.368261578144027046e-01
-3.520084074127021179e-01
-4.627372113593087311e-01
-3.782546879724386635e-01
-3.269126471737829887e-01
-2.705396509632014279e-01
-5.090755892435898655e-01
-4.702581169502879077e-01
-4.091264867385579485e-01
-4.563633678930253956e-01
-5.213196807386120124e-01
-5.575846305170591988e-01
-4.004175672722924961e-01
-2.424646333100510809e-01
-4.216418755262525409e-01
-5.520299124447343164e-01
-4.468625214546551039e-01
-2.921464425318985314e-01
-3.023814974873219041e-01
-3.769791568190580255e-01
-3.409809625840896086e-01
-3.069022228453713863e-01
-4.289087270544142960e-01
-4.285879466106563007e-01
-2.951767696977116717e-01
-3.323624011891760377e-01
-3.640062777440875585e-01
-4.413769374954751301e-01
-3.046260594557705925e-01
-3.560224298561188716e-01
-4.575363135985176521e-01
-3.674860501038158533e-01
-2.546690402192996472e-01
-4.164788866784854271e-01
-3.662650675519920074e-01
-2.641501579049880255e-01
-4.958163081852609011e-01
-3.656090858706325109e-01
-3.001692254673986593e-01
-3.085037100222926543e-01
-2.800877166120772088e-01
-2.950263017215720707e-01
-3.004511626729622908e-01
-2.466910833160032290e-01
-2.399429191959723817e-01
-4.392425857150256685e-01
-2.415279577231711494e-01
-1.370968053803563180e-01
-4.628915379348368941e-01
-2.301307487311897437e-01
-2.014965296730838740e-01
-3.216474701390840130e-01
-2.109363343328182483e-01
-3.810647672444472112e-01
-2.683298973443525859e-01
-2.953135984165911054e-01
-2.697451516699046481e-01
-3.094589417527811026e-01
-3.658873186459657423e-01
-1.894703680908328691e-01
-1.633499303061876351e-01
-2.236825401694109983e-01
-2.872026871886388388e-01
-1.437291073387267359e-01
-2.342822661732020806e-01
-1.715267550789355833e-01
-3.293881337135819432e-01
-2.838222055582697023e-01
-1.749340127769686559e-01
-3.917139958757073770e-01
-2.986677809974986331e-01
-3.914553710556401001e-01
-3.916125307813260736e-01
-3.719923030657710239e-01
-2.395761847490527896e-01
-1.924998392473604714e-01
-3.271276336328317047e-01
-1.728253873921015427e-01
-2.389033029279664377e-01
-1.468021199599014726e-01
-3.002847384291697508e-01
-2.606389084133444722e-01
-3.084157229473369344e-01
-3.730395723495255056e-01
-4.415109514055885476e-01
-2.048296604656769382e-01
-2.365958863529980805e-01
-2.514676243728229954e-01
-8.932594150796861754e-02
-2.380576891073570844e-01
-2.650610133791344580e-01
-1.895371158386826571e-01
-2.011713575421597566e-01
-3.024590003872552613e-01
-2.497165522509632030e-01
-1.921482087116350435e-01
-1.993273191091186336e-01
-2.098709373078692653e-01
5.392933828503587712e-03
-5.974761212542920030e-02
-1.560402809032538085e-01
-1.086531525879916027e-01
-2.085252222535121380e-01
-2.911321317435572320e-01
-3.227471311395235104e-02
-1.433354159114324788e-01
-1.432150556310137803e-02
-3.036023552677415971e-01
-9.935231342136266464e-02
-1.840220359057306021e-01
-7.806289375953910648e-02
-1.042861356426000308e-01
-1.769367117049911731e-01
-1.410520410832134253e-01
-3.231008726393920782e-01
-2.110600169074769439e-01
-1.739662581077391079e-01
-2.962199613279582477e-01
-2.284705087848740990e-01
-2.198430377752179643e-01
-1.363878272446215345e-01
-1.425707960394829166e-01
-1.646187635049999043e-01
-3.603777066162303089e-01
-2.394231013535224328e-01
-2.546013630567546260e-01
-1.020838955400386189e-01
-1.723212752533123393e-01
-1.354044284916239849e-01
-6.005087408213709288e-02
-1.150263447800803362e-01
-2.018084960101552416e-01
7.925588520696715683e-03
4.435625316078757596e-02
-7.983987964489555611e-02
-1.026096438092054669e-01
-2.921801025349283765e-01
-3.266434264788350278e-02
2.950691724908123190e-02
-1.967559507803295638e-01
-2.755318519308997890e-02
-1.341627441453105418e-01
-1.028180777492418291e-01
3.428880781876048750e-02
-1.222265323333058401e-01
-6.015730707609168865e-02
-1.188735807654536236e-01
-2.456538245011559152e-01
-1.533562131976867471e-01
-1.256044667134307014e-01
-7.578371535001184045e-02
-2.470422898983992352e-02
-1.387208225524700911e-01
-1.787193153013164060e-01
-5.895284815879083679e-03
-5.425255728174059600e-02
-9.240426458428888101e-02
-9.799492079204603912e-02
3.825751423549890451e-02
-4.306774749340584740e-02
-1.105252049930005587e-02
-1.593026906625983341e-01
6.825045528143953988e-03
-3.632554389913861259e-02
-3.340721316148571179e-02
-1.735327236714230559e-01
-5.755393207097719149e-02
-8.642697731816571804e-02
-1.657525137367430179e-01
4.976721996844583884e-02
-2.321467090387181464e-01
-1.281621196438960733e-02
-3.015679374268962487e-01
-3.898391057771232598e-02
-1.715298166513292699e-01
3.526950178123051949e-02
-1.351290881283898349e-01
-6.848194912721700112e-02
-2.839200224066555991e-02
-1.226652506636256024e-01
4.256084243755883789e-02
-1.835588958792030295e-02
7.603586010935266259e-02
4.069236512983603893e-02
-1.917809363519915322e-01
2.211964468592987967e-02
-1.839159120274537207e-01
-1.165263215514255601e-01
-1.230121611584859484e-02
-1.961499413235516867e-02
5.308433459633989278e-03
-1.363092401000354399e-02
-9.884780207490841478e-03
-3.208309668168102952e-02
3.550646794183933558e-02
-1.623094777728903981e-01
-4.628447901921216995e-02
-1.142506791815969813e-01
7.455265663980412127e-02
-1.619916086368508867e-01
1.171433749817962777e-01
-4.546529429183548965e-02
-6.920399012688741025e-02
-7.419791572648094802e-02
-9.611334147194806887e-02
1.175347541077261665e-01
-1.559154095138241825e-01
1.959426760549481256e-02
9.996979689474769226e-02
3.179403705930387153e-02
-2.687353348242235707e-02
-9.158226779697749287e-02
3.480398349231366567e-02
-1.168169042081228098e-01
2.565004375980274587e-02
1.509451107925990909e-01
1.628173936890021101e-01
-1.343986019586489514e-02
1.009302596692728399e-01
5.424834314093726628e-02
1.802622642822881982e-01
8.157384772462930589e-02
-5.546247178123938498e-02
-6.586618042520907268e-02
1.131441230997803082e-01
-1.443033253147938191e-02
8.166352323071484481e-03
4.400428312545062032e-02
1.789363285445908225e-01
1.156368378955040374e-03
9.134233487403611851e-02
-4.305537068819986768e-02
1.068575777591556780e-01
6.630513195460342735e-02
8.422587775989182068e-02
1.127610108154023655e-01
-3.346196127237823642e-02
5.432015997214428155e-02
9.949640915205061609e-02
1.735819740903283837e-01
1.567991643740915542e-01
1.597179706793969145e-01
7.957114282682695161e-02
8.259918028815256552e-02
1.001591104275162958e-01
3.508599470570515633e-02
8.759502488719362462e-03
9.262072208144890573e-02
1.498251871554409365e-01
1.719346342241371839e-01
1.794248218789608607e-01
5.249721261043087395e-02
3.107127898144532163e-02
1.483537446439642526e-01
8.327021968404352270e-02
4.103169815584821467e-02
2.576206163024565843e-01
-9.834517887901704503e-03
1.796234993660421331e-01
1.589011802568450205e-01
2.372995183564891378e-02
1.324282705525916537e-01
1.264184681468389637e-01
-2.093639743677049025e-02
5.704474924182412893e-02
2.062774550731519274e-02
2.563550377190333407e-01
2.014139986110590752e-01
9.573168935648097844e-02
2.125362100721314429e-01
2.374431211148219367e-01
9.563190651596474579e-02
3.287084182894357831e-02
2.296857761560739120e-01
3.363770084012977085e-02
1.621249826311193243e-01
2.365102946112863647e-01
1.993523820002647273e-01
2.093015977502660999e-03
2.239124243303045048e-01
2.755025201817252190e-01
1.113941757788286246e-01
1.913226819832953285e-01
1.330551858745090965e-01
2.328431641721989409e-01
1.911449642228111312e-01
1.380335609209604186e-01
1.639320077602874903e-01
2.354838632505913409e-01
-1.109934829951649549e-01
5.568800252302173043e-02
1.375342084145316501e-01
9.211209514789661656e-02
1.345861375898114998e-01
2.068292484163045675e-01
2.683046933315661464e-01
9.533074208209517397e-02
2.982546556721214492e-01
1.299209901077399421e-01
5.155536207723425413e-02
2.011433407563935072e-01
3.939063122591148769e-01
1.779530539989510607e-01
2.285856255822419636e-01
1.488460466536198901e-01
1.855863666584034732e-01
1.473989477260402581e-01
2.430463951114970322e-01
2.137935244461184603e-01
2.035567402465789377e-01
2.263653958985270553e-01
2.506569375520230070e-01
1.985733248571134313e-01
2.532005107391473997e-01
1.336366645518420604e-01
2.821841748576398579e-01
3.726689771573027943e-01
3.096142281548328601e-01
1.638681964457138762e-01
1.566723288990458651e-01
2.449906210638678472e-01
2.329554335751225502e-01
2.672297245410467648e-01
3.815411499705003151e-01
1.495373141938255712e-01
2.781216700843264569e-02
2.859354007867945247e-01
2.651100210409686464e-01
2.314661889683334306e-01
2.468283907699618251e-01
2.690885739676057709e-01
4.192354910147020886e-01
3.245785673259286574e-01
2.286918444400672656e-01
4.607728339917839810e-01
1.979686059419806798e-01
2.840640061313985387e-01
3.132057296025190229e-01
2.741190968030020048e-01
3.887668290842584140e-01
2.162536372063722789e-01
2.032250965318888047e-01
2.178560348674608016e-01
3.123228891475263169e-01
3.130452793596545380e-01
1.890787278270866234e-01
2.822306230239592928e-01
1.438981197150752123e-01
3.229206756796913491e-01
2.880622155017802943e-01
2.413204693664722511e-01
4.255020551048716015e-01
3.570335765503336867e-01
2.532163016329341265e-01
2.629464472374326220e-02
3.365150937477427995e-01
3.046508249658642642e-01
4.084093763469601734e-01
4.227068308725963064e-01
2.487272573483198523e-01
3.450478015715013336e-01
2.353123403003466452e-01
3.379994055612563497e-01
3.845140706644645245e-01
3.158801548528546443e-01
2.872200342476740609e-01
3.926838028990419227e-01
5.358656412451854312e-01
2.595284476891022707e-01
1.919556663793322848e-01
3.838271517549987077e-01
4.101181166166256165e-01
3.037741761328741075e-01
2.880498704777093577e-01
3.829043475202701385e-01
3.200752236660760475e-01
4.831402989927136571e-01
3.609378868471332380e-01
3.884637885917376354e-01
3.740698982781037185e-01
3.113152301356930662e-01
3.711857498779483344e-01
3.982030672123511028e-01
3.564650836736414363e-01
3.030166921930264046e-01
1.822532063698565352e-01
3.169285015232106706e-01
4.142936227464862342e-01
2.265941639547408293e-01
4.712136344002806343e-01
3.864816682145081894e-01
4.608574253781198005e-01
3.867024905062551032e-01
4.806446731822884288e-01
4.340683329265972445e-01
3.126872012380824684e-01
3.830747075143212665e-01
5.139297084243549252e-01
4.509095458706680604e-01
4.794205464262039085e-01
3.957250660810736620e-01
4.075140337535350654e-01
4.098037581178808342e-01
3.603090476866468439e-01
5.451349889949422822e-01
3.005117784390402558e-01
4.450774759643859602e-01
2.596700379249088919e-01
3.235344539154806354e-01
3.368978603576004427e-01
4.259253873115334543e-01
4.271511193376438809e-01
5.917992887761636123e-01
3.897563020344604889e-01
3.720677933979834040e-01
5.275671263435596225e-01
4.563754414032089035e-01
4.924746716120140255e-01
4.617463498272218470e-01
3.665926255540359335e-01
3.140185970507093915e-01
4.661872329933961501e-01
5.168598844937003500e-01
3.216987548750940840e-01
4.576163051435261919e-01
3.111511406480114705e-01
4.537179126874286150e-01
4.833807205361334569e-01
5.565136151248317731e-01
4.557868517028627608e-01
4.095476865326565519e-01
4.871263352198324514e-01
5.275629935569000617e-01
4.739500434659897898e-01
5.088682130271972026e-01
4.405481715708505774e-01
4.718001945212261794e-01
4.489919543745970465e-01
3.835967596944221958e-01
4.456902952978219479e-01
5.769678904836335054e-01
3.848985527896900405e-01
4.377717266487198833e-01
5.034534237549815883e-01
6.064673672229879964e-01
5.903731761275550216e-01
4.653504292116766861e-01
5.488263112567722812e-01
6.038983356451183004e-01
5.811549895455686565e-01
5.640561405082372692e-01
3.826627165250146012e-01
4.763466934646413131e-01
6.085390591009518513e-01
5.408704874134594442e-01
5.287747466754727510e-01
5.561346481242185336e-01
4.691352952821153388e-01
7.737774005205702021e-01
5.257273774152096957e-01
5.078491323381617573e-01
4.312428567897560461e-01
4.555177940911636081e-01
3.624191514158647820e-01
5.487631757966651147e-01
6.043301012268571526e-01
4.555875585569280073e-01
5.767626758015554911e-01
5.001774079045281374e-01
4.425317469271290438e-01
5.399087363765079361e-01
4.982398347998073240e-01
5.320604025669085635e-01
5.068154575799940220e-01
5.694121089173624917e-01
6.420771532888650546e-01
5.619679907844896682e-01
5.256248367521686449e-01
5.713954824331189952e-01
5.943449161220546451e-01
6.158936151848142249e-01
5.839240118640224297e-01
7.066299195129900346e-01
5.893119556745443077e-01
5.628277818683304901e-01
5.360737623044731226e-01
6.668044538892577977e-01
4.526781151829150085e-01
7.154863564334652537e-01
5.754267035547593334e-01
6.091895562270045472e-01
6.848156940035075024e-01
4.822091994670933968e-01
7.288234536741929892e-01
5.239670879160172046e-01
4.844887925323831945e-01
5.806645808077868232e-01
4.770076906626055102e-01
6.117179436771833512e-01
6.811104859807218803e-01
5.384622795603887235e-01
6.304121987310423725e-01
6.593048177564164725e-01
7.053389933351310592e-01
6.556849431133587869e-01
6.014353264125583687e-01
5.863125607375836434e-01
6.043916551125619874e-01
6.045562501206662720e-01
8.309497872271618402e-01
6.434246198201980516e-01
5.656927348629994245e-01
5.636499750343887394e-01
5.520908038589099620e-01
6.744422066861603948e-01
6.282490897390459184e-01
5.814440371444390410e-01
5.337385797599760728e-01
4.257266215326419023e-01
6.314802323149023566e-01
5.642193042504264344e-01
4.684181492496414800e-01
7.268019374614892447e-01
8.031176110232066678e-01
5.913635892118781490e-01
5.949969821457814501e-01
6.928199490586152143e-01
6.274034010532488770e-01
6.200165748382809872e-01
5.863916432118518873e-01
6.817334064308022690e-01
5.045451259780159292e-01
6.417504646386584799e-01
8.526530133466840855e-01
5.510893973956371150e-01
7.476817181291194325e-01
7.223163924463913421e-01
7.466727543798251654e-01
6.597609432273976449e-01
7.908056774840040992e-01
5.670058843812151306e-01
8.579557792202178179e-01
6.894353541863603718e-01
6.409247872754691988e-01
6.122597150259925236e-01
6.436069708486571450e-01
6.683111117720677008e-01
6.884820534892220900e-01
6.892938535176205139e-01
8.632256232445854049e-01
8.322207465799786874e-01
7.829823380560145818e-01
7.421540017401697664e-01
6.937576009167558677e-01
7.190866010296521615e-01
6.962498396520048205e-01
6.967482170437343525e-01
7.266433339769654554e-01
6.578121166733547076e-01
7.383966074183019312e-01
6.572400372461600915e-01
6.674287301499759462e-01
6.434168821869048482e-01
7.067580401096704712e-01
7.729783899527481461e-01
5.681050463814939500e-01
6.771755015250875420e-01
5.376509190843259400e-01
5.946689662962396650e-01
6.579505433241964463e-01
7.900026938048811953e-01
6.274573440271796754e-01
8.451827513358017852e-01
8.650282141897385202e-01
6.706886804977090222e-01
7.305302393969672625e-01
8.023758711066688587e-01
6.978880807195366742e-01
8.206303967104036090e-01
7.167293749305450046e-01
7.491829483151367652e-01
6.216432636804715139e-01
6.627772517591012935e-01
7.599486346404688009e-01
7.199197702293967938e-01
7.078611344295314689e-01
7.686961707089047247e-01
7.925392926980762143e-01
7.723938003818838771e-01
7.122664606950899202e-01
9.258166801498182163e-01
7.652822709195502560e-01
9.285046857518134411e-01
6.122135579331098310e-01
7.180469866642839039e-01
7.534307701177879180e-01
7.266939627312944960e-01
9.351292683389303972e-01
8.602559889046895725e-01
7.991852280418416665e-01
7.111898310601193485e-01
9.143386226595522359e-01
7.984729425130048241e-01
7.398271815088680592e-01
7.615085120459121892e-01
6.897823104055909038e-01
8.452169601042195390e-01
8.864736860062133461e-01
8.749488928705788648e-01
8.635220990318239753e-01
7.466762613461392917e-01
8.265014013642267843e-01
8.636851263935075851e-01
9.054096683535387546e-01
1.054312797217521913e+00
7.496468724843333709e-01
8.263268934186680514e-01
9.105626200664544978e-01
7.929714325429149113e-01
6.695276952015033478e-01
7.188673774641144432e-01
9.031949887456882653e-01
8.485456091925647204e-01
8.599656549304212083e-01
7.905222719857251112e-01
7.773567286211910954e-01
8.973927948816885491e-01
7.953352725685662872e-01
8.580503478199100753e-01
8.438348414950611609e-01
8.127751026741514284e-01
8.489932169682308238e-01
9.451428139188988720e-01
8.685083276947284103e-01
8.626779033204182712e-01
8.273484453815012074e-01
8.035629985308110346e-01
7.529525463123779572e-01
8.465498550418165680e-01
9.212278457885212379e-01
9.936019094096960602e-01
9.240836212702517871e-01
9.297534598062202615e-01
9.951539563163221969e-01
9.147946656072184490e-01
9.238492753931232260e-01
8.666586107485952928e-01
5.924761653347566659e-01
9.151235733205643763e-01
9.507972621379274791e-01
8.846120531212481319e-01
7.890420134704337896e-01
9.154538730170966865e-01
9.120622114875500674e-01
9.937963186085956302e-01
9.868280185870739185e-01
9.501763925494945973e-01
8.426727301765608580e-01
8.711825474354509824e-01
7.342182285069069891e-01
9.806652302364161633e-01
1.062333704013722402e+00
9.612670330635029181e-01
9.396488070423303363e-01
8.136311843101332597e-01
9.076950103348484511e-01
9.948748518366915539e-01
9.673579286491250651e-01
9.260358762813197808e-01
8.723999093095836654e-01
9.432762317882631420e-01
1.109406571540722641e+00
8.584029571404221404e-01
9.647631526939505209e-01
9.559663019811583951e-01
1.007907365429399960e+00
8.694791627776574661e-01
7.991286697725188404e-01
9.589998050542218877e-01
9.547967501433284321e-01
8.927540791770022244e-01
8.821659190854483912e-01
9.181631990066768667e-01
1.004872447252135315e+00
9.884553338486549157e-01
9.746552771570450302e-01
9.808365332978981055e-01
9.570948058057592300e-01
9.719402140867237083e-01
9.619084936447783729e-01
8.780178715408548662e-01
8.656548328554223293e-01
9.988422687881125528e-01
1.025286959918590091e+00
1.022162617112362559e+00
1.012932055452354874e+00
9.645758444075401838e-01
1.001359342773569194e+00
8.262965455632634848e-01
9.479563807199732350e-01
7.811418892122030666e-01
9.983197130115747386e-01
9.467856144747345271e-01
9.793263425181845117e-01
