-9.995083207911960033e-01
-9.505684145890536119e-01
-1.195448597880876429e+00
-7.683901382821011206e-01
-8.456382963536531738e-01
-1.091741715106860244e+00
-1.110590718372368002e+00
-1.183078905035590767e+00
-1.105685976698697282e+00
-8.719638816604358134e-01
-9.739837434055222953e-01
-1.012888165556567799e+00
-8.774226001190081892e-01
-8.678793906557521476e-01
-1.143665234277463139e+00
-9.302493681687716842e-01
-9.662593380086025308e-01
-9.810524131855430374e-01
-1.089370765183543810e+00
-9.132632270303570055e-01
-8.800331190223934508e-01
-8.948907649705979406e-01
-1.064715085406874318e+00
-8.771514774337659803e-01
-1.072491103386833844e+00
-9.407869284418968192e-01
-8.781919242060678421e-01
-1.047393071026035960e+00
-9.515919168935559336e-01
-9.594396732779921777e-01
-9.971186904384387040e-01
-9.881275832805115344e-01
-8.061083168832678947e-01
-9.043423073764332853e-01
-8.471735774707347399e-01
-7.941601599788146171e-01
-8.183172915119203417e-01
-9.131031823641578837e-01
-8.001756783842653986e-01
-9.292685892764149802e-01
-8.898604029254408854e-01
-1.081675214706909305e+00
-9.180811769894812180e-01
-1.063592100626836512e+00
-9.731000662525900458e-01
-9.881364495348838872e-01
-1.046701988724306531e+00
-7.259311113336983645e-01
-8.565914556880567243e-01
-9.981436364262811223e-01
-9.827805879220264940e-01
-9.520635465673183973e-01
-8.012950548982582522e-01
-8.432978437307162567e-01
-9.565427098312024867e-01
-9.556281597590803312e-01
-9.593304144237566611e-01
-8.799682644759327932e-01
-8.557952171991989321e-01
-9.563851411882167142e-01
-8.139413601643286089e-01
-9.256018967853092416e-01
-8.632648094299461006e-01
-8.364026318120242331e-01
-8.591245705270184052e-01
-1.007344910303561436e+00
-7.159582431807958169e-01
-9.226915320672084420e-01
-9.721561205449354981e-01
-7.571378797692402962e-01
-8.569743395491843385e-01
-8.659556657652206502e-01
-7.196710211721972783e-01
-8.263485402410086778e-01
-7.653748106053208655e-01
-8.062014705170578166e-01
-9.112110632877769012e-01
-8.713540365659306897e-01
-8.660115529481241525e-01
-8.883567314842992779e-01
-9.436439933616007636e-01
-9.078351705693448181e-01
-8.179201383550647186e-01
-7.620537266748275140e-01
-8.064803237584420303e-01
-9.156795302753450994e-01
-8.123540088113572200e-01
-1.016700485832340961e+00
-8.671876097961773722e-01
-9.441353615692559265e-01
-9.499810270316835226e-01
-8.775876968284072044e-01
-8.011769116026390414e-01
-1.004242849361722367e+00
-7.426506083639078382e-01
-7.580741758116433804e-01
-9.133407603589216439e-01
-8.061561879527059382e-01
-7.179937762481606311e-01
-9.587020864946176335e-01
-8.256126776166663461e-01
-8.201143846413625482e-01
-8.324187479189623096e-01
-8.088783828354426664e-01
-8.399296948942467367e-01
-7.383247406017967585e-01
-7.358551836990787631e-01
-6.915709367823787979e-01
-8.680412485349550122e-01
-7.712974037714881437e-01
-7.844661387404312514e-01
-6.869003101900164054e-01
-6.966467006902182790e-01
-7.397801543185452688e-01
-7.920694850002359955e-01
-8.428531694146188524e-01
-7.968008321563081475e-01
-8.442734701418690424e-01
-8.311041462486025155e-01
-6.939649994506403852e-01
-7.386861325723100835e-01
-8.478933855975355760e-01
-6.787108263711877365e-01
-6.123226848648259946e-01
-6.785653965842055602e-01
-6.844443709088572358e-01
-7.131030655396273232e-01
-5.779640374877230702e-01
-6.445277887963778429e-01
-5.614493161753020267e-01
-7.367278839511958166e-01
-6.005975157162120048e-01
-6.454841384480359823e-01
-7.955010946634345492e-01
-6.805149246445648670e-01
-7.450380806441131432e-01
-7.137507322041035662e-01
-6.526115150135081144e-01
-7.056435267745460038e-01
-7.335639410817174078e-01
-6.575792977868902822e-01
-8.700836275236666362e-01
-7.691037201079035102e-01
-7.750550354039779100e-01
-7.032766508516474779e-01
-6.488804419013644020e-01
-6.429139422291371142e-01
-6.938317995201309651e-01
-7.508524094741728661e-01
-8.304605740093705668e-01
-7.489993993296585328e-01
-6.953539876592020885e-01
-6.707312651194844433e-01
-8.057429228048269554e-01
-6.590816464486149995e-01
-5.189094526012957287e-01
-6.691555387569744218e-01
-6.492563380800057127e-01
-5.426438907522281863e-01
-7.314444234566703784e-01
-6.068962252479201958e-01
-5.854968172513896896e-01
-5.253641563464734876e-01
-8.173725846819078766e-01
-7.136139580486405842e-01
-5.574463025386173776e-01
-6.681338576040922739e-01
-6.888119582231027049e-01
-6.677738301262883258e-01
-5.993629965691092965e-01
-5.387153066781784627e-01
-5.982109756592103311e-01
-7.611633452901144237e-01
-6.464584500906966902e-01
-7.059988521817759377e-01
-6.063714429258578731e-01
-5.042879437726317526e-01
-6.470476001508460584e-01
-7.007968108287718767e-01
-5.998905846479815063e-01
-6.439931394033721057e-01
-7.086244830235431946e-01
-6.341737059733066895e-01
-7.101929356244762737e-01
-4.294981066155822425e-01
-5.523820314740333082e-01
-5.590968201192855203e-01
-7.879230067218505607e-01
-7.552206220080371901e-01
-6.356643993617285826e-01
-6.150914117995867070e-01
-7.540245543823718144e-01
-5.593626958363213664e-01
-7.194471753089569654e-01
-5.647688194305200415e-01
-6.924746039326755698e-01
-5.829884902525989121e-01
-6.466156567534825372e-01
-6.854077119360283410e-01
-5.230508542923176796e-01
-6.595445798387480352e-01
-5.671585738470508176e-01
-5.369206420458164652e-01
-6.355415581724642715e-01
-5.634672144223812351e-01
-7.299549208597027050e-01
-6.417430331533866550e-01
-6.910477710402010976e-01
-5.770675326120100479e-01
-7.113322936358678072e-01
-6.136411999305415588e-01
-4.561618108261901172e-01
-6.885917589378044434e-01
-5.392727381622938188e-01
-6.612659888806001751e-01
-4.035578380961286071e-01
-6.674928308676038036e-01
-6.261733567903911002e-01
-5.314384499370601311e-01
-6.528212542706663957e-01
-5.854788114892935935e-01
-4.935299423241637506e-01
-6.110353724705355205e-01
-5.516869914901952887e-01
-4.850436387728990772e-01
-4.779204766712030206e-01
-5.478354918682707408e-01
-5.972592008675907671e-01
-4.079995794416721444e-01
-5.773821969459413950e-01
-6.748831916691954147e-01
-3.704720712212917766e-01
-4.644216401954899265e-01
-7.218776663250860981e-01
-6.028998741653753823e-01
-5.800933266242592756e-01
-6.147215964885647255e-01
-5.369192366759196755e-01
-4.963476895765367436e-01
-4.349261613125749437e-01
-4.081033911485986709e-01
-3.154479344785622308e-01
-5.327468965379721366e-01
-4.580705135219212409e-01
-4.619416177360033404e-01
-5.664168233151751775e-01
-4.894251422326419965e-01
-4.515676825917228632e-01
-3.961363081569927447e-01
-6.320171732242778617e-01
-3.937486599246493579e-01
-4.812025842708766987e-01
-5.056131366761668078e-01
-5.007173951276843171e-01
-5.050923707019223663e-01
-5.746743441688879628e-01
-6.280633937855117921e-01
-4.866011469070901097e-01
-3.364473396977050168e-01
-5.283954667864938504e-01
-4.041067762601742719e-01
-4.002381869717100416e-01
-6.549563100192009601e-01
-3.751307771842197769e-01
-4.287611292786609463e-01
-3.997628524826290497e-01
-4.970147685282720884e-01
-4.397371603406157181e-01
-4.283190448440398201e-01
-4.717803266013568808e-01
-3.941853941591484944e-01
-4.314599515624396586e-01
-3.037315655522002111e-01
-4.977181011344003481e-01
-4.195527130037323138e-01
-4.067852271651804519e-01
-3.405213746349476933e-01
-4.705194194711682654e-01
-4.294864141924745748e-01
-4.257793716398193817e-01
-3.745570921403788001e-01
-4.403779791955189093e-01
-4.912660451594963451e-01
-4.154587130511938620e-01
-4.186618081110806133e-01
-3.804562979972884729e-01
-2.811044565546680363e-01
-3.043246408708707995e-01
-3.431007736188548263e-01
-4.351641367192193854e-01
-3.541657508010659372e-01
-4.329893201763881372e-01
-3.138900847480364797e-01
-5.272414374610657761e-01
-4.065039008862937897e-01
-3.830671755950509350e-01
-3.962468795777038255e-01
-2.322672847014048692e-01
-3.004732741510027227e-01
-4.750044579174236836e-01
-5.088303022175822976e-01
-2.888506681902367479e-01
-4.924318756798018448e-01
-4.823880485080390135e-01
-3.143669236058659888e-01
-4.170837663489360692e-01
-3.040195451241038405e-01
-4.201368699410383822e-01
-5.718905960330029625e-01
-3.668648830693063134e-01
-3.820580735882515566e-01
-3.275599185299938876e-01
-2.759597616567525669e-01
-3.537380258422802570e-01
-3.879336387833714483e-01
-3.997395556657677984e-01
-4.944855546616251374e-01
-3.305562841925803186e-01
-2.251027288359638834e-01
-4.141410527095373828e-01
-4.256885428968745222e-01
-2.506523939889553909e-01
-4.230831644479225440e-01
-3.881499845856600794e-01
-3.245865528897163288e-01
-5.807732599606459933e-01
-3.823853275909033789e-01
-3.324327796446570060e-01
-3.878173605226729048e-01
-2.579224427663123764e-01
-3.448816748506008945e-01
-2.882696775303756898e-01
-3.329666920861999446e-01
-3.658072974126747590e-01
-2.486157028468231056e-01
-1.854719647918523229e-01
-5.259273746102349767e-02
-5.130674393077793161e-01
-1.809348333497046990e-01
-3.377710799328850211e-01
-2.975760993997175752e-01
-2.424262439051041995e-01
-3.004839267986638696e-01
-3.712403768201569809e-01
-4.795685290518238442e-01
-4.164199253224080133e-01
-4.091039457991485495e-01
-3.733172415476577743e-01
-2.401760041211186136e-01
-3.081237237529577677e-01
-4.131006608921554690e-01
-2.646778802611851611e-01
-3.271433308176235899e-01
-2.438333273986044436e-01
-2.748031178285803011e-01
-2.068186872494897632e-01
-4.889589477895217029e-01
-1.839774858143148617e-01
-2.652935849336399143e-01
-3.274215539700042199e-01
-3.824884713354140819e-01
-3.351185751921627043e-01
-1.829933768963806218e-01
-5.079158267354373368e-01
-1.399329773327197268e-01
-2.024802772042068877e-01
-1.937659538211409030e-02
-3.618750369756743579e-01
-1.993542878330302470e-01
-3.040001742283273689e-01
-1.919385973789422273e-01
-3.229734633116522202e-01
-3.144245841346637316e-01
-1.996161423362811105e-01
-3.186037085316931194e-01
-3.638478579623112830e-01
-3.632183329498581692e-01
-1.456102782968251297e-01
-3.090089411164527178e-01
-2.447226859233033736e-01
-3.382014749222989058e-01
-3.073580950866009465e-01
-1.826094370596479666e-01
-2.532454629383074640e-01
-1.899647517068583091e-01
-2.629241535466458890e-01
-9.915902887981907499e-02
-2.662246197157884242e-01
-2.993103426939660583e-01
-1.311564416791851651e-01
-9.356065256659122642e-02
-4.013044143373044603e-01
-2.253407028597635142e-01
-3.846676101306982787e-01
-8.539412000458403151e-02
-1.930601987357029869e-01
-2.676213018061810445e-01
-2.194088479914288459e-01
-1.695742359543276623e-01
-1.685152945283435733e-01
-1.151484469848899767e-01
-2.910600025148938896e-01
-3.253321289524260806e-01
-2.398684092369258725e-01
-1.790350904582934388e-01
-2.175624728336796876e-01
-2.396804936903160488e-01
-2.500019746826271927e-01
-2.266478441786948794e-01
-2.162532844348017680e-01
-2.100522208975273974e-01
-1.967401480870387132e-01
-1.626390471931560555e-01
-2.357567388818416210e-01
-2.291795395872212315e-01
-1.251780264921600327e-01
-1.802786703129950208e-01
-2.817290710396976317e-01
-3.343012110617373245e-01
-2.506204330030435412e-01
-2.438138257996506353e-01
-1.218989295341282308e-01
-7.984141819066911672e-02
-3.007590136148395321e-01
-1.504513122117974722e-01
-1.616259672997024943e-01
-1.232946334794567528e-01
-9.520323070519469411e-02
-1.276128337551032388e-01
-1.191955341085236403e-01
-1.525403472014749406e-01
-2.788929306680921205e-01
-3.555797098094901076e-01
-2.075854513396220569e-01
-9.594358957721896286e-02
-2.405167674910635711e-01
-2.767240176974035126e-01
-2.686132555728866222e-01
-1.665143740840026865e-01
-2.333474670688551189e-01
-1.169610923440328604e-01
-1.347904789991021257e-01
-2.028938248219920859e-01
-1.819220293253422660e-01
-3.766539405211855734e-02
8.299354086064766878e-02
-1.781206328017706231e-01
-1.384790865432288520e-01
-1.455848118712614048e-01
-1.039751818218067753e-01
-2.908030085224403427e-01
-2.110379206143471117e-02
-1.346516809608076792e-02
-1.877158841986279192e-01
-1.835185311807082942e-01
-1.270145217578490526e-01
-4.760843676395614538e-02
-5.369324497668845342e-02
-1.592827378790247911e-02
-1.601952214268759778e-01
1.821013606178124205e-03
5.053731402284614843e-02
-2.185301845980446300e-01
-5.619550491490913485e-02
-4.868516006473331409e-02
6.132103910221849835e-02
6.509234201447203216e-02
-8.230744355224112185e-02
-4.191559341516674225e-02
-8.726200868540391620e-02
-3.067189661183953100e-02
-8.376153472231515074e-02
-9.260402969555524277e-02
-2.908242327387781587e-02
-1.827582361488400142e-01
-1.022915451547396076e-01
-9.113748042476886232e-03
5.896658546977513347e-04
-1.400957394015168722e-01
1.223192494377746756e-02
-1.531008172163119407e-01
1.259147441575378563e-02
-6.763484166708777501e-02
-8.730580144780980545e-03
8.924357129957019574e-02
3.459195889768856141e-02
-8.474191425997935900e-02
4.296806217274470180e-02
1.006039727988862070e-01
5.013874632553057958e-02
-3.069710201300099653e-02
5.368023844004741509e-03
1.196591307131173731e-01
-1.683097624886094879e-01
1.271701269935084366e-01
4.442360367408801358e-02
-3.973609076567630183e-02
-7.622286031976054435e-03
-1.183292810466632650e-01
-4.721584673904932056e-02
-1.101073291564650808e-01
-9.927239707797827495e-02
5.013869043019262423e-02
-4.569895498125244038e-02
-9.082308970144511995e-02
-7.296709533796570495e-03
1.077457899978699063e-01
7.304555334403724232e-03
1.633045150633053166e-01
1.097058695847695498e-01
-1.617398561032860546e-02
-5.043711687213624922e-02
8.576090905835521971e-02
5.814958300110662295e-03
9.448236261957530802e-03
-9.795793884613718250e-02
-1.819576638040261429e-02
-1.876363854063587550e-02
-1.182088133865204921e-02
2.389596838552277835e-01
-5.747864482337748833e-03
-8.890931097848270293e-02
-4.186655836954055604e-03
2.407798431852945995e-02
3.635465923660196469e-02
1.057329106502451488e-01
-1.281407403733713680e-02
1.686862275541444467e-01
-5.822674250113284850e-02
9.418591534351961059e-02
6.479349715575301316e-02
9.521454876855726945e-02
7.821296887889503391e-02
2.229262765461290374e-01
2.216129485745332028e-01
-1.814291768581868108e-02
9.872387392872261636e-02
8.268873447604531413e-02
-5.134023759782768703e-02
1.079636506455410455e-01
1.680966632871313537e-01
1.050714927145106337e-01
7.999308399914398238e-02
1.826117538097649651e-01
1.847099232951706638e-01
1.942557966887524801e-01
1.552912172876705077e-01
1.648060844914454870e-01
1.013862457174159737e-01
8.543025723035124752e-02
1.164360498756968482e-01
1.434322796163074905e-02
-4.726341104065229920e-02
1.351518859912558546e-01
7.590292178766624986e-02
1.502124571942067277e-01
2.182382825422830575e-01
1.170092854836978363e-01
2.215326567404464209e-01
4.320790582001639984e-02
5.298194702220627300e-02
7.867602940149547031e-02
1.343809251209598932e-01
2.442391488956210943e-01
1.264897747485186075e-01
6.404517975416543218e-02
-2.456458283957470984e-02
1.304187380683647923e-01
1.129834297088133516e-01
1.270206571914469229e-01
-1.652832773742142838e-02
2.023469351687910978e-01
1.169686875809993337e-01
1.239863769079264932e-01
1.418420347912370538e-01
1.663122269606062409e-01
1.885050713295296498e-01
8.921481033912639913e-02
1.701804914416002457e-01
2.705907799335104946e-01
1.529489339935059256e-01
2.450268692105927459e-01
1.728266784877896811e-01
2.195034893413430610e-01
1.548345164231059723e-01
1.148761503649001342e-01
2.533282634060521343e-01
1.560093770442305405e-01
2.402801680365688752e-01
1.146976800981278216e-01
1.717451933814766463e-01
1.906306088556715406e-01
2.640724627704164607e-01
2.910644098081990871e-01
2.985566455138739805e-02
1.592746516633064824e-01
2.678404533657800513e-01
3.006550348293474118e-01
3.598499990032565932e-01
6.378185078572926048e-02
1.953302540756409467e-01
1.660395525049007670e-01
1.992443399520081593e-01
3.173356782798311126e-01
2.758445688175217847e-01
2.198082417790801490e-01
8.393905310745167214e-02
3.312896030672141667e-01
6.831382476704345175e-02
2.716502650084057224e-01
1.158686016585974005e-01
2.004676578115581476e-01
6.680409186382618714e-02
1.723872411788441583e-01
1.917884447894493416e-01
2.990892296252248839e-01
1.895145406805822108e-01
1.219943535604566670e-01
6.465212168517739388e-02
2.929248585190774024e-01
1.602742524698813342e-01
2.526987277419788791e-01
2.678587881746045118e-01
2.424904195494875236e-01
3.045557120912345539e-01
3.724814606704987541e-01
3.026398069756623954e-01
2.592203625707426018e-01
2.624192351233535225e-01
2.164771105464008694e-01
2.714194684248316114e-01
1.938799927232028875e-01
2.777630568227626995e-01
3.672477515745853904e-01
2.265081455829000556e-01
1.196182273236174598e-01
3.887549006065144086e-01
2.102550044710291832e-01
1.526572500289426482e-01
1.377898688277251760e-01
3.654821752010665170e-01
4.605961741111814223e-01
2.601908093861088900e-01
1.057522825067326450e-01
3.053318579949405587e-01
3.285512626530980307e-01
2.362988498651481806e-01
2.300956492430780709e-01
2.452887490139501192e-01
4.688681824544533305e-01
3.105161694759158708e-01
3.114520084651468124e-01
1.606122854738250560e-01
4.140118058900686404e-01
3.313626190149325246e-01
2.867305181878330167e-01
3.142463907630370645e-01
1.650074257207445327e-01
3.074224639137260739e-01
2.559837340577199027e-01
3.032389956950873877e-01
2.398453097643896137e-01
1.968159232596322639e-01
4.826186632898630258e-01
3.515541312330976997e-01
2.261194064557096595e-01
3.343891003979200804e-01
2.562399319252341434e-01
2.844586927549067057e-01
2.587361003457825381e-01
2.277478959283706916e-01
2.308236660954919583e-01
3.864409709918090186e-01
3.907315748884413464e-01
5.012087622140670717e-01
4.531726939730438275e-01
4.107035141019833580e-01
3.101625499222624982e-01
3.756730395965242608e-01
4.526654637040964380e-01
3.175219860555258400e-01
3.463444676347294804e-01
3.785281420160335752e-01
3.403823365267321099e-01
4.440754863342070702e-01
3.425733415953368111e-01
3.311005072097356616e-01
1.442221860787631094e-01
3.921395284870579090e-01
3.832294849878400411e-01
4.441643739365876420e-01
3.051260589893277086e-01
4.842124125178757788e-01
4.000883437894787731e-01
3.829882758428824752e-01
3.518135969660726170e-01
4.192679881653794127e-01
3.583139886007746244e-01
3.318025887033550503e-01
2.408234915785274488e-01
5.546595297909385769e-01
3.096647572227467782e-01
4.607087549364518586e-01
3.431155507437165242e-01
3.436253224226730740e-01
3.683577696915784627e-01
4.904182080872667715e-01
2.735421015563981317e-01
5.113401995158913804e-01
3.902687281548400389e-01
3.114090328593233092e-01
3.808872559767678689e-01
4.950904359914719000e-01
3.479693718015025583e-01
3.504546943389869051e-01
4.962061088724311064e-01
5.157256497522287875e-01
4.371418600098228024e-01
3.200600862082135234e-01
4.752603300426539445e-01
4.535118393111386426e-01
3.421633832252820584e-01
3.331062849080636545e-01
3.943318885702280507e-01
4.320666964087481743e-01
3.911374075196736300e-01
3.637251693988796664e-01
2.732614409106480236e-01
5.552147179853264003e-01
5.071169716473022948e-01
4.533388408713275308e-01
5.428019767982601440e-01
4.621739014125545442e-01
4.556288921177600315e-01
4.600253424473169650e-01
4.691810144013940365e-01
5.149722693344845892e-01
5.671431548311346438e-01
3.653508979711501681e-01
5.343998713894931862e-01
4.688383403260623083e-01
5.929891273385669015e-01
4.642123653936445771e-01
4.073125617106507224e-01
3.884016848529407429e-01
5.002931882122778617e-01
4.244569621425546280e-01
4.079967721900831790e-01
4.417229474282217128e-01
5.645987406109668205e-01
5.504978825676275500e-01
6.095187831382216093e-01
5.932484599126573999e-01
4.886696003961878976e-01
4.544500858008851951e-01
4.949615143894461333e-01
5.383693661159348887e-01
5.376051476300306442e-01
4.480272509341942655e-01
5.587685648552936923e-01
5.428400710791482231e-01
5.575188250446170279e-01
5.775973487309967735e-01
6.511012953077791598e-01
6.418729949782888689e-01
6.703336851771002358e-01
4.811412493618951181e-01
5.196622795415595242e-01
5.376068443120702867e-01
6.046791898152766853e-01
5.519051577827057686e-01
5.116645185459679501e-01
4.070006125505793437e-01
5.627452812162996310e-01
6.125698365545224622e-01
5.531397596524032512e-01
4.605239672500893722e-01
5.640453366718839456e-01
3.968375959029303846e-01
5.469629938609117392e-01
6.285708269832144257e-01
5.290542115360465925e-01
5.814379264829010463e-01
5.062970132338220353e-01
4.565339975621305890e-01
7.128530470090969073e-01
5.335066526332218340e-01
4.985621159531558599e-01
5.370385757531599413e-01
7.672340806763944254e-01
4.209980556451418110e-01
6.652650878256348710e-01
6.042228114933783090e-01
5.539736091290379250e-01
6.086315746041930375e-01
5.861179841174284366e-01
5.028981414766894309e-01
5.388292301995982747e-01
6.079134710207746428e-01
6.305383574617833276e-01
6.564376840375325539e-01
6.597245167577845404e-01
6.867585384598263731e-01
4.973168239733543605e-01
4.956544545562358572e-01
5.928238879490252966e-01
6.942184242170984509e-01
5.365378624692108689e-01
8.127389782544924834e-01
6.090741769553320584e-01
5.625145965586076935e-01
6.721024436916820388e-01
7.157840114911406815e-01
7.153218649926323947e-01
6.351069023715016915e-01
5.479394636825432041e-01
8.068459333688287050e-01
5.588666183558664846e-01
5.827318079528146511e-01
6.539631297606023352e-01
5.458396485228397266e-01
4.642177950342564197e-01
5.811261084144675459e-01
6.085184579110797243e-01
6.431147696387784496e-01
7.171308338055464304e-01
5.410118615026768829e-01
5.059663825975349027e-01
7.147012520935318580e-01
6.583589100044849873e-01
6.290635023848480945e-01
7.500396744736951282e-01
7.096580071885288943e-01
7.227083293026491662e-01
7.056206824168238523e-01
6.588698433161220835e-01
6.422046466326128966e-01
6.745821434398785454e-01
6.232109879056064727e-01
7.269254424478320820e-01
7.158562352691223429e-01
7.600098910251028572e-01
7.580100251308597992e-01
6.317252004709285051e-01
7.416998554616575090e-01
7.385618166508937099e-01
6.748841462186994100e-01
6.945649110164261453e-01
7.148993737915748659e-01
7.621690768245429348e-01
7.474328137121569737e-01
8.880627188432886898e-01
5.239585270865024791e-01
6.434541316002582167e-01
7.048061317545759596e-01
7.139887748729426553e-01
7.149279677979878400e-01
6.924335594040754716e-01
5.341945637137684999e-01
6.943121697268636039e-01
8.008227884475582758e-01
7.961399650860955246e-01
7.122433944118163884e-01
6.933424860079377972e-01
7.605956499690742501e-01
6.251595438925158232e-01
7.084408331683305082e-01
7.650210459161441712e-01
7.233119245812830167e-01
6.047508071524114737e-01
7.400390250797392877e-01
6.777919803380297870e-01
6.998976732467478978e-01
8.638286200230470557e-01
7.755085753886109545e-01
6.469833896798069528e-01
8.072305954048345500e-01
8.515820427860439912e-01
8.429157935881108621e-01
7.062922460721113849e-01
8.770770039346550417e-01
8.286933653158098378e-01
7.815459475381998367e-01
7.002183873503498024e-01
6.303164507983329834e-01
7.680514103121801606e-01
7.222681941905488845e-01
7.615406924773227004e-01
7.823305097996590129e-01
7.917025245185526083e-01
6.872479303268900219e-01
8.654621896607805898e-01
8.217263605444128372e-01
9.064769201270569399e-01
8.040499716880740166e-01
7.315716184435252512e-01
7.171460671363913963e-01
7.893927748847325843e-01
8.204263051093768633e-01
7.537391842434270073e-01
8.767845578140147644e-01
7.710833368097740337e-01
8.047210952569671116e-01
8.774866399368841385e-01
9.317847404979369141e-01
8.392473832757328944e-01
7.265615251595377577e-01
8.730594391699046941e-01
9.087402215796237526e-01
8.368200156620543284e-01
9.399645433467367361e-01
7.889260545521010748e-01
1.098617678864888925e+00
9.939121490932804059e-01
8.090859843993217781e-01
1.013441873470221744e+00
8.177943753827031648e-01
7.480997275686537273e-01
9.306084820377120703e-01
8.683387703866193297e-01
8.347756589823934759e-01
9.132599668563358142e-01
7.981443443533751125e-01
9.286259879499172420e-01
9.084658560880565226e-01
7.616791501666043684e-01
8.749013962633880315e-01
8.677614471840749966e-01
9.454421826523877748e-01
8.506822404517355718e-01
8.354323344763776582e-01
9.471389762126756207e-01
9.007407567798930703e-01
8.832030876510308381e-01
9.035619523476341453e-01
9.342541418110388296e-01
9.122109617986495778e-01
9.563503577407080902e-01
8.917370589988461438e-01
8.887672305508904635e-01
9.064249546906850696e-01
9.988306609813641934e-01
1.083956017916125170e+00
9.760262001667743270e-01
9.876369373641993299e-01
8.931987635701442718e-01
1.014226546949001051e+00
8.127964799251552463e-01
7.866260914055946962e-01
8.143095643646599546e-01
1.059085441767339653e+00
8.677539897699573235e-01
9.305858670223945417e-01
8.469824359362133626e-01
7.759572991014910270e-01
8.460521415356742070e-01
8.025059573959626436e-01
9.112948399773794783e-01
8.676583821871427515e-01
1.085644554783351978e+00
1.015426463216719588e+00
1.041138770373412292e+00
1.095634574433445252e+00
9.576218269580089038e-01
1.016863868908628454e+00
8.687542908647906126e-01
8.742688525233115460e-01
8.449803167836509310e-01
8.665090420832377571e-01
9.821292508767398566e-01
1.057383328333356021e+00
1.031404052009865513e+00
9.396750727332192632e-01
9.475134295405120977e-01
1.026650177446205792e+00
9.109483833924358898e-01
9.898752233860738103e-01
8.361064559096322846e-01
7.522213515560512986e-01
9.691443127840764227e-01
7.990468351945982928e-01
9.319050166992044471e-01
1.094113871010377714e+00
9.011660463244544061e-01
1.032134912674308902e+00
9.378403836187877429e-01
1.053607281519290950e+00
1.039908315875045064e+00
9.737420214290931630e-01
1.078195226880814817e+00
1.032402043723690488e+00
9.641108153516610990e-01
1.099902045257454608e+00
9.830675777376850499e-01
1.002440043714041273e+00
9.910674463569192350e-01
8.688704238063130747e-01
1.115390405346719849e+00
1.088774538222874622e+00
1.021645965067100148e+00
