-8.729421197649158692e-01
-1.112461199966138903e+00
-9.595749844076303381e-01
-1.026540281173154989e+00
-9.496872077316076410e-01
-9.946857032839897528e-01
-9.559684900624667581e-01
-9.904498928504407163e-01
-9.376976441936251128e-01
-9.792548738593124247e-01
-9.604442894564273470e-01
-9.896509880868035181e-01
-1.004142469383686231e+00
-7.388664945774754411e-01
-9.180670709728395718e-01
-7.452846167184410398e-01
-1.013947346867648314e+00
-9.782414199032857249e-01
-1.024570685415660209e+00
-1.106313512349866190e+00
-8.550990877433046755e-01
-1.000908369305491874e+00
-1.043439702579345374e+00
-8.335402443761794622e-01
-9.448882564247574889e-01
-8.925810758068728479e-01
-8.892766294415571648e-01
-8.957519150921303686e-01
-9.798280123100917560e-01
-1.052029211593021429e+00
-1.006950624731351107e+00
-9.368717592827273677e-01
-9.550940011396625851e-01
-9.962383069886100451e-01
-8.782977620644378813e-01
-8.705521179135534693e-01
-9.260593706762417776e-01
-9.682214836284945836e-01
-8.656501915014899184e-01
-9.697260173449924192e-01
-9.661462511574319123e-01
-8.888940748200859776e-01
-8.759074579072836375e-01
-9.473603923748808997e-01
-7.067496624769277203e-01
-8.752892659502419237e-01
-9.056566022658869564e-01
-8.693023948486903185e-01
-8.484148621817640956e-01
-7.630580260793144998e-01
-9.026528532308436548e-01
-9.187122165223176040e-01
-1.000082775678219127e+00
-8.945605835579075737e-01
-1.031702022399004992e+00
-9.556248372471310981e-01
-1.097956263694107149e+00
-9.362228462278956442e-01
-1.010408805415614841e+00
-8.537910307820940625e-01
-8.503110550972756698e-01
-9.732850048827245137e-01
-9.938157525613063870e-01
-8.411127733288041863e-01
-9.569418722431174418e-01
-8.007848416965157590e-01
-8.400992329040403161e-01
-8.575870131906295768e-01
-8.132383623584498178e-01
-9.502434169871085690e-01
-8.661682031267755599e-01
-6.897350625216602804e-01
-8.321646132299773679e-01
-7.842289566733465778e-01
-9.317701748485190949e-01
-8.214756959164144501e-01
-9.226111544617475735e-01
-8.568082288670362257e-01
-8.210076588487538185e-01
-8.389679863343516564e-01
-7.777915796518142244e-01
-8.359763411797188626e-01
-8.109871483273092263e-01
-8.199542590731760949e-01
-1.004791658717540503e+00
-9.254957142242147272e-01
-7.782781267699669936e-01
-7.715613230674258638e-01
-7.862402682185108960e-01
-9.318505234170383345e-01
-7.397552276646609526e-01
-8.817709163989234655e-01
-8.984782019478062542e-01
-7.407391795447738625e-01
-8.264888888211416873e-01
-7.819874447188909228e-01
-7.627875160231659679e-01
-7.532673921696609876e-01
-9.340112448837637471e-01
-8.545234823845003769e-01
-8.444715049128020956e-01
-7.667871949533897613e-01
-9.276215310351255683e-01
-7.021925637201376080e-01
-7.600764599983431680e-01
-7.472294792337638158e-01
-5.888073533226342304e-01
-7.799559589884391686e-01
-8.557405693445303552e-01
-6.724056199667619582e-01
-7.791544028406807154e-01
-7.939545832328083197e-01
-8.415937016400999449e-01
-8.617220506250354850e-01
-6.347149391190609613e-01
-7.378267632925041841e-01
-9.151720964743913500e-01
-6.733254996261744951e-01
-7.418564844997904695e-01
-9.070374725786893855e-01
-6.683729263182656144e-01
-1.002024691919209953e+00
-7.651743957503307492e-01
-7.654042077590468285e-01
-7.016359797164285483e-01
-8.418684139561954938e-01
-7.604737862477400911e-01
-7.847775991630404624e-01
-6.785771928813569831e-01
-7.552198084451094973e-01
-6.453094722205067191e-01
-6.918804616342252300e-01
-8.286566224354441346e-01
-8.197598623159935149e-01
-9.675367886656877081e-01
-7.593699693497749648e-01
-9.251865510022880823e-01
-7.031016950299434631e-01
-7.162384765742608739e-01
-4.725870445437018175e-01
-7.235065319767298719e-01
-7.210292733243212071e-01
-6.441814861809006532e-01
-8.357701373285818525e-01
-6.768966389202988321e-01
-6.626315320890026062e-01
-6.425187571833022027e-01
-7.270007836231191511e-01
-5.433840808252953236e-01
-8.373139490614900371e-01
-7.648504935429001339e-01
-5.547551072622122215e-01
-5.530333287728605995e-01
-7.587671981320354142e-01
-8.108389993077390612e-01
-6.963736853174710140e-01
-6.431625626258596906e-01
-6.255321529521351565e-01
-7.233996071847267340e-01
-6.087443696902303802e-01
-4.543810564440330380e-01
-6.607608897968187955e-01
-6.503987176818597504e-01
-6.711820121800714523e-01
-6.771668437594497991e-01
-6.929249631770205697e-01
-6.796369392508058160e-01
-6.020703939596854237e-01
-5.588561898070413259e-01
-7.028775809177907341e-01
-6.536354243784756601e-01
-5.976307666864123513e-01
-7.601483005810665272e-01
-6.720895709500110948e-01
-6.876040067438593528e-01
-5.848156809610507434e-01
-5.927505192768455222e-01
-5.638744426298237800e-01
-6.966929130592842689e-01
-7.336392149049247857e-01
-6.533377216468754245e-01
-7.165416104820201415e-01
-6.276222535894163679e-01
-5.110005155377562724e-01
-5.889579585279158813e-01
-5.498047961974273923e-01
-5.373753676696116921e-01
-6.497360127104278016e-01
-5.724292232805968661e-01
-4.884885953611050602e-01
-7.308056843771707500e-01
-6.535346384730665870e-01
-6.384065980707358534e-01
-6.039597739141575605e-01
-6.177107986735737022e-01
-5.368017162022018507e-01
-6.689331938704712321e-01
-3.710680669465746817e-01
-5.763059209935329497e-01
-6.281479990048428608e-01
-6.484165058157878025e-01
-6.606809530502274486e-01
-7.298531373351215823e-01
-5.693413132213078764e-01
-4.046209958461846057e-01
-6.661461562495003541e-01
-4.694841674995676173e-01
-6.443482728437162077e-01
-8.064981646235552804e-01
-5.011214292187540220e-01
-6.980292461471668819e-01
-5.890536204114211749e-01
-5.878340186761612518e-01
-5.474503346876316012e-01
-5.705895289267148840e-01
-5.322238812521467022e-01
-5.097787026204286809e-01
-4.804622311758711684e-01
-5.539185178219803163e-01
-5.094096778728897101e-01
-5.589756445434082011e-01
-5.434728497248212387e-01
-5.911283482850119286e-01
-5.663745229654608693e-01
-5.106208989610062643e-01
-3.789860486335243084e-01
-6.653508800925909128e-01
-3.061500153154348980e-01
-6.736622882387215405e-01
-4.638143632696755669e-01
-5.812169314071347070e-01
-4.915987480098902851e-01
-6.815281359352273194e-01
-4.935532269825504970e-01
-4.874278188681944735e-01
-4.715943054255923861e-01
-4.745337460102791449e-01
-6.638383627527089104e-01
-5.465024306054423464e-01
-6.110809185113255104e-01
-5.074536175229020785e-01
-5.463533267353626321e-01
-5.900114088569075044e-01
-4.367169528406609214e-01
-4.072171703360402129e-01
-5.016988899843859429e-01
-6.427029628698252006e-01
-5.080434337334497341e-01
-4.780525406682958334e-01
-5.371059163138043324e-01
-4.490447761869186816e-01
-3.957895574407135353e-01
-4.810742104237211714e-01
-4.853913135607508811e-01
-4.381788310310339440e-01
-4.019854002657663461e-01
-5.314257417687590079e-01
-4.353080206915332928e-01
-4.681829515746480652e-01
-5.926725097520954000e-01
-4.666937926975107120e-01
-5.825781697332372833e-01
-4.814115102980853766e-01
-5.783493786600555353e-01
-4.039138833218115510e-01
-4.360233289380821553e-01
-5.232863915785010978e-01
-3.509243279604205012e-01
-3.113046427648721304e-01
-3.637301108065681410e-01
-4.921965430211398540e-01
-5.258362588778058289e-01
-2.672298353659934844e-01
-3.852031576578500149e-01
-4.046100001165056637e-01
-4.407208517893742017e-01
-3.819816201773398312e-01
-4.464055492995784302e-01
-4.238789372221588581e-01
-5.648916355122903799e-01
-3.547754238334969168e-01
-3.674525226755185336e-01
-4.578815992888254915e-01
-3.492141741921477305e-01
-2.678602580880681816e-01
-4.277106137535813257e-01
-4.045964237382020379e-01
-3.183543190478138052e-01
-6.144996386838862401e-01
-4.500071017499396864e-01
-3.232641870341370627e-01
-3.284394288092664094e-01
-3.014037757657734851e-01
-4.407004392160721595e-01
-3.822321027370889635e-01
-3.922400361330450891e-01
-2.152839412294259847e-01
-4.224230872570299833e-01
-4.366514684473608576e-01
-3.965012991297451883e-01
-3.752134480034935438e-01
-3.323502452877202806e-01
-4.297970991392038309e-01
-4.679029988466800738e-01
-3.897526976813628363e-01
-3.367678661067834978e-01
-4.101581093434562564e-01
-2.466495018873637590e-01
-4.769599782764607498e-01
-4.730903120862680056e-01
-4.098556952512010798e-01
-3.149824421200220770e-01
-2.789797184278878794e-01
-5.403494401682611414e-01
-3.553587783499049801e-01
-3.522340965360636900e-01
-3.079552636889755224e-01
-3.754297157393927664e-01
-3.937226131610175872e-01
-3.476526559682443507e-01
-3.054345965802049978e-01
-3.414204835104558411e-01
-3.564725027717130512e-01
-2.098323507765975093e-01
-4.598488714578585213e-01
-4.768082973643796851e-01
-3.927354788319913914e-01
-3.459300412448834683e-01
-3.139968009541916905e-01
-3.839566189204717261e-01
-4.301347341536554403e-01
-2.297183708951295034e-01
-2.837978770195929146e-01
-3.945924365550582680e-01
-2.867572234473824699e-01
-5.309459904188787993e-01
-3.721956246281218350e-01
-4.472572959058388475e-01
-2.431099980623358248e-01
-2.153839027919585147e-01
-4.789672407809725252e-01
-3.672749686033663918e-01
-3.481453164605881057e-01
-5.139218645770006200e-01
-2.792524898360868590e-01
-3.379627185528742972e-01
-2.647475441255101036e-01
-3.053792990149213349e-01
-3.456262098258491844e-01
-2.798373646202241827e-01
-2.664233624122572808e-01
-4.142360177379705299e-01
-2.102194908109956961e-01
-1.554687953286489344e-01
-2.813479951406228641e-01
-2.751630495416634292e-01
-2.089075128616875443e-01
-3.605915930062950081e-01
-1.780161189538755351e-01
-2.923623502541671249e-01
-2.316120208290627647e-01
-2.231429611001713997e-01
-3.931561646646345998e-01
-2.150698304926814963e-01
-3.261053823844339283e-01
-3.861499202722880053e-01
-2.085745021625889650e-01
-2.804818458728837727e-01
-2.655649864130585902e-01
-3.055289689893137539e-01
-3.394491578036680779e-01
-2.986728814527714881e-01
-2.757281755314404115e-01
-2.838464194245610139e-01
-2.565447610425168889e-01
-1.881723102854442886e-01
-1.358574764168863636e-01
-2.564787526220164704e-01
-3.069679495194047592e-01
-3.291239662281081890e-01
-2.665639216654868693e-01
-2.128439818952493345e-01
-1.395927849040405101e-02
-2.692910044713597850e-01
-2.262402824900626719e-01
-2.874684870375368573e-01
-3.363694902312598933e-01
-1.837824220117574014e-01
-4.719079498702348496e-02
-1.939465557732570622e-01
-1.821387645145920997e-01
-1.811694669901013632e-01
-1.855886216069461414e-01
-1.373081285095622273e-01
-1.639768754669130857e-01
-1.819536260025244045e-01
-1.296748708094587754e-01
-2.581114482123781917e-01
-1.646185484098874052e-01
-2.138053904992926746e-01
-2.349985197698881700e-01
-2.668934775247197022e-01
-2.131636950486731630e-01
-2.604297900524957243e-01
4.905233563082355211e-03
-3.404170124995694602e-01
-2.609528349934983615e-01
-5.652967008082401823e-02
-6.871700624264055757e-02
-1.728064452844715049e-01
-2.151870939755445022e-01
-2.114791875619532469e-01
-1.905566530167719930e-01
-1.420256141955983931e-01
-6.375973928536957103e-02
-3.335501375791186662e-01
-5.819485119774689408e-02
-1.624057974444452768e-01
-1.855952248327702447e-01
-2.769139403642859598e-01
-1.006271007388236244e-01
-2.150096425691747914e-01
-9.455242640346042671e-02
-1.214164352746014558e-01
5.579721467870958282e-03
-1.612032429190506100e-01
-1.805804285065535919e-01
-2.963369749980881429e-01
-1.388429946760264266e-01
-2.199041351134135569e-01
-2.140132309180820536e-01
-1.957252601993414443e-01
-1.597936721727469533e-01
-1.780769148423916870e-01
-1.293734370862579530e-01
-7.223634004308812639e-02
-1.338823339442975768e-01
-4.766095629162454134e-02
-8.551620158119793702e-02
-1.398965277000738527e-01
-1.304280723088970251e-01
-1.593096136939688989e-01
-2.916393763851582999e-01
-1.617512155334648871e-01
-1.435824050868878543e-01
-1.256450215546423277e-01
1.026437911536765349e-02
-1.609619289368538209e-01
-1.205243470414594925e-01
-2.287218013602991540e-01
3.476002598230772123e-02
-3.911402111345148314e-02
-7.600869149356309640e-02
-4.603607047966565280e-02
-1.555734730702499624e-01
-3.072657874209208662e-01
-1.246010844080699953e-01
-1.828204271415121429e-01
-1.037141914315683616e-01
-1.390579413645318951e-01
-2.119206751837546809e-01
-1.760654363303739700e-01
-2.634941040990869572e-03
1.943981742664831550e-02
-7.912017444957017420e-02
-3.653346349403109594e-02
2.969654418335715765e-02
-2.055965387483940365e-01
1.961915536986296588e-02
-1.639929871587550089e-02
-5.270354357075019563e-02
-1.420351423910468369e-01
-5.225165112538622536e-02
-4.242003957552079041e-02
-7.148676608593050597e-02
-5.735794877403343345e-02
-2.276685004489696629e-01
-2.024842273968366357e-02
-4.532972692551733712e-02
-1.075049591729618920e-02
-6.937178558866932687e-02
-9.238296499076240065e-02
4.125333756678718072e-02
-4.830870915207292893e-02
-1.763662399807779946e-01
2.906303050515067141e-02
6.453870630747234050e-02
-1.684643152112765552e-01
-6.192014069040308738e-02
-3.591176816449152820e-03
5.666002220852441040e-02
6.527235987441681528e-03
-3.881457715541746650e-02
-2.190621812508006944e-02
4.546761266740016738e-02
-7.597385224254786518e-02
1.881379261483568099e-01
-1.598744815531389848e-02
-2.531123347701431936e-02
-1.189477854456224004e-01
-8.285481246748228890e-02
9.710811653409082145e-02
-3.672396798457701339e-02
1.063753434613613075e-01
5.072408204870275383e-02
1.338690148860830799e-02
2.350572831587393469e-02
1.687383028721464381e-02
-6.942767796731320537e-03
-7.838860307762594501e-03
1.241018258978097838e-01
2.382595716949445497e-02
-8.895920201377013892e-02
7.107066936465261664e-03
5.414586309613460963e-02
-6.513153948811553628e-02
-8.403547192912617231e-03
7.199627045683984483e-02
9.311992484327788477e-02
5.432727972959607715e-02
-2.718592919761013693e-01
-2.030998884325737053e-01
7.438918666166327576e-02
1.049651733173594115e-01
4.079858471228334227e-02
4.021984568880533628e-02
2.728959024186700111e-02
-3.196095238451839016e-02
7.954277869976658644e-02
2.620909759600152655e-02
5.392355955561563274e-02
1.475837412141320082e-01
1.967317889804281739e-01
6.892251253828950153e-02
-1.303342739291262452e-02
9.732795430505816747e-02
9.162835964232871749e-03
1.060891380500433440e-01
1.573307394614557320e-01
-3.473620982529902063e-02
4.677917749186752405e-02
1.841500551748614656e-01
-4.515900442229058703e-03
-6.834948144489171040e-02
1.091991803828684382e-01
1.349303447459334337e-01
2.016012349151022343e-02
1.526769444108261597e-01
-7.354875426731020960e-02
1.143517425947238597e-01
3.295904082696347187e-02
1.159079504696942792e-01
1.499234264567745889e-01
1.432617180656935996e-01
-6.841531301066841597e-02
8.934607109756563526e-02
1.159738381473016527e-01
1.268506424522138909e-01
7.619051618598282616e-02
4.005649243070742022e-02
1.800169086230455073e-01
1.012053966618001177e-01
1.825887938898940743e-01
9.320762567383547581e-02
2.916884703736899453e-01
2.274431209244508201e-01
8.638977936910360866e-02
1.857161961214208803e-02
1.757482794376350743e-01
2.696919145684357755e-01
2.203603697545902795e-01
1.302990272386922166e-01
-1.313836141966939070e-02
7.581534933525549413e-02
1.989999832658873036e-01
4.902283387218925315e-02
6.021068328072003151e-02
1.462893465865882370e-01
1.537006518633958485e-01
2.431307218936154813e-01
2.948500942107300238e-02
2.796384685966960548e-01
1.435415705190153657e-01
2.128961851794394511e-01
-3.927233079258003745e-02
2.046345782228362331e-01
8.207039389783780947e-02
2.955844404300891903e-01
2.676082863748129315e-01
2.091518991588759424e-01
2.347947097306468944e-01
8.551555747971434362e-02
1.120688733631271528e-01
1.245794920592372124e-01
1.064129769889666510e-01
2.193704880779522026e-01
3.148677770189377556e-01
9.423313848692306538e-02
2.856866073887286417e-01
1.905671145294275670e-01
1.398667242506027308e-01
2.311813325161671262e-01
9.096349812561589643e-02
3.556281751298064897e-01
2.823410289546831597e-01
1.254116839801231419e-02
1.100362433253446182e-01
1.874651178266084628e-01
9.420760445904968750e-02
2.344263443606284247e-01
1.126509019949661350e-01
2.276100486104757070e-01
2.386467645347944977e-01
2.661439322611691694e-01
2.974827987763160597e-01
2.619947381574916356e-01
3.486111948459484355e-01
2.877663014381551809e-01
1.604244886142247029e-01
1.610134908356331551e-01
2.538272527289116010e-01
3.340612169862475778e-01
3.064980603187939523e-01
1.645509159061963322e-01
2.035775062433939908e-01
2.537573033785688881e-01
2.671385709855275681e-01
2.881519776457954207e-01
2.926946198396690457e-01
1.333591501784401889e-01
2.977423061305307095e-01
2.273145316463915933e-01
3.386837306003502301e-01
3.751744902272222681e-01
2.908252962708271494e-01
1.448018623905333035e-01
2.727762958427266127e-01
2.124943737548233291e-01
2.689899605052436526e-01
4.456960624969913964e-01
4.361134971542542926e-01
3.310394746717635339e-01
4.006017733669306469e-01
3.302521714193460967e-01
1.897227584473764606e-01
4.579770438077125361e-01
1.723617203789692409e-01
3.102042787917220212e-01
3.943910837180060747e-01
3.312622123367974236e-01
3.861939469833987615e-01
2.379805923198493600e-01
2.241510567707405699e-01
2.841481872999981895e-01
2.712064528357960858e-01
2.787740187287403026e-01
2.824210775538871787e-01
3.892244386296052627e-01
3.894431725342707984e-01
4.122942138247910338e-01
5.169947027025021402e-01
3.672220522013176502e-01
4.079590715353266783e-01
2.397562151176952927e-01
2.813495179208299057e-01
2.416542964819315686e-01
3.015887480017847566e-01
3.023903432280903858e-01
4.073508166537646025e-01
4.833954833585981659e-01
3.130387108649035910e-01
4.452732026003073940e-01
2.632709424077536720e-01
3.822155242640188910e-01
3.441228567087434298e-01
3.695597384982505229e-01
3.831243941426424326e-01
4.893229579904570525e-01
3.256412073554063591e-01
2.713591120011550895e-01
5.014881084922055976e-01
3.553480232637630243e-01
3.581144722049628415e-01
2.328630684822806107e-01
5.014352151518837175e-01
4.301318149184496509e-01
4.488055877395027982e-01
5.431092486748145820e-01
1.697070280832489730e-01
3.162641301153751305e-01
3.420766169760248165e-01
1.847618600535410882e-01
3.102516489019342960e-01
3.559757712210001590e-01
3.861734422336120520e-01
3.100480245386403877e-01
4.839411349693531483e-01
5.224219257896205448e-01
4.936418022084120838e-01
3.691423164512626087e-01
2.832475816246164402e-01
3.214034260563745082e-01
3.038179628015219014e-01
3.176578970011859071e-01
3.457244879423275186e-01
4.573920873469006776e-01
4.813547310757164688e-01
4.825010796185719153e-01
4.825398840281750479e-01
3.429365860095822116e-01
3.886514801812758768e-01
4.785716072445312386e-01
3.904050939679002408e-01
6.022768085868209775e-01
4.784557472811787338e-01
4.997228349222295196e-01
4.124222005423585635e-01
4.211210487390883994e-01
4.824612672152381321e-01
4.582175839697135711e-01
4.236833465000346965e-01
5.229711730981713158e-01
4.136825164069175553e-01
3.936135156201717167e-01
4.530104998844815545e-01
3.714121605893543898e-01
3.468090781512235821e-01
4.063328240570708849e-01
4.136002234050847326e-01
5.310247837321796505e-01
3.779859055535910728e-01
3.471412582991774687e-01
4.902615512699065592e-01
3.566912865139816313e-01
3.394570820433088776e-01
4.234898730115591592e-01
6.460046426658740959e-01
4.089841790936580845e-01
2.968222007853411060e-01
6.696853588611002550e-01
4.067591713403466702e-01
6.198896400319896527e-01
6.095151579767700278e-01
5.034656699813535585e-01
4.455191496033167331e-01
4.791484768400370298e-01
4.357141326927276848e-01
4.174124215660468540e-01
7.640861784366349552e-01
6.114949039911080630e-01
6.138811173049781855e-01
5.789508524307707127e-01
5.413139255211968370e-01
4.452972210234952821e-01
6.006750407677697856e-01
4.952433567322612751e-01
4.726404559339273392e-01
5.394187494891458101e-01
3.676766619131849323e-01
3.429022340608389174e-01
6.977396676335038128e-01
5.116503948328692264e-01
5.701351150267909285e-01
5.730580224918472299e-01
5.686181829274634669e-01
4.793937856860973068e-01
5.365729855666443449e-01
5.855943675808116256e-01
3.051739080934681159e-01
5.624531457219341668e-01
5.978792317252438204e-01
6.127700665627967558e-01
6.412416346265571443e-01
6.626654614008883337e-01
5.723353321141386729e-01
5.695139345295271438e-01
6.075676917361070295e-01
5.649118318669280603e-01
5.662765472630512109e-01
6.176171841655924144e-01
5.196073768338529408e-01
6.104774598938306207e-01
4.941244881110477549e-01
6.491834300815441106e-01
5.292298202013684394e-01
5.794912995489465146e-01
6.449364219807789400e-01
6.480724777581328144e-01
5.603548484840812360e-01
6.839016667104307334e-01
5.918524513649651153e-01
5.407565803169839258e-01
6.350587600623255335e-01
5.648760670798428363e-01
6.206854852658241217e-01
5.506847624828622445e-01
6.507548940034699747e-01
5.918942785305131293e-01
5.950616365133133412e-01
6.890512126935649517e-01
5.786357879617113342e-01
4.094259350861912394e-01
6.232422246417385070e-01
5.980038692564947356e-01
7.141933659163393067e-01
5.344889108975646730e-01
4.535459497480984203e-01
6.825043142703014487e-01
5.116192525107892131e-01
6.870185496786647139e-01
6.355373232620656898e-01
5.091024704836273340e-01
4.976261595381382130e-01
5.500609105319245185e-01
5.659014475121769694e-01
6.779306672978160364e-01
6.213483624998665800e-01
8.319694386043301471e-01
7.772651922674711500e-01
6.567754693985312642e-01
6.336114674623891663e-01
6.503404437763780077e-01
6.360538747125848991e-01
7.011801010641771637e-01
5.777026560222687790e-01
7.367224675514394416e-01
6.754878237879607950e-01
6.802286400123451759e-01
5.380488114483089612e-01
5.290414432881161977e-01
7.739615723269606118e-01
7.292165811199362579e-01
7.068575474531919589e-01
6.589156312483203104e-01
6.737780684251954977e-01
7.091858281374353590e-01
4.579864681525084302e-01
7.755672893304443871e-01
6.867607718242065840e-01
5.590334756307875352e-01
7.719338603193762749e-01
7.141480039595705653e-01
7.157348903037588084e-01
6.653146347883742706e-01
7.823131577556343697e-01
7.323825746551101412e-01
6.142741420947966935e-01
7.082123422200865548e-01
6.219281774910253580e-01
7.656534207866960706e-01
7.013315827800842284e-01
7.246640745117235438e-01
5.701848386258310253e-01
6.826774534861411725e-01
9.560271471417693956e-01
6.009682413075825291e-01
5.668703357806345045e-01
6.844468155093177408e-01
6.008287996995735902e-01
8.949772843454392168e-01
6.686182578101956819e-01
6.674914114564547418e-01
5.003307953575008016e-01
6.187427713739741542e-01
6.428565400098605886e-01
6.796281484290209729e-01
6.588333372544039612e-01
8.135534980013403583e-01
7.987110027964898773e-01
7.351266074515433457e-01
6.875544762766551132e-01
7.954246036326952929e-01
7.575203827574663595e-01
7.597869180172039938e-01
6.807800258086772471e-01
6.820761219212974069e-01
7.925559446173501277e-01
7.247940960616039430e-01
8.389507933072540835e-01
6.329186841711155198e-01
8.241636861745693654e-01
8.468772813633704821e-01
7.497863789449641381e-01
8.205139697063034143e-01
7.186702872587670266e-01
7.964670690009809650e-01
7.118250642374619463e-01
6.788394450070814878e-01
7.492401045513423785e-01
7.890524359081292349e-01
6.446772511715654908e-01
8.803196620172903941e-01
7.726189675352440611e-01
7.528127467106791038e-01
7.718437618925110266e-01
8.585786587696989658e-01
7.484737423992052774e-01
8.909446961033639090e-01
8.072809293445755152e-01
1.008502007545678980e+00
7.993477563063065006e-01
7.405317785002174524e-01
6.685467498003880849e-01
8.019832561891848677e-01
7.283788388190011176e-01
8.432611668226721591e-01
7.305735391078772567e-01
9.046202706888161194e-01
7.626528598449295870e-01
7.720541432233135604e-01
8.855784608477053066e-01
8.163572360275773709e-01
8.691518074786358516e-01
8.081209189312584806e-01
9.297575399156613463e-01
8.755010571923174112e-01
6.280448807587987181e-01
8.223796596256405245e-01
8.636200206022029979e-01
9.956119832486762800e-01
8.734748989809774100e-01
8.822438466507511734e-01
9.006744469813280363e-01
9.208297676353143224e-01
6.606408119288668113e-01
1.060073884872759997e+00
6.951704109526628539e-01
9.731387491420696589e-01
7.731432837896838883e-01
8.827097601700601981e-01
9.770824191213264287e-01
9.885961576343409440e-01
8.268082426673017959e-01
6.552164998425364928e-01
8.634803425617542105e-01
8.705389746991651911e-01
8.589373438189019661e-01
8.082776922574251843e-01
8.385348925007533039e-01
8.889433372005975942e-01
9.302559266675153316e-01
9.372014309462995962e-01
9.360333082336782518e-01
9.137024352643988712e-01
8.617309976957826523e-01
8.391362521793360729e-01
8.550189626889509453e-01
8.385390440761950615e-01
8.044597029030048363e-01
1.083017620856267405e+00
9.948092246485021883e-01
9.015869343662508140e-01
8.967244922336372603e-01
7.940461069697635210e-01
8.906155904834671677e-01
9.265908126543482837e-01
8.470384191676610941e-01
8.784494547080882176e-01
7.674727862138721601e-01
9.546519682000186302e-01
9.628509009292270937e-01
8.665093776096730593e-01
9.234836282170377775e-01
9.162886699392098766e-01
9.149230434966354464e-01
9.598319789152457426e-01
8.570313200121789654e-01
8.687414561703363791e-01
8.654296064685641499e-01
1.001590987050264614e+00
9.348304920400259954e-01
8.609508145833044690e-01
8.948240497864895504e-01
8.214726299211176919e-01
1.040269425253409263e+00
9.273997009139008929e-01
8.940688642682448339e-01
9.083493884982887234e-01
9.508201256798407552e-01
8.392310804033649152e-01
8.920303593406502252e-01
9.812147842796802300e-01
1.028473162617909775e+00
8.961981419029042550e-01
1.028516790367315803e+00
1.126991008623009494e+00
9.450657932224636459e-01
9.866745316501758234e-01
9.686801816933374720e-01
9.668151111480558502e-01
9.885788519355146464e-01
1.047007016222595288e+00
1.160508676208741763e+00
1.011167046423976146e+00
9.002157235970934535e-01
8.572012036089928788e-01
1.188192321694302223e+00
9.382440249919117292e-01
8.712923795410508765e-01
1.069518662313109436e+00
