-8.618006249558165521e-01
-9.883120286116531261e-01
-1.153732828913593078e+00
-9.546135486779856461e-01
-9.912327681229726739e-01
-1.136343667444372985e+00
-8.339440817676291307e-01
-9.517035381261109706e-01
-9.155140651869996260e-01
-8.078563523652911860e-01
-1.014615044765371454e+00
-8.682381484550258932e-01
-8.497092100214180821e-01
-1.000932668394735714e+00
-9.236531320509567822e-01
-8.435053728826685804e-01
-8.959338191977062049e-01
-9.029852971800210737e-01
-9.309377172880046736e-01
-1.000927479436789058e+00
-7.628348854180692085e-01
-9.392778505737311434e-01
-9.753256520784109318e-01
-1.007461992022316233e+00
-9.309120482610495628e-01
-9.453790974551362636e-01
-1.041791920906021574e+00
-8.014884620127299408e-01
-9.086118926775050841e-01
-9.931099311279791841e-01
-1.075913307604492219e+00
-9.386892193262140749e-01
-9.787012401547418028e-01
-8.228028253144353821e-01
-1.067958214184155041e+00
-9.232341226357658748e-01
-8.280973304880503427e-01
-9.074777373937221725e-01
-9.454688711033614190e-01
-6.695986428092987053e-01
-1.003323143559030628e+00
-8.845673500718203019e-01
-8.787949992688953715e-01
-9.417766144886048352e-01
-9.088905793141054401e-01
-9.143350895149974233e-01
-9.899326643674045689e-01
-9.433649663020334808e-01
-9.567432190355490418e-01
-9.506765860827164349e-01
-9.477357017565575248e-01
-9.368364902118149207e-01
-7.607906263969352878e-01
-9.137137358184755920e-01
-9.146239462246352758e-01
-9.787354520552229431e-01
-1.033823798683047634e+00
-7.599996612374559923e-01
-9.056235433972922300e-01
-9.046662875370720114e-01
-8.988237330792564483e-01
-8.877873330776241412e-01
-9.105472282420705721e-01
-7.480568829862989100e-01
-1.022559946119573349e+00
-9.374370626245819293e-01
-8.999303995383521881e-01
-9.083873402696422961e-01
-8.267689687398778187e-01
-6.198282416123203076e-01
-7.980464334126142756e-01
-7.345592558350192425e-01
-8.501963772217565607e-01
-8.586700712360074705e-01
-7.681316595381556533e-01
-8.169142602998415992e-01
-1.007453215219815235e+00
-7.246899978158632960e-01
-8.619416765369261046e-01
-6.682473929020142922e-01
-8.654815804331436047e-01
-8.357138550843855596e-01
-7.536207450216789727e-01
-8.786878372870198239e-01
-9.220981679131297071e-01
-5.736690725637902943e-01
-8.642694835948985244e-01
-7.449191255815343915e-01
-8.387114650566955820e-01
-6.872649492906837132e-01
-8.479571322370719200e-01
-7.620009127026221574e-01
-7.486055800374781244e-01
-7.206320151288870823e-01
-7.620597455940901765e-01
-7.956733700358961103e-01
-8.687922939993981686e-01
-8.463961335392655716e-01
-8.252047141565697075e-01
-7.280631008816232930e-01
-8.718123412748255419e-01
-7.946663184183391238e-01
-8.541885783231735196e-01
-8.640020880626788635e-01
-6.781990979280881904e-01
-8.245560609712825340e-01
-8.042893936579870173e-01
-6.638964498561388261e-01
-5.971318079339595908e-01
-8.696833179051582929e-01
-9.122272498657315598e-01
-7.030538021872853038e-01
-8.085109375733051662e-01
-6.835238639202678712e-01
-6.608729756350782969e-01
-8.251599188465613688e-01
-7.251240237921960929e-01
-7.337904815002050940e-01
-6.566075307887699886e-01
-6.866529082604159173e-01
-7.577854529437907383e-01
-8.366363491538896247e-01
-7.970153273595228516e-01
-6.597757654863652954e-01
-8.525441932101663900e-01
-8.685071257827805535e-01
-6.890257197111133713e-01
-7.836777987016884106e-01
-9.048039807181804672e-01
-7.323949128683368004e-01
-7.974059359888332477e-01
-7.111027312576928550e-01
-6.552961145078309846e-01
-6.057023503111463869e-01
-6.154037194107379038e-01
-6.980783553201854730e-01
-8.493555626528634939e-01
-6.696937021495114051e-01
-6.890785900843618972e-01
-6.912688212842347246e-01
-7.252547710724188690e-01
-7.038067650685146948e-01
-7.324052839708503626e-01
-7.506853772626915777e-01
-6.777973351420086834e-01
-6.036542869742337336e-01
-6.689478596615895389e-01
-6.934320233175468307e-01
-6.969544670433762690e-01
-6.213097091507491232e-01
-6.384493263809781771e-01
-6.452305450362838535e-01
-7.907555052058417022e-01
-7.362120291364742108e-01
-7.310475378788544587e-01
-5.510051702857592382e-01
-6.226722120404477590e-01
-7.013834654974815397e-01
-7.071775685706681580e-01
-8.627107598294195823e-01
-6.319397522880849660e-01
-6.664526823778508247e-01
-6.441109134392971614e-01
-6.029412371422265826e-01
-6.514504749441550890e-01
-6.450580745784323389e-01
-6.072430106738977429e-01
-5.907693365112504091e-01
-7.037859607809188178e-01
-6.296128583067026607e-01
-7.728772841462673293e-01
-6.540947025488765831e-01
-8.324318876347940321e-01
-7.112693579624620455e-01
-7.090563498172666179e-01
-6.962610713397290318e-01
-6.620575034519601276e-01
-6.234882598267363907e-01
-6.968378340306878860e-01
-7.706969510745563801e-01
-6.255706133543720293e-01
-5.588509499563304450e-01
-7.169229806674142225e-01
-6.056540426439552816e-01
-7.047956963532163721e-01
-6.497277087014142749e-01
-6.649659188548510125e-01
-6.451066538785025228e-01
-7.137468896976966182e-01
-7.880487619804587007e-01
-6.290955538809211989e-01
-5.267790599874356827e-01
-6.831243414464139851e-01
-5.713826839821253278e-01
-6.995941509605183573e-01
-5.771059391796105054e-01
-8.171271114404310421e-01
-5.471637617817137755e-01
-6.915210069306715335e-01
-7.237425704208377830e-01
-5.417365343394650035e-01
-5.125916791257021377e-01
-6.699528713733891028e-01
-4.808375969988573084e-01
-5.614227726976491750e-01
-6.714237679565726591e-01
-5.256613263483694842e-01
-6.426416928718550192e-01
-5.393367495483226692e-01
-6.245719986229140153e-01
-6.374931466925483070e-01
-6.524706167943287172e-01
-6.761011727715149355e-01
-6.987721649033905580e-01
-6.154921160430649740e-01
-7.322796808677408675e-01
-6.503250723834353986e-01
-4.902401040743758487e-01
-4.488209161527164648e-01
-5.307193657960702637e-01
-6.683579636920740086e-01
-5.587119962291827724e-01
-3.049872156599260919e-01
-6.059901006421418712e-01
-4.475091467266296141e-01
-4.247172604285605058e-01
-6.081672434634270985e-01
-4.773172192205767383e-01
-4.419067637791663783e-01
-6.893637464388582270e-01
-4.995916571651589089e-01
-5.731066344845022753e-01
-4.038976402838708180e-01
-5.621994369918309475e-01
-5.410733233098995454e-01
-4.473645776364083559e-01
-5.132747052302425450e-01
-6.035385596803061192e-01
-4.639305367332243191e-01
-5.027660721850990555e-01
-4.685726538906116456e-01
-5.848109125003717601e-01
-4.265974835424616862e-01
-6.157921679796694026e-01
-7.633901209848883429e-01
-3.811586326047882722e-01
-4.006460078223897381e-01
-4.930227194858407547e-01
-4.075410717028237206e-01
-5.094233559110692422e-01
-5.808426974127137710e-01
-3.889182804743069877e-01
-5.947701505180442716e-01
-4.312394450758731956e-01
-6.107524350721271755e-01
-5.762515175824025615e-01
-4.367488117304230144e-01
-4.021071364582593510e-01
-4.506048840762377772e-01
-5.626179964960692503e-01
-4.046686552470716847e-01
-4.975217570155841540e-01
-4.048127898728031693e-01
-6.158131683625751585e-01
-5.693429430520402512e-01
-4.955589370402749272e-01
-5.511155493720407694e-01
-3.724939664419378293e-01
-6.143097800244421425e-01
-3.958746035260106710e-01
-5.136621187815803014e-01
-4.523678585977044531e-01
-5.408628483416321187e-01
-4.684308279093077898e-01
-3.684750560193910118e-01
-5.000509365001513107e-01
-5.910434451083002028e-01
-4.341328223890914551e-01
-4.913916750934283484e-01
-5.253443953376365494e-01
-3.458172629320803160e-01
-3.729678449653034966e-01
-4.653109413766668978e-01
-6.285894813764313360e-01
-4.392615975624484803e-01
-4.426580419382299958e-01
-5.441031668027886958e-01
-3.872118675401736709e-01
-4.740848867392256083e-01
-4.500035622161026594e-01
-4.351271445846661701e-01
-3.756192071512641228e-01
-5.658337082641743399e-01
-3.588206036312379665e-01
-2.728236070802256830e-01
-3.919343527497833324e-01
-4.075671099347602522e-01
-3.814884578485253086e-01
-4.696328859500207287e-01
-4.382871753356353817e-01
-4.009606269608036455e-01
-3.617092292400362341e-01
-3.981621696292703128e-01
-4.702630588659381661e-01
-5.205240942993214492e-01
-3.568099592206153137e-01
-3.812948450033600278e-01
-3.933502579848908720e-01
-5.162749090015997799e-01
-3.216749660508710917e-01
-4.348192532583420866e-01
-3.618079985273515153e-01
-5.502109209696431913e-01
-3.557542515977767383e-01
-2.385551753639341965e-01
-3.713239915163142335e-01
-3.664302078744895441e-01
-3.486956537397863376e-01
-4.237334338794522814e-01
-2.870092278637594307e-01
-3.466394780404207232e-01
-4.260801452303632497e-01
-1.977285506999303388e-01
-2.144382473633006936e-01
-4.891711451532925192e-01
-4.066490557215639012e-01
-4.586213862008916009e-01
-2.683070580607990196e-01
-4.664131162311647705e-01
-2.693478260889536902e-01
-3.472610859214160794e-01
-5.847958222739269019e-01
-3.257538447702881812e-01
-3.606560364153066911e-01
-1.969836168562261181e-01
-3.775310117282235645e-01
-3.292156899635005907e-01
-3.703369253582161624e-01
-2.191112452183953396e-01
-3.395841985707582222e-01
-2.658779770071007520e-01
-4.340172861868139553e-01
-2.296647718095319035e-01
-3.498944142944283575e-01
-4.461477741195998825e-01
-2.851061147788123695e-01
-2.140023005418845714e-01
-4.008205134045202400e-01
-2.823587791636960609e-01
-3.913005929633103230e-01
-2.372781238478282873e-01
-4.083494280438584867e-01
-3.341665070155316331e-01
-4.192868614906252178e-01
-3.389685870195356943e-01
-2.097979612713978537e-01
-1.884312638786091731e-01
-3.621640353317473471e-01
-3.646683149908708788e-01
-3.952885983436959516e-01
-2.393304385981042670e-01
-2.569501611429104715e-01
-3.546176181919781789e-01
-3.623821705596596554e-01
-1.850616126092266278e-01
-1.066491223358778107e-01
-3.318522183971922557e-01
-2.986107473028263293e-01
-2.846955387815142124e-01
-3.057258693835310237e-01
-3.526949997211536320e-02
-2.537283620693243646e-01
-2.616873874380661325e-01
-1.139098238766977772e-01
-2.289501074370273725e-01
-1.533929247816939179e-01
-2.928475071272300112e-01
-2.487594229828632153e-01
-1.459616855750206221e-01
-2.025591809252869080e-01
-2.164347741764549582e-01
-3.915526115777123173e-01
-1.851532515999624318e-01
-1.523181484315826451e-01
-2.118848893702446057e-01
-1.526282625805447102e-01
-2.469304636648284312e-01
-2.177937025726631171e-01
-1.893558124492710493e-01
-2.804642601476342589e-01
-1.507914810702128128e-01
-2.453359656848984327e-01
-5.440020651653062339e-02
-3.332631812706577379e-01
-3.019486081968723035e-01
-3.238995862662618630e-01
-9.285707568113810151e-02
-1.829275243814947327e-01
-2.683257126427336381e-01
-1.284167064629727073e-01
-3.119161689466610765e-01
-1.244130384669993178e-01
-2.496429295935715664e-01
-1.316889255903393730e-01
-2.132458542155220294e-01
-2.939052478618390252e-01
-2.898893363563951886e-01
-1.923147257507832886e-01
-2.656699606736321814e-02
9.307538083394795159e-02
-2.748578804240678353e-01
-2.254945548638414565e-01
-2.165108131203255792e-01
-1.239132532109580159e-01
-2.103140153648146438e-01
-2.348009354812507221e-01
-1.556505720657294367e-01
-1.044048915667186300e-01
-1.213210120994794722e-01
-1.754055217700521419e-01
-1.605896331602917615e-01
-2.815106960121131069e-02
-1.833889464226357846e-01
-5.521818062387107845e-02
-1.552741847503570360e-01
-2.022886233735292916e-01
-1.425034339785736376e-02
-2.069277546798526657e-01
-1.923156436154418170e-01
-1.900937491539033131e-01
-2.569027109566405231e-01
-2.756056067596824449e-02
-2.127912117198296482e-01
-1.113253565268130241e-01
-8.423748871897338009e-02
-1.561428591788273368e-01
-1.175514968691667300e-01
-1.763994796354577677e-01
-7.802237731351215066e-02
5.814087062352477769e-02
-9.223290244600911014e-02
-1.004899736331092419e-01
-5.921507998650065580e-02
-2.299927468267255748e-01
-1.987414681139204609e-01
-2.065906023724869423e-01
-1.343713046045938719e-01
-1.171807579963606571e-01
-3.024617516250131463e-02
-1.097936214950879369e-01
-3.421369870545924730e-02
-1.303977035500487047e-01
-4.677758043461085168e-03
-2.160743983637243293e-01
-1.266213326755131208e-01
-1.742355071276174561e-01
-2.361799402838609951e-01
7.409257247695741344e-02
-1.391369821200212353e-01
-9.915364971895772317e-02
-2.902479969365396803e-02
-8.691029086057611153e-02
-3.168535845129252793e-02
-5.105187501347171336e-02
-4.025127908156844042e-02
-7.220456400010306919e-02
-5.046776776876230053e-02
-1.364621129198941539e-02
1.779139302797667910e-02
1.282248916242614660e-02
-2.875135722327527496e-02
-9.216810306968777067e-02
-1.233745718341771325e-01
-1.647513962227296624e-01
-2.055846304510173528e-01
-6.390778380413876525e-02
4.320137235260940178e-02
-5.114583061415244741e-02
6.135673937750842077e-02
-1.867067607025817144e-01
3.799642832195360143e-02
6.641087194806800931e-02
-2.190679043174354190e-01
1.680104822922456609e-01
-8.377165493649321726e-02
1.464943670032397421e-02
-5.341757845763090568e-02
-3.486582189232468459e-02
1.371343515334060015e-02
-2.162776289082729564e-02
-4.430734710465662751e-02
-5.189717979125541003e-02
-6.751854073976973347e-02
-8.638505522033222694e-02
-4.392569053372601812e-02
3.022477276057776007e-03
-1.717170895299604816e-01
3.011627272067844002e-02
-5.477425164242340216e-02
1.290307239821740677e-02
2.441922394390038872e-02
1.346962278878660324e-01
6.768461583113397073e-02
-2.540647215470415166e-02
-5.580198034924880451e-02
-6.692466784295333926e-02
-4.650705210011274460e-02
2.702845771595472832e-02
4.579962813706701247e-02
3.979278871301895198e-02
1.591614362049641462e-01
-7.682699418008326342e-02
-3.116862833197689420e-02
2.921048209905738671e-02
-2.455632318303502953e-02
1.486964602277380809e-01
-4.688130615078499840e-03
-3.022257292551340513e-02
-2.193195038254129939e-02
-8.622633805421954165e-03
-8.143410607687097402e-02
1.409983537760065193e-02
1.053423053091294692e-01
-2.803226737981021153e-03
-2.653473352219791817e-02
6.510641389878304985e-02
6.050975216619348951e-02
3.943092447075753626e-02
1.574412640212434766e-01
1.087013295146107145e-01
5.935827298174179562e-02
1.592267032130061100e-01
-7.574322905534719430e-02
1.671200061621566368e-01
2.053994534877830458e-01
1.748824496350616653e-01
8.228214436373394725e-02
-1.215578142943548323e-01
6.047227410374077933e-02
2.789947882329449000e-02
-3.284965002684680363e-02
7.370730996298188731e-02
3.260252788254471012e-02
1.135477527535579539e-01
1.058287626812832311e-01
-4.780902037396842635e-02
2.262366424316993585e-01
1.218576509153680848e-01
5.928873489033647387e-02
8.074925854264147773e-02
4.760263533822714499e-02
1.830556760719324327e-01
2.872652316676070905e-01
8.924313864439610555e-02
7.807385756185209955e-03
1.455213664998573075e-01
1.344249198743632800e-01
1.522719350171206076e-01
1.622807045688264005e-01
2.687682392663522379e-01
1.802294345052808111e-01
6.095798159878398209e-02
1.610007432194549282e-01
9.903749281222841427e-02
3.683748590855337457e-02
1.687830105435348949e-01
2.150805450329845436e-01
1.527125119159002953e-01
1.687084129261831600e-01
1.046826409034294497e-01
1.551532911149712812e-01
1.604562223242223251e-01
2.162311264496538099e-01
1.862168611953541331e-01
1.597880018421968806e-01
1.354346008328641549e-01
1.246272440389111918e-01
8.581811110590006897e-02
2.287289246876683946e-01
2.552159102274215163e-01
9.321691951981195268e-02
1.540617332151675289e-01
1.402718854835321993e-01
1.375058143093532970e-01
7.235100785573757298e-02
1.665602907606585914e-01
1.089226986576340289e-01
2.685683159387687313e-01
1.954078491885827551e-01
2.342709347446086596e-02
2.473272663062314747e-01
2.536945295804750033e-01
1.397738145803992804e-01
2.717968102888039805e-01
9.441545097657194630e-02
1.931873635753734997e-01
6.495062479997189275e-02
1.148825018834784412e-01
2.822024046694993765e-02
1.103669991648868198e-01
1.770864272379662485e-01
1.493875777885732559e-01
2.826365881096323251e-01
8.552292509377319718e-02
3.368843507946695515e-01
3.586206719486662031e-01
8.427477587175138951e-02
4.805217851379584015e-02
1.818051810367234122e-01
1.307736210366131913e-01
1.922534190442726221e-01
1.843110994553232573e-01
1.320555797245058782e-01
1.803708780789163024e-01
3.067386045090534363e-01
2.347534326098092983e-01
1.133951930617991127e-01
2.357158055720137979e-01
3.421411745475253507e-01
1.915437616032407142e-01
9.097450631944467569e-02
2.406649358921099935e-01
2.309858817226269068e-01
1.388978724403015785e-01
3.190023500921189692e-01
2.742305029779000813e-01
2.870767216220164730e-01
2.877160219141581265e-01
4.043092032123511426e-01
2.548879061306725258e-01
2.312684463539079471e-01
2.542315742407020296e-01
2.222710594669430328e-01
1.734708263490668534e-01
3.682173470604802046e-01
7.495278915949395160e-02
2.368153347753538529e-01
9.493050438868570751e-02
1.428765469985205372e-01
1.448569793436728370e-01
3.743189236256792007e-01
1.729200047473797019e-01
4.685178011417614474e-01
3.368511644563326746e-01
3.272353020361699616e-01
4.209619764303708656e-01
1.757162241916785106e-01
3.124042601204227720e-01
3.457700651920793122e-01
2.552004237055027214e-01
2.449765997856377664e-01
3.426207668340754964e-01
2.871683531789950838e-01
3.180491612932865864e-01
3.228290475744993726e-01
3.994869800256727888e-01
2.875324778193565356e-01
3.743684717047092714e-01
3.107929173238447862e-01
3.422196580425342360e-01
5.279422287275443992e-02
3.331555509492086231e-01
4.564956692366702318e-01
3.829022815471790353e-01
4.177070498052062875e-01
4.652427320781640230e-01
4.169094205135309705e-01
4.415710399287825494e-01
3.311059677305497329e-01
2.321789901890224661e-01
4.276796053941863684e-01
2.913314951302953260e-01
3.041612187963230185e-01
2.644319028473138267e-01
3.917517196560867943e-01
3.984148236968324541e-01
3.849130099029097196e-01
3.458472560379487470e-01
4.140861298832871906e-01
2.677867177162021606e-01
3.905010730647484607e-01
3.223360831267388371e-01
3.329360011457745960e-01
4.489855143875629562e-01
3.303376436128529492e-01
4.713865228516463945e-01
3.742226588618411953e-01
2.789040417289125329e-01
3.754583355835632852e-01
5.158289059116206721e-01
3.675786984821827752e-01
3.073368307597464377e-01
4.183871794936913635e-01
3.041230238272321640e-01
4.949692972371069755e-01
4.742662191974665320e-01
2.955545252796467071e-01
3.252652580113426506e-01
3.104913230639148036e-01
2.936400368535473926e-01
2.800599843933993527e-01
4.384433508888935238e-01
1.955730032372822724e-01
4.243301995102428115e-01
2.513335972919558681e-01
2.467665319616947628e-01
4.024833800191209843e-01
4.923153500361316937e-01
1.877139609495026840e-01
3.968955347071026485e-01
4.859965863149941501e-01
5.109313011382642378e-01
3.853518976001307217e-01
3.513903999777496789e-01
4.273552267659864734e-01
4.908291575350735569e-01
4.593550117734214178e-01
4.027105989671745934e-01
3.827671702380895380e-01
4.140597740730024290e-01
4.501018692582620662e-01
3.681442528416731808e-01
4.131458275290940674e-01
3.089936334920546090e-01
5.701522311978477475e-01
4.148027101604393474e-01
6.472802433323829874e-01
3.023123978633230347e-01
5.334588637977140113e-01
6.733816122004397942e-01
4.193822195177697165e-01
3.976250265510214432e-01
5.171478194188796618e-01
3.255233252216026552e-01
4.570172877895741781e-01
5.946828389730616227e-01
3.989993286818411256e-01
4.685712372396548808e-01
4.200250987734470698e-01
4.758895155666696963e-01
6.473606026453561091e-01
5.366947174455698466e-01
4.842812661206169489e-01
3.954903395121421306e-01
4.303304584798586796e-01
4.303237342814993927e-01
4.916493210169941563e-01
4.425929626994993815e-01
5.051431070347865981e-01
4.285125639076710069e-01
6.393803868964710313e-01
5.267517265547626559e-01
6.065280178784777654e-01
5.861168472089882675e-01
3.659816598860820558e-01
5.093625992220220944e-01
5.425503534698452590e-01
6.984869004820138949e-01
7.173286446104333303e-01
5.836321809217617229e-01
7.023480964807992111e-01
7.319345887853129229e-01
5.641442073794071810e-01
3.585740420591778665e-01
3.389023402441020405e-01
5.368627814668370801e-01
4.790763644373495223e-01
4.328828989141762507e-01
4.803054319680477025e-01
5.101914680877106534e-01
4.213615445458768205e-01
6.453989725983503289e-01
4.990871387602220932e-01
5.813149108214643590e-01
5.570685104784355302e-01
4.791992036643510366e-01
5.019774389176206997e-01
4.756635978644819795e-01
6.210925166992020685e-01
5.277423768867809395e-01
4.607062091061041031e-01
7.523650857096565447e-01
5.874505211083032030e-01
5.935080985959501065e-01
5.761857261177513179e-01
6.264210515748336316e-01
6.120554664189723493e-01
5.410768416553295435e-01
6.389215826387957264e-01
5.328059730876173461e-01
6.431728063652375482e-01
4.851989497766599491e-01
5.300833604509501695e-01
6.974124773453710402e-01
5.295133062580232863e-01
4.420789837404363598e-01
5.513095242014292019e-01
4.647951254137197008e-01
6.093641537292269206e-01
7.057212303520807861e-01
4.679497607020612904e-01
6.846748239633574373e-01
6.039720646205068988e-01
5.902217607652615605e-01
5.365658898565325297e-01
7.454709961065529855e-01
6.514715345955780501e-01
5.279156837167006122e-01
5.723729516349251867e-01
6.558352875357438272e-01
6.620894831496653143e-01
5.499026473908532608e-01
6.065957591796161674e-01
6.072207315077028378e-01
6.274611238207542518e-01
6.837855646558933520e-01
6.678297697284995005e-01
5.823036248923394442e-01
6.384759747766112215e-01
5.693350768683947960e-01
4.170562596182986193e-01
6.736136194208596217e-01
6.151040241954315313e-01
7.153497989666810497e-01
5.815008950065374549e-01
6.319064831504378477e-01
5.711875988854833164e-01
6.279634810483442076e-01
6.173533538468713999e-01
6.656800781067274686e-01
6.073692579934099056e-01
5.800709642057237936e-01
5.706243130319295087e-01
5.522619164460783603e-01
5.252481131336615983e-01
6.455844947550405388e-01
6.489155003330324689e-01
7.728814182864603977e-01
5.398279782674132443e-01
6.560080320831561673e-01
6.672484929138645660e-01
7.311002651739891833e-01
8.101947159251083885e-01
7.322790913125512002e-01
6.173230343400378795e-01
7.809677043311563649e-01
4.539134874544477616e-01
7.065414153279815368e-01
7.234645477622664300e-01
6.845210601367305303e-01
7.820961778304962309e-01
8.362117863225778658e-01
6.595739382538426954e-01
6.996330139958836236e-01
7.151881963143844612e-01
5.920083664964064241e-01
8.553049874717038037e-01
1.046148714536878632e+00
7.570069924984075271e-01
7.218457918321353750e-01
7.881525112899502306e-01
8.367007991180582804e-01
7.457133528782040610e-01
6.549119069674076421e-01
7.375009121432476444e-01
6.420173888383498007e-01
7.037815005697773962e-01
7.840464912016198440e-01
6.599374425468358396e-01
6.781582672689582258e-01
7.621025420392052441e-01
7.797183227019689467e-01
6.371960305504689170e-01
8.323091468960455153e-01
7.561580160012716378e-01
7.233612375956269824e-01
7.192437330206256085e-01
6.622992781169838583e-01
8.571093401251669297e-01
8.167475223773655868e-01
8.211883708626678269e-01
7.649697515548398163e-01
7.083654686876507123e-01
6.895718211104958639e-01
6.741384553951367264e-01
6.482583648425011003e-01
8.279015370833860965e-01
7.341250127750711396e-01
7.113424066887638064e-01
8.884751415441223266e-01
6.481770670454317651e-01
9.135343780158275973e-01
7.183364982809445909e-01
6.961403131827249569e-01
7.972946723688956183e-01
8.119723354205177213e-01
8.189466572034435066e-01
7.570821014876535360e-01
6.620285288000046231e-01
8.929657428045636447e-01
8.195366347183825617e-01
8.842979963082173711e-01
8.758512165828247209e-01
7.399747298217090874e-01
7.885522282758188339e-01
8.265606511592712424e-01
8.142531746031278495e-01
7.545118310332232792e-01
7.540507970864295251e-01
7.622465995538579842e-01
8.514254320171475987e-01
7.518934716998894041e-01
7.853979148188946491e-01
6.794243296349118388e-01
9.107381760546099381e-01
8.492137745117592784e-01
7.519434296628145775e-01
6.965878298064719365e-01
7.974820312688705171e-01
7.950118885856085615e-01
7.687487973976566691e-01
1.029911063612746647e+00
8.044496755360143192e-01
8.481660874935960104e-01
8.522804007584671160e-01
8.267786370404853757e-01
9.290382831664132368e-01
8.567041150937898530e-01
8.662145897047145437e-01
9.563756135400577341e-01
8.395040688770567527e-01
8.184679807813811658e-01
8.341407866545014205e-01
8.602707354205911816e-01
8.192706977704762306e-01
9.480804455018662091e-01
8.365564049731439855e-01
8.739381287337903981e-01
9.256029785345165628e-01
7.946370041050693223e-01
8.727740314339742511e-01
8.255582988216593199e-01
8.296750930289933379e-01
9.450833753754996902e-01
9.284302190175779401e-01
8.670059341198863567e-01
9.264969843574731856e-01
9.108754730866327476e-01
9.222882721381359117e-01
9.279384476888286049e-01
8.561904365733263855e-01
8.176729830698201695e-01
9.091498725131633707e-01
9.438103037529280703e-01
8.691608024781808384e-01
7.536069790853656691e-01
8.422520384548171091e-01
9.566132287646774701e-01
8.077990015493305975e-01
1.051167478569027702e+00
8.913867152526103732e-01
9.010080747167541482e-01
6.894491894057183101e-01
9.379137716935026514e-01
1.065894090523475279e+00
8.487016190989420394e-01
9.067966254342245680e-01
9.335143094830672394e-01
1.014660730688103252e+00
9.721385681840791770e-01
7.815921091187034708e-01
8.879585208684741549e-01
9.347174578255700306e-01
9.213179616439938213e-01
1.012533946249421390e+00
7.861578141584637525e-01
9.088812470006819577e-01
8.956761186411843489e-01
9.764293539203376948e-01
8.807495315485319720e-01
9.604881313918582908e-01
9.929082433342689695e-01
9.422081669470312448e-01
8.940714251668248069e-01
1.042555436511279021e+00
9.713526018027555109e-01
8.956274101931356313e-01
1.010283046631829551e+00
1.096676773692825790e+00
1.167531655180198857e+00
9.463073088101072727e-01
1.045664366661233968e+00
1.051851495314086060e+00
1.037332082353342511e+00
8.924886503804129179e-01
1.049205974239500350e+00
9.690119584429380817e-01
1.132871496311453008e+00
1.097331136096616033e+00
9.404761084162259754e-01
