-1.007574079967133773e+00
-1.003868626354645688e+00
-1.044427652059046085e+00
-1.128342095643831478e+00
-9.812008162161507396e-01
-9.299574499345224510e-01
-9.230845851001668878e-01
-1.071743422265582391e+00
-9.844909712921345868e-01
-8.027368647644672617e-01
-9.961440018728936474e-01
-9.335230964224615624e-01
-1.028509413642633596e+00
-9.605137132058283456e-01
-1.032714960011570593e+00
-8.871915893247246387e-01
-1.019219466856880363e+00
-9.965744997658868565e-01
-9.250824107559354470e-01
-9.581574608026427464e-01
-9.016519402068228217e-01
-1.041355922807140510e+00
-1.096548367730977747e+00
-9.874546935162853423e-01
-9.062589266813917410e-01
-1.023195631130532357e+00
-1.016183089254819594e+00
-9.669767286608016432e-01
-1.115514122538886044e+00
-1.008500902531368926e+00
-8.607542639665272111e-01
-8.907573475654547712e-01
-8.737545889798999932e-01
-9.839411327748461833e-01
-8.905444908830461026e-01
-8.905325048846164382e-01
-9.040259725757376907e-01
-8.369859927786993392e-01
-7.567070801529502955e-01
-8.891031596703434792e-01
-9.244296153529365512e-01
-9.529780348422257630e-01
-8.071842342803531301e-01
-9.700543263044896225e-01
-9.320948447778911738e-01
-7.453685805736726122e-01
-1.202763602763839534e+00
-1.072291649291392091e+00
-9.313730678077762892e-01
-8.703162185727228994e-01
-7.699018701290871736e-01
-8.918443170338985482e-01
-9.611064872158794348e-01
-8.143435003206865863e-01
-9.010529198126080441e-01
-9.852316611238542965e-01
-8.586514798026139150e-01
-8.846179227714752180e-01
-8.511365365133777283e-01
-8.004005427076156254e-01
-1.045892091175063987e+00
-8.177935037720575062e-01
-9.922729575949643666e-01
-8.801590030738384307e-01
-8.204124012266506005e-01
-9.094489086081584128e-01
-7.861405578942235461e-01
-9.308018844442875750e-01
-8.873526498620788461e-01
-8.490060783228960961e-01
-9.223610568904140328e-01
-9.527709191881452711e-01
-8.472649854535462266e-01
-7.926909585843674444e-01
-7.632988037211377863e-01
-7.206070365261227906e-01
-8.947497108634820950e-01
-9.094003374511656634e-01
-8.119984602098031523e-01
-7.666144165071303584e-01
-7.138458815069629315e-01
-8.352127448823685185e-01
-8.710617853744578865e-01
-8.185580683963998849e-01
-8.499236681939160709e-01
-6.805742654347656240e-01
-7.196031531037692108e-01
-9.661114346295726074e-01
-8.704242220124098761e-01
-9.418422687523112513e-01
-8.569853417821357011e-01
-7.362209739043975576e-01
-7.309410850275462890e-01
-7.381656326411588642e-01
-6.759816038713251096e-01
-8.573589681884036251e-01
-8.471100084541983710e-01
-8.374456705297934622e-01
-9.032998544296209076e-01
-7.742630191254828986e-01
-9.170841470300802323e-01
-7.499459663225925832e-01
-7.638647675528345005e-01
-8.557771729863059562e-01
-9.030971387109308912e-01
-8.263664424424227439e-01
-7.891932453100406475e-01
-8.299424775759862705e-01
-8.976199999780514194e-01
-7.924776257412475822e-01
-8.806098283665174664e-01
-8.153451714721946519e-01
-8.055352041580223776e-01
-9.336694460434362686e-01
-8.531705988047576517e-01
-8.062944885987518573e-01
-6.958323173577452003e-01
-7.144936830674633033e-01
-8.168921578015785334e-01
-7.940394504307508594e-01
-7.722808174082516075e-01
-7.373901314606042812e-01
-7.785395053187826875e-01
-7.433654357143267832e-01
-7.954449910316331307e-01
-8.592062248790212076e-01
-7.521874393208798359e-01
-7.720355338825729552e-01
-6.903855936634024637e-01
-7.322626615651806059e-01
-8.034348453163898673e-01
-9.967791655749035362e-01
-7.299417731700272860e-01
-8.466470462108598438e-01
-7.947773550084581418e-01
-7.524559923859134303e-01
-7.376298375482012171e-01
-5.817604444566345512e-01
-8.071677099139695777e-01
-5.674144910922110929e-01
-7.964420022407712185e-01
-5.595469498365999161e-01
-7.467463882398741593e-01
-7.677523088533809714e-01
-8.020847203045463614e-01
-6.821410796752801486e-01
-5.544547012873806136e-01
-6.159528957281059647e-01
-7.598209979243842893e-01
-7.977428932584595955e-01
-6.272596159415743111e-01
-7.711713342861382658e-01
-7.654259024636534958e-01
-7.152674703948574964e-01
-6.376472227955701788e-01
-6.832889380853676142e-01
-7.034846112919223016e-01
-9.029448920543512447e-01
-5.251916531940926669e-01
-7.379293023234475557e-01
-7.527548499958897077e-01
-5.302730150600380998e-01
-6.298369664913566757e-01
-7.304823719720805464e-01
-7.099443455166513095e-01
-7.468647823539888986e-01
-6.548301726991574423e-01
-7.356500116642527010e-01
-6.889163291411530832e-01
-6.574819800302621475e-01
-6.004584720010432974e-01
-5.614808469881613640e-01
-6.645855963914568676e-01
-6.187808830029519758e-01
-5.330241995662131638e-01
-5.291035972347410965e-01
-6.365051764484642716e-01
-5.911477535089928459e-01
-6.604133919306639511e-01
-6.322639961450975399e-01
-6.672210398859156344e-01
-6.549158498002256579e-01
-6.170441540285552806e-01
-5.756230788974630030e-01
-7.274028246424443234e-01
-6.465027272615294640e-01
-5.836639602040556429e-01
-6.149706462706893140e-01
-6.200594317919092546e-01
-7.558026812490519220e-01
-6.807760690618588351e-01
-4.398741522162196715e-01
-5.975386171605766572e-01
-6.056045220497804360e-01
-6.290890525448011861e-01
-7.656826570690009603e-01
-7.326698522172299111e-01
-5.443424645178960297e-01
-5.555807013484651558e-01
-5.181792233354337585e-01
-6.086432761007076753e-01
-6.006264956580902314e-01
-6.091422241611097466e-01
-4.530076189475985560e-01
-5.843682934694772735e-01
-7.467954262926699283e-01
-6.730487781950872384e-01
-4.934535706231062968e-01
-6.468382207352177948e-01
-5.703597695787279154e-01
-6.388670530394007230e-01
-7.019672028032480915e-01
-5.230414235967388858e-01
-5.812260922907060978e-01
-5.926237315131224204e-01
-7.015083896746489023e-01
-6.155961942221261918e-01
-5.122001482166227415e-01
-5.988319612967948347e-01
-5.464005940239179404e-01
-6.412350979057247491e-01
-6.003715189849591072e-01
-6.544674577200794152e-01
-4.846225277822149291e-01
-5.778578697501000061e-01
-7.659680528083293582e-01
-6.955614852717286745e-01
-6.246291501175988969e-01
-5.782463966896479457e-01
-6.299609827746041057e-01
-5.289721660181107010e-01
-6.317705478759253479e-01
-5.081593593306852341e-01
-3.909864368935728751e-01
-6.763299751862721365e-01
-4.896292022024608670e-01
-3.615761966624146395e-01
-5.165227025975772657e-01
-4.646694203195971262e-01
-5.531701215260070859e-01
-4.561932276533063879e-01
-6.470554320092046785e-01
-4.261830785052160842e-01
-4.832832727624469249e-01
-5.925321803452681113e-01
-4.760745726971784553e-01
-4.350107484033092775e-01
-4.212772261908424021e-01
-4.679768508626803158e-01
-5.251850227234013957e-01
-4.961274302351163512e-01
-4.028363601273543537e-01
-4.523267081408010593e-01
-5.283402830727487176e-01
-4.204702574471130272e-01
-5.990284282354326750e-01
-5.170729411635551775e-01
-5.540192120745096593e-01
-6.905049536583559577e-01
-4.416578367542985939e-01
-3.945368669363893965e-01
-4.060129706889020196e-01
-5.512704346048705739e-01
-5.164193021355453217e-01
-5.268936115109106311e-01
-4.773445588857868627e-01
-4.526470913634675908e-01
-4.569632615904242745e-01
-4.862515480812465984e-01
-4.467511026157189313e-01
-5.899634417471775194e-01
-4.117535088978043212e-01
-3.982397075410160636e-01
-4.941061123313373882e-01
-4.466272427777094878e-01
-3.778316161222174951e-01
-4.060207006127578011e-01
-4.983926329324318560e-01
-3.265188016322699838e-01
-4.279736256345058054e-01
-5.326469287748667458e-01
-3.052588579525095658e-01
-4.952655072260840341e-01
-4.452449755208389148e-01
-5.016100799264874288e-01
-4.413751261749608301e-01
-4.200528626264857235e-01
-2.811860114317407122e-01
-3.984290740340852288e-01
-5.014910167300212773e-01
-4.467869379661123519e-01
-4.565233344430990048e-01
-3.769204671144556484e-01
-3.631805858637890405e-01
-4.074921528563592021e-01
-4.901822979832811678e-01
-4.341783393334051055e-01
-3.935294024112077071e-01
-4.329355260371992586e-01
-3.533209338464837757e-01
-3.317302489494168283e-01
-2.618549932261054480e-01
-4.994981392454533875e-01
-4.702620615775144342e-01
-4.205916995388674917e-01
-4.529892938722148710e-01
-5.384698479826298678e-01
-5.617498028339114047e-01
-3.984978310642407484e-01
-2.479518674884209628e-01
-3.968162400802635048e-01
-5.462767884640657989e-01
-4.331421569486799683e-01
-2.876778923756310724e-01
-2.921245734866026456e-01
-3.679646851861939627e-01
-3.372263933063986419e-01
-2.972820874397181790e-01
-4.410979284821421320e-01
-4.269980948559988776e-01
-2.956675511514442745e-01
-3.210425971770928255e-01
-3.597031013439901392e-01
-4.252362368843140006e-01
-3.146528996008795542e-01
-3.544095634499561109e-01
-4.581838054218891898e-01
-3.710138441958569233e-01
-2.450879580184241735e-01
-3.974271951577677542e-01
-3.823030080806626430e-01
-2.667779053719698257e-01
-5.097651331843445766e-01
-3.668004299711673522e-01
-2.804965332523730592e-01
-3.007247280997253358e-01
-2.839044513744925502e-01
-2.771212009581135449e-01
-3.035161173122860045e-01
-2.595269448394124656e-01
-2.332041710783666622e-01
-4.444441307969353994e-01
-2.460934773800391162e-01
-1.280613580318338551e-01
-4.474480622144408892e-01
-2.301723463920028745e-01
-1.900840394378631448e-01
-3.166762445680499360e-01
-1.981761758890232261e-01
-3.964185433352130361e-01
-2.517620741202541979e-01
-3.107371625554247729e-01
-2.332829838004327749e-01
-3.129806925349561397e-01
-3.694821803784710257e-01
-2.134720434192598770e-01
-1.907299204028326811e-01
-2.284930417064371944e-01
-2.931955880861267794e-01
-1.569306329376358999e-01
-2.488212524765086864e-01
-1.552430859420353693e-01
-3.017555668763671206e-01
-2.673414640348373283e-01
-1.831057238319507841e-01
-3.802377983248274584e-01
-2.931016900085058330e-01
-3.962387300156260950e-01
-3.807570881165739940e-01
-3.712698118929779745e-01
-2.313063777277431510e-01
-1.982335080390713045e-01
-3.426246321047856092e-01
-1.697100512167862840e-01
-2.217913223835283054e-01
-1.222553770458127548e-01
-3.053118495974675994e-01
-2.700293079921347594e-01
-3.104810226965187270e-01
-3.632840685032103778e-01
-4.528244590330210428e-01
-1.833984642452862468e-01
-2.365648702216386901e-01
-2.541170936952701354e-01
-6.352437375171232636e-02
-2.314842609115548011e-01
-2.777830925573118170e-01
-2.118273263903857895e-01
-1.912262702947502835e-01
-3.194245647521492537e-01
-2.474644615781038115e-01
-1.717289960511283742e-01
-2.396150603963352888e-01
-2.089606713997008147e-01
2.493619129753445879e-02
-5.786750528820334971e-02
-1.597128547631761208e-01
-1.187871560329961940e-01
-1.924537324182690468e-01
-3.055790785471676485e-01
-5.021664910711370888e-02
-1.448130601130861450e-01
-4.331602752524764399e-02
-3.158784601783932167e-01
-1.074465967795299737e-01
-1.780709297494479093e-01
-5.995322731918467651e-02
-9.277787138548317103e-02
-1.636203333877132016e-01
-1.522134312270407575e-01
-3.311014416048970177e-01
-2.389130725020986168e-01
-1.575660966310837852e-01
-3.029331737879129571e-01
-2.343387116367672551e-01
-2.274604263101577539e-01
-1.414821820931025931e-01
-1.489254079780215900e-01
-1.691427470015974821e-01
-3.742399903106055636e-01
-2.311263231922156547e-01
-2.641794421663123393e-01
-8.562450796582628254e-02
-1.783567925540040233e-01
-1.402592548628966429e-01
-7.241947683082622378e-02
-1.059123033856588098e-01
-1.962915963942132025e-01
5.793538554956628381e-03
5.002673952971888049e-02
-6.617063067326214854e-02
-9.675865189203748662e-02
-2.899031023728662615e-01
-6.740899024387440874e-02
3.354813753909749452e-02
-2.043554465496862094e-01
-5.196145737811530725e-03
-1.467046382935344451e-01
-1.182154348461824933e-01
1.875585106077880954e-02
-1.282355738776047027e-01
-7.521747006112818046e-02
-1.269247409624485456e-01
-2.192897747000803477e-01
-1.526241437949620861e-01
-1.227797023010133298e-01
-1.116753140094983998e-01
-4.398420372985293800e-03
-1.445799858320632458e-01
-1.746357725960728524e-01
8.151509266324028294e-03
-4.962277741624945837e-02
-8.990642032732726330e-02
-9.493915335452633719e-02
4.321679321696617060e-02
-4.469740378302491934e-02
-1.900503691122607322e-02
-1.449767197426656551e-01
1.942509174576626668e-02
-3.834709462904106053e-02
-2.919550837830686696e-02
-1.907876190877935696e-01
-6.053177324126012004e-02
-1.315820166525339396e-01
-1.867930796133028537e-01
3.944137152751412551e-02
-2.311816841536087352e-01
-1.588759348576700842e-02
-2.949639213220393019e-01
-3.578573579431466867e-02
-1.659343282500500838e-01
2.597277570548204781e-02
-1.489564279246491374e-01
-3.760940325388734823e-02
-4.251379865953670845e-02
-1.194525460050514937e-01
3.386658384432184726e-02
-1.805987180849742343e-02
6.543014795009637063e-02
6.448623167321296257e-02
-1.924832045595300245e-01
3.883572159717036537e-02
-2.290744250351647582e-01
-9.065825842112286426e-02
-3.102081393180812496e-02
-1.696428248993919752e-02
-4.114734109897439339e-03
1.332874512046298456e-02
-4.268511995138763587e-02
-4.136990196331465086e-02
2.357413462049485348e-02
-1.516405992499322286e-01
-2.254298545475234491e-02
-1.192154609846545893e-01
8.548892884040694418e-02
-1.675401451533607422e-01
1.019372105576357990e-01
-3.960234185078496255e-02
-5.845586530191325403e-02
-7.989937183185644165e-02
-9.971517331751521274e-02
1.164847884278117085e-01
-1.421766688419869862e-01
5.076025403610461700e-02
9.766759403097294290e-02
3.034256084791558603e-02
-2.668792577688431159e-02
-7.011620296003882868e-02
6.924715253450015873e-02
-8.720183917593929412e-02
-1.974400601378325897e-03
1.494547524054794796e-01
1.543638409663071753e-01
-3.647753623996727312e-02
1.027596598947215084e-01
6.648696698733513877e-02
1.853621086344144353e-01
1.002919622217473550e-01
-3.658973868784212713e-02
-7.377351948385167668e-02
1.177441606794500661e-01
-2.640471649116359065e-02
-6.980746620144963072e-04
6.109842338184325039e-02
1.911851650352113796e-01
6.898644761404732883e-04
9.323350916562156421e-02
-5.843010675501759260e-02
9.195728193308876086e-02
1.110917832713099462e-01
7.347780564244470181e-02
9.299452361033293257e-02
-3.931002596928780818e-02
8.694889261646046585e-02
1.154552975137251025e-01
1.680994020231370567e-01
1.619953114565978181e-01
1.703148516255200695e-01
5.048456699724056945e-02
7.909007571634814326e-02
1.178260633729467100e-01
2.473249534418481971e-02
4.136699461747601718e-03
9.844840966575993391e-02
1.463477520425547351e-01
1.885875442664791679e-01
1.874994704502989107e-01
5.123818105560941361e-02
2.815623678651920161e-02
1.144985438977410841e-01
8.830224381307970327e-02
5.059473771906556477e-02
2.375467420015468789e-01
-4.622963389690262596e-03
1.871420969925000621e-01
1.459732766025618467e-01
4.412706186370272260e-02
1.346357747594880971e-01
1.434784838656365802e-01
-2.499203552955119381e-02
5.415336533045735784e-02
1.968261566414136396e-02
2.432563542331278861e-01
2.181135250971287243e-01
8.461458119568446290e-02
2.059367260067611061e-01
2.404686839655192643e-01
1.152495551340707997e-01
3.819976077857696606e-02
2.369019193666447587e-01
6.003227622692487025e-02
1.715691405358010235e-01
2.126589971164227766e-01
1.895564621439509989e-01
9.965732801564377089e-03
2.152480127424152012e-01
2.730183852518860976e-01
1.337803654920191876e-01
1.986671195788077826e-01
1.108427212479178720e-01
2.114090450375085695e-01
1.841992679509013020e-01
1.422348370649010041e-01
1.736210514786741266e-01
2.422976267369680026e-01
-1.024968505034824784e-01
4.477987901544493859e-02
1.766424160042833758e-01
9.413710425655943959e-02
1.433507802114601104e-01
1.854056136384304998e-01
2.525675138473637560e-01
9.741272305877046733e-02
2.971668071862130223e-01
1.125137246137612734e-01
6.268941909927941425e-02
2.247923131381004136e-01
4.029736535230035166e-01
1.884023994478045971e-01
2.319621926440722792e-01
1.420743064363414465e-01
1.655346239698899102e-01
1.544338504806045953e-01
2.585639704000769479e-01
2.171779012162835532e-01
2.225437642404458627e-01
2.239359824407608779e-01
2.918512762637291424e-01
1.828078177354545142e-01
2.632946960357238075e-01
1.470214354241545784e-01
2.627076298994433512e-01
3.818880994395930650e-01
3.071887457837217394e-01
1.457914620922423632e-01
1.524919888750360941e-01
2.488163874091366135e-01
2.207270451531657407e-01
2.863778221017747594e-01
3.827151888621462272e-01
1.415981612863747019e-01
4.909419237262533514e-02
2.756204462637245611e-01
2.761930502380141039e-01
2.404606622030765473e-01
2.465458869525726515e-01
2.430098804734090179e-01
4.263461806477844562e-01
2.871955700368321041e-01
2.128844077523317502e-01
4.558677316351829600e-01
2.089910848133781918e-01
2.699572191805243992e-01
3.143653797123198146e-01
2.917180012684129631e-01
3.823790350556279249e-01
1.911674622097806475e-01
1.921846599852784498e-01
2.246043873879318142e-01
3.064146280714931114e-01
3.074633108805081561e-01
2.047113853901260383e-01
2.998265567262409781e-01
1.691535619979375737e-01
3.282733808999905301e-01
2.703843442490397875e-01
2.359280398950035496e-01
4.326188052953499619e-01
3.460409664950143127e-01
2.372857545458415263e-01
1.406992732893904037e-02
3.353905484366344614e-01
3.110481900710248548e-01
4.001473465541213193e-01
4.052255337271511992e-01
2.466087719091922259e-01
3.362543396857316513e-01
2.160278339035594242e-01
3.287292643921440605e-01
3.937889395752526833e-01
3.168326263875477777e-01
2.844227075825962459e-01
4.108650013763822106e-01
5.349053177011265925e-01
2.546800983512051975e-01
1.983807190389900998e-01
3.860673777189009281e-01
4.100032218017534702e-01
2.782936237484804343e-01
2.736564624816830160e-01
4.025282427880499947e-01
2.906050542094409939e-01
4.985495374804329582e-01
3.493934937254420947e-01
3.853099136773723843e-01
3.561583093201903805e-01
3.135420368276760072e-01
3.863113678869112833e-01
3.818484273650235017e-01
3.371016754765130408e-01
3.169684789894079979e-01
1.635641325422174941e-01
3.138995251042955847e-01
4.396167841013333688e-01
2.242186491331698006e-01
5.051707770792538410e-01
4.005885487649247789e-01
4.459353721650043401e-01
3.772416978343969829e-01
4.692767664123301818e-01
4.438659704234027559e-01
3.057845985295925550e-01
3.792326660764707702e-01
5.143501111247411606e-01
4.390642060103444044e-01
4.664495491152884088e-01
3.945642767680726526e-01
4.066842322682743815e-01
4.147907708469203425e-01
3.488554471056187767e-01
5.227955483397097591e-01
2.742470022513108785e-01
4.488137128051428726e-01
2.482191502202573119e-01
3.317411347638189456e-01
3.597092215086010181e-01
4.232835725841742613e-01
4.365657534821142383e-01
5.932077150182279990e-01
3.905493319370436645e-01
3.657266545344601272e-01
5.392941657176040238e-01
4.623443331088051278e-01
4.881473713738161413e-01
4.541018996402742536e-01
3.572240460728733913e-01
3.342565884846434021e-01
4.630851091071425119e-01
4.839961243409147129e-01
3.305581385688515228e-01
4.688092902342083090e-01
3.145216372605117439e-01
4.449602023375095472e-01
4.766946358286205943e-01
5.823483577032764202e-01
4.512297460847961572e-01
4.039912507561448374e-01
4.909561088422773611e-01
5.445062283172568129e-01
4.732314576917623916e-01
5.055171692271362982e-01
4.330975514622267264e-01
4.536667174899400856e-01
4.509304298090681118e-01
4.019292635879087583e-01
4.351007771113930556e-01
5.858906288262420992e-01
3.923837623648573358e-01
4.261721103587760018e-01
5.053554090321428216e-01
5.816570555539807286e-01
5.899664926097533124e-01
4.638204851613293433e-01
5.478494456729106066e-01
5.941122255439222899e-01
5.718905147549637746e-01
5.829901797417704756e-01
3.835942360866426704e-01
4.570764234465575782e-01
5.946782812980332400e-01
5.368152887411012930e-01
5.378195213560700294e-01
5.606466099104949752e-01
4.771316111414298233e-01
7.847467791626838718e-01
4.999818818378656271e-01
5.252872722544948969e-01
4.342031935133455200e-01
4.522814930049290361e-01
3.594359646752379733e-01
5.576418309357996650e-01
6.100358407261722293e-01
4.575961244766407754e-01
5.614998888162495705e-01
4.991078468317255989e-01
4.398251614484957606e-01
5.431752398005901261e-01
5.045373479164277919e-01
5.399184006163766369e-01
5.020921564881468679e-01
5.898052779152069824e-01
6.583737390980153315e-01
5.496790034541354508e-01
5.212470756477669553e-01
6.088687733740129060e-01
5.849424643645473321e-01
6.151687723987026013e-01
5.870834030025047223e-01
6.908484282055474823e-01
6.049403277200963158e-01
5.503500833539384240e-01
5.428157100190953432e-01
6.744420343205541624e-01
4.616443248802964416e-01
7.198239421962808748e-01
5.662858249915105890e-01
6.196134346635492340e-01
6.649393641854001169e-01
4.895401860989928022e-01
7.211083671534729289e-01
5.522225771737825362e-01
4.782233190627049324e-01
5.715949462504048562e-01
4.852427039286714705e-01
6.035340708097077789e-01
6.928027004024589486e-01
5.405164813954865810e-01
6.040552661516875865e-01
6.693021526889041395e-01
7.158349128847688592e-01
6.700691458697799474e-01
5.813423067385826704e-01
5.640197922242389250e-01
5.986051308435423879e-01
6.060712221574601211e-01
8.374043507367955330e-01
6.491610216026308944e-01
5.713666403880381939e-01
5.812663992586315498e-01
5.514364158004281258e-01
6.720911996885020612e-01
6.038359438226164055e-01
5.923795748946650841e-01
5.264698099041793533e-01
4.338770421233287267e-01
6.268214114998739150e-01
5.787951436904354985e-01
4.715756779353763029e-01
7.150100930260173682e-01
7.820861439948202376e-01
5.828347223834197122e-01
5.823151965463325697e-01
6.895526275214197698e-01
6.283441189201468546e-01
6.198824379382215088e-01
6.231944269633524769e-01
6.861619820159680083e-01
4.886275041759159388e-01
6.543165148460211578e-01
8.355019514315978890e-01
5.486288878091432064e-01
7.838753604177587375e-01
7.309645621095747225e-01
7.556262269447369118e-01
6.929865089581194182e-01
7.973320749897142568e-01
5.805191955539119597e-01
8.335209491227463241e-01
6.747477504410287485e-01
6.414800826713341619e-01
6.219793000263013072e-01
6.330231378069313131e-01
6.495389907416897479e-01
7.006127743153571785e-01
7.266577877340492098e-01
8.768042195735346045e-01
8.249965123205144080e-01
8.051721703968627297e-01
7.468860129677634685e-01
6.776779299574448023e-01
7.162349024386696072e-01
7.199332685321974123e-01
6.946581333879549014e-01
7.238335302146744477e-01
6.476937670357693078e-01
7.581854454645049479e-01
6.492248035803701578e-01
6.565142219729158679e-01
6.356004183816796882e-01
7.238986787641255027e-01
7.813704538693836410e-01
5.986856135862684836e-01
6.892809950649734230e-01
5.441161651365339358e-01
5.934407470957306918e-01
6.754767546451397875e-01
7.766151937743791533e-01
6.516350653194710185e-01
8.462406845154735180e-01
8.717062052162061203e-01
6.839422412144740004e-01
7.238812382464810957e-01
8.167786008311740398e-01
6.839052878975485639e-01
8.303828895710602120e-01
6.872029818297819004e-01
7.462050367179902111e-01
6.270022248281267307e-01
6.769971353429281580e-01
7.533331245363372730e-01
7.229345861753504465e-01
7.334352513103298277e-01
7.615702295696877844e-01
8.032045341168021491e-01
7.948575301271276761e-01
6.939289492569876705e-01
9.335905045434091942e-01
7.641521130336670353e-01
9.217373464958501517e-01
6.026344640524766705e-01
7.045271572969339369e-01
7.419809403323286423e-01
7.382852338653852486e-01
9.422412973547548143e-01
8.634069564262750740e-01
7.950127960997496190e-01
7.126248190324903087e-01
8.886009802311569672e-01
8.190362300642396454e-01
7.489831249443383854e-01
7.722965738648462919e-01
6.977423957786746955e-01
8.387871766070381652e-01
8.916903139050633698e-01
8.635198645143012941e-01
8.618534062670233364e-01
7.533026216305862555e-01
8.346426852735765456e-01
8.535428838713291499e-01
9.214929447693777087e-01
1.053531801381927480e+00
7.438747047259464118e-01
8.287697731407291935e-01
8.911451052810288598e-01
7.972896360211877420e-01
6.800811902233556694e-01
7.211236557020863636e-01
8.922306263272535842e-01
8.705329841087559029e-01
8.417010723049408449e-01
7.792819173933397403e-01
7.632230079164482595e-01
8.787498465515169999e-01
7.732398579141277484e-01
8.780071488142330294e-01
8.485483755864409172e-01
8.181284398965815718e-01
8.575496721731715732e-01
9.423557862887251835e-01
8.563826915907596371e-01
8.433434042644136763e-01
8.285752391017372487e-01
7.883025963072284314e-01
7.549297391320082262e-01
8.429409376662414521e-01
9.186252911068625293e-01
9.545039198900624466e-01
9.159215881474287446e-01
9.292192175232646401e-01
9.638846098145256169e-01
9.041831351015108265e-01
9.309968771382839403e-01
8.661313011527245198e-01
5.907903291856281269e-01
8.948357257162005141e-01
9.565829529817014842e-01
9.019606843684898623e-01
7.882518154886757333e-01
9.038788832687791874e-01
9.377362856464526164e-01
1.005357480868865450e+00
9.699494725970454478e-01
9.462092182908100613e-01
8.339785357495200779e-01
8.626372774441732894e-01
7.180165805547198410e-01
1.005146174693798633e+00
1.064617708981582478e+00
9.735114903785913043e-01
9.365218001166467632e-01
8.233805724046592278e-01
9.010625731610276690e-01
1.003870162672880983e+00
9.513633632378937222e-01
9.431051722337339127e-01
8.943779781305341015e-01
9.570282867508076441e-01
1.093875562044438920e+00
8.729899463815291583e-01
9.513515681437415550e-01
9.621901964647097127e-01
9.966460166932405995e-01
8.623819189097602367e-01
8.311695325485466412e-01
9.612469664538927372e-01
9.555034794406384036e-01
8.965263740323641262e-01
8.964811162743157036e-01
9.071161792391226886e-01
9.913291308565237436e-01
9.870235781925346119e-01
1.001194840788832252e+00
9.795983529571815618e-01
9.338548743421463127e-01
9.549870961220187082e-01
9.473107888339817872e-01
8.693176015521465461e-01
8.563235568481744053e-01
9.990373767979168207e-01
1.009517031057106440e+00
1.020841272778927777e+00
1.020720427621139459e+00
9.515076123200245650e-01
1.002071208168573202e+00
8.421639589614964283e-01
9.612731781672985143e-01
7.832782781321901977e-01
1.007264815909148181e+00
9.450629369092740095e-01
9.764286496533169935e-01
