-8.691391049404348923e-01
-1.114315213974453211e+00
-9.410370194601599403e-01
-1.001487802921125603e+00
-9.570694971555753217e-01
-9.856571384896108956e-01
-9.584812191814657822e-01
-9.875390604680667206e-01
-9.466721752832660819e-01
-9.976890703451879450e-01
-9.962752824651988082e-01
-9.850091365791144860e-01
-1.019189603569412128e+00
-7.343568217402263176e-01
-9.081726217979545490e-01
-7.268599108258655406e-01
-1.040263803639338125e+00
-9.599201443134346423e-01
-1.006360202295894180e+00
-1.117877811707522540e+00
-8.485449786324533727e-01
-1.014428688266681977e+00
-1.026115313413052954e+00
-8.373391122137947562e-01
-9.452594793381109417e-01
-9.090335186360074538e-01
-8.726994657562947566e-01
-9.124547918828220805e-01
-9.851488868006791355e-01
-1.043853397539439953e+00
-1.038146663291995786e+00
-9.590777107984367333e-01
-9.550741674122853464e-01
-9.988472571621797025e-01
-8.747596170339054789e-01
-8.598872640701020753e-01
-9.235780656634342556e-01
-9.505527037552669034e-01
-8.722585127970473584e-01
-9.922333404637321275e-01
-9.798642695497029598e-01
-8.891669882171517880e-01
-8.586355192616071941e-01
-9.470211536662916929e-01
-7.221231130025319578e-01
-8.586439125079993184e-01
-8.983444484510491046e-01
-9.073645886289458673e-01
-8.475325709886543102e-01
-7.503366249184436620e-01
-8.881630045367202575e-01
-9.196468969621475198e-01
-9.991115943379691444e-01
-8.647306725707230024e-01
-1.040582700123808602e+00
-9.736683902859984974e-01
-1.113152194996353872e+00
-9.347409064774646614e-01
-1.005024064344589130e+00
-8.567574476858343946e-01
-8.291356391814286297e-01
-9.691679275085075540e-01
-9.975285177866713981e-01
-8.502567878019803294e-01
-9.662665148147582261e-01
-7.860010863543845927e-01
-8.376029006154320777e-01
-8.611285373321222458e-01
-8.113420822777388519e-01
-9.578049660522255371e-01
-8.620502960910333412e-01
-6.933703228687707609e-01
-8.406896398668870507e-01
-7.991878089157242737e-01
-9.154716934422499897e-01
-8.183745410665201891e-01
-9.262011580497265806e-01
-8.707868010740578146e-01
-8.179511372492950239e-01
-8.285148410172835653e-01
-7.567310430028568735e-01
-8.268477738193182880e-01
-8.211421106443511642e-01
-8.271992510879407901e-01
-1.016680046013566763e+00
-9.406960830223892733e-01
-7.805955970011042577e-01
-7.939853359442864411e-01
-7.771800428569559660e-01
-9.285969413962473773e-01
-7.373094248319435051e-01
-8.864191508945772346e-01
-8.766683975832401110e-01
-7.441671836750094471e-01
-8.378054551334752631e-01
-7.776383931677526284e-01
-7.504573952048348984e-01
-7.516443108434748277e-01
-9.177970034199756100e-01
-8.559175908475477046e-01
-8.398619437234715601e-01
-7.533039208497332995e-01
-9.171130233479717342e-01
-7.028988087052294720e-01
-7.803340720489289062e-01
-7.483588216550564054e-01
-5.824938692726052691e-01
-7.966880274838991083e-01
-8.535212979791645393e-01
-6.948821035800468726e-01
-7.817759325231196099e-01
-8.071745065414139830e-01
-8.185287328469132984e-01
-8.575822974326351433e-01
-6.400699461161463155e-01
-7.247011355248210718e-01
-9.147018229725141225e-01
-6.697745168992289555e-01
-7.308277711756960837e-01
-9.077570239927467144e-01
-6.947181271554764281e-01
-9.894635987602601324e-01
-7.463551851920462443e-01
-7.828188240200455450e-01
-7.037635583163029951e-01
-8.517001947473405998e-01
-7.655037402942541647e-01
-7.965984238121369687e-01
-6.571268715445419684e-01
-7.541830654436388892e-01
-6.216887994680586615e-01
-6.881218448431610790e-01
-8.319355940399499882e-01
-8.301760279176362278e-01
-9.636517054397601978e-01
-7.476023734016741251e-01
-9.125787610820794704e-01
-6.920512243965236676e-01
-7.345637470257277979e-01
-4.652465427641595541e-01
-7.173506730119333374e-01
-7.368951149323836880e-01
-6.365552154074378688e-01
-8.483269984416081932e-01
-6.837882215202482072e-01
-6.653349137926537482e-01
-6.335059450596575159e-01
-7.336340328494851404e-01
-5.263642911961262660e-01
-8.491750424214882242e-01
-7.491403810845885802e-01
-5.598277237143094442e-01
-5.584752686685373613e-01
-7.503591656458430403e-01
-7.930585213585303883e-01
-7.238953419344169582e-01
-6.222918824353741440e-01
-6.271154354432085798e-01
-6.873576511962774527e-01
-6.228490092008952539e-01
-4.937020659059925265e-01
-6.518357778414266557e-01
-6.350177440427963171e-01
-6.919612237885365280e-01
-6.793669515577600571e-01
-7.117319372354719009e-01
-6.893553467637874022e-01
-6.148604095321555940e-01
-5.591412509852637935e-01
-7.098261815575680478e-01
-6.225376731401619512e-01
-5.994012566864184155e-01
-7.909658839952977694e-01
-6.553221368207100550e-01
-7.204207680106220479e-01
-5.842511180367706558e-01
-5.732878647829213747e-01
-5.717705775805134172e-01
-7.138095413579124138e-01
-7.566515654585563855e-01
-6.308086126182448350e-01
-7.351156463350746462e-01
-6.330211401580472241e-01
-5.123958878327001809e-01
-5.739863152853954542e-01
-5.358342731138937554e-01
-5.585814319387903959e-01
-6.618929864902511895e-01
-5.912821604129696595e-01
-4.772347469910862561e-01
-7.199663533004411198e-01
-6.490501877397829578e-01
-6.354536608302604472e-01
-6.046469887239690477e-01
-6.169786962781617090e-01
-5.345074217412701945e-01
-6.787925433677712839e-01
-4.003837736392833468e-01
-5.816308981524453969e-01
-5.913470721530345031e-01
-6.422843503658332009e-01
-6.895531827424932203e-01
-7.376744914093745775e-01
-5.469474599717206731e-01
-4.294853652224807639e-01
-6.439809136137677470e-01
-4.708118882415897044e-01
-6.545123898791075367e-01
-7.877855026892096602e-01
-5.052552676959395361e-01
-6.824562614681688455e-01
-5.794600524605827419e-01
-5.912699649589223672e-01
-5.033747981762353163e-01
-5.689808521739273539e-01
-5.243311109683613802e-01
-5.067847926614580389e-01
-4.962555695953761448e-01
-5.472825661601796732e-01
-5.067768537038706000e-01
-5.574475380584893447e-01
-5.336919830942120635e-01
-5.987054171485116649e-01
-5.679579965779139039e-01
-5.066656994723812701e-01
-3.887315596395827799e-01
-6.728377722618376078e-01
-3.240078201743072372e-01
-6.880646198733061381e-01
-4.680280538112429056e-01
-5.761669153588824255e-01
-5.067335680534017506e-01
-6.944614628537575385e-01
-4.694569272891585543e-01
-4.878462737649526537e-01
-4.739177269551904104e-01
-4.757555132906893802e-01
-6.768002327109153837e-01
-5.521406323947177786e-01
-6.093290053725598510e-01
-5.057177267069516979e-01
-5.315435209701014907e-01
-5.794852748606458270e-01
-4.496914887462763466e-01
-4.223821241135274906e-01
-5.068293223835066419e-01
-6.549128544035350830e-01
-5.044704031079049189e-01
-5.199234944711754736e-01
-5.515799074591973827e-01
-4.590145651220559619e-01
-3.974716426748493014e-01
-4.746197365370858900e-01
-4.973729899159159973e-01
-4.467166984624414416e-01
-4.052221913608686221e-01
-5.312685220722295210e-01
-4.258083995519565401e-01
-4.828808215492776945e-01
-5.856458559715574941e-01
-4.620380924899908370e-01
-5.813784506529655616e-01
-4.822226092994679192e-01
-5.763054894219253876e-01
-4.089870278140336213e-01
-4.371892737289965192e-01
-5.458387580961466812e-01
-3.695311608529934788e-01
-3.098751771332882154e-01
-3.752193332105068779e-01
-4.961855797258839518e-01
-5.129094280702550801e-01
-2.919309282262758098e-01
-3.939850944688871315e-01
-4.169088409538558859e-01
-4.630664884386669899e-01
-3.831403136886503136e-01
-4.659112920007120184e-01
-4.370063493974657431e-01
-5.287740359822847847e-01
-3.453052206943647007e-01
-3.509337855110423177e-01
-4.497075006888733850e-01
-3.272763232302761116e-01
-3.064856981534440639e-01
-4.378468084940157490e-01
-3.941973706276406531e-01
-2.984395370763797684e-01
-6.385655953615693159e-01
-4.588424942910059312e-01
-3.159201072081530004e-01
-2.896339877034940224e-01
-3.050373560173834098e-01
-4.296638410375543948e-01
-3.819003442322713160e-01
-4.042246041237280152e-01
-2.295825693334178352e-01
-4.112129685128383949e-01
-4.428063774878978620e-01
-3.914557283991973446e-01
-3.728254492220612337e-01
-3.213397841461818616e-01
-4.166824831032406862e-01
-4.717870035736961842e-01
-3.876425200053629783e-01
-3.507015843542801714e-01
-4.277821087244094711e-01
-2.657580727225837824e-01
-4.582147063185546543e-01
-4.963522400329561379e-01
-4.129788231206557580e-01
-3.353459698401368150e-01
-2.962705216357042759e-01
-5.205340842459785788e-01
-3.605955139129895515e-01
-3.453270937715862687e-01
-2.844108854355632543e-01
-3.407081527750824845e-01
-3.870365634403959976e-01
-3.591805005892608205e-01
-2.811682355746581430e-01
-3.595874028251695442e-01
-3.286774034840921344e-01
-2.189636483366366460e-01
-4.438912441216508742e-01
-4.871966879009981821e-01
-3.976474154236205871e-01
-3.413325413835249234e-01
-3.305420630127590131e-01
-4.239901246187036121e-01
-4.188774481111201542e-01
-2.095590189344061494e-01
-2.790859509716032139e-01
-4.064092412250525643e-01
-2.729370360233485671e-01
-4.910774607096888844e-01
-3.829425074667504592e-01
-4.464135427817797486e-01
-2.422735868876053356e-01
-2.233956092158149997e-01
-4.728160402489077763e-01
-3.530041832366735965e-01
-3.384729725178023396e-01
-5.173654526780865348e-01
-2.512559150406510344e-01
-3.342047644198911094e-01
-2.823958933864976206e-01
-3.102837227111295837e-01
-3.417775341211837792e-01
-2.908785860461751138e-01
-2.656406596897301076e-01
-4.265532955965211648e-01
-2.134773163942011720e-01
-1.605105916024564261e-01
-2.890014097980416752e-01
-2.655297724638208123e-01
-2.033654587662346580e-01
-3.553817946302026409e-01
-1.930072000045178204e-01
-2.855149953886342851e-01
-1.999469347258840957e-01
-2.433378260581070263e-01
-3.906097979676299015e-01
-2.125780364028805325e-01
-3.291105498244386030e-01
-3.747081915795331675e-01
-2.012438139445727192e-01
-2.664380142914731242e-01
-2.576000513946726245e-01
-3.152877222789085554e-01
-3.086921556695640390e-01
-3.167243110232000336e-01
-2.737025729145543540e-01
-2.707755385759159639e-01
-2.606154668073303315e-01
-1.900844853312660399e-01
-1.436859555212718631e-01
-2.788457485017146187e-01
-2.735943558624435168e-01
-3.248155061878414962e-01
-2.619425806892797803e-01
-2.216971268122017447e-01
-1.250505626697400244e-02
-2.762215510844685529e-01
-2.089106255960590797e-01
-3.031569327490536980e-01
-3.361871387921482324e-01
-2.000393259850155037e-01
-5.599609122807572975e-02
-2.098119090183401259e-01
-1.785303580428364567e-01
-1.824311591467707994e-01
-1.854823618895376225e-01
-1.500093910553986776e-01
-1.774431772962623000e-01
-1.777785865214774608e-01
-1.291178910502690791e-01
-2.637175243529347179e-01
-1.658931774169022932e-01
-2.015596914443074095e-01
-2.258518322005013401e-01
-2.753922617809856921e-01
-2.227570283105605731e-01
-2.341865975667125066e-01
1.757631927362212363e-03
-3.259758297077705591e-01
-2.496587260739898395e-01
-7.244007473249317042e-02
-6.365771643825657300e-02
-1.791002739718977610e-01
-2.143931016453809735e-01
-2.130531397767902735e-01
-2.065293002883474560e-01
-1.591930818012678994e-01
-6.299410722874697333e-02
-3.171113122412912988e-01
-6.956528427960606553e-02
-1.719690538547155867e-01
-1.694451439690023709e-01
-2.715907487109915364e-01
-8.860167882681978246e-02
-2.390061817533111199e-01
-1.082553588510278830e-01
-1.055204651104865721e-01
-1.293357511314805787e-02
-1.797496236540308268e-01
-1.624762464762653236e-01
-2.583998969289161840e-01
-1.375561035107872865e-01
-2.225291234483800507e-01
-2.065249137058776385e-01
-2.052459976493674620e-01
-1.442030682096264727e-01
-1.731116844342085459e-01
-8.364696464072762794e-02
-9.610373391063471715e-02
-1.356588713587813522e-01
-4.075742704938935257e-02
-8.919116485452827092e-02
-1.244680087838815202e-01
-8.358254114975199878e-02
-1.707960627592745861e-01
-2.739158866977653983e-01
-1.724892498640981098e-01
-1.452350784926371430e-01
-1.390919594456188624e-01
3.485430638937742770e-02
-1.514908101381556571e-01
-1.075312634449007571e-01
-2.262175067278029417e-01
1.734340414075699263e-02
-2.951250675942559965e-02
-8.769124429678581967e-02
-4.499025260474970311e-02
-1.772147611043028148e-01
-3.078710539485895459e-01
-1.404369746136291397e-01
-1.836055563654394873e-01
-9.561528163049189122e-02
-1.270346510115569760e-01
-2.043163868643599057e-01
-1.855646591449921501e-01
-1.184996125355660367e-02
-1.810825323849385091e-02
-6.541201766157025976e-02
-2.799402822711814440e-02
-6.582702467580376499e-03
-1.927519294586998444e-01
4.099987627891051034e-02
-1.064424664825762250e-02
-2.597616168064847270e-02
-1.471620764069864473e-01
-6.064055199535919871e-02
-4.850367220967775894e-02
-8.483530678228334843e-02
-6.822338767342056576e-02
-2.095222660695612027e-01
-2.449318097017576940e-02
-4.740448893918754875e-02
1.140217204956081413e-02
-5.536239778954996776e-02
-8.435886295918204603e-02
3.675270897272734510e-02
-2.489860086139182235e-02
-1.407864544444328292e-01
2.964933877786328845e-02
8.431467428171522671e-02
-1.502048814418351363e-01
-5.363598267757718752e-02
7.365278989548609129e-03
4.761108204387428516e-02
-6.218159295800971403e-03
-4.448107870520320167e-02
-5.918138300044513411e-03
6.047341227652689583e-02
-7.377736458127356900e-02
1.654440693470213830e-01
-1.748571481785793358e-02
-2.884337393673589919e-02
-1.122027272706372092e-01
-6.848158435242518438e-02
1.081815058892492409e-01
-4.637237763846423916e-02
9.516839280696211267e-02
6.427648298688561079e-02
1.673823885700602768e-02
2.935391704740236349e-02
3.460411290306337345e-02
-3.956424715155076183e-02
-6.868595665998344924e-03
1.191276655182237770e-01
2.763966775354825475e-02
-8.716443730654292732e-02
1.272742433970259178e-02
5.288263243101682526e-02
-7.022787784638595543e-02
-8.992915950618516827e-03
7.679136388119499335e-02
9.839723700511256166e-02
6.352748903620725196e-02
-2.563430195764218600e-01
-1.824433572236201506e-01
7.246758377675342755e-02
1.183972684759125177e-01
4.298828442877034722e-02
4.350979654696495585e-02
1.976477933867721790e-02
-3.579549896729492670e-02
7.155196209540716501e-02
4.637403762725853668e-02
4.836835270011523302e-02
1.709157282238769338e-01
1.869896031837043615e-01
8.186056135770357345e-02
-8.238939389656261061e-03
8.330101421012971186e-02
1.080993238760329447e-02
1.118106670557994647e-01
1.445507389654918928e-01
-4.041397307003900125e-02
3.366753392247964077e-02
1.949597028245893815e-01
6.024830445272156935e-03
-7.243127442168779961e-02
9.430571619963538932e-02
1.623538103590713988e-01
1.982098497133009604e-02
1.436539000618952400e-01
-8.270621107852610399e-02
1.248384416088622051e-01
-3.715719672351288499e-03
1.244490916249851309e-01
1.520209689054191626e-01
1.344201859817596156e-01
-6.378298103225489568e-02
8.638406225046342535e-02
8.300266644953430140e-02
1.120161043967643211e-01
6.334654912586303033e-02
1.723428985826467447e-02
1.912944164244028689e-01
1.138325189054884140e-01
1.835468235691699035e-01
6.753048728018096192e-02
2.956921273840450448e-01
2.266702435302468677e-01
6.417424864733795031e-02
1.621628208244618383e-02
2.022074582231060680e-01
2.606035889214278756e-01
2.057104456286945049e-01
1.217114759173591326e-01
-2.671812609285298748e-02
4.447817663985192266e-02
1.897834632443254899e-01
6.376191592885822879e-02
5.057614631485966850e-02
1.219183697789648635e-01
1.720679409339986587e-01
2.292525118294541919e-01
6.294252412725574730e-02
2.829300824688027460e-01
1.354519606776360685e-01
2.002356903000922228e-01
-2.886209203851497138e-02
1.866007693555785940e-01
1.026084001998366774e-01
2.952432624882317391e-01
2.537655799081174335e-01
2.254093248954884832e-01
2.346796140833673772e-01
8.742911761887044164e-02
1.034357204938198688e-01
1.371755715598014791e-01
1.247206919132872738e-01
2.230561006084674502e-01
2.976997580627638862e-01
8.641642295788395933e-02
2.792605613409551713e-01
1.879062036247812206e-01
1.579655457903189342e-01
2.195651631675031024e-01
8.122822714717513326e-02
3.399016072868679683e-01
2.828825502168882955e-01
-7.326988390590331336e-03
9.399927008070330103e-02
1.908176864729782818e-01
1.085553780708386901e-01
2.265462307563120559e-01
1.007995986895929563e-01
2.313793594672100551e-01
2.733816735487246130e-01
2.414564923486123560e-01
2.896614964105655998e-01
2.691698963537095812e-01
3.407921166482245634e-01
3.064147385794430689e-01
1.718454798887638080e-01
1.607241399818086225e-01
2.672533342246604104e-01
3.362389443320999427e-01
3.002521122694409850e-01
1.686571991510246449e-01
1.871473309415363773e-01
2.575454760428145806e-01
2.734449574204741995e-01
2.826843947517762023e-01
3.037812106168674142e-01
1.368893513589768685e-01
2.858015376246094696e-01
2.137697564021461827e-01
3.410763388587557121e-01
3.899193578109753644e-01
3.147764350914089571e-01
1.352786397895555381e-01
2.715373837656738787e-01
1.962101420099660321e-01
2.704599271871879207e-01
4.032912117532533869e-01
4.135800947093080659e-01
3.324624980208402136e-01
4.100131592453486462e-01
3.256523497349972374e-01
2.047143290715061348e-01
4.775729353885981299e-01
1.744628452458763801e-01
2.813308030362652312e-01
3.968294863344576373e-01
3.373805786775325721e-01
3.737229898829159680e-01
2.666352955757788079e-01
2.302409102241850802e-01
3.024368771163467584e-01
2.736155751180154860e-01
3.111537790309540363e-01
2.894328516266772566e-01
3.886145731298729644e-01
3.837165411285461958e-01
3.970299944335137221e-01
4.977788128343810792e-01
3.674952876242381095e-01
4.164824649714187754e-01
2.566860068942574680e-01
2.666158160601553306e-01
2.541862894030579856e-01
3.009415709511872872e-01
3.017741150655444682e-01
4.247308239907374716e-01
4.602329422172460327e-01
3.212248067676571339e-01
4.308023530249114885e-01
2.476077663339074086e-01
3.708115353590543672e-01
3.488346890573372217e-01
3.520583048683395000e-01
3.706273325263894636e-01
4.982764583984006235e-01
3.414832071521994306e-01
2.781030848862564575e-01
4.963179220513728729e-01
3.468193792633020300e-01
3.721908325493467617e-01
2.572563044998675830e-01
4.782204560730218268e-01
4.315607730905171024e-01
4.677195892780617870e-01
5.207434488181379439e-01
1.781197192436922982e-01
3.231620481976640868e-01
3.510669398375945716e-01
1.632309919788008934e-01
3.232288668158410649e-01
3.565979045288957261e-01
4.366840245272606835e-01
3.251283142726459352e-01
4.883593805644956820e-01
5.248274040651382810e-01
5.104438258461503342e-01
3.727533933867712146e-01
2.796602732473326136e-01
3.422317084782653951e-01
3.022831497245577204e-01
3.111178477704488188e-01
3.016382785289623558e-01
4.638138304065625994e-01
4.908270630618410957e-01
4.732508652128548099e-01
4.772787449659764980e-01
3.271007624797889202e-01
3.609255510620594798e-01
4.889068344843346403e-01
3.766540520917178170e-01
5.867761034294783906e-01
4.772007643785360909e-01
4.866794340462483603e-01
4.167315315767507466e-01
4.257686957540986472e-01
4.704896391376164888e-01
4.441366931906973736e-01
4.237281340013756004e-01
5.155455833206958882e-01
4.165511590957970411e-01
3.852078964702601582e-01
4.379467247524895246e-01
3.505525970988008777e-01
3.495069357317585057e-01
4.161215838192962591e-01
4.008905868443695120e-01
5.222095550436031131e-01
3.690023491425624691e-01
3.687057336745468983e-01
4.740543052226566800e-01
3.391945511685044434e-01
3.567232185701112446e-01
4.131039919497912494e-01
6.176206696752372105e-01
4.001046962862693790e-01
2.925813809979271873e-01
6.581652803151867293e-01
4.043007919672710337e-01
6.211315320622469160e-01
6.068892641500884810e-01
4.914686763413728676e-01
4.709240639979596077e-01
4.731265467380328382e-01
4.337240449093110461e-01
4.189529590409053483e-01
7.855890262061336893e-01
5.815388277129396322e-01
6.091555970091433458e-01
5.591480074415279278e-01
5.557743081293299303e-01
4.455564226613471512e-01
6.034171817196174459e-01
4.819706576573860035e-01
4.605434439511890687e-01
5.501568517764147126e-01
3.848165157551453608e-01
3.318605786943452096e-01
6.895228930702215209e-01
5.078758384747283916e-01
5.838015533932044976e-01
5.607328717029522736e-01
5.711020599305651757e-01
5.031230534736833571e-01
5.554761803765100314e-01
5.803804826372017667e-01
3.212544013119743025e-01
5.527621294535468577e-01
5.889529048118540278e-01
6.449055945500959952e-01
6.256164282147536060e-01
6.631025391670041236e-01
5.821351742612129732e-01
5.729907947929689938e-01
6.070273712747111805e-01
5.603595156223607487e-01
5.317572062187330140e-01
6.175751406655639597e-01
5.137441848027424207e-01
6.440212023290354804e-01
5.048994104596576937e-01
6.756088884281962192e-01
5.363441982947785291e-01
5.899038506556578687e-01
6.405303763551277729e-01
6.271898694844472155e-01
5.627615707617578122e-01
6.913572356993188395e-01
6.057677764625574168e-01
5.357349149493426665e-01
6.559907900463061159e-01
5.677892253331187078e-01
6.263013615115052835e-01
5.241862628914119027e-01
6.825548497717399687e-01
5.948292232498488818e-01
5.937801695833609950e-01
7.290995679164306020e-01
5.755197976315937769e-01
4.203982066227209269e-01
6.222296914999997375e-01
5.956565989280091511e-01
7.265666574193273552e-01
5.245818120957849162e-01
4.460431700367141206e-01
6.856255206548937942e-01
5.188127819016293829e-01
7.090123277058117957e-01
6.628082434890700814e-01
5.267953371690857756e-01
4.927530908944005028e-01
5.453716696973679445e-01
5.886818870870025311e-01
6.669111765675018733e-01
6.314513065576919937e-01
8.216839665244602964e-01
7.678428025218406727e-01
6.753855957933705412e-01
6.439491083108319636e-01
6.569992113246243548e-01
6.321946495680624833e-01
7.177004270846597533e-01
5.607157524233032930e-01
7.269073578581716211e-01
6.586086265586478250e-01
6.782087089791360990e-01
5.370635209864526027e-01
5.496812137216392502e-01
7.669546237293719537e-01
7.258071737945757107e-01
6.947347744025106353e-01
6.750614891632211734e-01
6.771818106350164790e-01
7.275042230121281372e-01
4.644814057835992549e-01
7.817770992880169745e-01
6.931786834659191543e-01
5.749096732451282055e-01
7.676591661493202823e-01
7.409322835977673050e-01
7.119749950890820189e-01
6.563220566909570008e-01
7.743442799560561474e-01
7.320074305757364730e-01
6.218748252066619298e-01
7.151133762975051544e-01
6.291873889126514685e-01
7.634951234358597905e-01
7.205438677086782873e-01
7.162850954960842120e-01
5.605483580960708423e-01
6.800967298476140455e-01
9.235373953859846718e-01
5.780222502751263258e-01
5.830476167671696519e-01
6.998811539840810170e-01
6.133374713749722984e-01
8.745612002627585202e-01
6.820232736729157086e-01
6.749490360847638648e-01
4.919836932809481533e-01
6.479763612572392306e-01
6.466379706557319196e-01
6.725661703795646762e-01
6.423556332631698007e-01
8.240529111124850203e-01
7.769894293294449250e-01
7.349579541728453735e-01
6.880166977329834621e-01
8.278822509605519020e-01
7.436958725892974797e-01
7.805617062457986810e-01
6.876519056554207809e-01
6.678280643456602217e-01
8.042382867627958509e-01
7.118665900582525907e-01
8.261319513409010051e-01
6.242235029538018010e-01
8.167966445011778376e-01
8.423131257684174367e-01
7.606808363645277682e-01
8.127635775176993427e-01
6.902414731282915383e-01
7.892412962588103431e-01
7.241501773871872327e-01
6.782953396280601011e-01
7.475129994821144708e-01
7.905234178337500195e-01
6.585428276292558669e-01
8.893416664254572002e-01
7.843216718687360256e-01
7.446555623601809337e-01
7.740383922599946009e-01
8.610088517710960954e-01
7.570499398555655679e-01
9.066491755581242984e-01
7.945105332746866811e-01
9.793741128307820176e-01
8.050953065692545429e-01
7.536146076243636083e-01
7.097015506129342732e-01
7.925441388789100650e-01
7.285780697438836162e-01
8.244665267358310956e-01
7.199348789168145135e-01
9.064451964056440270e-01
7.651797301211075153e-01
7.638096394288925728e-01
8.895190553140399636e-01
8.149569776539381527e-01
8.759767568564226226e-01
8.034950799113087516e-01
9.349825793828164811e-01
8.907801002485316033e-01
6.141491307266522259e-01
8.421160823229318915e-01
8.685783334055879878e-01
9.928870424067616218e-01
8.572913484551740737e-01
8.915444549905640059e-01
9.035682161697944359e-01
9.115526995471552318e-01
6.579513276042989744e-01
1.069597014311279182e+00
6.777050265333839363e-01
9.690344379989170864e-01
7.637775024113239164e-01
8.587853034992811718e-01
9.985217402986990010e-01
9.899325964585828919e-01
8.223269726754940390e-01
6.279670525197256215e-01
8.821253659308762041e-01
8.673428350059273484e-01
8.510576281210719962e-01
8.225119322564383717e-01
8.346207195685859670e-01
8.895038053546201473e-01
9.193232771182521246e-01
9.429795988652577288e-01
9.691856015500186494e-01
9.006908814733592950e-01
8.690983512596220928e-01
8.389768069798784200e-01
8.550305622685652196e-01
8.309482586752762190e-01
8.142625579375543099e-01
1.084911369836080608e+00
1.014697689557636506e+00
9.053010297180565935e-01
8.911400293557911745e-01
7.949229685466135953e-01
9.078524467716676538e-01
9.265162669385216265e-01
8.308632366511324863e-01
8.773689761418951294e-01
7.773391714762171167e-01
9.739642112793009954e-01
9.875893828495438953e-01
8.754921075402001263e-01
9.239477855636060166e-01
9.166228079373714976e-01
9.145129060432626300e-01
9.825094685636542868e-01
8.578784795388706419e-01
8.475889946743407899e-01
8.858709387280795378e-01
1.026700738061708362e+00
9.147952442664223360e-01
8.830481020023511762e-01
9.064793614461132965e-01
8.323946919950599987e-01
1.048922355277794649e+00
9.335098846751624935e-01
8.869017002126552418e-01
9.021724899539138587e-01
9.582883632586186584e-01
8.274557550299181941e-01
9.202794759945831515e-01
9.602106937113562557e-01
1.038702904909226898e+00
8.874896479882868894e-01
1.037551308971757846e+00
1.116616879237090298e+00
9.729769869269611071e-01
9.939059875133902100e-01
9.886418077831433671e-01
9.507849107562672542e-01
9.984777487196437873e-01
1.050153342856758432e+00
1.141087302190983754e+00
1.026088771894916318e+00
9.063169612601231773e-01
8.684080298617838922e-01
1.181645413290143276e+00
9.325575650531207073e-01
8.555605493188846999e-01
1.065056306317062607e+00
