-9.776690247657331412e-01
-9.974633582713828828e-01
-1.035115186049738512e+00
-1.138439604634109203e+00
-9.892118342015796539e-01
-9.222385081112567384e-01
-9.250869254963373089e-01
-1.054149786258821830e+00
-9.783476954185273966e-01
-7.966828601459413628e-01
-9.916767959778159947e-01
-9.325156167194146306e-01
-1.032609724592738143e+00
-9.349024167895807480e-01
-1.012269184666803934e+00
-9.089272285275846741e-01
-1.027619602568553780e+00
-1.008969185212013286e+00
-9.294997921402802232e-01
-9.371376417132306624e-01
-9.064661790211993031e-01
-1.037994334381845629e+00
-1.095781826204821563e+00
-9.777884922963753223e-01
-9.012836080278888717e-01
-1.019763092644766056e+00
-1.009003697397905741e+00
-9.711393781068533571e-01
-1.111617443801230953e+00
-1.002624850802294354e+00
-8.764903379933051131e-01
-8.837801502175887114e-01
-9.042996757180737921e-01
-1.001345769459154988e+00
-8.879702580861306149e-01
-8.843223160698765462e-01
-8.641764841818191378e-01
-8.326606460497170126e-01
-7.690100567648734398e-01
-9.031507585962484930e-01
-9.469681216474864494e-01
-9.500766141769148021e-01
-8.211583273753596535e-01
-9.735532456270570290e-01
-9.290583192306161031e-01
-7.662538646218303162e-01
-1.186686199384783480e+00
-1.078139149954662201e+00
-9.272094628127319771e-01
-8.506349847557175270e-01
-7.549374366937086078e-01
-8.932232571016986977e-01
-9.758245625142758506e-01
-8.217334645576459540e-01
-9.226207819380166653e-01
-9.990451290877162549e-01
-8.600955474034720494e-01
-8.982677494560048492e-01
-8.305682803198036757e-01
-8.035957135662508133e-01
-1.037357669179863162e+00
-8.209184865688708976e-01
-9.813514708190853586e-01
-8.751845086224960824e-01
-8.245871419304420247e-01
-9.293786779247046326e-01
-8.194531860695508652e-01
-9.469407683042517787e-01
-8.770956869957621249e-01
-8.587223934857479701e-01
-9.180831274447720514e-01
-9.549920885088741818e-01
-8.304916513823744628e-01
-8.246718545941020828e-01
-7.748502065039728492e-01
-7.375853810004324718e-01
-9.121294783142150919e-01
-9.112775257693368491e-01
-8.398337677440634863e-01
-7.831385274173517930e-01
-7.197900777524132154e-01
-8.202879816198406226e-01
-8.635004203157243818e-01
-8.133570581719524739e-01
-8.622009399311693079e-01
-6.926195673907578065e-01
-7.100988294751914287e-01
-9.548365256775025456e-01
-8.451714482190935129e-01
-9.350833874637156651e-01
-8.676902948628537615e-01
-7.389344546289539073e-01
-7.153361289077385665e-01
-7.389601434139324576e-01
-6.722111211688530652e-01
-8.596944087266952250e-01
-8.603489580542178494e-01
-8.374362313476647612e-01
-8.858087022371055053e-01
-7.889517836414691176e-01
-9.055919063252940715e-01
-7.465897411258077820e-01
-7.763120701415989755e-01
-8.533427294615596459e-01
-8.843045409113605704e-01
-8.066131464417884978e-01
-7.790982833387418705e-01
-8.140603980581317956e-01
-8.935517151620492315e-01
-7.663276536435941200e-01
-8.799157950771887560e-01
-8.371113589309062686e-01
-7.854173910698971639e-01
-9.064521650126057262e-01
-8.573717124139097479e-01
-8.045765220445459942e-01
-7.113757592441547484e-01
-7.019373118204176309e-01
-7.916984648085380050e-01
-7.839937288432524687e-01
-7.916967961727455760e-01
-7.437233105593143989e-01
-7.651224902301543285e-01
-7.166452950143242795e-01
-7.911712277644579183e-01
-8.618906417716858392e-01
-7.535841992330005734e-01
-7.658402717122646530e-01
-6.825040686201609974e-01
-7.639054875802737676e-01
-7.781774300270084543e-01
-9.944412051906618144e-01
-7.409126194507072993e-01
-8.599014089217932311e-01
-8.087455016071866121e-01
-7.537685757416665577e-01
-7.431349595664160645e-01
-6.031970399735374633e-01
-8.250422947202313839e-01
-5.706407067957033341e-01
-7.912993737671645267e-01
-5.701998330656968816e-01
-7.297062587121757593e-01
-7.543556935084451132e-01
-7.995926133415176551e-01
-6.611386322359900092e-01
-5.539500997826538597e-01
-6.236247272927162300e-01
-7.304573093752858570e-01
-8.034757007710671139e-01
-6.169874999421142148e-01
-7.476628392672887147e-01
-7.470093766492417187e-01
-6.994670692477393814e-01
-6.099006940895292939e-01
-6.754600774956988074e-01
-6.975743174079920284e-01
-8.876409989865373662e-01
-5.159833136698672718e-01
-7.467789552020559496e-01
-7.693133887912882996e-01
-5.338385508845878702e-01
-6.329025805209921307e-01
-7.447599536103762796e-01
-7.115188775894289996e-01
-7.457468227260048987e-01
-6.447962250221849212e-01
-7.383146917525592601e-01
-6.981042728289242882e-01
-6.671314035259693354e-01
-6.135342220428355864e-01
-5.767670526326125202e-01
-6.734296988545485085e-01
-5.980252836100964364e-01
-5.529967717691202100e-01
-5.258430648675028740e-01
-6.157777927504954896e-01
-5.958217993046391880e-01
-6.342407445552800116e-01
-6.192510119845708871e-01
-6.555890227241304435e-01
-6.267512009652791427e-01
-6.111693286909647416e-01
-5.889545818047671188e-01
-7.134400973665016021e-01
-6.471079578216144546e-01
-5.783016180597592149e-01
-6.070132007495555593e-01
-6.157710731375611868e-01
-7.746182703995042607e-01
-6.568295198453004691e-01
-4.720771444953676954e-01
-5.983016584033978846e-01
-6.168841158738151975e-01
-6.276504779470657436e-01
-7.513967041683997650e-01
-7.247470293159088417e-01
-5.460444988242373343e-01
-5.790601627325956402e-01
-5.282682956054650658e-01
-6.137713536675825088e-01
-5.962343700958304682e-01
-6.123910502481607621e-01
-4.323984340534677839e-01
-5.763421647927847724e-01
-7.345292372029218475e-01
-6.738628387604522763e-01
-4.948499740787631329e-01
-6.600220507033911499e-01
-5.774036713952321875e-01
-6.128302453476064393e-01
-7.138818856893180964e-01
-5.105684265165114644e-01
-5.747473025485437814e-01
-6.070429684548377391e-01
-6.921717812284594595e-01
-5.912907518240051452e-01
-5.126301954833288876e-01
-5.924643209393158916e-01
-5.425830720712673250e-01
-6.366814117166460507e-01
-6.201970973943653487e-01
-6.520052075459561447e-01
-4.982750057827035617e-01
-5.820478660989186759e-01
-7.656859162938832730e-01
-6.927161077711437853e-01
-6.293406847931404258e-01
-5.811969340140809015e-01
-6.409992166854269202e-01
-5.423365881259657462e-01
-6.214326989692435799e-01
-5.172561381691610505e-01
-3.759861813322047386e-01
-6.827761300531584032e-01
-4.900040020125591145e-01
-3.856275289976714427e-01
-5.186837256363922011e-01
-4.786731960483767145e-01
-5.645992183144639132e-01
-4.394075264805212822e-01
-6.387821941243629897e-01
-4.145283408422001936e-01
-4.822810448228156410e-01
-5.897447951143722777e-01
-4.979219728628990760e-01
-4.541488044569966798e-01
-4.269921280465340252e-01
-4.784665475955524050e-01
-5.232669823529459974e-01
-5.009650307677319114e-01
-4.024657828544199734e-01
-4.489056776251398317e-01
-5.121707264440903407e-01
-4.380662871685980231e-01
-5.922156489070117269e-01
-5.329157484451517712e-01
-5.654325773242984132e-01
-6.859617055083538917e-01
-4.345461098050101834e-01
-4.137212954018708588e-01
-4.060885956101230598e-01
-5.492017247796052715e-01
-4.968333294772027120e-01
-5.496618415176474093e-01
-4.544775167047708231e-01
-4.810580964988678820e-01
-4.831002052508767131e-01
-4.726238163687453975e-01
-4.501718822652311935e-01
-5.785769577053101465e-01
-4.125269363133815537e-01
-3.879155865082535293e-01
-5.072158349803899124e-01
-4.460855162275353947e-01
-3.644870356283254620e-01
-4.090024285816529215e-01
-5.007971547274023827e-01
-3.316874043681706796e-01
-3.974957902514806296e-01
-5.375516124737500512e-01
-3.010435928372248715e-01
-5.172069284407899703e-01
-4.579902978644322942e-01
-5.023660029606238364e-01
-4.409415961867959588e-01
-4.150736821347306149e-01
-2.738260649384335887e-01
-3.968763574901716384e-01
-5.029194375647095816e-01
-4.566309062563700394e-01
-4.628886392651373471e-01
-4.000068582755232360e-01
-3.481618081071417570e-01
-4.003688741806347706e-01
-4.886729566854260964e-01
-4.263902081912345210e-01
-3.699311756692293396e-01
-4.358430407400506468e-01
-3.522713622851817439e-01
-3.334755261478561938e-01
-2.420327122249145424e-01
-5.195612543797087923e-01
-4.763117959777361521e-01
-4.336586470384184988e-01
-4.122707178328824940e-01
-5.575747922331283357e-01
-5.857661835379790460e-01
-4.180205923005071433e-01
-2.492768587603433061e-01
-4.180015660351713569e-01
-5.491061467483803193e-01
-4.385464566637644612e-01
-2.944217357301998628e-01
-3.006981012076728743e-01
-3.613986625509285622e-01
-3.503326959341144242e-01
-3.112763426779474596e-01
-4.428987267165965247e-01
-4.414545586939774280e-01
-3.031606092596295654e-01
-3.219995640478908738e-01
-3.734031262920617933e-01
-4.282298611003836908e-01
-2.948348294789234769e-01
-3.609766064059954371e-01
-4.780995697141201539e-01
-3.697296396167384924e-01
-2.448256833584808723e-01
-4.068256961847425690e-01
-3.837681284355641820e-01
-2.619142536120480091e-01
-5.044336645443683320e-01
-3.668087022835467836e-01
-2.804432466951298220e-01
-3.102191835974900669e-01
-3.046435918796076003e-01
-2.799935045821383417e-01
-2.995150783881311840e-01
-2.697462101773983045e-01
-2.408363837039230737e-01
-4.339300222016908015e-01
-2.347617434031848971e-01
-1.385328284249316144e-01
-4.540116485625099174e-01
-2.246525553378084794e-01
-2.048346265941157207e-01
-3.353854170004517687e-01
-1.978689523212331380e-01
-3.742000556969021785e-01
-2.602216379226256482e-01
-2.914636688140507803e-01
-2.585736900379942971e-01
-3.127399850065125664e-01
-3.503399475985811695e-01
-1.863968157987283825e-01
-1.868219048844015351e-01
-2.313453897999118158e-01
-3.004032891320855270e-01
-1.403006438833556968e-01
-2.655113370529671446e-01
-1.675798256071075187e-01
-3.155997434077018604e-01
-2.780511140902806044e-01
-1.917752202765334590e-01
-3.633699305021078074e-01
-2.960363283578439919e-01
-3.941581711127748466e-01
-3.853334730149612919e-01
-3.613800029681120685e-01
-2.388472932701157514e-01
-1.926932740299723001e-01
-3.195654942459351111e-01
-1.869257708283275643e-01
-2.218719057193262179e-01
-1.351889933588705239e-01
-3.038112943967424817e-01
-2.729326574150012785e-01
-3.137082112494118391e-01
-3.693742578164564416e-01
-4.443727052980757652e-01
-1.799489222596569460e-01
-2.375768948347816434e-01
-2.480327882049493393e-01
-7.030631514865906539e-02
-2.223737942339026330e-01
-2.734794295138003872e-01
-1.863096999708478696e-01
-2.050241899799919443e-01
-3.025578433750747975e-01
-2.533372704434687650e-01
-1.841662715081578972e-01
-2.131090647154805506e-01
-1.986763727141309110e-01
-1.666878137374499733e-02
-3.757607391969034621e-02
-1.627984986268331269e-01
-9.424191871394843600e-02
-1.886600598234146331e-01
-3.114309829177482891e-01
-4.436201917752492091e-02
-1.397660193528262318e-01
-4.700124312184125741e-02
-3.135515780404433128e-01
-1.159867281959263002e-01
-1.865358699560653588e-01
-8.843165600443173013e-02
-9.870125186423697738e-02
-1.692208749704254833e-01
-1.276907938058597647e-01
-3.023983687855846259e-01
-2.228695608743303247e-01
-1.581866544716670209e-01
-3.191253650691478483e-01
-2.425741883600478488e-01
-2.346393616592436782e-01
-1.521601068751515240e-01
-1.352019507960074418e-01
-1.608454847037483759e-01
-3.328780652042420685e-01
-2.270081437860995421e-01
-2.402569207440288790e-01
-8.234695297984842566e-02
-1.867860888218275395e-01
-1.339120736860801852e-01
-5.450715365388860562e-02
-9.761918215174486546e-02
-2.206407375016691264e-01
9.262607008318048465e-03
4.740331960195049571e-02
-6.771561443842680217e-02
-8.728241329875986720e-02
-3.022195708018305949e-01
-3.518347628830887502e-02
2.514235546945570859e-02
-2.014404042971461029e-01
-2.803943121948314701e-02
-1.563323183401813532e-01
-1.095173577381839541e-01
3.259440059642808307e-02
-9.320374101354322871e-02
-6.661460569165034151e-02
-1.371846397887854230e-01
-2.416446602849078029e-01
-1.732646988614811867e-01
-1.066229695666040811e-01
-9.337568507012039554e-02
-1.739971399266118744e-03
-1.358707902452992444e-01
-1.791196341750584675e-01
2.674541268048817415e-03
-6.002031769617745260e-02
-8.527477918902995335e-02
-1.039309929129846599e-01
6.153615819443217227e-02
-4.886190763483213434e-02
1.803106200954755940e-03
-1.509500239124344501e-01
2.948705212331956607e-02
-2.267142148184559877e-02
-3.544873747963508959e-02
-1.865816502077359273e-01
-6.351516949466692874e-02
-1.036017659211390107e-01
-1.672103976414162363e-01
4.357114848055430867e-02
-2.498484491576106192e-01
-3.476020817554900666e-02
-2.974964860113361032e-01
-3.683994082999049458e-02
-1.587171345235048880e-01
4.045412604608145807e-02
-1.196574722282463116e-01
-7.112104471667254901e-02
-2.671691084066276853e-02
-1.282080446241968263e-01
4.560101919127989428e-02
-3.379261227270745349e-03
6.568961764194017339e-02
6.124424839567534085e-02
-1.781175758693650801e-01
5.535185218182485725e-03
-2.356545013411052991e-01
-1.019203398731616389e-01
-2.174335769415256664e-03
-2.932450854059320128e-02
1.138199583244002555e-02
6.785281519464861529e-03
-2.091440292305806956e-02
-2.801307025269630588e-02
1.610749811849416374e-02
-1.545965800102333254e-01
-4.296589520428702874e-02
-1.181891261121372633e-01
7.328187170282605967e-02
-1.843865391519167451e-01
1.168225433084961323e-01
-3.137372815751396805e-03
-6.598420853878027292e-02
-7.919551225960161367e-02
-9.348082826454477690e-02
1.157627279410392007e-01
-1.506379599638279498e-01
3.175288575002534197e-02
1.129632808421285606e-01
4.161654269480364460e-02
-4.840897576212511294e-02
-8.079903084553194392e-02
5.494505996906143275e-02
-1.118010811048150421e-01
1.633337966174436967e-02
1.602555692384540487e-01
1.623130739263864142e-01
-9.347297351239257368e-03
1.048817013517723828e-01
7.463007479177750925e-02
1.879960448992314126e-01
6.167669133773581724e-02
-6.400476700252026585e-02
-7.825914190862599817e-02
1.169962445049613775e-01
-2.813585943735855827e-02
1.185957799375987089e-02
6.355440770193682143e-02
1.773992391693280379e-01
1.585541533524068014e-02
9.499939460942212477e-02
-7.057375703767307384e-02
9.105236521895289370e-02
8.615667364838514031e-02
7.733769543962891457e-02
1.143588144621557889e-01
-3.511827808310431093e-02
9.198535065827886936e-02
1.089711970225030191e-01
1.813581604368079414e-01
1.440150295019999305e-01
1.948132369168822098e-01
7.520599082611398312e-02
7.164616937361534266e-02
1.214495169650252893e-01
2.259186262979016521e-02
-4.143375609096881795e-03
1.017071328317376427e-01
1.304744514509574571e-01
1.943919218531686699e-01
1.801330812849714358e-01
6.687177083567674707e-02
1.698883891942682897e-02
1.316003868529236065e-01
7.000387791019466177e-02
7.459375506486962126e-02
2.543869802411493075e-01
9.181697258957401478e-04
1.726807336704327678e-01
1.671886305637403647e-01
3.724550270138850955e-02
1.156412321186387343e-01
1.329900783871414693e-01
-2.207239987775246395e-02
5.300777766591314305e-02
-5.431357493373894195e-03
2.455372318207007243e-01
2.232099330584768337e-01
1.044820881941151275e-01
1.974860144831263320e-01
2.241332479947305278e-01
9.621675766954342068e-02
4.236900841669577478e-02
2.265739559753746635e-01
5.232791795482810010e-02
1.806168656526775662e-01
2.149069185547955452e-01
1.965596852767024783e-01
1.643836126464156069e-02
2.270185767695914736e-01
2.785331389051147188e-01
1.134610719418137764e-01
1.782223586368325841e-01
1.180187584100500370e-01
2.250430337916819179e-01
2.018443260755932722e-01
1.483974456387250618e-01
1.695794434596492872e-01
2.383462815920903977e-01
-8.578335524020017089e-02
3.943392108617441855e-02
1.648452839799743330e-01
9.451514916424867685e-02
1.510786747055800627e-01
1.910002972641587637e-01
2.561086917437430110e-01
1.003781803515599036e-01
2.803702757464390793e-01
1.168313678540849471e-01
6.942482652471389237e-02
2.334363364667831897e-01
3.989864206675313718e-01
1.860233321330789780e-01
2.238111593037813707e-01
1.465127274608200580e-01
1.863742218788707605e-01
1.491743566598830728e-01
2.552276680564111166e-01
2.247300869427050207e-01
1.927162872234818858e-01
2.007265948063617078e-01
2.691043832077897879e-01
1.949528616812772619e-01
2.623839733480257674e-01
1.547142016076582249e-01
2.617967646829629236e-01
3.616471076842251997e-01
3.097471550923058259e-01
1.457902355017688667e-01
1.487872986902903372e-01
2.579288206144859652e-01
2.242095523329019624e-01
2.680733401487972456e-01
3.949898520376636801e-01
1.599302997151614003e-01
2.377733286294515802e-02
2.582770925742303159e-01
2.753920660397555231e-01
2.566903214249489085e-01
2.497129175686196578e-01
2.676747287048625301e-01
4.359826816802889748e-01
2.967727034940535469e-01
2.275354597102338394e-01
4.596467349753678433e-01
2.260870733421085632e-01
2.804094174604934153e-01
3.185261783300907257e-01
2.635809957013526827e-01
3.815490589966705759e-01
2.178030852798861494e-01
1.765650369659034213e-01
2.350752514127747994e-01
3.219255944171448003e-01
2.957857354738287481e-01
1.901142422913353613e-01
2.927907062533059435e-01
1.486833531747595027e-01
3.210597178181243683e-01
2.659204037205946669e-01
2.255790986709054757e-01
4.391117936159379953e-01
3.337882159924110970e-01
2.463150891180533320e-01
2.073606213346105426e-02
3.408006495354029552e-01
3.008511673667177977e-01
4.002331159400722704e-01
4.052598461348853598e-01
2.636135546996609125e-01
3.271199070477100457e-01
2.160029054887141753e-01
3.577091612010812050e-01
3.746073143015806739e-01
3.145929691699182462e-01
2.994013774511398163e-01
3.973442278330385768e-01
5.410814314778147338e-01
2.360542374038712976e-01
2.121953616759612027e-01
3.857531538160142714e-01
4.162134115427724712e-01
2.947409497072858153e-01
2.913553045484335025e-01
4.036790997781783963e-01
3.078849562640339488e-01
4.846239719161759552e-01
3.565264379627253177e-01
3.799104284915891250e-01
3.798072131774183346e-01
3.106006958025440690e-01
3.753912444500231427e-01
3.905676760234503830e-01
3.607771845367485075e-01
2.935125665723341548e-01
1.800744272436838878e-01
3.051034363797484050e-01
4.382302217221362151e-01
2.430929383724827753e-01
4.829611236875227531e-01
3.966105223540254410e-01
4.611388473659625564e-01
3.719675071710502046e-01
4.573438160509128436e-01
4.476958815720004092e-01
3.029981913247554171e-01
3.853084255434268135e-01
5.130470738167924871e-01
4.333805888228280945e-01
4.720929663903841167e-01
4.051333847276643030e-01
4.009241941059102365e-01
4.032500220039328953e-01
3.583854151467308902e-01
5.322741812244474735e-01
2.975163161567105363e-01
4.601501558450978302e-01
2.366997012195049266e-01
3.238809553333746871e-01
3.477574017350349433e-01
4.076367005817776445e-01
4.329102471904457961e-01
5.882930220519249076e-01
3.801707354482923851e-01
3.673260124201091492e-01
5.469577067979134455e-01
4.484669643493135460e-01
4.900396920719068405e-01
4.623533360890799138e-01
3.400911979106502891e-01
3.098816848378100897e-01
4.568380264565340965e-01
4.831792394810152658e-01
3.102277655543754231e-01
4.696781095395035077e-01
3.197776198125016345e-01
4.514130449584926597e-01
4.860500277032939742e-01
5.707006008864220492e-01
4.607471911179090163e-01
4.066778598934642774e-01
5.196755626874011158e-01
5.298244374946733393e-01
4.787631360773397793e-01
5.165396989250933268e-01
4.489149219677578961e-01
4.655795196140318781e-01
4.317822499129658209e-01
4.063390640786829766e-01
4.339959762183903669e-01
5.630803211119286278e-01
3.770720690546400800e-01
4.205472145244288917e-01
4.894779073257344848e-01
5.881674576180919711e-01
5.950564735764162227e-01
5.031850801271755547e-01
5.494736615993998097e-01
6.063269155305156533e-01
5.729977700907453730e-01
5.686476743972019854e-01
3.930048522818268553e-01
4.654902896255701528e-01
5.998578607083308034e-01
5.445813713219085361e-01
5.478217403987478695e-01
5.462564509515221989e-01
4.692517924179869238e-01
7.661469975058412540e-01
5.158283375358577727e-01
5.167338464714780200e-01
4.310581488160348806e-01
4.694708314225390366e-01
3.812487307179417972e-01
5.481723696297903237e-01
6.021388236591098675e-01
4.619974161376477761e-01
5.935013832379277821e-01
5.140052558658142479e-01
4.389999764161706675e-01
5.246655397216709593e-01
4.987000860879045594e-01
5.296809905268590191e-01
5.227121232085339964e-01
5.717378198161100489e-01
6.580286704151458999e-01
5.341656862087952318e-01
4.990521351668285588e-01
5.964864258074823455e-01
5.750457774455539628e-01
6.235186038656744811e-01
5.775859663578964964e-01
6.995751232463425229e-01
5.724540480989307456e-01
5.511405700180405098e-01
5.287424397969698875e-01
6.736894373376118850e-01
4.365813046834520761e-01
7.215020342767841655e-01
5.463563152546773161e-01
5.901493109817924632e-01
6.516267859759812264e-01
4.981770233313134733e-01
7.147265702181422320e-01
5.262514187005201682e-01
4.967147184461823683e-01
5.760812204035323791e-01
4.900125949992986674e-01
6.167673637784287788e-01
6.933127891522598008e-01
5.463084183711981456e-01
6.497448304195881930e-01
6.600426675725901138e-01
7.155002147785851641e-01
6.576004210956041263e-01
5.859601366306304016e-01
5.616342015113602315e-01
6.280095705731385536e-01
6.156027605834916150e-01
8.338784564647306885e-01
6.396715583344156908e-01
5.765522049461395682e-01
5.876338485309169357e-01
5.412605930431757528e-01
6.439583551137930684e-01
6.085635299286614730e-01
5.808362636938960710e-01
5.228604314420384203e-01
3.977936621456722444e-01
6.316401191619648303e-01
5.786380535209010301e-01
4.709955948200725828e-01
6.968917200606891127e-01
7.889515432470918244e-01
6.131620517214626531e-01
5.824474890181763342e-01
6.724543641143483352e-01
6.291432764965046998e-01
6.171568282777252223e-01
6.273723944518705409e-01
6.811623810834978032e-01
4.954378399074797490e-01
6.640580115991178145e-01
8.230302210325972645e-01
5.245944629127676784e-01
7.822830807478415860e-01
7.172613325106999005e-01
7.443015343400318784e-01
6.709888849434988423e-01
7.999042896458278262e-01
5.781689829230290956e-01
8.435902021652557092e-01
6.967887061399942183e-01
6.350340479491598522e-01
6.284906892531934020e-01
6.269937507640293006e-01
6.608307734798091193e-01
6.912371419947321849e-01
7.113006149280417523e-01
8.665402424543107163e-01
8.342922462285209395e-01
7.964670994076237243e-01
7.240646005681314890e-01
6.627491513769163678e-01
7.162168801611630276e-01
7.041526094192629426e-01
6.843319944419681278e-01
7.288999366361550436e-01
6.770323654617073084e-01
7.647606508829085659e-01
6.537866393050469904e-01
6.636287073340229048e-01
6.494333549266285699e-01
7.094802396197749106e-01
7.580971995992766832e-01
5.766578942213510528e-01
6.929771008774194829e-01
5.514752493828557478e-01
6.012830303530550813e-01
6.623012372367280687e-01
7.709625434022712165e-01
6.293901889513615622e-01
8.487299951450768543e-01
8.582902780801703324e-01
6.728192233615372109e-01
7.324260428349178564e-01
8.102919453571573172e-01
7.039980180419480593e-01
8.225457664187791895e-01
7.147884567891172880e-01
7.585798462857443747e-01
6.229004322397871940e-01
6.659469671901752097e-01
7.406570060715594872e-01
7.483434199421628019e-01
6.898727814567180427e-01
7.621530703250334327e-01
7.963004159695727946e-01
7.888065176142673440e-01
7.051143752167743362e-01
9.116541316859845256e-01
7.567807586638892747e-01
9.144429379464720231e-01
6.322791137307732789e-01
7.104925119262581745e-01
7.621364605430479555e-01
7.425828708663951838e-01
9.403137444918455712e-01
8.744756352369188468e-01
7.969690020524161644e-01
7.027663301313975541e-01
8.957611941444612036e-01
8.018073879357656697e-01
7.271497862831752812e-01
7.622600060971128633e-01
6.858375418251702049e-01
8.375330608113209507e-01
8.835734628289230175e-01
8.682046476011060498e-01
8.737129515073541741e-01
7.562764662881523714e-01
8.266397101208466935e-01
8.544917722656253378e-01
8.991951271498788145e-01
1.053968830616128782e+00
7.307976795916475421e-01
8.327262692761607799e-01
9.231200447010847743e-01
8.189423548668381958e-01
6.736717872731202705e-01
7.272868748882040935e-01
9.057064040787095038e-01
8.424465612704846729e-01
8.351072926693730025e-01
7.892395763065016556e-01
7.635438834823529142e-01
8.740018519669355834e-01
7.811420467793269706e-01
8.554416195396830069e-01
8.329778955119437889e-01
8.141879351494495376e-01
8.748079824116791192e-01
9.487991142314864401e-01
8.736161091135186130e-01
8.593268678547866246e-01
8.287447688514045785e-01
7.798960866748791965e-01
7.512596916375575695e-01
8.437395992621908869e-01
9.186755642821199386e-01
9.660414058752011535e-01
9.235291420348936686e-01
9.440553207082610365e-01
9.802724118549412946e-01
8.999699436784676099e-01
9.237001425522259890e-01
8.734109434566968977e-01
6.081881451355345414e-01
8.930640183355741391e-01
9.707523798960218109e-01
8.858729721697278237e-01
7.981742822855305564e-01
9.183909235730757237e-01
9.257821703548928527e-01
1.006485299136637757e+00
9.691623595330587371e-01
9.548430177901662264e-01
8.396304602295252550e-01
8.456066125550903978e-01
7.201661976352417005e-01
9.837066689379180273e-01
1.075933877401857419e+00
9.704544115247418778e-01
9.190045621813763832e-01
8.245159673699429259e-01
9.037987753983527384e-01
9.990761149834921362e-01
9.621322828618006362e-01
9.480936064821763321e-01
8.755432370686960786e-01
9.558695661759752937e-01
1.105302014957996848e+00
8.693320327316532703e-01
9.560566440861565374e-01
9.408409986664202362e-01
9.883959356711554678e-01
8.824301064756886470e-01
8.163050954076360721e-01
9.640030223813381705e-01
9.679382421580767781e-01
8.949473198651516359e-01
8.759466978665934045e-01
8.919288569824482815e-01
9.770576275579879733e-01
9.731591586048874420e-01
9.833948897060362793e-01
9.925170422876722354e-01
9.337027962072705911e-01
9.507397243040293100e-01
9.482303867987456059e-01
8.767529938369869047e-01
8.844630236839094994e-01
9.942659031851541762e-01
1.011297666784060079e+00
1.023607150054696158e+00
1.017340585306105050e+00
9.435009462538902492e-01
1.028622673976631985e+00
8.432203558010955557e-01
9.400406176413481640e-01
7.815732487909213821e-01
9.945736541252626628e-01
9.585668307933156163e-01
9.805769969185733625e-01
