-8.352429771004887815e-01
-9.870421360043172276e-01
-1.174747262357747291e+00
-9.696810659439558666e-01
-9.681831890276396679e-01
-1.123250541814599268e+00
-8.449310299893574294e-01
-9.722930546876528135e-01
-9.223059123969002959e-01
-8.062830500178786997e-01
-1.025968059545576017e+00
-8.538117612496046727e-01
-8.247526142434050689e-01
-9.901236480081500035e-01
-9.128596487511045909e-01
-8.599580588764526023e-01
-8.891719215519661157e-01
-8.936780747530470581e-01
-9.206714218765945645e-01
-9.958954046689166839e-01
-7.487320385936100386e-01
-9.162998382563547484e-01
-9.549523171651876918e-01
-1.019284111837997386e+00
-9.355120357298556399e-01
-9.441555252497417783e-01
-1.030751213755595197e+00
-8.168288813240910384e-01
-9.025815287103529094e-01
-1.005743431443544722e+00
-1.071154236720695652e+00
-9.539924951802675190e-01
-9.577916104783700257e-01
-8.310395285114990926e-01
-1.077460311674117710e+00
-9.345752300229827059e-01
-8.244802704424011308e-01
-9.090272255087532560e-01
-9.254561728610855020e-01
-6.527536091487847747e-01
-9.775873045152942975e-01
-8.870990735587319653e-01
-8.974838424066271525e-01
-9.444501389810474601e-01
-8.841844884204436150e-01
-9.165236719754457084e-01
-9.558132793777233127e-01
-9.460192032057537226e-01
-9.783638320772689578e-01
-9.420106459349095740e-01
-9.556947489345234414e-01
-9.412681587295402830e-01
-7.532752102815237771e-01
-9.128913553942533676e-01
-9.198034753394681573e-01
-9.686131840542100413e-01
-1.044363582250726674e+00
-7.731543867796182301e-01
-9.292537516039015566e-01
-9.040608661872370222e-01
-9.094164866711708095e-01
-8.960393298910847015e-01
-9.125856646770837965e-01
-7.628378803601111313e-01
-1.011416516254662668e+00
-9.310738973717846978e-01
-9.081422011900346369e-01
-9.178862079980406596e-01
-8.535148889966865937e-01
-6.293050048068793423e-01
-8.200285223129205603e-01
-7.466477235023508685e-01
-8.289058521309413674e-01
-8.354302283298049581e-01
-7.851179518632842580e-01
-8.260979377588054673e-01
-9.991725881763101613e-01
-7.319992187168529174e-01
-8.456960913768631904e-01
-6.644589554520139441e-01
-8.475222819208307889e-01
-8.062747171819456549e-01
-7.361495338074226513e-01
-8.841984625094049255e-01
-9.135940506920166015e-01
-5.702314543644343425e-01
-8.742637368203000081e-01
-7.592778094710717074e-01
-8.427426355534389790e-01
-6.635075729610310225e-01
-8.527382259242773932e-01
-7.656149542255286100e-01
-7.543589610985116378e-01
-6.958223123713280778e-01
-7.779610547469861803e-01
-7.954959115583122298e-01
-8.677393078495891920e-01
-8.449858060003423432e-01
-8.208756949649200774e-01
-7.380442388547412413e-01
-9.054643752951246904e-01
-8.005431918468804975e-01
-8.634051322676482565e-01
-8.827911600171790552e-01
-6.706493988747632695e-01
-8.027570412234000807e-01
-8.202272874330625019e-01
-6.502210457518473596e-01
-5.851143461263871304e-01
-8.763191110917651905e-01
-8.841024825190487713e-01
-6.781550691357874916e-01
-7.994545767105633027e-01
-6.796522706477103881e-01
-6.664061421128576468e-01
-8.208909138771512959e-01
-7.288730855962883837e-01
-7.298240845195895776e-01
-6.406306424252247167e-01
-7.004071204793774763e-01
-7.613162007501090844e-01
-8.476920678064978620e-01
-7.875755996418615235e-01
-6.605762372355645784e-01
-8.376963743467967793e-01
-8.561876761358587773e-01
-6.789463443952440391e-01
-8.051172410765399245e-01
-8.900254009291477253e-01
-7.519373778079867510e-01
-8.040631559607133161e-01
-7.120999272743464559e-01
-6.738217285637526643e-01
-6.030176229242988351e-01
-6.073568735988370548e-01
-7.003511429796758225e-01
-8.525516024209794930e-01
-6.695986129032610590e-01
-6.891821950601069169e-01
-6.775660206030944543e-01
-7.114178050062548442e-01
-7.038342598524498506e-01
-7.196360508635781805e-01
-7.669848338884008854e-01
-7.039637898886091927e-01
-6.029342408643320050e-01
-6.878098862101208466e-01
-6.711838471334489187e-01
-6.768758898126943091e-01
-6.176639741577668596e-01
-6.374657438542128407e-01
-6.329590246954157617e-01
-7.960354387988576308e-01
-7.425307487779843063e-01
-7.458167275103384508e-01
-5.586460057800771706e-01
-6.279330380580051552e-01
-6.871983517609920877e-01
-6.641830460216807674e-01
-8.823363636232240959e-01
-6.387734782610711148e-01
-6.722612988705023440e-01
-6.449862372926892240e-01
-6.161302140286535334e-01
-6.564199808820869730e-01
-6.075163250310754437e-01
-6.195677428176683543e-01
-5.820924658190738121e-01
-7.141974414638011526e-01
-6.187259492838620423e-01
-7.722998303956467581e-01
-6.744214667483890979e-01
-7.998237194602798583e-01
-7.422697998499292460e-01
-6.608151424329860024e-01
-6.917343993172192507e-01
-6.657878817116967829e-01
-6.230864469969733532e-01
-6.878130178323000887e-01
-7.469652493278012839e-01
-6.169599124096190046e-01
-5.562591032068322505e-01
-7.447349351225326375e-01
-6.065776718191532302e-01
-6.996716702183320979e-01
-6.390948045050237614e-01
-6.627068789990261388e-01
-6.430914186372014285e-01
-7.076851379957033172e-01
-7.946942663804270612e-01
-6.252870361910422004e-01
-5.302572916476291365e-01
-6.907645005268795435e-01
-5.586508355196444509e-01
-6.931757949758445836e-01
-5.717434744295870619e-01
-7.959057754506586591e-01
-5.413369452345730970e-01
-6.995834776717991810e-01
-7.457200318505440295e-01
-5.379479537411971934e-01
-4.884973884774402864e-01
-6.317878717183924575e-01
-4.778672240952223649e-01
-5.866550319328098784e-01
-6.708469063646168573e-01
-5.528415068464793691e-01
-6.534361621024766809e-01
-5.278679608169732917e-01
-6.313744188350632891e-01
-6.322387122847498153e-01
-6.431227513968190701e-01
-6.775996434383541045e-01
-6.907925515910852132e-01
-6.182311556820273557e-01
-7.478220735090170823e-01
-6.445587507680015094e-01
-5.006014805083072172e-01
-4.418220933464116484e-01
-5.325881332711699390e-01
-6.694992374962738246e-01
-5.616514465062352190e-01
-3.080088634160233485e-01
-6.202082467752011441e-01
-4.733224636082506986e-01
-4.205349905341542183e-01
-6.443415588308040176e-01
-4.859687073538799251e-01
-4.352559786336413494e-01
-6.934038366281993770e-01
-4.848087916559143395e-01
-5.706159427266209727e-01
-4.202312050174883962e-01
-5.628816262123172987e-01
-5.677059004665842012e-01
-4.632385775944495854e-01
-5.032181481432163039e-01
-6.121318421380884667e-01
-4.681849745468583679e-01
-4.963476562244121260e-01
-4.785336119496748641e-01
-5.904750409676713385e-01
-4.363005603423310563e-01
-6.078621703680805455e-01
-7.672492111489829236e-01
-3.809298702782294432e-01
-4.076194888329430777e-01
-5.179935520513520020e-01
-4.211758089023412421e-01
-5.138364438936029455e-01
-5.877657928738095894e-01
-3.871279173510399629e-01
-5.900170209766462115e-01
-4.132892778905643549e-01
-6.133621805091974410e-01
-5.782471885912426890e-01
-4.417478230112508175e-01
-4.072068944385147660e-01
-4.562574871040777635e-01
-5.572897131427998474e-01
-4.181753096273806980e-01
-4.932427939841780296e-01
-4.264428329629131875e-01
-5.934090307606996184e-01
-5.656972367206217767e-01
-4.885455954379316346e-01
-5.702839045510559313e-01
-3.693374382583737292e-01
-6.248548860772633606e-01
-3.966460436619083096e-01
-5.112226504119786741e-01
-4.343009036057912664e-01
-5.382819695748479738e-01
-4.576223323675048804e-01
-3.558112088888218394e-01
-5.092785620856703499e-01
-5.928234617055371247e-01
-4.287653657954113573e-01
-5.097404400937164404e-01
-5.257822927058191098e-01
-3.650906765222984851e-01
-3.673703577190534086e-01
-4.655076926085934819e-01
-6.304685204662118236e-01
-4.217930713377938123e-01
-4.211558629983957469e-01
-5.348605651347323464e-01
-3.963832875268293865e-01
-4.597631897321426409e-01
-4.493702991499033406e-01
-4.254708447236858482e-01
-3.702560124858571555e-01
-5.839680920255784224e-01
-3.592067271258599370e-01
-2.593409444530552221e-01
-3.744196561022395953e-01
-3.972492858722227460e-01
-4.095132608160270693e-01
-4.538499927286531177e-01
-4.260064100567272916e-01
-4.041283867426507803e-01
-3.539141009087865553e-01
-3.910929294711347204e-01
-4.891943093754262950e-01
-4.990633002369624371e-01
-3.436652575158723466e-01
-3.923564473346233816e-01
-3.888023498757020024e-01
-4.836935921211241718e-01
-3.152218525396324189e-01
-4.364948651216123410e-01
-3.817545968507616294e-01
-5.453436755282280446e-01
-3.373969908285401331e-01
-2.127155709349846935e-01
-3.870778069363424168e-01
-3.442064921084072582e-01
-3.432007190160636378e-01
-4.397118011210509048e-01
-2.942090124102662019e-01
-3.381147985041295656e-01
-4.114248770810469136e-01
-2.099729440069211805e-01
-1.913510304864602107e-01
-4.837897814200793345e-01
-3.908433366427705447e-01
-4.567117128857813291e-01
-2.794224389634561989e-01
-4.460462522858731349e-01
-2.436879574707546126e-01
-3.754474451258359990e-01
-5.757886641302306652e-01
-3.315371177614543363e-01
-3.677997097047850938e-01
-1.846487673804734775e-01
-3.865815321141955474e-01
-2.995574618161425673e-01
-3.677628982122264634e-01
-2.293357688565001162e-01
-3.413828256523311899e-01
-2.827843202605259121e-01
-4.156346491593340686e-01
-2.025390949811721741e-01
-3.690136573471946568e-01
-4.454859359130748375e-01
-2.987652856272257629e-01
-2.130549570321311481e-01
-3.815676779743162883e-01
-2.761838426553854808e-01
-4.164033709300081765e-01
-2.640681716277746283e-01
-4.146324637400709556e-01
-3.273950002519460112e-01
-4.010801312092516779e-01
-3.383136333685113906e-01
-1.977245797704985930e-01
-1.664918247131409734e-01
-3.666924589490265229e-01
-3.614031099549016579e-01
-4.058795599718260094e-01
-2.564245963693091990e-01
-2.599275431973476214e-01
-3.414743659693720845e-01
-3.539231692785407835e-01
-1.810648870044105629e-01
-1.354686311383235531e-01
-3.266372820113228048e-01
-2.890592362845644248e-01
-3.028016153332893090e-01
-3.101045099510871261e-01
-3.133265047192451691e-02
-2.691698674942715197e-01
-2.519658132879578072e-01
-1.150337490038653154e-01
-2.115096652904282504e-01
-1.382697698969114486e-01
-2.864480363490798931e-01
-2.632003084958237649e-01
-1.294100893230069049e-01
-2.295445800157218386e-01
-2.125834155069644127e-01
-3.904183261068130961e-01
-1.787076309844477240e-01
-1.537226901955247305e-01
-2.091149755832859558e-01
-1.675512719732598910e-01
-2.420638355718463530e-01
-2.421577000632485488e-01
-2.113527664454800947e-01
-2.746013358121976444e-01
-1.462225713266467608e-01
-2.220674910326077278e-01
-4.272719540695515961e-02
-3.180681389295611505e-01
-2.778299491215729944e-01
-3.196438565420206546e-01
-9.468084443597510336e-02
-1.750261052612843982e-01
-2.877783970036019712e-01
-1.475888365499941901e-01
-3.226057098076709484e-01
-1.109301745357232499e-01
-2.805465565196295086e-01
-1.383625020313103693e-01
-1.923134146281090251e-01
-3.007252314712406949e-01
-2.774671418028712977e-01
-1.824622615826314853e-01
-2.076069821746662561e-02
1.005096861567676136e-01
-2.688071129285029559e-01
-2.338401791425941123e-01
-2.080968269118114444e-01
-1.384738220521561092e-01
-1.781290163522184222e-01
-2.245179483341962490e-01
-1.718882111228611231e-01
-1.287149748386831605e-01
-1.248479018114753841e-01
-1.610058005392620561e-01
-1.984104010329343637e-01
-2.385004119507275547e-02
-1.872069629967615390e-01
-6.332545304080082482e-02
-1.259445872536285316e-01
-1.761438187423023105e-01
-5.326102069203596939e-03
-1.939032836595877274e-01
-1.852859493158142412e-01
-1.935793242606649311e-01
-2.643720429102224267e-01
-1.919616279978100803e-02
-2.352720040657894085e-01
-1.139150664706715249e-01
-9.691840665638144781e-02
-1.617666017504016951e-01
-1.079458935473652931e-01
-1.749429339777245074e-01
-7.947256172000313756e-02
6.547614386823112642e-02
-1.205176111000107464e-01
-6.451217816371318525e-02
-6.904182106658261764e-02
-2.320883011378917227e-01
-2.137435147394527724e-01
-1.889286234880074578e-01
-1.370129742193484101e-01
-1.115791380719948628e-01
-2.771477987873282797e-02
-9.340491627365321570e-02
-3.449375655565518201e-02
-1.194326984465212682e-01
-7.118413085779267888e-03
-1.906424485376675138e-01
-1.138311615090014800e-01
-1.706722868588825825e-01
-2.229093432714753520e-01
7.881698414574643541e-02
-1.463214472757510265e-01
-1.071653689566036266e-01
-3.825837779380505954e-02
-6.847182177346720910e-02
-4.015201448016039731e-02
-5.301068935774382040e-02
-2.241583040944697056e-02
-7.323420371569572263e-02
-5.055052653894258341e-02
-1.353360152394740556e-02
1.350442961461078943e-02
1.468598317287051966e-02
-3.778044239256586612e-02
-1.042769468553347567e-01
-1.171346881239723886e-01
-1.959908392720030867e-01
-1.845466512820472527e-01
-5.359068231930850384e-02
5.858185738876019871e-02
-3.953682359347199249e-02
3.923036460431449796e-02
-1.695165115115357946e-01
4.856545052956242475e-02
6.942587146388287667e-02
-2.199915202529466596e-01
1.545626165322349366e-01
-1.001031828119916672e-01
2.222221723697830401e-02
-6.203181065036893899e-02
-4.721481187515745581e-03
2.567917994159910067e-02
4.989534029447162053e-03
-3.262857854102833161e-02
-4.533879460238547654e-02
-6.811400380451274050e-02
-7.999713564879144811e-02
-3.532375120634131255e-02
-7.137683463145691638e-03
-1.779231191432130432e-01
1.705478232311302689e-02
-7.334412516305623131e-02
-2.672926563068298705e-02
4.184315717967404535e-02
1.233089565014218458e-01
6.930043887200920683e-02
-4.866089298905700022e-02
-5.912764386730098853e-02
-8.125161362116588293e-02
-5.899032578170883279e-02
3.711014453130365848e-02
2.505261025792387616e-02
2.669284097465768682e-02
1.603904897796238349e-01
-7.770703639509853045e-02
-1.084402946448302305e-02
3.911328218625906294e-02
-1.876329074715464562e-02
1.519087046487483383e-01
-1.687111739320412002e-02
-2.701671955020713140e-02
-4.439111638008190475e-02
-9.861349629986033982e-03
-6.684070052855251021e-02
-1.369116841334011873e-03
1.103224399492710728e-01
2.195230619898120433e-02
-4.559260910631886959e-02
7.123783584914883393e-02
4.661677242959142570e-02
4.695810198569489585e-02
1.652478833919654166e-01
7.861946976138381449e-02
8.591854335125966025e-02
1.482019626979130256e-01
-7.417692878833426207e-02
1.873439268051106110e-01
1.953633009597637304e-01
1.749375741940669693e-01
6.795137424916847246e-02
-1.308463871431289893e-01
7.347171398416578458e-02
6.660039532418282615e-02
-2.439328690836962618e-02
6.412863317998561408e-02
5.185431462192798685e-02
1.064924674479234140e-01
1.113332524078893410e-01
-3.578054516830606741e-02
2.103300449097206815e-01
1.375773524325713815e-01
7.698203307794479477e-02
1.144445386966445599e-01
7.837297063153723931e-02
1.970008670737054823e-01
2.871064576311347927e-01
8.551861542210167921e-02
1.316775886995593878e-02
1.572476726467093022e-01
1.199904842008284317e-01
1.580738914861797018e-01
1.479828917678160660e-01
2.667811377757244862e-01
1.406187317187689856e-01
2.843518097032199723e-02
1.788315268824649529e-01
9.740686433872508543e-02
2.717948139069495742e-02
1.651005840020366433e-01
2.019649026472575548e-01
1.468119225951585172e-01
1.948006860179830324e-01
1.089862271992185494e-01
1.650002378002994874e-01
1.645172898786088911e-01
2.267791156623348015e-01
1.881475405990813976e-01
1.595928564577741016e-01
1.439447335382889603e-01
1.260900979876873329e-01
6.200094324408550461e-02
2.299703806600648381e-01
2.630623652832688730e-01
1.050698571514697560e-01
1.606624913754877149e-01
1.142772527156796503e-01
1.254903290854045839e-01
6.762802755277826094e-02
1.711890605166063173e-01
1.271467429275865146e-01
3.062478699041005226e-01
1.905248477203524693e-01
3.161696568389244649e-02
2.469332131758755766e-01
2.497264029428701015e-01
1.756517989660104639e-01
3.064268130332037376e-01
1.058860565460012226e-01
2.145903538324037962e-01
6.453226558493080356e-02
1.287130017800584281e-01
3.292324960772315123e-02
1.187389932687136634e-01
1.634406086877346898e-01
1.268303082282015715e-01
3.051959437058817115e-01
8.558781425846286040e-02
3.178652615972297757e-01
3.526352049602131111e-01
1.017317480849333905e-01
7.218192087524911982e-02
1.930495125813396495e-01
1.432986545645149878e-01
1.980071691484720231e-01
1.650312899492850927e-01
1.353475992949926265e-01
2.034423193573611510e-01
2.754191930203451211e-01
2.205892098196040041e-01
1.160103565174686741e-01
2.279353096819360380e-01
3.321756041290416794e-01
1.750674724087270817e-01
7.750839702655268337e-02
2.497539038440191872e-01
2.057822845946113699e-01
1.411194168991751763e-01
3.301235834253177792e-01
2.860677506273260895e-01
2.463570303815307005e-01
2.846140876795911767e-01
3.885754414456407679e-01
2.630948259733142947e-01
2.415172851764215423e-01
2.775884664889361475e-01
2.041857278661981523e-01
1.639954307940019451e-01
3.962415372308947803e-01
7.224508469894587448e-02
2.427847070499480342e-01
9.741608727732424533e-02
1.374139259115274569e-01
1.343003320020962621e-01
3.907679244429098087e-01
1.487325393355437564e-01
4.854058760364381997e-01
3.508447759773983821e-01
3.313984146591129609e-01
4.152927662718374213e-01
1.456464698666498636e-01
3.292924303207174774e-01
3.351009226471247660e-01
2.329786072856283585e-01
2.390036850551716385e-01
3.274212008617155001e-01
3.069531011471320903e-01
2.997643219976555695e-01
3.444822749467396639e-01
3.780786608050154540e-01
2.966082726777906631e-01
3.452447988129326850e-01
2.966315279313928577e-01
3.560167895135681326e-01
5.870301231926088048e-02
3.282920437522931500e-01
4.490203837484671445e-01
3.987507460883851218e-01
4.268416595558048865e-01
4.467923098186628028e-01
4.199813303493359906e-01
4.403466437561701086e-01
3.405767630948913216e-01
2.179658056248560682e-01
4.315105635516931493e-01
2.912303645265698071e-01
2.979606008913610604e-01
2.602914921838674345e-01
3.795790777461171550e-01
3.744848606712029571e-01
3.998314034692143637e-01
3.517694726444212661e-01
3.991780859333470821e-01
2.865166587288490718e-01
3.669010282694565306e-01
3.147199669574802239e-01
3.449995464237026743e-01
4.400667028021104654e-01
3.389739630950541205e-01
4.776954873281463732e-01
3.717562381160124940e-01
2.805839965169725225e-01
3.624026960824189292e-01
5.223894717515167319e-01
3.443762730375649617e-01
3.293540187403905528e-01
4.120044837692862782e-01
2.906916409769572662e-01
4.981847189624316052e-01
4.632636704612368428e-01
3.016179293943453965e-01
3.172273503291586638e-01
3.082208528201598741e-01
3.028402044410676841e-01
2.808026927632315539e-01
4.296663417598570178e-01
1.879683276225080912e-01
4.226069578127520932e-01
2.515425468245551244e-01
2.746001061759235640e-01
3.858235857178743955e-01
4.969044727400671602e-01
1.943439621095200409e-01
4.066427841885918437e-01
5.084404863228741966e-01
5.226399973268939236e-01
4.084414934459898450e-01
3.444308676674804337e-01
4.270938527711869992e-01
4.971982664044085065e-01
4.450764295964422246e-01
3.883193941525153736e-01
3.664695374284043794e-01
4.157722085144595625e-01
4.371802356941261181e-01
3.659260408779532181e-01
4.220654079500046896e-01
3.050686549076522813e-01
5.703282077823554896e-01
4.395070710913896450e-01
6.151496606214229557e-01
3.223271870919708348e-01
5.493748691235262882e-01
6.675573405042662944e-01
4.255716176461312727e-01
3.916644693232246843e-01
5.101115568049781057e-01
3.231023285555119640e-01
4.600259282603662014e-01
5.895917859688869500e-01
4.055806903459199253e-01
4.787789783054203219e-01
4.630872852706802156e-01
4.854152935812117153e-01
6.476997366806892531e-01
5.367271715739417859e-01
4.801962157161384082e-01
3.929476861029501111e-01
4.424625620527359304e-01
4.339638804899531022e-01
5.278047253857721666e-01
4.487674940962752546e-01
4.953011173519868970e-01
4.297297644241581116e-01
6.337232139254406205e-01
5.454194262390141823e-01
6.064959574262774877e-01
5.763085293350116434e-01
3.584517674032717816e-01
4.974051062366887099e-01
5.175395518000973638e-01
6.857719201677161536e-01
7.054627594522363543e-01
5.874332472604417710e-01
7.305120810784138108e-01
7.098236476461262656e-01
5.643823542543430216e-01
3.567864128337954743e-01
3.277176872454168888e-01
5.581740295310195776e-01
4.650666544817101400e-01
4.189999683386358975e-01
4.849749085103070012e-01
5.181607783515792542e-01
4.119658643877866511e-01
6.369272068236171425e-01
4.811169312301422085e-01
5.811707797822507349e-01
5.416645319497345179e-01
4.693244287661175740e-01
4.660199061407050425e-01
4.869415256355750232e-01
6.288230743034038950e-01
5.362564416968299552e-01
4.736081291927499715e-01
7.607853046089376736e-01
5.921161453809287156e-01
5.912623925326871976e-01
5.745497935129686429e-01
6.294869311673825241e-01
6.081652164701421004e-01
5.441481318069308903e-01
6.380433624756313149e-01
5.197046351928407137e-01
6.418710095226570767e-01
4.628859647180159631e-01
5.313151297514572269e-01
6.855860167244907100e-01
5.293811278194768821e-01
4.342130962487297796e-01
5.261503098493173214e-01
4.517915285111460122e-01
6.097916943669818846e-01
6.778246161610647080e-01
4.794283666133504207e-01
6.702385209857115722e-01
6.031553772193800622e-01
5.631836787867857685e-01
5.455460498493173160e-01
7.482441442968699175e-01
6.562923756787639729e-01
5.501755057426813700e-01
5.722106367477735045e-01
6.533392372074078303e-01
6.509186981291061880e-01
5.426999352184771475e-01
6.019398910068964881e-01
5.970414678348203719e-01
6.175446097930177292e-01
6.640828030561393147e-01
6.515148952664386872e-01
5.574038835517745039e-01
6.163598061259513150e-01
5.962796710942610545e-01
4.248566298713299383e-01
6.802569655234683710e-01
6.080043430393442527e-01
7.102964137544681700e-01
6.162617373884889949e-01
6.435452789062842127e-01
5.843685101461759679e-01
6.111224664354062419e-01
6.060138237459784527e-01
6.476378410900797133e-01
5.926942253165459196e-01
5.837778530946372557e-01
5.933455624521889460e-01
5.444171010340951300e-01
5.277252926348365847e-01
6.564131612747959865e-01
6.702563488278528991e-01
7.733616801044779221e-01
5.340802356291356467e-01
6.471261550794997763e-01
6.556761158256099176e-01
7.282181047458746725e-01
8.171687114163537213e-01
7.217377866527856511e-01
6.339787698930283710e-01
7.842357276034482849e-01
4.406676196603608320e-01
6.978738809456392911e-01
7.369947887272403353e-01
6.854701556843717514e-01
7.773324020442428095e-01
8.508912908175481071e-01
6.597478319037364258e-01
6.905535122653972957e-01
7.095565510109300700e-01
6.162882912326331786e-01
8.684586552038262575e-01
1.066935524813761527e+00
7.509527934820893202e-01
6.993319138170044358e-01
7.749943353628686582e-01
8.737680473913247425e-01
7.411419294362119325e-01
6.679748068628440505e-01
7.544054455568747208e-01
6.357033516738908041e-01
6.994066321152693222e-01
7.708424553914869914e-01
6.630241412235589049e-01
6.734620408382996359e-01
7.354643621896959083e-01
7.735678282775101389e-01
6.433046262033317308e-01
8.563142914993974175e-01
7.497072666495681048e-01
7.011072712378944027e-01
6.976551032935337515e-01
6.576046003864557399e-01
8.611148588375345803e-01
8.296827240857163055e-01
8.193626812338808962e-01
7.532543186705404903e-01
7.287005399595016808e-01
6.889395648280700613e-01
6.624258197095829193e-01
6.784603947044566263e-01
8.399357517886795188e-01
7.083978727182651536e-01
7.259271390838514249e-01
8.847820906563701460e-01
6.610741237337370846e-01
9.179228665851815183e-01
7.344593971667490173e-01
6.456910458736218050e-01
7.786367521037188544e-01
7.821385417887607439e-01
8.189143152381905821e-01
7.638792875609288213e-01
6.601762858979192128e-01
8.829599257774533028e-01
8.298977160404625852e-01
8.918253611737828601e-01
8.624116939635571022e-01
7.258904487540535078e-01
7.988926326107504972e-01
8.093721925382750815e-01
7.874820121241214999e-01
7.656455905518780858e-01
7.509059017545215431e-01
7.787355296994569187e-01
8.630232709050643658e-01
7.516771816098942738e-01
7.864078470058830650e-01
6.782733505162367171e-01
8.999847385721295723e-01
8.536532412309496554e-01
7.484678189514825108e-01
6.758797351847281032e-01
8.092826432719328889e-01
8.067772045408299064e-01
7.872242767164691069e-01
1.036360266218703030e+00
8.113765458554402787e-01
8.414519056707470135e-01
8.295199074795615024e-01
8.270767831628236255e-01
9.164189861466662812e-01
8.540614906106283044e-01
8.505033059732097778e-01
9.443257723373154056e-01
8.459116458581253939e-01
8.051090648657405202e-01
8.507482452353365421e-01
8.669404372623942256e-01
8.282291872886454742e-01
9.636821588884493250e-01
8.246863312145382707e-01
8.696557477705738615e-01
9.371975667599845572e-01
7.836539305471518224e-01
8.713266700070522175e-01
8.153891292578090422e-01
8.512291123495995260e-01
9.582161235879993466e-01
9.219377500559871041e-01
8.791843020272152032e-01
9.164291263828919787e-01
9.027634067472870560e-01
9.079731826840250486e-01
9.438346006467188687e-01
8.475073249854965241e-01
8.215922611035221257e-01
9.024401382134195071e-01
9.415224522162684018e-01
8.638209478578314782e-01
7.801259263452581250e-01
8.276511207977264029e-01
9.605677149653391034e-01
8.039014389163882113e-01
1.062121156783419007e+00
8.954723747892683328e-01
9.001664572487656502e-01
6.901207782801660473e-01
9.404895415085410271e-01
1.077910774074956946e+00
8.588421752825704525e-01
9.131807896045801565e-01
9.311195461181962507e-01
1.029580556148240067e+00
9.751409276459458431e-01
7.838632211977724085e-01
8.821561667614378210e-01
9.006913056099091763e-01
9.218442142846712262e-01
1.011069582013744306e+00
7.612073468647918562e-01
9.179039130153057169e-01
9.034473788364665303e-01
9.779387577968674528e-01
8.694627289203908926e-01
9.524795105551049357e-01
9.885523292630701286e-01
9.386098324300796714e-01
9.022436724975179123e-01
1.023084294780965076e+00
9.615875938951085056e-01
8.884279390394121956e-01
1.007510274778667281e+00
1.089849819194538938e+00
1.161958258424711232e+00
9.598027289455900446e-01
1.056503402818282700e+00
1.065240354402601675e+00
1.044162379327195245e+00
8.954505247330533102e-01
1.065557410918374748e+00
9.781434056126709908e-01
1.124859741903360799e+00
1.101627397682563680e+00
9.421971094895613685e-01
