-1.013705748651715366e+00
-9.530071778975022223e-01
-1.186754811423343936e+00
-7.421530088588291774e-01
-8.357503928684462124e-01
-1.106420467622882597e+00
-1.097989060589638965e+00
-1.185924246849193953e+00
-1.097675052031137577e+00
-8.692950900717535401e-01
-1.010314472379456596e+00
-1.008436318575553603e+00
-8.693304161599035851e-01
-8.718337827741378110e-01
-1.118661528793459370e+00
-9.459157288762931604e-01
-9.711982879248521883e-01
-9.699420320730662848e-01
-1.107024028226982537e+00
-9.122781706323482842e-01
-8.926313400865474312e-01
-8.834163261310374882e-01
-1.065750674665153719e+00
-8.759347722986718932e-01
-1.080933135016322266e+00
-9.409183086490449099e-01
-8.758753890654416008e-01
-1.055084691237855976e+00
-9.314025075530395492e-01
-9.537847732793068856e-01
-9.948401536988292770e-01
-1.003947583938709975e+00
-8.082067449566444628e-01
-8.994146935194863302e-01
-8.709178584679684310e-01
-8.099598121714864929e-01
-8.223232135348707006e-01
-9.087970310039720223e-01
-8.134415757946089620e-01
-9.465846272113139781e-01
-9.149983360964462076e-01
-1.092155023456588658e+00
-9.216133468078051560e-01
-1.054432411941130798e+00
-9.463657064787540651e-01
-1.001458181312316675e+00
-1.053482497640521265e+00
-7.369395036648351827e-01
-8.695319722752034020e-01
-1.020715478304937696e+00
-9.652905036905896630e-01
-9.678621011361678850e-01
-7.940063983936925807e-01
-8.504756546463466682e-01
-9.710106697629059536e-01
-9.574572578701692205e-01
-9.425401053193631640e-01
-8.807088700069900522e-01
-8.451547813925731623e-01
-9.468410742904628252e-01
-8.097333490712413928e-01
-9.248197833848826876e-01
-8.717802567317880502e-01
-8.561658909219020952e-01
-8.541555376750543660e-01
-9.908024244881483700e-01
-7.080968667982012743e-01
-9.020019754050156990e-01
-9.716114816525238673e-01
-7.608415018569525401e-01
-8.655635614778407483e-01
-8.588052798171416091e-01
-7.242312658466627528e-01
-8.370655748408506458e-01
-7.428338889915224730e-01
-8.117865104913207785e-01
-9.285382852087196159e-01
-8.498695020524972277e-01
-8.379827726203427085e-01
-8.939906928262248975e-01
-9.443720182029510246e-01
-9.077634209190307280e-01
-8.244050889822016615e-01
-7.774316990812776274e-01
-8.105512353750389254e-01
-9.389755467440535908e-01
-8.242497173968121871e-01
-1.007037535822278285e+00
-8.880400596288384740e-01
-9.178336283547327001e-01
-9.323458808451119406e-01
-8.486259108212576008e-01
-8.220289350755186630e-01
-9.730236171851311955e-01
-7.468822927926215272e-01
-7.546910881428173790e-01
-9.255532321318030720e-01
-8.089932916390680795e-01
-7.349708574420223961e-01
-9.603592243499914360e-01
-8.357149042981039111e-01
-8.358336660962867315e-01
-8.268335564882395294e-01
-8.330975059369311042e-01
-8.562128440991952916e-01
-7.478129413115882640e-01
-7.255835807755717237e-01
-6.979326317682796876e-01
-8.906887340890312643e-01
-7.770099881707086542e-01
-7.925642766182500187e-01
-6.847227328320115713e-01
-6.884722537742642423e-01
-7.375906046640954283e-01
-7.945827290492998296e-01
-8.617328549238363333e-01
-7.991423348354909084e-01
-8.496391090911583621e-01
-8.393127640361162101e-01
-7.004611481360593084e-01
-7.157784807717451070e-01
-8.118328955532364555e-01
-6.660240728183224324e-01
-6.340101703922558229e-01
-6.678157733506923099e-01
-6.981133132269266017e-01
-7.089300621904922606e-01
-5.966300441693922485e-01
-6.560166782522135476e-01
-5.493247658549843537e-01
-7.483706032850041545e-01
-5.981967262087374282e-01
-6.547263781680249251e-01
-8.000780690053024280e-01
-6.906166327906227975e-01
-7.418901172766941832e-01
-7.301191430954313555e-01
-6.730916348626051482e-01
-7.289909201988655774e-01
-7.267513190552717939e-01
-6.692968694877853286e-01
-8.590363456239440421e-01
-7.718725278842581972e-01
-7.789402862234252600e-01
-6.974661046927640440e-01
-6.404686088797533206e-01
-6.377739602702637844e-01
-7.034358052316629362e-01
-7.660590960415648576e-01
-8.288110235253570712e-01
-7.192507839385189339e-01
-6.891146668794988495e-01
-6.610485819671275687e-01
-8.079894272332086569e-01
-6.436147620410638259e-01
-5.160740353892753207e-01
-6.923711741599827274e-01
-6.536821904720289123e-01
-5.323007767583641803e-01
-7.385713809698333243e-01
-6.059867539807346493e-01
-5.978831737566746574e-01
-5.395273247260844451e-01
-7.976407140872375789e-01
-7.136290949120261962e-01
-5.787258241378998580e-01
-6.866347799811350905e-01
-6.857451079137399930e-01
-7.062681719742082143e-01
-6.141306709574857470e-01
-5.418380480098324847e-01
-5.834966165479188449e-01
-7.401628640434975148e-01
-6.277075021861578952e-01
-7.019698910838099160e-01
-6.167927505506802799e-01
-5.261695768648473326e-01
-6.601634212458943329e-01
-6.710689671740436291e-01
-6.153123993441229622e-01
-6.265750966654417553e-01
-7.315569820588143646e-01
-6.422814890321633108e-01
-7.206306549947161244e-01
-4.139314367595414712e-01
-5.398607527040198972e-01
-5.680254471676368100e-01
-7.862827259474286512e-01
-7.590196240042914599e-01
-6.259801900045617318e-01
-6.311865807128707040e-01
-7.396071696475727819e-01
-5.579451259832328702e-01
-7.137579939558564845e-01
-5.701487551253291430e-01
-6.933859754287652333e-01
-6.124078127201793009e-01
-6.409014905119124750e-01
-7.111988361080320287e-01
-5.367465660220486212e-01
-6.469891280138631018e-01
-5.322580923981002909e-01
-5.293204488230187632e-01
-6.307359682770642406e-01
-5.808100047790869525e-01
-7.340099524405415687e-01
-6.431808827503846526e-01
-7.090476665356746366e-01
-5.787593456580903961e-01
-7.119157326590480617e-01
-6.441725258815683697e-01
-4.486054700514529037e-01
-6.859666283829897182e-01
-5.433124126179844637e-01
-6.665668633632494400e-01
-3.811353611366741223e-01
-6.524857135302780664e-01
-5.945367699325820876e-01
-5.328862738785223874e-01
-6.562712464473445806e-01
-5.927797046475345999e-01
-5.043388210254878823e-01
-6.077743381199620654e-01
-5.716230964999763353e-01
-5.133675845198633070e-01
-4.900598849599910878e-01
-5.549697253121248508e-01
-5.739940320861142142e-01
-4.268276876461963854e-01
-5.698330794294667045e-01
-6.679820085546926967e-01
-3.574243308572706557e-01
-4.338692883214438356e-01
-7.008559137071015410e-01
-5.983072782964146130e-01
-5.967614352397151434e-01
-6.102092203759852396e-01
-5.257256163609282940e-01
-4.945964811568519526e-01
-4.358913902956537134e-01
-3.928160629880021459e-01
-3.113930706441563889e-01
-5.366578612621130118e-01
-4.589024670247739413e-01
-4.295544131124898191e-01
-5.886384057533489145e-01
-5.000446055984527627e-01
-4.470486913039086185e-01
-3.984737981637917481e-01
-6.187048358365866418e-01
-3.640879404787019658e-01
-4.647526282162005584e-01
-4.881558787285228407e-01
-5.132481273965628921e-01
-5.337376083240105151e-01
-5.642199226165413029e-01
-6.244392751668762509e-01
-4.665930011215403406e-01
-3.599273814588392906e-01
-4.869401528460489126e-01
-3.814867025786730648e-01
-3.970267716995611318e-01
-6.320414016164727089e-01
-3.717821519142856523e-01
-4.171205382632133252e-01
-3.785607304737900192e-01
-5.032035147217019944e-01
-4.582973789775153795e-01
-4.405401536835922283e-01
-5.184479555201069179e-01
-3.791149354303379182e-01
-4.198353852187649005e-01
-3.025019268442395437e-01
-5.354513688729637400e-01
-4.174358106003622226e-01
-4.306459239349181289e-01
-3.383198204615733284e-01
-4.657631139280028476e-01
-4.360358068112877294e-01
-4.305035337734232082e-01
-3.953844356482481004e-01
-4.414141504057294552e-01
-4.951104810580969073e-01
-4.120353974377897743e-01
-4.081964406759545638e-01
-3.808267830032335821e-01
-2.966188149308482958e-01
-3.061839996999016766e-01
-3.527066620655981977e-01
-4.221724672733674355e-01
-3.627845746479321232e-01
-4.097350531619046166e-01
-3.281000197158482901e-01
-5.201329635349618563e-01
-4.255315143096327635e-01
-3.821870578933013740e-01
-4.025186555939691546e-01
-2.148631821481851722e-01
-2.952046833917741919e-01
-4.730015383965817666e-01
-5.210407951086006850e-01
-3.066314274601377177e-01
-4.898573602425236873e-01
-4.566538099140264317e-01
-3.386277170317144591e-01
-4.234612849083269071e-01
-3.155086711035463010e-01
-4.182827774912420415e-01
-5.749230518276740032e-01
-3.642028209049837928e-01
-3.851286878023796878e-01
-3.008338194899014550e-01
-2.856975973992759155e-01
-3.434745986737405277e-01
-3.865112483867493287e-01
-3.996209705717522209e-01
-5.034578534220209844e-01
-3.386107178308243593e-01
-2.265166088088197138e-01
-4.191300427636301396e-01
-4.523125729688343144e-01
-2.393200197947411290e-01
-4.386794296514447966e-01
-3.772643561936701584e-01
-3.314012891883453826e-01
-5.798770390282039777e-01
-3.801863387789270465e-01
-3.377112148770141653e-01
-3.840106868463645240e-01
-2.586235655585581994e-01
-3.464009862692825070e-01
-3.092568220190449746e-01
-3.317363956118727919e-01
-3.504415196025953416e-01
-2.247774425877580862e-01
-1.874619923533134558e-01
-5.665805977965673867e-02
-5.211861899322073333e-01
-1.824571540544439596e-01
-3.276831076040203072e-01
-2.978337617698804118e-01
-2.167062940572260232e-01
-2.987997317176795398e-01
-3.780417690280998277e-01
-4.526802019677226840e-01
-4.161238532169582172e-01
-4.339054847950175042e-01
-4.268426944953717106e-01
-2.576448962698096312e-01
-3.287273865474704126e-01
-4.168377483150189633e-01
-2.653474370133883653e-01
-3.438413728565626326e-01
-2.828939858897447368e-01
-2.744309470144871699e-01
-2.252626435709213781e-01
-4.861748310166838505e-01
-1.551045734406555632e-01
-2.405226681527935784e-01
-3.248251165807758412e-01
-4.058015720591790498e-01
-3.329389048419627017e-01
-2.076572763585222414e-01
-4.856929440925266128e-01
-1.644795809032562617e-01
-1.702736798983804645e-01
-1.351941157791609199e-02
-3.358686012257434683e-01
-2.015205630450665475e-01
-2.763141708496330562e-01
-1.760242570529586270e-01
-3.294557559748890752e-01
-3.193154141794095069e-01
-2.116158917585579669e-01
-3.109017532743130197e-01
-3.636734070013249442e-01
-3.525351075704298287e-01
-1.606407471293358202e-01
-3.250524155409382221e-01
-2.364343966009626041e-01
-3.308587719572980146e-01
-2.901271542754255139e-01
-1.870253984076253595e-01
-2.556381406982837223e-01
-1.882290171337488993e-01
-2.676819300116590195e-01
-8.406412888958661456e-02
-2.685262883027944025e-01
-3.005586626224043822e-01
-1.226044482176272404e-01
-1.146789656890513931e-01
-4.063298170575949664e-01
-2.435057641250549243e-01
-4.023125663718666312e-01
-9.470181332979768496e-02
-1.822309800117856704e-01
-2.746508184678496112e-01
-2.268700868684385974e-01
-1.664011617012361166e-01
-1.766310821761342964e-01
-1.015363672256096028e-01
-2.741067430294494289e-01
-3.169750229332726210e-01
-2.457519730171218997e-01
-1.928743130584766319e-01
-2.062218509984892201e-01
-2.012957056520028598e-01
-2.728589431140672206e-01
-2.120786088210953602e-01
-1.897891650965099763e-01
-1.907648457309936152e-01
-2.145869080450920341e-01
-1.669355322195849034e-01
-2.281989291394022623e-01
-2.287955246588704306e-01
-1.154313030300441467e-01
-1.634001139000909042e-01
-3.032038057955273591e-01
-3.180806076863569865e-01
-2.540855867148704150e-01
-2.673025809942241038e-01
-1.246668139418456167e-01
-9.204705907506910423e-02
-3.233461555175299318e-01
-1.124122215407216963e-01
-1.495231445435663831e-01
-1.263378839486380967e-01
-9.002242020461405370e-02
-1.317860140410539727e-01
-1.297978106240049723e-01
-1.699401188983297173e-01
-2.680897519952640251e-01
-3.473930107672162371e-01
-2.035719814987814458e-01
-1.199573526766066212e-01
-2.412440310468901006e-01
-2.792921757030371044e-01
-2.488061543386041741e-01
-1.602630757000841621e-01
-2.420310192756623402e-01
-1.240278527917668544e-01
-1.317621828766187553e-01
-1.824236433671852509e-01
-1.635215279631211660e-01
-5.521647448432622646e-02
8.696399934192547421e-02
-1.750024222912439920e-01
-1.398494331491137721e-01
-1.558030290500408144e-01
-1.173697921847291908e-01
-2.640139656594960305e-01
-1.969087867499900654e-02
-1.150066123782478127e-02
-1.991585033305453278e-01
-1.874313202870635242e-01
-1.449208624616749319e-01
-5.872845686743285304e-02
-5.119227527543139533e-02
-3.357656893579517160e-02
-1.630331987445405029e-01
-7.609912469342663618e-03
3.298377396715582860e-02
-2.041595398752318324e-01
-5.722495191041255397e-02
-5.938493363832029331e-02
6.208726749394850863e-02
4.939935344088294128e-02
-9.543130519869566508e-02
-4.989218515955440303e-02
-1.040782489854071985e-01
-5.903878828569829491e-03
-9.654673326415058598e-02
-1.026092084409029742e-01
-3.487030580434984789e-02
-1.900211225251021152e-01
-9.471191915253723836e-02
-1.917798256099323764e-02
2.503032940676832088e-03
-1.377483671155924350e-01
5.948562170810116172e-03
-1.494136108584535050e-01
1.255301615993656417e-02
-3.666414632337267054e-02
-2.132750575617992431e-02
8.853494180660574642e-02
2.783746389880112013e-02
-6.864627623318474148e-02
3.095916985649799572e-02
9.400275153435465325e-02
4.086939680139509840e-02
-2.138691789286564435e-02
1.480778585476824616e-02
1.166063805679361659e-01
-1.716854086769095955e-01
1.126294840100338090e-01
2.879806112532959372e-02
-6.457200814358866892e-02
-2.262783550517340897e-02
-1.270901617899811431e-01
-4.761687310347489238e-02
-1.025424984205069168e-01
-7.024412456265730076e-02
4.839805996988240377e-02
-5.141976625165634723e-02
-8.875683623975759440e-02
3.274979232061359189e-03
1.487159408088692680e-01
-2.728192280532948377e-03
1.847168351393332630e-01
9.792564402535539059e-02
3.841572073116213733e-03
-4.192432201195128022e-02
5.683345225680115631e-02
-3.274453454258070915e-03
2.077833470912882757e-02
-8.936180822047110062e-02
-2.941536482134389854e-02
-2.410303658851090103e-02
-2.904279586965919160e-02
2.201963827718416977e-01
9.746381144382563338e-03
-9.830108688226206481e-02
-6.989911907284059207e-03
4.516034696152370492e-02
4.082860561114814990e-02
9.778008107700252027e-02
-6.057450001659802317e-03
1.569570884693487489e-01
-7.088809774616208759e-02
1.152635076718626778e-01
5.936977912766979587e-02
1.075868930547272950e-01
6.667842710941479512e-02
2.460104593843863430e-01
2.245675017483995395e-01
-1.464112997116059044e-02
1.025410102910652987e-01
8.691391818855900842e-02
-3.517125253730960660e-02
1.158189636061267430e-01
1.736559178151063643e-01
1.131272220001190154e-01
8.783413244968504840e-02
1.943374476584237287e-01
1.780687284368027978e-01
2.093732280123243306e-01
1.662269630297391332e-01
1.576922066414890022e-01
1.008868155168651526e-01
9.363483313460774227e-02
9.366830146996012185e-02
2.353058710792930303e-02
-3.468948131132618129e-02
1.404444353087830333e-01
8.240654863588423029e-02
1.559154110457708353e-01
2.282905380409947504e-01
1.069002252954678878e-01
1.937963226332626576e-01
4.369478241468505164e-02
6.028732773933490746e-02
8.950754826836095079e-02
1.153631669481541416e-01
2.476569601910574847e-01
1.441476679678165285e-01
6.514477937204499192e-02
-2.887470973949110217e-02
1.311424885599542234e-01
1.226814014516574847e-01
1.511164019419522220e-01
-6.822870836972973196e-02
2.158843053629349584e-01
1.005872035354039018e-01
1.340234782167478433e-01
1.479303840215270005e-01
2.045588337564660242e-01
1.784390193997902052e-01
7.075278574463439440e-02
1.866510248302727937e-01
2.443180972078173585e-01
1.444339944517962215e-01
2.398222098372259914e-01
1.656378235687277212e-01
2.295384973771837089e-01
1.689277094724574713e-01
1.100929667324998806e-01
2.256354284795845933e-01
1.540089576711702324e-01
2.364194322081756838e-01
8.424384743245186269e-02
1.916457219296328618e-01
1.703321120106385811e-01
2.775386675810133652e-01
2.991491859871672210e-01
4.042678529661904857e-02
1.790985233804003041e-01
2.734924650690756520e-01
2.940165782938701233e-01
3.538379031024505572e-01
4.098463431200567025e-02
2.068594692324147999e-01
1.664980779923614929e-01
2.147822859331157130e-01
3.367650673212158052e-01
2.666431994459315113e-01
2.103117192201790220e-01
1.142401984004168813e-01
3.218889396392788926e-01
7.717997364100494251e-02
2.686757225999811260e-01
1.154839034556334881e-01
2.127414055800267156e-01
7.677583408047301827e-02
1.855535006858652913e-01
1.860272216405133017e-01
2.849244876600028897e-01
1.963970773466616471e-01
1.109768514263564099e-01
7.511066295101653800e-02
2.824262562734796700e-01
1.369606144610527876e-01
2.385161445348023823e-01
2.580277838594826068e-01
2.303646454669257548e-01
3.012236011359676890e-01
3.734618806260084356e-01
3.091825420903606125e-01
2.672737841949107684e-01
2.902488755191032221e-01
2.261688341321928808e-01
2.723084311883928188e-01
1.747461743275202095e-01
2.725013866446309718e-01
3.782327826249328728e-01
2.111447879891755752e-01
1.084230226921211182e-01
3.903579471184742133e-01
2.030291622124943407e-01
1.599472311936600555e-01
1.485357682296249426e-01
3.628737563809235622e-01
4.830574858615571121e-01
2.797224508291266676e-01
1.185073393019666771e-01
2.917776880952653307e-01
3.072631657255434634e-01
2.339938619372136097e-01
2.266108370493394586e-01
2.538296844763440197e-01
4.495643318354215490e-01
3.217931950555227849e-01
3.141517444564092543e-01
1.609497702133405317e-01
3.891757673862105138e-01
3.167495233697299462e-01
3.032107688570450099e-01
2.896975863878990531e-01
1.694948593902491363e-01
3.090572943598450251e-01
2.461908201792368800e-01
3.026463043669145869e-01
2.754755162794907397e-01
2.278931337198008000e-01
4.742677862961392488e-01
3.364623693045981079e-01
2.193139699925588937e-01
3.714222703230072309e-01
2.755193834179014423e-01
2.628669072239226412e-01
2.462406596113639323e-01
2.596915354283713118e-01
2.325179748254985745e-01
3.822455281067534405e-01
3.764816117394066963e-01
5.162996491070013239e-01
4.698818516960160396e-01
3.938815813627828955e-01
3.302067445435724058e-01
3.915408001743954092e-01
4.303190713149655511e-01
3.299354102992395066e-01
3.496235753687479408e-01
3.999737336124699616e-01
3.504502585855330810e-01
4.249221748671189736e-01
3.389205608550228677e-01
3.314924217693464570e-01
1.463926855007615380e-01
3.961815647563852738e-01
3.917833965314869160e-01
4.549101255677167055e-01
2.812697418425635920e-01
4.839717976318667070e-01
3.938494135022669318e-01
3.856180235121501321e-01
3.683382535953508286e-01
3.914967183014924079e-01
3.517109319113325694e-01
3.374421178154652923e-01
2.357270693906379222e-01
5.619457738493981447e-01
3.126654837436557699e-01
4.701654051556857228e-01
3.322987547578847844e-01
3.460130499980378915e-01
3.550366387510078270e-01
4.804144743898664527e-01
2.892390923781764100e-01
5.031941422626740046e-01
3.984602987911453620e-01
3.433097470616707780e-01
3.696837511021993650e-01
4.798685575291843364e-01
3.763238408288680503e-01
3.573370474739836489e-01
4.844645583612329220e-01
5.009196198174828973e-01
4.431575430198081422e-01
3.259988420477100690e-01
4.746081891618182391e-01
4.447125647817900540e-01
3.473086531495631069e-01
3.553869832997775813e-01
3.934428569228953787e-01
4.502996060095919573e-01
3.918417385009170251e-01
3.544516113961554415e-01
2.973404863217856131e-01
5.706572478394339454e-01
5.156322246175909507e-01
4.714480644274864352e-01
5.305890586331827308e-01
4.603154946757755384e-01
4.383329083602645060e-01
4.624152150262797467e-01
4.672330343921357043e-01
5.351591594103941585e-01
5.779533969036476648e-01
3.535743248189891497e-01
5.361363082575681949e-01
4.644401852432639144e-01
5.615106306417170234e-01
4.544572161217907413e-01
4.088990128734097396e-01
3.866143706405997249e-01
4.889811854968829641e-01
4.291804321725853355e-01
3.913723863696898508e-01
4.598198595765762287e-01
5.619942408430131930e-01
5.653504329671980022e-01
6.067979382772877850e-01
5.944008726798448716e-01
4.862186704204912169e-01
4.637746537777485134e-01
4.914171808836533262e-01
5.261357511659470187e-01
5.382703127163186441e-01
4.538080088043250360e-01
5.663257021710006445e-01
5.352540281853767068e-01
5.495928098199122092e-01
5.918796114237375727e-01
6.439064641824665536e-01
6.517008527883562108e-01
6.456978983149158635e-01
4.988344964488636291e-01
5.139328379047563011e-01
5.338764152080849312e-01
6.037196401396250911e-01
5.654126540017176961e-01
5.099078666143479488e-01
4.378124300226762244e-01
5.289878355836225010e-01
5.946669225648503199e-01
5.517772261419919833e-01
4.959093113849905032e-01
5.605260518025085847e-01
3.879233854633281631e-01
5.446716040328867248e-01
6.145175747328723848e-01
5.255583130098251399e-01
5.822826362854346405e-01
4.983249077489508294e-01
4.455947679486558788e-01
7.201748802753088485e-01
5.208679903099512343e-01
5.259933923044493032e-01
5.681696007645014035e-01
7.760650631443647418e-01
4.229615540320879052e-01
6.572013110550888326e-01
5.917558295537078683e-01
5.511107269167313527e-01
6.188054239830049763e-01
5.644083004284606853e-01
4.855231190170304911e-01
5.301373961668324197e-01
6.146117620187186992e-01
6.428187354920065211e-01
6.533034056444205762e-01
6.599965940210783533e-01
6.547872513432073660e-01
5.169712178394921809e-01
5.007682299417000049e-01
6.038688591963626839e-01
6.947347763384926767e-01
5.231205908847593733e-01
8.112521190140126182e-01
6.047360386645529440e-01
5.640653758854399236e-01
6.391617652451238030e-01
7.190450919413017283e-01
7.469530345875604604e-01
6.296344715128996405e-01
5.622582216457080451e-01
7.887008387455909375e-01
5.585514013168734193e-01
5.856639955324814961e-01
6.678022121369822095e-01
5.479632289638876053e-01
4.545883944790570230e-01
5.567795094242015130e-01
6.146419266632316969e-01
6.326273485626244808e-01
7.340072937608097536e-01
5.390797311006839676e-01
4.993023407561889004e-01
7.202770726716180016e-01
6.602287372848854030e-01
6.320744064887070524e-01
7.540643380747763524e-01
7.238880288322711021e-01
7.219648043018984662e-01
7.250594075050154075e-01
6.608009338637270691e-01
6.607178438124067243e-01
6.838599837458094743e-01
6.580188658943012525e-01
7.341837260858876668e-01
7.189227886665356948e-01
7.531691314403171633e-01
7.538172664935102185e-01
6.123832148713955759e-01
7.506470160620094534e-01
7.201502367687647732e-01
6.704048405265602417e-01
6.963411672063124502e-01
7.119867159751389618e-01
7.626609683480468638e-01
7.362979384467658317e-01
8.799146471710523887e-01
5.377229650891487411e-01
6.694895552090955881e-01
7.206451512789406877e-01
7.302653213587484426e-01
7.033246101229960745e-01
7.132112285723265499e-01
5.346447266341990412e-01
6.967080986223485040e-01
8.188880913847625953e-01
7.910492307240344356e-01
7.115050151576050030e-01
6.920322382374399783e-01
7.521369478713102463e-01
6.316846946021751341e-01
6.891940339881926780e-01
7.527710030000640540e-01
7.452760134513540802e-01
6.252331562386082009e-01
7.504930861842881162e-01
6.928514191775437814e-01
7.235480369060393047e-01
8.905590083235338517e-01
7.460670512676614852e-01
6.433432303322872414e-01
8.030100456860752578e-01
8.725078706299295161e-01
8.389001727150483534e-01
6.658406644117018658e-01
8.662341217558093831e-01
8.321593733287263595e-01
7.702048063931654642e-01
7.039010471401411229e-01
6.287289751629380197e-01
7.429576963968328451e-01
7.231918315455029278e-01
7.600819089227353054e-01
7.764797291735900941e-01
7.874069444463693834e-01
6.826107233937119823e-01
8.534656792543117154e-01
7.750952886660087415e-01
8.807174139511215749e-01
8.170492401859739129e-01
7.074420907437151129e-01
7.475728947899645815e-01
7.872297933233878275e-01
8.147174668004983911e-01
7.478535935631825948e-01
9.083365944449778295e-01
7.633778823822491288e-01
8.106984376823085370e-01
8.749114356348726140e-01
9.104060161134821527e-01
8.417428109874295350e-01
7.469125187749969808e-01
8.520866090361970402e-01
9.122264372578176017e-01
8.319152307345833997e-01
9.644096001696258469e-01
7.909102648675726543e-01
1.103641737404711831e+00
1.001404959495667768e+00
8.277576605974964474e-01
9.953887317435375914e-01
7.926258766834937131e-01
7.546093528510339210e-01
9.027194657597851224e-01
8.725743683048167165e-01
8.445979868258890466e-01
9.305816267849985612e-01
8.083525273496194874e-01
9.299217743868966046e-01
8.768042844220730325e-01
7.595512151837463533e-01
8.844928257390411996e-01
8.676781308913350532e-01
9.382563640884314937e-01
8.401132193604404774e-01
7.963555506933728267e-01
9.698838488794736534e-01
8.885187544031359907e-01
8.982365611382380211e-01
8.851496156487222988e-01
9.213548015132704272e-01
9.330857237943035454e-01
9.417190449523672457e-01
8.835699863009622845e-01
9.003743934393707571e-01
9.108610042751589253e-01
1.006592721798563295e+00
1.082082108621898575e+00
9.785823191370837115e-01
9.841903178021669252e-01
9.014329197896074897e-01
1.013710995576450058e+00
8.145544057890442557e-01
8.096870623588882099e-01
8.040144134037745527e-01
1.037681314811753408e+00
8.473098981862184909e-01
9.373162745153962305e-01
8.625915201410496724e-01
7.866994862527201260e-01
8.454388071299053786e-01
8.034484450599906902e-01
9.187249264556771600e-01
8.976348999438458209e-01
1.076032550748404093e+00
1.030807110381277925e+00
1.015911703676046329e+00
1.093214434269382140e+00
9.448842268858859139e-01
1.027315835196708660e+00
8.374209896800917097e-01
8.406911633126703531e-01
8.576404489774925866e-01
8.690633478544572688e-01
1.011361763717635753e+00
1.072558923931722363e+00
1.052419737937024147e+00
9.326722259762779688e-01
9.280239541568691131e-01
1.001529450717719927e+00
9.264076498115219049e-01
9.958475481220808723e-01
8.434745248184207789e-01
7.777838476367897602e-01
9.585652494751627506e-01
7.875115968671392297e-01
9.447033727633654676e-01
1.077267126836482403e+00
8.842333466651769447e-01
1.044302051318649616e+00
9.500026493641562375e-01
1.047345645021250382e+00
1.038776653341235257e+00
9.667362084230257668e-01
1.088970678530937652e+00
1.023747610623424009e+00
9.659542672900148785e-01
1.095054145386495259e+00
9.580135053421088287e-01
9.905638761356244659e-01
1.003411824396755136e+00
8.787750884929920181e-01
1.087861212442541747e+00
1.087294544101137239e+00
1.035484341127025587e+00
