-9.674672181696886142e-01
-9.986449385160116599e-01
-1.046250146425847349e+00
-1.133511226027046126e+00
-9.860411997156021124e-01
-9.226096460257963150e-01
-9.195524003306930760e-01
-1.051841937698990481e+00
-9.826332122141709924e-01
-8.002461849572470864e-01
-1.013752879108344329e+00
-9.236112663030635606e-01
-1.037944719034329166e+00
-9.272313899605877374e-01
-1.023646319743753086e+00
-9.011523976964190830e-01
-1.024501860146247001e+00
-1.021330389279416773e+00
-9.210054037327287668e-01
-9.397402605150776411e-01
-8.764393505563162767e-01
-1.030791375184608283e+00
-1.102296851502588604e+00
-9.754501162555540006e-01
-8.885078015356053793e-01
-1.012101964887728300e+00
-1.007931570521010789e+00
-9.868121406040214483e-01
-1.124237053282839183e+00
-1.044125364651059984e+00
-8.738755109888517447e-01
-8.911840716397164686e-01
-8.957636194454147160e-01
-9.712772873119607242e-01
-8.836460983045769657e-01
-8.825519936203561899e-01
-8.823183754282225566e-01
-8.282775262968193886e-01
-7.551742098036772211e-01
-8.694530443395046548e-01
-9.168101788911992012e-01
-9.441316343329226868e-01
-8.079725985656419640e-01
-9.757638197704002758e-01
-9.265883730707561439e-01
-7.559039325990928315e-01
-1.201842142449429662e+00
-1.066697033124128113e+00
-9.434463951187249675e-01
-8.571061661086188943e-01
-7.579461999597453259e-01
-8.878295542955605413e-01
-9.584830691157473215e-01
-8.042733333834042320e-01
-9.097359077612976463e-01
-1.007131345306131465e+00
-8.447545396391564765e-01
-8.961268666979345099e-01
-8.477069722535988117e-01
-8.024945586367140393e-01
-1.046192108878513105e+00
-7.909488972271639939e-01
-9.828857613731523113e-01
-8.746237300461588982e-01
-8.483543849223504907e-01
-9.229402382069884503e-01
-8.119697798238694197e-01
-9.311608933783637188e-01
-9.065761584490356073e-01
-8.902219424539148385e-01
-9.295638656606157735e-01
-9.500593230965822533e-01
-8.269682430174043475e-01
-7.926626973495547457e-01
-7.697146929429141693e-01
-7.151009719921616048e-01
-8.933877110924880460e-01
-8.868133227735403024e-01
-8.402074579271265886e-01
-7.965307998516963917e-01
-7.372973626267468328e-01
-8.165045186408770306e-01
-8.472560409550243810e-01
-8.098977225052821360e-01
-8.677083517226541476e-01
-6.775681873076342399e-01
-7.244484945832261324e-01
-9.661211862620958657e-01
-8.616048756152833166e-01
-9.201325047716699679e-01
-8.504707981187790145e-01
-7.348635668079892547e-01
-7.119765782892948369e-01
-7.549538617559550246e-01
-6.771440051325893217e-01
-8.809315183625269219e-01
-8.512344020885111995e-01
-8.293732044651555002e-01
-8.976400040164684846e-01
-7.644762648279732620e-01
-9.107960149391354232e-01
-7.464572292711120216e-01
-7.581442920921741546e-01
-8.403060648319836679e-01
-8.810394812287417610e-01
-8.026110637020631433e-01
-7.824432062639609109e-01
-8.411499894382162834e-01
-9.014555256966693131e-01
-7.956620713565968339e-01
-8.875218261453702295e-01
-8.354081068656593612e-01
-7.812250034448551261e-01
-9.144174807522009729e-01
-8.659615258315123132e-01
-8.090098711984935465e-01
-7.114752719800577774e-01
-7.154037882591929298e-01
-8.170738164892269451e-01
-8.056864899069915431e-01
-7.929383251817854195e-01
-7.384215627182016961e-01
-7.512722238081599446e-01
-6.955499893589118798e-01
-7.681636323920123521e-01
-8.636702778170635142e-01
-7.460882727924327273e-01
-7.620516095043244897e-01
-6.674791201872543045e-01
-7.416082340453582500e-01
-8.086962593723014958e-01
-1.007227716129639683e+00
-7.171035689824482029e-01
-8.581472629712226796e-01
-7.994914235250724088e-01
-7.494178201755147262e-01
-7.586964700939301531e-01
-5.910909125611758519e-01
-8.211655980990917314e-01
-5.728938568552069954e-01
-8.066730402713538917e-01
-5.730251040832723408e-01
-7.302178580077262060e-01
-7.624881432952674842e-01
-7.806786274743118259e-01
-6.727804037011452243e-01
-5.629799928185222901e-01
-6.298759064820199649e-01
-7.484278177569098078e-01
-7.941092004609162647e-01
-6.242584077509217844e-01
-7.693255675235585178e-01
-7.636997980061788205e-01
-6.876862974623313418e-01
-6.095815044921801817e-01
-6.759484070361085895e-01
-6.902208492589898547e-01
-8.796210434326502403e-01
-5.054285118619832318e-01
-7.575577501160678517e-01
-7.604927637658864814e-01
-5.549598803891099275e-01
-6.317436542952519218e-01
-7.305210665512356094e-01
-7.110261136744209232e-01
-7.518237574776422960e-01
-6.553695128473936427e-01
-7.542919347237104777e-01
-6.998812256882015470e-01
-6.616130254011923784e-01
-6.147577686769545302e-01
-5.878945327872390214e-01
-6.587126320050562533e-01
-6.012681581083753057e-01
-5.451929626412956864e-01
-5.138152000450555423e-01
-6.440824755230951659e-01
-5.827694723410465905e-01
-6.436914805953692920e-01
-6.133208739757752825e-01
-6.400179177120683960e-01
-6.251934189503770556e-01
-6.254947094504842431e-01
-5.608497365261634338e-01
-7.178761812333996906e-01
-6.604104513698741963e-01
-5.696007533381570731e-01
-6.149080977705695394e-01
-6.143407999968535371e-01
-7.743582151769604627e-01
-6.744922414299399094e-01
-4.424546580990415534e-01
-5.989665040063321122e-01
-5.997495335408351558e-01
-6.358585265600751324e-01
-7.634012746026808127e-01
-7.305692098398179901e-01
-5.676841960166003620e-01
-5.559727508159731935e-01
-5.547913168379092763e-01
-5.878917639062383182e-01
-5.925853956194158112e-01
-6.045338635728485510e-01
-4.485956401263996862e-01
-6.060296004178828966e-01
-7.337190902684340710e-01
-6.553802192202550225e-01
-5.119586283526622594e-01
-6.723482238394601351e-01
-5.639901640620207379e-01
-6.380609734119776499e-01
-6.911977849466227619e-01
-5.171719808049026756e-01
-5.917820322105604713e-01
-6.134745772351182236e-01
-6.900053453371132184e-01
-6.013906253312403249e-01
-5.263072989644642652e-01
-6.143003118294654286e-01
-5.393683267608488929e-01
-6.345958235309432371e-01
-6.112300292143947322e-01
-6.730921299958141368e-01
-4.747921094567471578e-01
-5.783572482936431003e-01
-7.498647505798431423e-01
-6.799009518165972654e-01
-6.429965475788221863e-01
-5.947083875943328657e-01
-6.556562914067658454e-01
-5.240400631753656668e-01
-6.187713996392226745e-01
-5.201418002546419617e-01
-3.821662508231925548e-01
-7.017668812031585546e-01
-4.763402507461440005e-01
-3.759023233218325988e-01
-5.123722294886469131e-01
-4.633114827186227136e-01
-5.547457727769485869e-01
-4.518394551264382497e-01
-6.619262135895068733e-01
-4.231539595766438122e-01
-4.672111346926601239e-01
-5.879951822520882443e-01
-4.733581036760541871e-01
-4.597565321735996857e-01
-4.453933425799807555e-01
-4.835418267347561527e-01
-5.280361513779733285e-01
-4.836053988861579445e-01
-4.036753403994977618e-01
-4.627993089511216462e-01
-5.080438058335614571e-01
-4.189928823922589585e-01
-6.055259098623210212e-01
-5.390937974481369022e-01
-5.634179254292778216e-01
-6.848808819847030938e-01
-4.225919045912157612e-01
-4.335974121640187584e-01
-4.229360422933848285e-01
-5.502504828514660495e-01
-5.053049024540152701e-01
-5.270450101031751711e-01
-4.822791757233276244e-01
-4.664695956676536137e-01
-4.808586490523270585e-01
-4.812453520425717945e-01
-4.485389841695857083e-01
-5.759950619703972929e-01
-4.071062450855618686e-01
-3.871070117048160397e-01
-5.023704761041483113e-01
-4.213196465420201986e-01
-3.969464448881347418e-01
-4.080860222960833728e-01
-5.094695148301484622e-01
-3.233211611599236535e-01
-4.201474128745337766e-01
-5.554006406669893536e-01
-3.082811931408696027e-01
-4.809903418170030642e-01
-4.727380986536761087e-01
-5.036087246592715339e-01
-4.583282061264977170e-01
-4.244543918374583114e-01
-2.603724654049196507e-01
-3.963280860393458283e-01
-5.129182305245519879e-01
-4.546388956722955399e-01
-4.702028091532949872e-01
-3.938406694866847246e-01
-3.635875297168226217e-01
-3.859510565458240672e-01
-4.732868526844689616e-01
-4.383364041915787102e-01
-3.718706924190330887e-01
-4.414292071054280453e-01
-3.563340187117168822e-01
-3.415974092672856011e-01
-2.777818532037785726e-01
-5.135483360735996206e-01
-4.707542988308957566e-01
-4.245826162784331892e-01
-4.403342785121352465e-01
-5.672756564883184582e-01
-5.607962514518743946e-01
-4.225086632007635790e-01
-2.287731391888629395e-01
-4.248923845254128362e-01
-5.366478094967228607e-01
-4.272508629649272582e-01
-2.958632274062715783e-01
-3.119075587082794643e-01
-3.535484127898509410e-01
-3.533896097576523232e-01
-3.003616732766155595e-01
-4.591448424781275350e-01
-4.106016515735908534e-01
-3.047619283763816078e-01
-3.327224641155386298e-01
-3.900735169403190539e-01
-4.364088972938930389e-01
-3.019476533303618315e-01
-3.478371521196853000e-01
-4.665839788450105163e-01
-3.603373178691394729e-01
-2.612709947083142747e-01
-4.074005926236264896e-01
-3.801301574510370651e-01
-2.649645699205024352e-01
-5.181592789735288695e-01
-3.556396428678579857e-01
-2.811184036455575130e-01
-3.088833882707034406e-01
-2.990167836544759261e-01
-2.865170629962653370e-01
-3.126034613721292987e-01
-2.515479057140921348e-01
-2.417422859181566352e-01
-4.462896609730381825e-01
-2.419128081361909821e-01
-1.351895063139549047e-01
-4.536618027725154989e-01
-2.077035445307232331e-01
-1.717676332663334304e-01
-3.246364610476512036e-01
-1.927558200723709092e-01
-3.954530867530041682e-01
-2.851245992984737798e-01
-3.118607388157095817e-01
-2.460466214020456399e-01
-3.171510239607308601e-01
-3.511104918177325174e-01
-2.013560889419480360e-01
-1.835539803897026367e-01
-2.308558720707149237e-01
-3.158642935801534435e-01
-1.306767231530845119e-01
-2.305078383896666527e-01
-1.547500294533411258e-01
-3.204141152886558763e-01
-2.955746070833720207e-01
-1.978439343285827434e-01
-3.889085639026451657e-01
-3.026251462775367829e-01
-4.012612667481961215e-01
-3.856811896756264790e-01
-3.703021597148724031e-01
-2.228006032327581598e-01
-1.944119030382429059e-01
-3.518937136454122205e-01
-1.704212831494759661e-01
-2.209348558198227508e-01
-1.319691187896750439e-01
-2.979224691142195458e-01
-2.682927366186360629e-01
-3.220120373105911371e-01
-3.692674344382005369e-01
-4.440462402456116231e-01
-1.790009655532011079e-01
-2.350235158371974109e-01
-2.623472342982779426e-01
-7.489314909804654918e-02
-2.324694669341069997e-01
-2.685510271913824631e-01
-1.940731318210112688e-01
-2.006470846155449794e-01
-2.972827219424739598e-01
-2.566137404630373098e-01
-1.764340611316947971e-01
-2.220563754107897636e-01
-2.099362161500483714e-01
1.182001412508342300e-02
-5.722835380670881350e-02
-1.654351347048651777e-01
-1.161535255491627644e-01
-2.027942429057966456e-01
-3.083502050377796011e-01
-4.962131682165055180e-02
-1.260147858465732740e-01
-5.465832795046765558e-02
-3.129940364042361756e-01
-1.129021570219567311e-01
-1.856017701082937343e-01
-4.826931999836700515e-02
-1.271017644761635312e-01
-1.498437975992900073e-01
-1.419269680563411129e-01
-3.177795809652100845e-01
-2.197127121131143834e-01
-1.548772170861124342e-01
-3.087722646000146121e-01
-2.386902806980603364e-01
-2.185298256823825502e-01
-1.412415294203911154e-01
-1.427262982821546067e-01
-1.621000824593904766e-01
-3.411753537831042071e-01
-2.307723813432402959e-01
-2.563487229780890830e-01
-7.076062720810927242e-02
-1.756700596275087012e-01
-1.303106965378934279e-01
-6.713298841497701563e-02
-1.090529121127423035e-01
-2.107397051610467031e-01
1.596044932665377850e-02
5.910457578073889662e-02
-8.451605595746056188e-02
-1.132627920773093128e-01
-2.964532574550465260e-01
-2.853745252767063770e-02
2.024657812298173015e-02
-1.752475576089707887e-01
2.008334643874742659e-03
-1.433609037145752996e-01
-1.147443978076878729e-01
3.923022842550268757e-02
-1.159603345180766909e-01
-9.164157770072189901e-02
-1.187293407634500836e-01
-2.403642670697400119e-01
-1.400581977335148276e-01
-1.157041313815095340e-01
-1.064254327949902545e-01
-2.139632081771545777e-02
-1.214947418320482392e-01
-1.741636775726474462e-01
1.752205867546807782e-03
-6.986506722756848087e-02
-8.751434148641995536e-02
-9.329919801132291468e-02
4.306939101268043857e-02
-4.149382261006211853e-02
-1.689562381246757089e-02
-1.509878426358826353e-01
1.233040747177455328e-02
-1.294950094878318837e-02
-5.014879529056422147e-02
-1.843500002403217763e-01
-7.792728197399552414e-02
-9.275967421728986695e-02
-1.742957069984438501e-01
5.169163593129105089e-02
-2.491044883856572967e-01
-1.614428207191526479e-02
-2.938371558695145325e-01
-4.755024521767577811e-02
-1.341855271508242964e-01
4.664954553193710607e-02
-1.607964957531441974e-01
-4.566690789741027767e-02
-3.819694286508901887e-02
-1.209390978937975591e-01
6.615885980155493395e-02
-2.328516276496275100e-02
6.471030541437082506e-02
6.009882333083011591e-02
-2.158233811680257408e-01
2.604018405080570434e-02
-2.148969533147872812e-01
-1.063313132247141607e-01
-3.768163540342479162e-02
-1.794251029303443531e-02
9.030664778173286755e-04
2.224678448359396210e-02
-1.312202620216530377e-02
-2.602238115461955742e-02
3.932075880839405735e-02
-1.567260377716239994e-01
-4.619514955138480372e-02
-1.176116104078263197e-01
7.623527644450776852e-02
-1.665281593879589794e-01
1.231479772505662124e-01
-1.202335808514234765e-02
-8.319418150625154662e-02
-8.868478820096438453e-02
-9.512540708009124824e-02
1.102081216727640450e-01
-1.610016790244094553e-01
4.802645580255383850e-02
1.173694553140953722e-01
4.357744855076028240e-02
-3.160036125183372097e-02
-1.014939352748187723e-01
5.049954768096678176e-02
-1.162387011765616401e-01
4.832728405622999795e-02
1.627459520900981227e-01
1.633219848519012751e-01
-2.922998552300569777e-02
1.057641470110589899e-01
4.429611370459650421e-02
1.728300046749649543e-01
9.266741409489445691e-02
-5.821945681464289063e-02
-7.175037435147238463e-02
1.090399238782218672e-01
-1.825568928917570971e-02
1.086792148906872910e-02
5.359960261188286695e-02
1.626614129918025620e-01
7.129040219973728151e-03
9.933107540530260182e-02
-7.423315171928741851e-02
9.382884613609424052e-02
6.910800409853630477e-02
8.542614537734337377e-02
9.630407381369014697e-02
-2.261240141992280905e-02
8.609038914056155178e-02
8.706124538262371981e-02
1.865753198239072652e-01
1.427491677338590947e-01
1.961555583446956408e-01
6.104093177437673601e-02
1.045144287319013238e-01
9.969846633749680775e-02
2.806087189471065391e-02
-4.731686198142604025e-04
1.118526085438609902e-01
1.411062050820804104e-01
1.917594941491202465e-01
1.997474367179408461e-01
3.325605448251328644e-02
2.458671572690581189e-02
1.410017121917264138e-01
6.255856856062043392e-02
6.175981393184526436e-02
2.584685359074124777e-01
-1.473531131843893241e-02
1.658265855272507971e-01
1.509766011753631010e-01
4.221234352837438530e-02
1.311665196135679834e-01
1.570916818137724213e-01
-2.423044938017040323e-02
5.489244572567424096e-02
3.587181376155404130e-05
2.435777793305678451e-01
2.275087148883499777e-01
9.253521711236431524e-02
1.894124917614988801e-01
2.261803791520790863e-01
7.716444969366460793e-02
1.687348035274361877e-02
2.341985496357391339e-01
2.443248059057692712e-02
1.513881009263123023e-01
2.281571651576085602e-01
1.813806609451222573e-01
2.055176681723425158e-02
2.409198713042766116e-01
2.792926632006317300e-01
1.148025216860794478e-01
1.866321789444397861e-01
1.082932117466547384e-01
2.280786219016391059e-01
1.753867721081833475e-01
1.308939380615934123e-01
1.425340823311401495e-01
2.722142326685336178e-01
-8.706440839078113947e-02
3.808206807350099365e-02
1.695115006292823856e-01
8.216097950471465405e-02
1.275430730282369196e-01
1.943761991058692851e-01
2.707052822877203946e-01
1.087431583269511115e-01
3.039406050318873009e-01
1.387766038936636970e-01
5.694998586659830164e-02
2.115198343924202251e-01
3.889962475885443416e-01
1.821817926941903254e-01
2.565395978618271733e-01
1.582600726899452970e-01
1.951130718277756526e-01
1.658365900175408081e-01
2.701949527791395744e-01
2.008444045466573902e-01
2.165909254254319294e-01
2.072336395202776793e-01
2.688646232751483733e-01
1.947050725528249593e-01
2.451210826565255740e-01
1.486442936836219753e-01
2.869667044531963307e-01
3.694359448676172164e-01
3.088519273879278826e-01
1.644630392504249083e-01
1.378854353369040053e-01
2.471619095679735978e-01
2.326305964777448110e-01
2.511169462717054990e-01
3.890768977870603940e-01
1.386852433212955593e-01
2.404401172981071588e-02
2.902617261122691361e-01
2.763916369163050279e-01
2.491794231026414341e-01
2.420001636633892783e-01
2.578639654224176292e-01
4.162904478655458096e-01
3.072365739116435512e-01
2.325075846424183024e-01
4.761375078287960472e-01
2.147571135554185995e-01
2.965166350338871437e-01
3.170992218378920202e-01
2.863282740141239180e-01
3.771656665203123038e-01
2.029722200034300983e-01
1.763642670189466966e-01
2.218775733186442722e-01
3.150751904092215505e-01
3.140744826351636321e-01
1.909519342185476420e-01
2.909954043770944243e-01
1.418596867127088768e-01
3.129449646838439181e-01
2.771886827546905518e-01
2.450054311139973628e-01
4.320911411926828816e-01
3.364893004624064932e-01
2.547246562893734079e-01
5.855294749099404505e-03
3.324010007084582385e-01
3.274252884906942440e-01
3.958936872079504288e-01
4.077990939567766038e-01
2.688197941585189765e-01
3.356831038469650363e-01
2.216137702047699110e-01
3.276849738579763471e-01
3.914827802132979651e-01
3.114540915596006321e-01
3.014005410231413995e-01
4.134815920788330046e-01
5.520871686863130234e-01
2.468194920920254998e-01
2.187715619756120389e-01
3.933390935003329703e-01
4.078820710239512981e-01
2.958350183719597459e-01
2.775658294645225732e-01
3.972246483203970002e-01
3.123546445002367555e-01
4.794485189823873283e-01
3.587741997665677141e-01
3.681283100625667992e-01
3.577611772893715125e-01
3.188560720097882717e-01
3.641197336181890010e-01
3.913658362224361476e-01
3.511456072204527379e-01
3.042404631579292973e-01
1.648459730689210700e-01
2.880426054321438278e-01
4.290871513977886353e-01
2.411530862194160851e-01
4.871375392057935572e-01
3.891402857933699555e-01
4.490195911132470186e-01
3.987701534485195154e-01
4.540160762906080283e-01
4.641054588537364967e-01
3.015293796272517368e-01
3.850699387214326919e-01
5.052771222131575701e-01
4.207180149374195044e-01
4.852762639060447802e-01
4.070328501701008794e-01
4.040427406814032230e-01
4.085026055092843555e-01
3.486922203936185793e-01
5.351253952819698956e-01
2.865144640248791785e-01
4.344457605340084072e-01
2.469626593494883560e-01
3.298621952378429367e-01
3.288537368775315550e-01
3.994112363497536178e-01
4.082599319733292154e-01
6.048091186947247566e-01
4.029526481040794361e-01
3.661722979418807200e-01
5.459268207293314079e-01
4.645215169307265191e-01
4.940308970948301126e-01
4.517993073254429337e-01
3.442487675043326978e-01
3.251547162349811559e-01
4.642128043446556718e-01
4.918608315414620957e-01
3.110739551710761108e-01
4.596874388479887941e-01
3.199311456293414957e-01
4.407221325299741643e-01
4.653157107217960053e-01
5.796489240806322885e-01
4.697097202114519088e-01
4.146130081742637197e-01
5.087896885358673682e-01
5.163760528501175617e-01
4.449467817101977474e-01
5.213125103352774792e-01
4.325262399340021879e-01
4.895729133051430759e-01
4.546867265712182804e-01
3.951438959188468547e-01
4.546189749434033089e-01
5.763266440921527289e-01
3.855050136937969718e-01
4.228963277984947866e-01
4.989912398307687624e-01
5.979757927212755453e-01
5.832686322682237856e-01
4.668212106519751825e-01
5.552898393020299084e-01
5.994189696199689887e-01
5.415768114241267250e-01
5.702468935971364283e-01
3.931206687074339512e-01
4.482849342793911451e-01
6.019835098621607594e-01
5.558519194249895712e-01
5.422876440635896467e-01
5.369493213699597645e-01
4.689672206413679212e-01
7.608547629289025283e-01
5.188382085952731870e-01
5.273609398028807904e-01
4.523640551113922714e-01
4.668597339709247840e-01
3.683093611984797344e-01
5.423981584968625702e-01
6.142513549194035249e-01
4.528354953798887639e-01
5.851610814798329230e-01
5.025673383383834070e-01
4.328295540462113733e-01
5.302130278386195661e-01
4.950155937197831535e-01
5.120171568320429634e-01
5.068243337700049089e-01
5.665454752777066005e-01
6.477485562536264840e-01
5.401207202939425356e-01
5.245228533573539353e-01
5.731091622029078625e-01
5.944643703220894304e-01
6.004291576086999704e-01
5.877396051459362614e-01
7.093375961938125362e-01
6.023936029192309416e-01
5.519804196222332093e-01
5.531737684506297104e-01
6.729990353069202902e-01
4.550355389239142956e-01
7.269889393553938817e-01
5.638197509853472011e-01
5.895663814577593032e-01
6.728917269861407480e-01
4.949962310386620823e-01
7.165986161771050744e-01
5.313126687684430749e-01
4.913235582615064212e-01
5.554703574434097790e-01
4.818074561014825119e-01
5.928863212952500961e-01
6.980680165527357595e-01
5.511388800454154469e-01
6.411262632942814621e-01
6.495590272221020145e-01
7.198311164875010881e-01
6.603336442947826956e-01
5.886530672936790554e-01
5.666850684876787447e-01
5.979989359670740967e-01
6.201511738312532884e-01
8.507036030497179269e-01
6.530428572661803877e-01
5.908041391390914665e-01
5.758223647586007132e-01
5.451382704181501060e-01
6.691688277010130470e-01
6.253499801097835986e-01
5.797435454984439795e-01
5.193409222800254854e-01
4.179154485353478998e-01
6.271408873243816684e-01
5.590527577213019184e-01
4.700398930002037123e-01
7.304127738574824891e-01
8.071517962980194749e-01
6.139750908046655020e-01
5.758723582553857412e-01
6.992643159823281884e-01
6.297953468340310446e-01
6.380523571655631887e-01
6.074368792124558158e-01
6.809786802877711986e-01
5.020769526696047258e-01
6.663232794600629783e-01
8.468521027133375512e-01
5.487677984466993175e-01
8.041371016490460599e-01
7.123971926276591038e-01
7.529568474310068815e-01
6.665048708154071022e-01
7.818714420489246697e-01
5.822447164207541492e-01
8.557507391177104905e-01
7.119354658537984104e-01
6.457572775475750593e-01
6.322341124710357807e-01
6.478377060862473558e-01
6.577683775012568290e-01
6.956833864575515669e-01
7.177885060479954893e-01
8.705433644536911819e-01
8.259191923480656561e-01
7.771137641421094200e-01
7.491519585458623620e-01
6.730922998931269108e-01
7.179974163923174002e-01
7.129453251963411287e-01
7.118823189460554701e-01
7.331721516092178925e-01
6.687095208400171131e-01
7.555667120046164476e-01
6.547967973175813361e-01
6.409913427562808907e-01
6.256837397418650859e-01
7.179777004428933296e-01
7.919712062193715596e-01
5.801919218801288025e-01
7.075241734316857212e-01
5.429982321697764958e-01
5.951284531728741056e-01
7.020993808281766890e-01
7.768532155176686160e-01
6.319369588821844852e-01
8.576517064361639520e-01
8.736550973029922895e-01
6.644866325474544366e-01
7.162090681152007976e-01
7.987686090892816004e-01
7.051968613194893321e-01
8.369316463609237644e-01
7.036263181721186255e-01
7.465478441227899609e-01
6.149427591304280627e-01
6.764948144715103862e-01
7.402297020311852105e-01
7.325662735508943202e-01
6.995005498340705063e-01
7.428715532126609622e-01
8.010109191403564921e-01
7.817229487008828803e-01
6.978554372561472929e-01
9.134624798599080275e-01
7.648348783274424578e-01
8.938871076905133828e-01
6.054478507987280933e-01
7.327889017961737306e-01
7.354373876796270748e-01
7.408189783671055295e-01
9.245228684155022414e-01
8.472908340270006722e-01
8.044961018015684973e-01
7.074094120369182059e-01
8.790774102185401340e-01
7.905123058050711471e-01
7.476534763837462405e-01
7.547188169560514748e-01
6.999522021427468932e-01
8.517120117207835905e-01
8.939111249090569977e-01
8.916803268361493950e-01
8.574944007071878538e-01
7.471868612038137236e-01
8.459501863623720697e-01
8.655689819781892114e-01
9.068710053428701290e-01
1.051314451414155249e+00
7.432736837947273578e-01
8.274347524262677389e-01
9.122363966749046371e-01
7.967753332978220193e-01
6.945613760064509590e-01
7.253873089502061999e-01
9.033208101309382343e-01
8.461414409521964552e-01
8.499740639585118274e-01
8.065111951546812818e-01
7.882895927186447382e-01
8.801070431170868735e-01
7.730494708706679985e-01
8.533185045021067783e-01
8.562156226621504551e-01
8.198795745628546516e-01
8.544816296221837693e-01
9.258038908188966909e-01
8.731054408789076238e-01
8.514114585019834092e-01
8.444262144666794256e-01
8.141482298013295038e-01
7.641816757459917175e-01
8.363515633423797002e-01
9.123379823154122992e-01
9.784446639600818951e-01
9.167241382535459282e-01
9.336068870493494654e-01
9.872344939424432253e-01
8.864252972259720753e-01
9.242505281672778183e-01
8.718812426452541287e-01
5.961088091883250950e-01
9.133673733625236046e-01
9.677026050935788604e-01
8.752088776634431300e-01
8.163345523860326969e-01
9.087544824165526558e-01
9.327735543263827589e-01
9.824713561302048648e-01
9.662181942774227261e-01
9.452328516562668037e-01
8.465970843014584135e-01
8.559956800494161744e-01
7.267278896088520401e-01
9.857978133494249562e-01
1.056348078210424646e+00
9.799151916591912759e-01
9.307808425694077403e-01
8.239705804985046900e-01
8.959905337485583043e-01
9.909185039349264201e-01
9.640943314229768468e-01
9.108168306947644899e-01
8.824252452275570535e-01
9.595487216561663368e-01
1.102952202812458538e+00
8.564411026107213720e-01
9.580064009788482604e-01
9.620567000542606939e-01
1.007131252841607649e+00
8.778541064401409466e-01
8.279334645432520068e-01
9.622712182861091756e-01
9.484808054613426131e-01
8.888884257575612180e-01
8.708850652825947947e-01
8.946296798836678166e-01
9.637553344515318310e-01
9.925194940409765021e-01
9.831613272726846819e-01
9.806606293693198584e-01
9.273481414898369080e-01
9.712231847896819481e-01
9.527431678234374868e-01
8.893591420798299119e-01
8.562865954668664736e-01
1.014497933386806938e+00
1.006530236231961251e+00
1.024118531410691313e+00
1.019101640174126189e+00
9.651998010779323511e-01
1.021846921652634910e+00
8.384482168911601141e-01
9.506444038863811619e-01
7.910780347425797610e-01
9.818389574114257945e-01
9.574796225055164367e-01
9.521944271789168912e-01
