-9.797019259949572012e-01
-1.006020927593392678e+00
-1.054364798788808066e+00
-1.133028463952755249e+00
-9.870958684522777027e-01
-9.331948122862976369e-01
-9.369088348882889106e-01
-1.062796921178863929e+00
-9.852815907877477963e-01
-7.942658143270729942e-01
-9.926265267842228068e-01
-9.262983592471221161e-01
-1.030187667976151245e+00
-9.377961145125034426e-01
-1.016444382589998252e+00
-8.885702808910348471e-01
-1.018311663993543448e+00
-1.003103710004682014e+00
-9.293958814112772693e-01
-9.591742138986779631e-01
-8.993864277866947532e-01
-1.049140551956554424e+00
-1.110935879101415225e+00
-9.724516007477964630e-01
-8.988584415331183353e-01
-1.015384736101472729e+00
-1.013575306520847930e+00
-9.888768432886575477e-01
-1.122472447930236816e+00
-1.034414886261410205e+00
-8.838879795413721041e-01
-8.762967193406612232e-01
-9.092469215989176234e-01
-9.649812886643873711e-01
-9.159180202070257293e-01
-8.786096287943857552e-01
-8.868245859377804630e-01
-8.530554411450340657e-01
-7.674616997418596265e-01
-8.759762451194695876e-01
-9.343313434758870883e-01
-9.532632427027285527e-01
-8.390265036537046806e-01
-9.883992252076617691e-01
-9.299009759580022516e-01
-7.550773392643944648e-01
-1.191245493021784174e+00
-1.076993122708161499e+00
-9.603472679914553112e-01
-8.653474602869265508e-01
-7.778049255874986967e-01
-8.975564885971262230e-01
-9.603999065721258166e-01
-8.248251678688052202e-01
-8.945337540689679567e-01
-1.033405867382774401e+00
-8.405429365776514450e-01
-9.036381750796191881e-01
-8.228169449251065970e-01
-8.062708597944774347e-01
-1.063700407851765339e+00
-8.093828973095136270e-01
-1.019806822892105336e+00
-8.750791417901726543e-01
-8.511285469289040506e-01
-9.271858868449724955e-01
-7.836299032890193805e-01
-9.445245029444161444e-01
-8.829021664628735611e-01
-8.660546915752753705e-01
-9.028070898480338169e-01
-9.451236529631964478e-01
-8.480632315590326264e-01
-7.891085145784975108e-01
-7.759920715510267852e-01
-7.218702369356523318e-01
-9.052508335088241820e-01
-9.034491347405196882e-01
-8.328710945126651666e-01
-7.819972771151194602e-01
-7.331208546515672886e-01
-8.327537112310705592e-01
-8.521159603185626263e-01
-8.149697839622819240e-01
-8.420327354857439772e-01
-6.929587254793015960e-01
-7.177552541574996336e-01
-9.582819954958788911e-01
-8.672409905020345144e-01
-9.227548127429058278e-01
-8.625861481463580338e-01
-7.461421402323794583e-01
-7.232333103147544628e-01
-7.470565423784921721e-01
-6.697148876588193689e-01
-8.401222144074421694e-01
-8.536138936930810495e-01
-8.342584943651978335e-01
-9.041898707758644349e-01
-7.699337977031512903e-01
-9.058456390446544271e-01
-7.532719084491307227e-01
-7.856645652346719855e-01
-8.367178458767995375e-01
-8.818581350047052236e-01
-8.382697840596429195e-01
-7.777445114904041334e-01
-8.110158928662195565e-01
-8.944568974101707592e-01
-7.724653177454675612e-01
-8.867015028037710245e-01
-8.342350105258009574e-01
-7.924925742651439675e-01
-9.042767114525932515e-01
-8.834216163172423641e-01
-8.033973900380841915e-01
-6.837619713627228757e-01
-7.078523976717525645e-01
-8.146723777205142625e-01
-7.961830967256119385e-01
-7.818160779880573008e-01
-7.455202391442218302e-01
-7.702193217342990783e-01
-7.109943900139350514e-01
-7.945021248550236947e-01
-8.654217031906532576e-01
-7.630878638664984059e-01
-7.701713118301076744e-01
-6.766735736920850286e-01
-7.498636207242029839e-01
-7.875298577138351019e-01
-9.898057691341164421e-01
-7.209384500867237477e-01
-8.464805652034602668e-01
-8.090403057754178562e-01
-7.491493491225298396e-01
-7.742977999025771885e-01
-6.238904455359646217e-01
-8.107102449007299594e-01
-5.619016622104201497e-01
-7.899043204656488459e-01
-5.656718602879625690e-01
-7.512386929563399374e-01
-7.580864862478299271e-01
-8.021719499055324221e-01
-6.739329156277834576e-01
-5.656675436778073607e-01
-6.284672183835563475e-01
-7.469975739651145696e-01
-7.800105958956736751e-01
-6.046167405393457761e-01
-7.706638423681493322e-01
-7.431590872739817222e-01
-6.997136283981337801e-01
-6.194102158934859936e-01
-6.742195395780669065e-01
-6.993323717228494552e-01
-8.629336608138128417e-01
-5.294342662829788493e-01
-7.481487679500914423e-01
-7.475664083856817799e-01
-5.632842027051772060e-01
-6.233602165573778331e-01
-7.196498458252074126e-01
-7.264096101332286892e-01
-7.323849112492214486e-01
-6.401314751886543197e-01
-7.446094604803515926e-01
-7.055418411865994610e-01
-6.489600407818472139e-01
-6.118519000579361045e-01
-5.601667316402768604e-01
-6.629262213051148045e-01
-6.195939777566754625e-01
-5.473520299385837840e-01
-5.254042450303517686e-01
-6.509171255617947072e-01
-5.661625566345820371e-01
-6.662949260907402582e-01
-6.251253769218559908e-01
-6.662167983364134516e-01
-6.508031995111542845e-01
-6.254615311937786748e-01
-6.076562642629682598e-01
-7.252989649295087382e-01
-6.451667729579174670e-01
-5.750449149916854186e-01
-6.073190097590532854e-01
-6.306523617216976962e-01
-7.451546318291397686e-01
-6.742113618363240191e-01
-4.434219327685065548e-01
-5.784903293936098923e-01
-5.898322354878516860e-01
-6.161036828810313448e-01
-7.689118420620459915e-01
-7.202434157230537259e-01
-5.555067134423434805e-01
-5.416064679951725358e-01
-5.350525328182541562e-01
-6.046459092377348687e-01
-5.925745258824013373e-01
-6.216089948352566674e-01
-4.394300811251092842e-01
-5.786723550838598351e-01
-7.482349291250023349e-01
-6.892786670292271323e-01
-4.653732094873446190e-01
-6.744723927206012215e-01
-5.661692409164136297e-01
-6.207274509507740845e-01
-6.914907628615608592e-01
-5.262183264093600599e-01
-5.787332335658991189e-01
-6.124952598619028965e-01
-7.028938194809078999e-01
-5.859637822005339114e-01
-5.019011147181243748e-01
-5.894922359558257829e-01
-5.160061018642936315e-01
-6.350363948532589120e-01
-5.988755019736814456e-01
-6.512555164971138844e-01
-4.909055218599687742e-01
-5.755057186181625761e-01
-7.416464156277186026e-01
-6.989746756630331737e-01
-6.294715526886729418e-01
-5.966516398332893933e-01
-6.386279740370890412e-01
-5.278297487482582762e-01
-6.056807330423999991e-01
-5.103903643716238836e-01
-3.771185684253983150e-01
-6.759432809619544402e-01
-4.923471104465013126e-01
-3.789379589208797805e-01
-5.133286367908479475e-01
-4.829897366024119565e-01
-5.486892054803068630e-01
-4.584935206209479475e-01
-6.415148294552910357e-01
-4.014057286983814810e-01
-5.057062678738940553e-01
-5.873119690222726730e-01
-4.681472196469671498e-01
-4.258144676044396948e-01
-4.140310844105749011e-01
-4.517729434753107731e-01
-5.126305686828603880e-01
-4.771400804559172149e-01
-3.938433995819949351e-01
-4.359683938753353138e-01
-5.176283603793866428e-01
-4.311624148862441275e-01
-5.759821293448559310e-01
-5.443333371946228461e-01
-5.615571257409091022e-01
-6.592465102165153690e-01
-4.173588929639119871e-01
-4.342083317960491740e-01
-4.204016404092511539e-01
-5.420671166220646375e-01
-5.272646134489458181e-01
-5.545390758474968429e-01
-4.475276362209045788e-01
-4.774228084909985514e-01
-4.780544976239067823e-01
-4.857412262929137747e-01
-4.538479887694078507e-01
-5.738044993284286965e-01
-4.100486906265537468e-01
-3.903642147918189309e-01
-5.238248889738675862e-01
-4.278417442919013602e-01
-3.890840806611745029e-01
-4.106532229704841219e-01
-4.985865608848871755e-01
-3.363393785147852921e-01
-4.075483689982851709e-01
-5.519344603043981889e-01
-3.147598740822233343e-01
-5.009940198638076492e-01
-4.763076770610421007e-01
-5.017424696795617090e-01
-4.248419918244797922e-01
-4.206099502736680429e-01
-2.726101218061554587e-01
-4.019906540006506490e-01
-5.194283762312267294e-01
-4.593804558675554373e-01
-4.618699933041786054e-01
-4.130496193473234823e-01
-3.526117685714503236e-01
-4.356108381383014261e-01
-4.793534804108341985e-01
-4.435515191513451083e-01
-3.878012084512089674e-01
-4.254872433180859614e-01
-3.878971894364876549e-01
-3.405988791761434542e-01
-2.492896409843191607e-01
-4.990906687685350285e-01
-4.718394031267222344e-01
-4.132896631542359867e-01
-4.472822316172837542e-01
-5.474795597856241258e-01
-5.688747727944227783e-01
-3.925070736278712391e-01
-2.327260056920857634e-01
-3.995632316213184043e-01
-5.380857847100197766e-01
-4.449089834242497821e-01
-2.857240487587520694e-01
-2.920831309428935652e-01
-3.614199050684646086e-01
-3.212203367654735686e-01
-2.858363216346127000e-01
-4.682012254771354409e-01
-4.332714080726412509e-01
-2.954516557250176922e-01
-3.442601296345991213e-01
-3.704433372578062045e-01
-4.517394075431280243e-01
-2.909998549970245207e-01
-3.464144487692020213e-01
-4.813925951838746720e-01
-3.759890914906553472e-01
-2.524752881805896187e-01
-3.942024888182619202e-01
-3.866063853195551014e-01
-2.837352260696854866e-01
-5.055454566637155311e-01
-3.719862382913691201e-01
-2.632141587767407587e-01
-2.963217055541150780e-01
-2.875401828414524963e-01
-2.762726595060920332e-01
-2.908215308052365944e-01
-2.552362225226743608e-01
-2.314702380286023375e-01
-4.208192661140795487e-01
-2.251701091483681305e-01
-1.283102101452049115e-01
-4.482134389313210954e-01
-2.331626359657440750e-01
-2.276744403416005591e-01
-3.265804029048768320e-01
-2.142467860638820332e-01
-3.548003755860862918e-01
-2.478639910876742347e-01
-3.229605573814561259e-01
-2.448442487042193361e-01
-3.069505580639995124e-01
-3.575018420525209462e-01
-2.056789282549216225e-01
-1.831623189700393450e-01
-2.232250270017192284e-01
-2.988006988159085386e-01
-1.275124878698692399e-01
-2.156314845459253171e-01
-1.519861602536531076e-01
-3.133455180737025336e-01
-2.690775242547818191e-01
-1.903436999397645213e-01
-3.721259896135132306e-01
-2.716765448810048444e-01
-3.761843397552404600e-01
-4.045762103027200074e-01
-3.778718673608200684e-01
-2.305240742944363042e-01
-2.160294464563543293e-01
-3.516141210816916551e-01
-1.737236930184807848e-01
-2.073705604058889707e-01
-1.472966879927606332e-01
-3.016785668862264069e-01
-2.524713917168056043e-01
-3.227984170308121903e-01
-3.794579289781242482e-01
-4.724038522033820464e-01
-1.930854876096883554e-01
-2.388394280682577808e-01
-2.531366874285878588e-01
-7.256211139493359830e-02
-2.387695126795514322e-01
-2.829705339784919782e-01
-2.050785281867655574e-01
-2.007812702266468519e-01
-3.165467860058531202e-01
-2.540419883137741142e-01
-1.773387336584289209e-01
-2.178633521455910216e-01
-2.187774026219211632e-01
-1.761890522647044030e-02
-6.733408474911679875e-02
-1.563883843707183086e-01
-9.716110555572368690e-02
-1.991572301437907477e-01
-3.029521156121152137e-01
-3.589271323353435128e-02
-1.341024322393541690e-01
-4.356876548401408117e-02
-2.845142592681663141e-01
-1.048915701486313745e-01
-1.798983449317967664e-01
-6.416202980369585529e-02
-1.127467732836275049e-01
-1.685703112358654387e-01
-1.502789579204001358e-01
-3.054589971895605993e-01
-2.133397665920450381e-01
-1.647734132283563691e-01
-3.031496541592302862e-01
-2.361837907097259492e-01
-2.492241122190292368e-01
-1.330245372342816201e-01
-1.359720279307282675e-01
-1.538538084425896679e-01
-3.479703400861557383e-01
-2.260321094165107236e-01
-2.936706627538723247e-01
-6.416873636067990661e-02
-1.673606977496902570e-01
-1.376507771731303176e-01
-5.216067453161445794e-02
-1.040862611647749292e-01
-2.015729301982210064e-01
2.493212366463676277e-02
5.566318398057433503e-02
-7.868440564368095469e-02
-9.058445525037481239e-02
-3.009607351687456078e-01
-2.153507050934459766e-02
2.150250637156246244e-02
-1.876218880215034246e-01
-7.509038240960042715e-03
-1.428038871837265522e-01
-9.976943713022677629e-02
1.341077510842216512e-02
-1.109763073463977540e-01
-5.877684559349854315e-02
-1.410231758139009195e-01
-2.265310412623633418e-01
-1.450415104413325662e-01
-1.116911911471529240e-01
-9.105263979961576715e-02
-6.527762073933403991e-03
-1.313705588049915718e-01
-1.580635773078369333e-01
-1.430087996490293605e-02
-4.618386969074278481e-02
-9.025615981743839722e-02
-7.148312518740611299e-02
3.947182687296243997e-02
-5.020409178072112594e-02
-3.349263644843959026e-02
-1.516866521701409065e-01
2.900881727566360577e-03
-2.265234479511837179e-02
-4.752488431831119325e-02
-1.894923547962469312e-01
-5.965913018626925468e-02
-9.607293366606396712e-02
-1.783805135330475133e-01
3.972793884955595073e-02
-2.408693375652973256e-01
-1.085047372683408187e-02
-3.084969896565964431e-01
-3.284092716534125350e-02
-1.497626971757433645e-01
6.493896622102053595e-02
-1.748498827594756333e-01
-4.497591400535601303e-02
-5.052941005863430257e-02
-1.240421263666264956e-01
4.429812115921205606e-02
-2.993194681391121367e-02
5.862459875158633482e-02
4.037085383175743197e-02
-1.898296141088154088e-01
4.751453797174847588e-02
-2.113458911211086033e-01
-1.173570331565721714e-01
-1.794247432156006322e-02
-1.211770507436758793e-02
1.782084270705874482e-02
6.925324369212679590e-03
-1.575861813031326567e-02
-3.399202637371414454e-02
1.884847169838193073e-02
-1.832180026236016335e-01
-5.536737171831816046e-02
-1.182012146143630454e-01
8.427447000161406021e-02
-1.544629807935703758e-01
1.116768056421535982e-01
-4.444172569274084522e-02
-7.544492723100032494e-02
-6.374631630255145343e-02
-8.279845316859942017e-02
1.484638840354578215e-01
-1.452003987478844294e-01
3.976775137253489578e-02
8.126355096532528188e-02
2.385166255333054028e-02
-3.306828852450606482e-02
-7.799021513238862946e-02
7.112648916573949265e-02
-1.118897243951339493e-01
3.141604538853565859e-02
1.423671453649314189e-01
1.595792301628446708e-01
-2.526452638904173528e-02
1.149791881065978377e-01
7.250387337315192249e-02
1.803301861561571462e-01
7.557653577177067539e-02
-6.910026191494551828e-02
-6.612688407658731671e-02
1.267978855907018199e-01
-1.532667334597648603e-02
1.679736768430492577e-02
6.696258303355658026e-02
1.923721535633390323e-01
1.719645241715963072e-02
1.169820108447695017e-01
-6.561994783312805057e-02
8.865094962757055774e-02
7.378810439382169073e-02
8.253247225374676921e-02
1.147107413563264594e-01
-2.190075213626248990e-02
9.762064964934806521e-02
9.908304954974077317e-02
1.920004845591551657e-01
1.509550783597808088e-01
1.798431733837075053e-01
5.879740358154394997e-02
7.650251468428671819e-02
1.214879045200141783e-01
3.279316079604285838e-02
1.422682078286292319e-02
1.082950371859249250e-01
1.360665792087010495e-01
2.004463529929851051e-01
1.818430408892612871e-01
5.468881195109099452e-02
9.521901508366086356e-03
1.232912996079679052e-01
7.958069712579929345e-02
5.282810799527157264e-02
2.770187935815800473e-01
-8.700011585918774118e-03
1.752206076858062456e-01
1.748925922104161423e-01
4.178184691377577475e-02
1.186084653482788465e-01
1.334984396576601173e-01
-1.908351168224886596e-02
5.006585696037949701e-02
1.172154174851645046e-02
2.298484057764263455e-01
2.122095095609511928e-01
8.553983348922927776e-02
2.017609845248491685e-01
2.359015108534049943e-01
7.267029516622633412e-02
5.459358834843111574e-02
2.232056508388752247e-01
3.999960168653749620e-02
1.518378217647274320e-01
2.222634207290319353e-01
2.037240944682665311e-01
2.834738485374869651e-02
2.192803266915222815e-01
2.756398914474810780e-01
1.118098356184119707e-01
1.935203986088434858e-01
1.128203910469517679e-01
2.288031494164189661e-01
1.737220855960185939e-01
1.317412481979867989e-01
1.728542046265527099e-01
2.514570815831928541e-01
-9.242970843950731874e-02
4.209650890605982215e-02
1.592525302753912408e-01
8.797286392179004544e-02
1.315859870310348567e-01
2.008816746646222284e-01
2.698323293315621485e-01
9.095025414095392335e-02
3.055903510846539883e-01
1.320773494488066413e-01
8.308187820131737733e-02
2.243858551428938586e-01
4.110370796090685452e-01
1.806187187081148837e-01
2.362218038402609244e-01
1.429331918929565293e-01
1.803436210658163896e-01
1.382346534055005349e-01
2.662189968954274955e-01
2.055972679968780525e-01
2.021587856861238874e-01
2.221963058661932111e-01
2.652530418054890315e-01
1.931476350312054391e-01
2.640511027170346914e-01
1.532432526112150195e-01
2.705298833999474351e-01
3.580504679566509085e-01
3.023276593954314362e-01
1.434279461560786784e-01
1.421375581812728550e-01
2.466894359330062958e-01
2.257342811824311624e-01
2.521860739084676450e-01
3.955740217195370945e-01
1.458053885807003569e-01
3.186671450693433910e-02
2.778458980912071885e-01
2.669471200855841331e-01
2.318751005990219993e-01
2.477104992689518892e-01
2.655483746153232683e-01
4.333061974476246081e-01
3.243102342193573961e-01
2.275587133910887683e-01
4.657036630484922557e-01
2.058188929795431443e-01
2.987761250226423360e-01
3.144851874296437089e-01
2.783901089324383737e-01
3.943400649549982373e-01
2.096252580130469334e-01
2.057987269106381356e-01
2.076392995376387385e-01
3.184381167073041530e-01
3.134012299442994198e-01
1.855659700786018718e-01
2.807399664073976231e-01
1.449622788496002235e-01
3.014432627836042267e-01
2.693845594596501192e-01
2.527536668299096290e-01
4.079886895932340329e-01
3.400560589559124547e-01
2.393583787087875947e-01
3.802460946722093643e-02
3.430767422192333993e-01
3.168913306614207226e-01
3.874377823631305895e-01
4.004856160898518924e-01
2.365325908018948431e-01
3.446278289733863964e-01
2.131823927308138245e-01
3.332139479650905178e-01
3.913644906166086068e-01
3.271340086939389380e-01
2.574576611105239277e-01
3.953808795234199924e-01
5.230416020881264449e-01
2.489360408583177198e-01
2.173696935065179414e-01
3.896799596465688187e-01
4.041412896946704469e-01
3.108808921305321604e-01
2.879787977507598518e-01
4.000242114276075789e-01
2.994381494208645522e-01
4.739225624844025653e-01
3.486343131330009726e-01
3.666626015497556623e-01
3.736502764536817067e-01
3.087306656639293712e-01
3.792600733690247305e-01
3.784796983027844952e-01
3.434531573623022527e-01
2.983132486368462177e-01
1.863688874321010602e-01
2.994284688233169733e-01
4.336319972099414444e-01
2.196706759114312180e-01
4.738850902450661429e-01
3.693705410632026065e-01
4.455019151438081582e-01
3.801280453035956741e-01
4.662907530607228179e-01
4.529195096674286103e-01
2.880498776997395538e-01
3.863139969227095682e-01
4.942467473798054511e-01
4.298736581211822783e-01
4.653264999825338921e-01
3.912758843486466853e-01
4.157637030678809076e-01
4.003332498709467058e-01
3.644658063583351426e-01
5.350589902653669627e-01
2.953380002103205282e-01
4.464057029984291880e-01
2.385241877599272309e-01
3.205973384253884007e-01
3.700844899491833040e-01
4.085860444843872896e-01
4.368312163028320594e-01
5.912100704191068923e-01
3.855758594930163707e-01
3.745675016716616956e-01
5.436273962130933057e-01
4.272429450976885645e-01
4.808748704361371917e-01
4.534527690845815973e-01
3.638368005193726162e-01
3.256420442462485410e-01
4.731607192390479000e-01
4.998925811508020400e-01
3.133629294224899442e-01
4.756613098980704279e-01
3.030923100889235666e-01
4.390425111571552019e-01
4.790009230248463146e-01
5.959826275386693739e-01
4.833310820804100350e-01
3.947843241222008803e-01
5.008236711441289568e-01
5.496586232077046441e-01
4.694370695201929844e-01
5.352184643824013932e-01
4.293305130651922652e-01
4.655337174890111784e-01
4.437671496964137874e-01
3.883408904323747413e-01
4.302598557482844033e-01
5.654182279946785572e-01
3.890761834098255822e-01
4.218120404979601723e-01
5.094550718521911881e-01
5.912061523662512919e-01
5.712831823954140908e-01
4.679559057774577147e-01
5.749648021569878642e-01
5.717927547011787404e-01
5.600995635295995534e-01
5.694186104448438757e-01
3.992774951116722093e-01
4.933378948740555492e-01
6.173129498621175992e-01
5.339099956894950427e-01
5.374611631001625645e-01
5.340460142909956298e-01
4.779197354510729689e-01
7.836126062196593356e-01
5.211341123743443715e-01
5.230802337559972148e-01
4.516473257947002939e-01
4.816663248352940907e-01
3.688601777880505250e-01
5.455576602843019707e-01
5.904560092317023834e-01
4.494144535852015454e-01
5.620332152283704641e-01
5.093389380372337349e-01
4.328990926035717890e-01
5.583815908495920466e-01
4.946747899566805717e-01
5.171473373221785463e-01
5.191863501365459044e-01
5.656792371630134930e-01
6.300529483628402039e-01
5.504919730703284886e-01
5.064912624652099238e-01
5.988699063276802237e-01
5.722925218748707854e-01
6.106141997986330727e-01
5.727580399796611266e-01
7.152349473395981372e-01
6.082868797231240077e-01
5.506965419952546403e-01
5.440790744450443306e-01
6.653419846618783273e-01
4.456127431377326364e-01
7.306222822920119819e-01
5.618917774533674914e-01
5.840410488318784621e-01
6.631557329479762508e-01
5.006894688652339109e-01
7.447284952721487938e-01
5.456594111196695351e-01
4.699865167198331029e-01
5.864547312428398662e-01
4.978795136271615962e-01
5.967194859437612298e-01
7.004428697968642092e-01
5.285810250461419058e-01
6.445080475384805663e-01
6.683468126756473282e-01
7.292395947794014788e-01
6.569273190183874123e-01
5.906912259710074276e-01
5.713802352809758123e-01
6.138648548267925387e-01
6.157605633420102365e-01
8.325272766541820246e-01
6.484031959088836228e-01
6.016410071054304476e-01
5.637849212473861060e-01
5.403138038897613571e-01
6.848021060984287312e-01
6.220159011559139861e-01
5.965528131068231765e-01
5.320822230419310905e-01
4.025483912985511337e-01
6.544082261657743205e-01
5.707066101245138467e-01
4.965691716472437345e-01
7.010450447351123104e-01
7.916179731038627265e-01
5.913028850537684900e-01
5.968729066343415601e-01
6.806697117225825044e-01
6.333099748193823375e-01
6.208202215871583274e-01
6.266130907972724540e-01
6.805534223097737812e-01
4.814958443335625726e-01
6.434846849238453625e-01
8.563886534245445104e-01
5.578842009448221617e-01
7.650177267170616968e-01
7.221992708899644953e-01
7.391174676765019935e-01
6.744028579071729146e-01
8.005873118990392001e-01
5.645212759160146421e-01
8.565252025467162689e-01
7.002087472177743743e-01
6.347841574214515559e-01
6.230194034393649050e-01
6.364495908115199718e-01
6.454697165839277107e-01
6.974038051779946068e-01
7.286233486805642201e-01
8.549922842519085409e-01
8.321109601030750591e-01
7.754087079871487820e-01
7.270581613240395535e-01
6.869973845328439799e-01
7.305507356674930675e-01
7.156713557077121202e-01
7.049819350546460139e-01
7.133535514005131528e-01
6.486979515013945319e-01
7.648681239680958921e-01
6.394008720436523685e-01
6.518670863169377938e-01
6.492974220964851106e-01
7.381019176426103501e-01
7.803249264468142821e-01
5.696827836386635369e-01
6.956783834381222720e-01
5.692216008119895809e-01
5.883555040276937653e-01
6.814713165466037559e-01
7.891147445880497546e-01
6.455151418093755256e-01
8.399653534920415998e-01
8.791978897551182559e-01
7.103494381931610979e-01
7.008430105214391581e-01
8.135438024502759102e-01
6.923315838799627420e-01
8.277882935385844076e-01
7.121755686426672893e-01
7.670076283158520081e-01
6.267184376386785161e-01
6.737594434395685061e-01
7.652002420560450879e-01
7.351331514610162099e-01
7.089185898965676413e-01
7.575198499261188712e-01
8.047252788440458771e-01
7.815982173808516675e-01
6.891448047904835672e-01
9.196635909657200347e-01
7.481548081185371846e-01
9.157080705486985162e-01
6.346658059273727615e-01
7.233229118563387905e-01
7.347328571200970604e-01
7.365109779445371263e-01
9.488185797649366648e-01
8.731162469030513407e-01
8.072331863662528528e-01
7.116568628489013948e-01
8.868628702139036424e-01
8.176626961576877184e-01
7.427735526698513446e-01
7.724693294211193439e-01
6.799177685123937165e-01
8.361067362046695761e-01
8.895023238317971703e-01
8.792676703999038335e-01
8.735972686268062004e-01
7.431479107970044851e-01
8.218590105343538399e-01
8.709027095493272475e-01
9.079985384976497764e-01
1.061325197427349876e+00
7.413970876585320724e-01
8.308723307590497598e-01
9.222297726522480366e-01
8.150897337738256532e-01
6.773048196868474147e-01
7.439197997032456211e-01
9.079521814693066739e-01
8.496339791792043572e-01
8.534160249955941024e-01
7.982081408722566662e-01
7.624755807369028027e-01
8.858441881627457937e-01
7.719552313408135635e-01
8.668854976895394859e-01
8.488637134903980197e-01
8.320302172544573605e-01
8.563336036120389183e-01
9.489546939601669617e-01
8.796632267153888796e-01
8.586508625909147208e-01
8.423332734801062260e-01
8.042366667952807191e-01
7.681567402230194963e-01
8.266559892753584382e-01
9.084616233225730753e-01
9.762842384264659445e-01
9.004123839493274328e-01
9.297202332693408344e-01
1.004748249256443460e+00
9.005980143549700001e-01
9.330348306071223341e-01
8.577870810778318589e-01
6.053524140954289479e-01
9.304262374696011806e-01
9.639403385660535450e-01
8.660568214589078329e-01
7.928121225960198526e-01
9.131020143515591325e-01
9.134004843675361807e-01
1.009063625811977838e+00
9.739150858314650216e-01
9.603033023536156065e-01
8.357929167780280277e-01
8.443297312876839600e-01
7.281151281159334854e-01
9.958879061288763435e-01
1.062349318308389856e+00
9.892817938351016194e-01
9.134052384707092020e-01
8.275640406527166038e-01
9.176106322603766463e-01
9.843805366213199681e-01
9.488377290699346878e-01
9.380184530831259249e-01
8.596721976467512905e-01
9.553913320284416200e-01
1.104327962778395289e+00
8.563526054060142112e-01
9.597296739618338401e-01
9.579474946240085220e-01
1.002074890613799063e+00
8.671276569318338012e-01
8.224536054913286209e-01
9.622114495892845065e-01
9.354147142677629034e-01
8.932790029088933936e-01
8.817825139345785157e-01
8.911915722720537003e-01
9.662837319745264386e-01
9.759289919675753211e-01
9.883722098055642835e-01
9.547327134332286303e-01
9.295019053291445621e-01
9.655903835531025603e-01
9.675529631895973814e-01
8.757290339722798578e-01
8.662010588830932889e-01
1.001425276095909478e+00
1.020318660915873199e+00
1.022970719827930530e+00
9.954317729869308629e-01
9.768166851522173122e-01
1.011715924684588597e+00
8.349975004154418512e-01
9.407331861910462889e-01
7.954177184282646973e-01
9.942330244523163163e-01
9.663485820961165151e-01
9.646408530854185814e-01
