-1.060506470089322750e+00
-9.619080077109405380e-01
-1.033229988710347547e+00
-1.049121669155675285e+00
-1.059819323607379626e+00
-9.873575585092814189e-01
-1.200687134206177342e+00
-9.748937902133828493e-01
-1.074941320456380689e+00
-9.739750912681055528e-01
-1.018157425227087298e+00
-9.810655286446497980e-01
-1.031410371426911610e+00
-9.277653652891979519e-01
-1.144676527438817537e+00
-9.783158575867015871e-01
-9.302419735753943986e-01
-9.860224276225043605e-01
-8.733301385291832863e-01
-1.045294906198015017e+00
-1.133353770368521252e+00
-9.823235665238346792e-01
-9.364234584818427187e-01
-1.044490373572468433e+00
-8.654206013141835241e-01
-9.456819847013094860e-01
-9.815603965720495205e-01
-1.027646997024530329e+00
-7.782808426753087261e-01
-8.913735455759469462e-01
-9.735932207046109621e-01
-9.666993027015566842e-01
-8.914545753065146183e-01
-1.051543518627961804e+00
-9.652655009221108307e-01
-9.453097020381431292e-01
-9.915662219559767676e-01
-8.926428469837541790e-01
-8.179779934687017029e-01
-8.020660180535120753e-01
-9.530609264384199975e-01
-1.006270786471711975e+00
-7.741682714653450592e-01
-8.248521674903764866e-01
-7.958310168232172188e-01
-8.874165075746915932e-01
-1.034755341394280048e+00
-9.249014961798952550e-01
-8.823383643123944298e-01
-8.617006528717516822e-01
-9.295584707397670510e-01
-1.000430387040563307e+00
-7.713166532083368665e-01
-1.039252609838481778e+00
-8.942248714820909550e-01
-9.085286566735077951e-01
-9.447220839111984958e-01
-8.245436536390547966e-01
-7.768914398361661533e-01
-8.298962254963501151e-01
-8.934546990855631865e-01
-8.534343985897629992e-01
-9.057964944039489374e-01
-8.569323703275840698e-01
-9.010834222812029726e-01
-9.087290134891284898e-01
-9.150526250262537298e-01
-9.652360306754418362e-01
-7.941979100250623480e-01
-9.441411999133229038e-01
-8.860324356938078516e-01
-8.380571926651956272e-01
-8.544458182093700449e-01
-8.878817973221180271e-01
-8.332391257669196083e-01
-9.202248357324848138e-01
-8.177802718992438491e-01
-8.717702973576305636e-01
-8.697566984595150874e-01
-8.673272249756891483e-01
-7.069381701665119477e-01
-9.916059897541994461e-01
-7.437782154744273511e-01
-8.784881069034709000e-01
-8.280812162504058715e-01
-8.375047626829607017e-01
-8.088918307093385662e-01
-9.148215857291424058e-01
-6.936256984734769926e-01
-8.987411218541903057e-01
-6.126595890933512756e-01
-6.755598661662932658e-01
-9.049936540016163544e-01
-9.171615792364636865e-01
-8.497590889215742571e-01
-7.398316166269872651e-01
-8.208552789975223085e-01
-8.268646765489873207e-01
-9.071586928876298472e-01
-7.091709559826195886e-01
-8.750851527773505500e-01
-8.563774836641655508e-01
-8.761060698993323737e-01
-8.028324472691369396e-01
-8.187297238500709229e-01
-6.801846282617540762e-01
-1.038525812835838114e+00
-8.808709965559861077e-01
-6.939442726812184992e-01
-7.760098612010912777e-01
-8.385965984062641043e-01
-6.472265179845269056e-01
-7.013671853686167523e-01
-7.913156584050557996e-01
-8.026533442876743196e-01
-8.426183147912326143e-01
-7.619171013444947516e-01
-7.802505169296577447e-01
-8.609495636745709835e-01
-6.366342350112311754e-01
-7.329304137225888249e-01
-7.257871102585192746e-01
-8.039235825473654007e-01
-7.430018938874352052e-01
-6.221814051999922102e-01
-6.696114267478234794e-01
-7.329965128314654965e-01
-6.462248468671978330e-01
-8.286370208872654297e-01
-6.810783023359106014e-01
-7.353596252920862053e-01
-6.968921420642346654e-01
-6.609117160884070419e-01
-8.037857095505321903e-01
-6.385250008615313000e-01
-7.849521455889775234e-01
-6.162790882132525017e-01
-6.458735181953366711e-01
-5.220917785754151108e-01
-8.257120087920684082e-01
-8.584899126019327475e-01
-7.758250720091396380e-01
-7.185825459460214448e-01
-7.097516134774131125e-01
-6.876668694896780343e-01
-5.920169529591059465e-01
-7.756939095997906763e-01
-7.590594613346264286e-01
-7.319240751587748894e-01
-6.283677786916553876e-01
-7.761639770684292117e-01
-7.568885430242223711e-01
-6.985925230951091081e-01
-5.900471700662877073e-01
-6.949818538963711267e-01
-5.662050428440196237e-01
-5.076470184819225073e-01
-6.822006833855293051e-01
-7.050495194945619604e-01
-6.801492003256934815e-01
-6.927683278284227919e-01
-7.233951882574594094e-01
-7.290092826724108299e-01
-7.402399041931133628e-01
-6.713031968228895252e-01
-6.559155048780215269e-01
-6.513515650491811249e-01
-6.805152562139120676e-01
-6.454029898691745482e-01
-7.535701868345802135e-01
-6.908589233132045315e-01
-5.595541410742090882e-01
-7.052543935837615185e-01
-5.652947599706430459e-01
-6.839665486494183044e-01
-6.044799797176035883e-01
-6.234895135929025001e-01
-6.642491809481743115e-01
-7.800465711204058739e-01
-5.828678134403428857e-01
-7.280853610626900618e-01
-5.147823353450471373e-01
-5.990602248086323023e-01
-5.061753655777824212e-01
-5.255798608645184666e-01
-7.682080894281813066e-01
-5.864128501135575933e-01
-6.190225476445188058e-01
-6.349538335581087489e-01
-5.551534128678831115e-01
-5.694320011410655136e-01
-5.242436059118421587e-01
-4.930818688750905343e-01
-7.179820153055066490e-01
-5.199566591611748390e-01
-4.281410215048302437e-01
-5.262733174282879789e-01
-6.024572657701480205e-01
-4.755354568411648830e-01
-5.075894663814461971e-01
-5.747362468811938463e-01
-7.192384211837377084e-01
-6.067726623367178940e-01
-6.726466379249539385e-01
-5.768268539643639503e-01
-5.602581906924797295e-01
-5.834927448236371106e-01
-3.738749124037762939e-01
-4.908623493512128677e-01
-6.609840552759158605e-01
-6.576651528565148341e-01
-6.317086363277014671e-01
-5.780009478981763538e-01
-5.801672652934729557e-01
-7.872325522880367910e-01
-6.626448186725096834e-01
-5.582348631249374193e-01
-6.717507633753576624e-01
-6.525408127258669477e-01
-5.800970468955896076e-01
-5.520782532845377455e-01
-4.122895053221807826e-01
-6.197987832268523345e-01
-4.864445114753435107e-01
-5.902227483393124308e-01
-5.647130799195766437e-01
-5.973905363916549582e-01
-5.368904745347412577e-01
-4.837038180095017958e-01
-5.080306021041801623e-01
-5.607183044679487915e-01
-6.115428820868357151e-01
-6.218098498537873997e-01
-5.630851199631280446e-01
-5.405093720155865755e-01
-4.842645438673385816e-01
-3.885887339404895946e-01
-5.540369301891155951e-01
-5.364071081303478650e-01
-6.103287766344432930e-01
-5.443603387371556135e-01
-5.626069502361916719e-01
-4.212740737920442902e-01
-5.631713859877177653e-01
-4.213851579557258975e-01
-5.087527138061501697e-01
-4.105175481342404065e-01
-5.289006401794212886e-01
-3.675501950125433792e-01
-5.249405993938328630e-01
-5.586564785803638244e-01
-4.685962174669924818e-01
-3.080819940146100056e-01
-4.851496781624385912e-01
-4.558957687832214667e-01
-5.831229255041014969e-01
-4.567948166095877616e-01
-5.034367681655395055e-01
-5.119989291622545347e-01
-5.020847496272548005e-01
-4.106225759244607754e-01
-3.063674044651736317e-01
-5.282858235039785688e-01
-5.277287755206728770e-01
-3.880114646298714609e-01
-3.655211932317569690e-01
-6.674083317406176441e-01
-3.522375352447834063e-01
-4.677636513333890411e-01
-3.917400174083758846e-01
-4.914083146452415951e-01
-4.074087486192465857e-01
-4.082634302103217427e-01
-3.582323902697668871e-01
-4.132176217821740827e-01
-4.837683991316659160e-01
-6.208545123219787465e-01
-4.227251528527294355e-01
-3.916402122710909706e-01
-3.273759596945725048e-01
-3.355632797650006660e-01
-6.111586446137141637e-01
-2.598049864315158386e-01
-3.632103973275365716e-01
-4.034500477610646896e-01
-3.884043208367450872e-01
-4.907128895592235418e-01
-2.367387375487747525e-01
-5.023142577932254715e-01
-3.186465382405233027e-01
-6.802094428155954775e-01
-5.378454441964728439e-01
-4.878194529917621036e-01
-3.752035548983617130e-01
-4.440096172170836519e-01
-4.243824026081096656e-01
-3.955522972276361293e-01
-4.132702018956103673e-01
-4.493530800979513296e-01
-4.377083667670348399e-01
-3.055161891547574782e-01
-4.319671650319744649e-01
-3.937567478111200225e-01
-4.419673019182458473e-01
-6.195441932690037845e-01
-3.638954704301597398e-01
-3.808672123857356206e-01
-4.669465604447614049e-01
-2.391681449925995295e-01
-3.244719724190545107e-01
-4.184334332955795821e-01
-2.654014924592875690e-01
-3.550143974485304166e-01
-3.910896083730566186e-01
-2.919942893138469109e-01
-3.154437571526706452e-01
-3.515882133388362196e-01
-3.741603293654450213e-01
-2.325092681260116922e-01
-3.574585987792380792e-01
-3.525104989162283209e-01
-3.208457610260744830e-01
-3.900060808198864692e-01
-3.725755400151717911e-01
-4.156277506816319911e-01
-5.340944531365935388e-01
-3.716047234615509898e-01
-3.593848094913826841e-01
-3.524737784290752352e-01
-3.321480846677126730e-01
-4.174871821991438803e-01
-4.001104816402000219e-01
-3.130588201804583304e-01
-4.184094594533152578e-01
-2.411301439331764718e-01
-3.393104471249449028e-01
-3.614629895346628263e-01
-3.695481200242193287e-01
-3.795372906809701408e-01
-3.081000891333652847e-01
-2.422428937607070953e-01
-2.539277745448059731e-01
-2.492302038942892928e-01
-4.600062019943978453e-01
-2.824917858222044109e-01
-1.781704655833603601e-01
-3.407903991780726893e-01
-4.541343206210609051e-01
-3.902244747096572652e-01
-2.968301808652070162e-01
-2.746869547437063575e-01
-2.825631867954503385e-01
-2.105240854709079790e-01
-1.532164080199353295e-01
-3.532547801874565963e-01
-2.343372637418180415e-01
-3.207089179242076926e-01
-2.213077831668322226e-01
-2.976392875288422224e-01
-4.257412383842775760e-01
-3.483546811629170681e-01
-1.687961982142358597e-01
-8.777015886938159539e-02
-3.693433873399581957e-01
-4.369261910019391904e-01
-3.638512606643125036e-01
-3.641260631704080764e-01
-2.830102897817522445e-01
-2.788218117862678036e-01
-2.104240877492151440e-01
-2.085237603527311800e-01
-2.595568129455730344e-01
-3.073081704302810246e-01
-2.625023688654655116e-02
-3.294006287851519166e-01
-2.056225772399575269e-01
-2.665357868436523670e-01
-1.819727556528657197e-01
-2.933246706313534791e-01
-3.297984007643120496e-01
-1.116007370084929340e-01
-3.097455614621367759e-01
-3.728437155445633033e-01
-4.636275972271224344e-01
-3.146619902433200888e-01
-2.761872497384592617e-01
-2.258399002558312274e-01
-1.698265856968688703e-01
-2.669584741808762596e-01
-2.549943093575884889e-01
-1.942057410710371912e-01
-2.385056487600714370e-01
-2.324798157507877994e-01
-1.675376810226210655e-01
-1.015490409425920254e-01
-4.926607757843728258e-02
-1.670506592518866129e-01
-1.700261567651486783e-01
-6.387192805925147321e-02
-1.750803850542951012e-01
-8.047973337517329295e-02
-2.134897686992456300e-01
-1.951361699960059148e-01
-2.033756453576834877e-01
-3.214030981200889925e-01
-3.024644244406652360e-01
-4.271008995001880117e-03
-1.785181280695871120e-01
-2.316849314093980261e-01
-1.727234889211063107e-01
-9.918243613166159711e-02
-5.900640566513189883e-02
-2.730279958284058117e-01
-1.503884816784938350e-01
-1.460449604215225128e-01
-1.656162010438124443e-01
-2.815342888499921536e-01
-9.585312672513876531e-02
-3.186183659778824007e-01
-2.160470092860718727e-01
-2.391800100214385716e-01
-4.422688454295669452e-02
-1.474638278876937714e-01
-1.710905622996956865e-01
-1.107071776412965336e-01
-2.309150571084837011e-01
-7.655838930610107951e-02
-1.015800882430766411e-01
-1.137562936342766257e-01
-1.465546974575685502e-01
-1.555685723220417149e-01
8.262408797346283348e-03
-4.945297928432549478e-02
-2.293878454847255166e-01
-1.859083310966373054e-02
-1.633208209313866399e-01
-1.423361659230506782e-01
-1.777667287950034647e-01
-1.483782835925204213e-01
-1.171577069429613482e-01
-1.200356547230779641e-01
-1.183468400057912928e-01
-4.633893434549048174e-02
-7.140510171620344237e-02
-1.960822734959948577e-01
-2.972693004562276808e-01
5.873044926117037233e-03
-1.647770270596876918e-01
-1.096695223709399369e-01
-1.538620326054049858e-01
-5.186502961194736083e-02
1.334643784372729729e-02
-2.380362231516907900e-01
-7.951685918899129013e-02
-9.405397746979222984e-02
-4.251515954217024822e-03
-2.669854649367537358e-01
-1.165101686343826132e-01
-5.814862911367725540e-02
-1.273120882523775810e-01
-1.287027659496692011e-01
-7.860116201139012021e-03
-2.171427614988503257e-02
-1.234623891933488010e-01
-1.965588516275904862e-01
-7.183056465140957858e-02
-1.404489597957436775e-01
-8.335818718963396157e-02
-1.296009605521220853e-01
2.816891305389998545e-02
-1.011252042895786768e-01
-8.354164822818752056e-02
-3.915090790371039686e-02
-5.187299217426378367e-02
-8.711989570804534733e-02
-5.779275488814221429e-02
-2.050542325672145560e-01
6.600521301358289183e-02
6.414806134463756082e-02
3.573482032807512136e-03
2.223002220059393241e-02
5.133565783117176318e-02
-1.352350536542522123e-02
-9.708623465977060663e-02
-1.621301166740742039e-01
6.220367683767376310e-02
-2.238786586109652726e-02
-8.707191709488311393e-03
-5.272976554260799809e-02
7.698243003393330508e-02
-6.871581961053639664e-02
-7.302207536729099328e-03
-3.337883432493685132e-02
-6.190934786854666166e-02
-2.147881010648028041e-02
-1.811319237671846494e-01
-1.332132594136008208e-01
6.640582793640892323e-02
-5.123586999189041688e-03
2.092613445605011613e-01
-4.297907402834209162e-02
3.310823067813287862e-02
4.471022464962558229e-02
2.614573971250960457e-02
1.295138302792422647e-01
9.690122943415747925e-02
-7.263637796562739252e-03
2.531188240349876301e-02
1.135607322773932726e-01
-9.154024356390731698e-02
3.145515609999102041e-02
-4.975513997787759518e-02
4.505001359360177177e-02
7.931115231914179220e-02
4.173661892390783182e-03
-3.812919751007737019e-03
1.098657298314473646e-01
-8.813561723017646066e-02
-1.237625445969889500e-02
-1.741599535274173521e-02
8.843271069117521199e-02
1.131568702881789040e-01
1.732594755884333260e-01
2.994033554761995133e-02
-3.933328761132006551e-02
9.785567651889942598e-02
-3.134561334100872260e-02
2.087382547953104128e-01
7.515659719660210125e-02
1.940098862173192662e-01
6.297502986240079148e-02
-4.778604054388439076e-02
-2.744230750272066977e-03
6.077888847785299642e-02
1.352102917090986789e-01
1.050124578415561061e-01
3.748918369732438804e-02
1.351103973020414406e-01
8.744150235897885093e-02
1.324811981125074145e-01
4.316869549176439308e-02
1.789382293842116667e-01
7.594732172226813238e-02
9.155654629354914587e-02
-5.955597007844947582e-02
1.440555136173815587e-01
-6.814687950844548758e-02
7.527729181608011633e-02
2.163244643054507699e-01
1.031860359398903554e-01
1.178987051550982323e-01
1.453110792912584437e-01
7.441959965577930880e-02
5.606233449863982400e-03
2.223728145317089289e-01
-2.597900883531359287e-04
2.629020080512162530e-02
2.877890236216452124e-01
1.195687423097746005e-01
9.360779325624013492e-02
1.207507743672175671e-01
1.875166222082283451e-01
6.230458631947789067e-02
1.270853696255294374e-01
1.619095482721878421e-01
2.289600779215313076e-01
6.918124480598067394e-02
1.112144130101963280e-01
1.822846734911066080e-01
1.213326141598976698e-01
1.394069344440158065e-01
1.127431543358078797e-01
1.917631644838479199e-01
-4.235365764140346101e-02
5.730034535045726990e-02
6.734584594413833836e-02
8.423340590075112377e-02
2.447465704085901306e-01
2.730532561806847114e-01
2.703108577015529701e-02
1.926927527156962194e-01
1.443335991097142446e-01
4.941718408589270556e-02
-5.839820135813850741e-04
2.234461739046208484e-01
2.522988257758073671e-01
2.732086384454484040e-01
4.839847999155728886e-02
5.818618872534228603e-02
1.803311047566144021e-01
1.240457968858192234e-01
1.908145972888582731e-01
2.590930073755420837e-01
1.273560155128197202e-01
1.624214337835424016e-01
1.467881240700878165e-01
2.623783755663864903e-01
2.393527819039077409e-01
2.058374063916271202e-01
2.113476717492348278e-01
2.495531244856438735e-01
9.096115443724334115e-02
1.714492306887856754e-01
1.698947589165931138e-01
1.629651907715409520e-01
2.537867037846456286e-01
2.090860491894277196e-01
2.420225041770134033e-01
2.797376306946156022e-01
2.996200439061894594e-01
3.268668960160834303e-01
2.140791456800872627e-01
4.646610890052216281e-02
1.489992514588424355e-01
2.286831875943858561e-01
2.542426687430057175e-01
9.700537159214771277e-02
4.586771837892391623e-01
2.426996008717111908e-01
2.039389481783617508e-01
2.137026973619263748e-01
2.202025801474635780e-01
3.166469781639309478e-01
3.011442729425319320e-01
1.963126900372016148e-01
3.001565128813659111e-01
3.147314435841421787e-01
3.089311846000951101e-01
2.083722316845658395e-01
1.274023005380683915e-01
1.644528615794659532e-01
3.763294142060287784e-01
3.049224416006914851e-01
2.760955228925370819e-01
3.748641724249958673e-01
3.729095977396459372e-01
2.439931947977460047e-01
2.953052068145630704e-01
3.509374309514547430e-01
2.534293996765598633e-01
2.609836728385087623e-01
1.968452339800979556e-01
3.233353791234513386e-01
3.450333594038299534e-01
2.531975939060450709e-01
3.077070076965871537e-01
2.637935562527328193e-01
3.140928279793384625e-01
2.305096005546048155e-01
2.104716862833638791e-01
2.384711353710063098e-01
1.952010104997729534e-01
2.311806105730028205e-01
2.363317427174135565e-01
3.426828383245230092e-01
3.644228438122774083e-01
1.812303307281236120e-01
3.977777733214239442e-01
4.181754265825366468e-01
1.763738753991938302e-01
3.727731295722186422e-01
4.612474036443220404e-01
3.446530232565385710e-01
4.603827689668452683e-01
3.820048601096113217e-01
3.498905153296436588e-01
1.713724258001998180e-01
3.568708813395015111e-01
3.146516393699062553e-01
3.784643958595908519e-01
3.286075525835291389e-01
2.188315280561820564e-01
2.234733103360312390e-01
4.475900037268328302e-01
3.195399072654043771e-01
4.062350618114966561e-01
3.077477891610614913e-01
3.148158609193240087e-01
2.625874417509604930e-01
4.428146991160869517e-01
4.629182101509288216e-01
3.492933072063428290e-01
4.095327770358629382e-01
1.658376063329258521e-01
3.702241236637364152e-01
4.639449259693230188e-01
3.125409843846850277e-01
3.728025724556840448e-01
3.691293649909123675e-01
4.590842573677882954e-01
4.175838043125568722e-01
3.918494667501941087e-01
3.719610177794893668e-01
4.295934316823585286e-01
3.136069672975090317e-01
2.603956496175013346e-01
2.958511155360954437e-01
4.912788028405961072e-01
4.826246427241609460e-01
3.021234075989021606e-01
4.069850305468702412e-01
4.844107292605754900e-01
4.609198124982849532e-01
5.115829654771506529e-01
4.404627971136166886e-01
4.394347638665104805e-01
4.854834649468892649e-01
3.789787747572385679e-01
3.343418328913922988e-01
5.832791002853140450e-01
3.839844458536996741e-01
3.827779709895043903e-01
3.172226477909080300e-01
4.840070406486042254e-01
3.196510704913407275e-01
5.183234073017884969e-01
5.172559438725603531e-01
4.960016764299879921e-01
4.863677278956843320e-01
5.489354714357560505e-01
3.877515801822338237e-01
3.983387166307030269e-01
4.929470795991224286e-01
5.639916776573803414e-01
3.752249701131106230e-01
3.005440114334644863e-01
4.302959230913010469e-01
4.086882783694503751e-01
5.017724457728859333e-01
3.856957381141206676e-01
4.399120696913603745e-01
5.900140643253002359e-01
3.520006052827195364e-01
4.607269257606908530e-01
4.542755552215768100e-01
5.581213160162942222e-01
4.648175740365225739e-01
3.830791984424438690e-01
4.192100758328783372e-01
4.910353696526300049e-01
5.097293815212623480e-01
4.454919792886926078e-01
4.869397109562719206e-01
5.010253618557257704e-01
4.832762774905211001e-01
2.895793637261330766e-01
3.478209438130045461e-01
5.506393478937778863e-01
5.460281501665115167e-01
5.464242116636076618e-01
4.217486183591756532e-01
5.311871929049145624e-01
5.256624705481557358e-01
4.456979189476020231e-01
5.821335189521310571e-01
5.861548923202570816e-01
5.419814820727629767e-01
4.921856303328570048e-01
5.385743638970572622e-01
6.435090829879891450e-01
4.776789383576510728e-01
4.878052288711676177e-01
6.746861217565838231e-01
4.513710156339262314e-01
5.414027023120785431e-01
7.025075158939280140e-01
4.570900265040126476e-01
6.404305719159218979e-01
4.786546234414139067e-01
5.265836733285638172e-01
5.088619706547049537e-01
6.460167915362592383e-01
4.513498135260634037e-01
5.269747773815697256e-01
6.601346863646193608e-01
5.458447582440633106e-01
5.700766234288154877e-01
4.732316872628634097e-01
4.655276313385233733e-01
6.489554410780324911e-01
6.005552781891555503e-01
5.883853138354477874e-01
5.862775521100485054e-01
6.181117131438047529e-01
5.713159639334153272e-01
4.523378553420557835e-01
4.450878814329359834e-01
4.447814970509538224e-01
6.159121927048650802e-01
5.806038353331526292e-01
6.705742745005375260e-01
5.241325489258520376e-01
5.126829570284595627e-01
4.789414389657364324e-01
5.395285762965172927e-01
4.234821802146870318e-01
5.449395503470328972e-01
6.035119782375892861e-01
6.179538295508013590e-01
6.426730564267828516e-01
5.984302598310288213e-01
6.698866212689909005e-01
7.196298888554786277e-01
5.660933436934629803e-01
4.273991435019849905e-01
6.010011932552422609e-01
5.891339899487495479e-01
4.728381010116645689e-01
6.071794245705200987e-01
7.776222311255470698e-01
4.782021513427244241e-01
6.389179400740578885e-01
5.512122206764134003e-01
6.899808629678136906e-01
5.170056963897001756e-01
5.708176076081205030e-01
8.102957878305002692e-01
5.644973131276961320e-01
5.599041816895771184e-01
6.853092594770272550e-01
6.108731531656592662e-01
7.210045694689541929e-01
7.989524380810004711e-01
6.415361397851091496e-01
6.217234335787393817e-01
6.914309569689424118e-01
5.331263794082755636e-01
8.487936749623820054e-01
6.825191681583157033e-01
6.007551295391642121e-01
5.938014763169885413e-01
6.355536210230083860e-01
5.467499829382412857e-01
8.137442736764839424e-01
6.168128694423240521e-01
6.555554996916836963e-01
5.632333032175120824e-01
6.316415165327260439e-01
7.141676492309038116e-01
5.965591073555938095e-01
6.808727855629951309e-01
7.216314718336265255e-01
6.976749916729129142e-01
7.435302905310422483e-01
4.905864172862877681e-01
6.604883609092274677e-01
4.795735121308982718e-01
6.225609569179585412e-01
6.756778982701003855e-01
6.196957181890199173e-01
7.291830423735745637e-01
7.537182212025356209e-01
7.730176347023117733e-01
8.011696495596273282e-01
8.133697761042512075e-01
6.613594342509974133e-01
6.596572582022370845e-01
7.736586511019373225e-01
6.180189157821230905e-01
5.937579962035217651e-01
8.288827809784583556e-01
7.524318123415737469e-01
8.328967324604011901e-01
6.417054093534506620e-01
8.592944374774261762e-01
7.161054165085996015e-01
8.679796563865235237e-01
6.144939151258204113e-01
7.733200870536117710e-01
6.970553665923704401e-01
9.253071651701031408e-01
7.661622195639351540e-01
8.840061002417370917e-01
6.599336491764271617e-01
8.702816650224242112e-01
7.684168713631609471e-01
7.286499391197416298e-01
7.353576623772569709e-01
7.052394330799198752e-01
6.265528817179942811e-01
6.375056882885440368e-01
7.417744786726073736e-01
9.403964653523378958e-01
6.652607212099553857e-01
7.817811725864274308e-01
8.333381349157056306e-01
7.201260388686193670e-01
8.591644606509534210e-01
7.811664090901085933e-01
8.636821781379130369e-01
6.880742836129855045e-01
7.145768526837626977e-01
7.763013987807427796e-01
7.734236815077883964e-01
8.415491144672162527e-01
7.289650528256015338e-01
7.824404413188761342e-01
8.466952525917890160e-01
7.176738646670444144e-01
8.459674946702653298e-01
7.934806659627082759e-01
7.867701845144006167e-01
7.484727861474840260e-01
7.466273803849838853e-01
6.905533630366920139e-01
8.836857733411278559e-01
7.346880070358337012e-01
7.822267198830064050e-01
9.167048171766629672e-01
7.841678583555303783e-01
8.232093121413538439e-01
7.392755289568350152e-01
8.845795716303145317e-01
7.209249501385258663e-01
7.762303188509125373e-01
6.875937715886163426e-01
8.227680882866101886e-01
6.765954434853915789e-01
8.129942889133046080e-01
7.260250275450574886e-01
7.559772955727147581e-01
8.159982028189026737e-01
7.749836140777182081e-01
8.050314839190158001e-01
8.992168002323135401e-01
7.595863578582386921e-01
8.670798833769871594e-01
8.411560556925432586e-01
7.242596577208089137e-01
8.745291112032647085e-01
7.395893054817411771e-01
9.002711813348830416e-01
8.719268982876435814e-01
8.154490072482285523e-01
9.238852200929399405e-01
8.107178094390586898e-01
9.612580143706298541e-01
1.003254974142717248e+00
8.868336987736937793e-01
7.901338950765149916e-01
9.101093643372514252e-01
9.260317492823724184e-01
9.310310730549433700e-01
8.806125680634756536e-01
9.018185917952685760e-01
8.633114727354840312e-01
1.002166044241066478e+00
9.082292968690914847e-01
8.348734561918819130e-01
8.085554425277649004e-01
1.100113064932675577e+00
9.624813951909876319e-01
1.093292567896259060e+00
9.368929673160173444e-01
9.978010753819930301e-01
8.634425213690903878e-01
1.002405081550262755e+00
9.739270475707559882e-01
8.459693691456880993e-01
9.900237797018264230e-01
9.234178000561451549e-01
1.013599102085418702e+00
9.208165255663253168e-01
9.724763272690613025e-01
8.275600926845315675e-01
8.483484327371086930e-01
9.263319258295175107e-01
9.450571736688440083e-01
8.730340908898802654e-01
9.864590371294108540e-01
9.535748718715459926e-01
1.007014105270389592e+00
1.107827998872885633e+00
9.240817034240580430e-01
7.611377186628108804e-01
7.963673135316725604e-01
9.961226824590757589e-01
9.194254613048784552e-01
1.081269221692487958e+00
1.039997421668728439e+00
8.526929627591030014e-01
9.613342733444637522e-01
8.943268661729953939e-01
9.882469340247626022e-01
1.062109573462093337e+00
9.649880735118200326e-01
9.065176756581895257e-01
1.013779660949764905e+00
8.264430759663697890e-01
9.119387150850823964e-01
9.745494798237855916e-01
1.044698624069846149e+00
9.479023268175079675e-01
9.608643840276748227e-01
9.465584033114849971e-01
1.121942477231321345e+00
1.058304906023311176e+00
1.073574482396950192e+00
9.558121759244979643e-01
1.068278782731876042e+00
