-8.617086502046943375e-01
-9.844256871616454685e-01
-1.147995920028517469e+00
-9.694264642954857347e-01
-9.828169555794319390e-01
-1.092138465210297671e+00
-8.416725434885062862e-01
-9.757268811981945067e-01
-9.219086609978103253e-01
-8.103085339552299482e-01
-1.034431975752560184e+00
-8.503295213281908405e-01
-8.309263451668779110e-01
-9.901285533109552839e-01
-9.133189756623739664e-01
-8.744955297751577650e-01
-8.842842031193562935e-01
-8.857190852851387630e-01
-9.322122344989618448e-01
-9.850285128008053892e-01
-7.575824500670994555e-01
-9.309018314528114679e-01
-9.837945409774391248e-01
-9.844046408282056682e-01
-9.225536712575653775e-01
-9.515649978589273417e-01
-1.037621997900159521e+00
-7.996372240519995511e-01
-8.991494336253686992e-01
-9.928256731919052891e-01
-1.090801076485897081e+00
-9.418965952706083167e-01
-9.831776376143648299e-01
-8.280028474501507363e-01
-1.073954735430037388e+00
-9.373797145896773930e-01
-8.043199917993298920e-01
-9.069287569045599851e-01
-9.227312225159552961e-01
-6.611556626778265500e-01
-1.002184049981527325e+00
-8.975800515043905747e-01
-9.028921670334272287e-01
-9.474124783360458046e-01
-8.816115843958109988e-01
-9.177508188689593727e-01
-9.782409346592648713e-01
-9.410603872299411199e-01
-9.904618057734125847e-01
-9.430207353427586536e-01
-9.544229840386410091e-01
-9.450976964499476773e-01
-7.647862367652437099e-01
-9.137581347714596181e-01
-9.092847060032004380e-01
-1.001536027429255959e+00
-1.035277825108168459e+00
-7.519883128602063982e-01
-9.056879937839986683e-01
-9.070229815795874950e-01
-9.086645116664441302e-01
-8.909358456090489264e-01
-8.944352941744084795e-01
-7.675292946864653576e-01
-1.020815204867660642e+00
-9.575028197830042220e-01
-9.072076521166088092e-01
-8.871886724287431081e-01
-8.245933079277177891e-01
-6.180362548682833967e-01
-8.258402339184449659e-01
-7.476424586956538221e-01
-8.473375775073973548e-01
-8.405310408149148094e-01
-7.623917055339286541e-01
-8.113900378846681249e-01
-9.920241715768676194e-01
-7.325786948739551052e-01
-8.703560918530139912e-01
-6.874023959228396929e-01
-8.622950782822722537e-01
-8.280206018218930764e-01
-7.548440666447312486e-01
-8.792103982667417439e-01
-9.231147541149675728e-01
-5.799285579312694061e-01
-8.875240301497617779e-01
-7.504273298644474899e-01
-8.492857682525646323e-01
-6.844051655799419098e-01
-8.517190445010034416e-01
-7.758647987940449076e-01
-7.429824924395750374e-01
-7.026288974967822565e-01
-7.720179949252953255e-01
-7.770951597485797890e-01
-8.782818659413963447e-01
-8.440570918523390143e-01
-8.153232073719974826e-01
-7.240750414588822403e-01
-8.767503880935856309e-01
-7.954673905882326812e-01
-8.610174376433018528e-01
-8.738744549118074856e-01
-6.747375668999912035e-01
-8.149216161619475818e-01
-7.982128025974862817e-01
-6.430461579819647389e-01
-5.981007280888822608e-01
-8.770323500115012605e-01
-9.124035907934464618e-01
-6.990615375356032946e-01
-7.921073631106873014e-01
-6.944428494280169284e-01
-6.486013549718979698e-01
-8.414163477267003755e-01
-7.327590520388674866e-01
-7.277819604610957782e-01
-6.178914425218094975e-01
-6.957322663921523542e-01
-7.633567832303220779e-01
-8.379811898045208540e-01
-7.919330786460365701e-01
-6.532665505506380921e-01
-8.442619186685991206e-01
-8.643587528529003139e-01
-6.862473817949823474e-01
-7.807589572099442599e-01
-8.831360056644030898e-01
-7.515570522883767701e-01
-8.059253348683377283e-01
-7.142939536667045619e-01
-6.672377091362747814e-01
-6.159875389444917637e-01
-6.075128486925689408e-01
-7.066447242132015694e-01
-8.482285085945509007e-01
-6.689397677910942086e-01
-6.916123239608604756e-01
-6.728557870776871175e-01
-7.190552039014033170e-01
-7.144314123225251612e-01
-7.288492520427886090e-01
-7.496889504922632508e-01
-6.722948262159480493e-01
-6.151145185443950281e-01
-6.659025772063263959e-01
-6.751386579188670689e-01
-6.961323508280246042e-01
-6.250978808058457181e-01
-6.354352850146788301e-01
-6.537621826894539634e-01
-8.020469847708608935e-01
-7.577002097388949586e-01
-7.564648222597609717e-01
-5.494378604882242945e-01
-6.141956684237258601e-01
-6.985799235459635437e-01
-6.993445310246465541e-01
-8.731201329886127960e-01
-6.062208420368846440e-01
-6.768796134495710382e-01
-6.414217440390362901e-01
-6.244699279513169499e-01
-6.411314145792346153e-01
-6.509526036446203756e-01
-6.376902331341171015e-01
-6.060705695353753031e-01
-7.065867723653521670e-01
-6.414340109788682076e-01
-8.011339607553997766e-01
-6.683657300105299015e-01
-8.027977555866429027e-01
-7.215080693794602151e-01
-6.975578009603585761e-01
-6.918174456473870082e-01
-6.637609112942415290e-01
-6.117246806251919189e-01
-6.848784761129462773e-01
-7.488995840563489326e-01
-6.280808454091902915e-01
-5.489295889434243625e-01
-7.219741714467646787e-01
-6.145408816386414008e-01
-7.253277882228493789e-01
-6.166451034851404556e-01
-6.795387621658961486e-01
-6.509546653887241519e-01
-6.812152030918341428e-01
-7.935780024134858612e-01
-6.453960967906691160e-01
-5.117278724963364445e-01
-6.990492377546563274e-01
-5.579607781023454560e-01
-6.999595569456383837e-01
-5.699822531607812159e-01
-8.010416564062136091e-01
-5.503638247026577668e-01
-6.990379601130360943e-01
-7.409785344083706926e-01
-5.631623044878925066e-01
-4.926396151968394088e-01
-6.259044806503832881e-01
-4.780177510031098365e-01
-5.644204579002313205e-01
-6.907350595224562850e-01
-5.233890594077730274e-01
-6.453075185162924221e-01
-5.337001202190811977e-01
-6.161198357113174540e-01
-6.615744484668356629e-01
-6.496758435724515612e-01
-6.818649194695638460e-01
-6.943178591897601892e-01
-6.157877485925160599e-01
-7.434187475527488376e-01
-6.452461345655273739e-01
-4.990962707526368503e-01
-4.510838745169972186e-01
-5.357795593859202565e-01
-6.730738096809723015e-01
-5.824587188724005271e-01
-3.120890434088352539e-01
-6.237112098576949037e-01
-4.691974462721791861e-01
-4.320947612007770000e-01
-6.168167292939016333e-01
-4.702685243394478243e-01
-4.594719721657092304e-01
-7.131414542882980045e-01
-5.073114512704287593e-01
-5.872139998465212285e-01
-4.090799285005934927e-01
-5.465436132652047307e-01
-5.620212127445254335e-01
-4.643889053021543201e-01
-5.098282295790805829e-01
-6.041739090048900973e-01
-4.794593456767635153e-01
-4.825814562447823808e-01
-4.899961263357269226e-01
-5.856007456058817118e-01
-4.550712360078199015e-01
-6.178807585814884984e-01
-7.962020050356499734e-01
-3.995610303934358787e-01
-4.222855555590056542e-01
-5.028281555690785609e-01
-4.167051928565209673e-01
-5.162128604045207458e-01
-5.755571181825198668e-01
-3.809991668789777242e-01
-5.820845475266613889e-01
-4.253885274848889231e-01
-6.012536676322077778e-01
-5.657192249225790892e-01
-4.461561099345507375e-01
-3.875613160821925751e-01
-4.444972469504556156e-01
-5.782847972115454649e-01
-4.213143663649802639e-01
-5.073024384271709319e-01
-4.122155416062441846e-01
-6.145161667585030685e-01
-5.706037688151983645e-01
-4.852401457686069675e-01
-5.782701011843394134e-01
-3.628907186551313946e-01
-6.049383519918507535e-01
-3.907988960302556936e-01
-5.069517261593200486e-01
-4.469004543935338747e-01
-5.254179394104239176e-01
-4.651111684878101449e-01
-3.610298543809511429e-01
-5.066913103519644634e-01
-5.999449609218354684e-01
-4.062729354489469369e-01
-5.254519285681860108e-01
-5.149750888788598990e-01
-3.754337483839710332e-01
-3.707137625444600348e-01
-4.738325249188161115e-01
-6.469325617893757485e-01
-4.222382742129694444e-01
-4.353747177886824193e-01
-5.354373950786048830e-01
-3.900506552991318543e-01
-4.532070817057243795e-01
-4.588186127218535360e-01
-4.182375240485396994e-01
-3.796080854985217079e-01
-5.890394623956501929e-01
-3.551605163275851074e-01
-2.643536332367543151e-01
-4.015372105524340207e-01
-3.972570553456921671e-01
-3.951602770156873445e-01
-4.672339531904368126e-01
-4.473037958352181764e-01
-4.141232370811056551e-01
-3.599371087505718325e-01
-3.800744660848060508e-01
-4.765029243489407595e-01
-5.081321433002106147e-01
-3.372064505620228081e-01
-3.888750547341373598e-01
-3.889893596885480864e-01
-5.115649882678082738e-01
-3.235185166866366147e-01
-4.268496113452004970e-01
-3.731713727917680967e-01
-5.717428153893230336e-01
-3.522684451272762307e-01
-2.271357315271594901e-01
-3.839740999397928678e-01
-3.268740879519904108e-01
-3.423683853791545384e-01
-4.351621402420996487e-01
-2.795661467920871335e-01
-3.506644314111361238e-01
-3.975547048846092557e-01
-2.218558040450732405e-01
-2.053214577070892333e-01
-4.840128504691572076e-01
-3.871487298039359426e-01
-4.534604917725348350e-01
-2.665720906199884888e-01
-4.664587703792397733e-01
-2.498599759917303487e-01
-3.608753415862987479e-01
-5.832873122384920617e-01
-3.068670158381455182e-01
-3.662730960005295966e-01
-1.936058836913574777e-01
-3.918046585608749299e-01
-3.212193363603391694e-01
-3.808696532673059854e-01
-2.356013842505620959e-01
-3.470078621798123319e-01
-2.884727880042443071e-01
-4.107447688948298592e-01
-2.076899451423671883e-01
-3.423461263452547421e-01
-4.398652407810282328e-01
-2.884086544653690076e-01
-2.024480417775242347e-01
-4.025313561698324882e-01
-2.799484912425861949e-01
-3.722135894192805106e-01
-2.475863573831570130e-01
-4.141771609780576235e-01
-3.365351740861352581e-01
-4.112555761144076616e-01
-3.425811327289060015e-01
-2.014125436104438338e-01
-1.983492618161528387e-01
-3.656928709948186196e-01
-3.593792436245037969e-01
-3.889550361374338738e-01
-2.176253935336457390e-01
-2.694438932801134223e-01
-3.362103790923465785e-01
-3.469685113245769559e-01
-1.917752493410939119e-01
-1.218486222369959404e-01
-3.195402090497455605e-01
-2.973898525832656681e-01
-2.950469293082959021e-01
-3.058637431816550456e-01
-1.915610403418958538e-02
-2.658492344593588186e-01
-2.460067293452975756e-01
-1.323188778095790163e-01
-2.185364375639588241e-01
-1.568698294892305056e-01
-2.759211425794962369e-01
-2.481145387634983990e-01
-1.545957099727981454e-01
-2.061996456260079547e-01
-2.255801422965386938e-01
-4.055843257435760574e-01
-1.880533682478476576e-01
-1.436708114206115272e-01
-2.251178842567785054e-01
-1.750104290710407517e-01
-2.591846223447653585e-01
-2.569440855067187113e-01
-1.937702315587185309e-01
-2.785486925628413157e-01
-1.446620314997551227e-01
-2.257230680309731952e-01
-5.686869008795495534e-02
-3.255220377435603663e-01
-2.862929700109179132e-01
-3.179781219289248284e-01
-6.880814612688036791e-02
-1.675393847404541559e-01
-2.756438920351100830e-01
-1.346289676297663662e-01
-3.166414972697026431e-01
-1.217449055651036449e-01
-2.604462168997450644e-01
-1.276435164919926257e-01
-2.054985225005247773e-01
-2.848932447782833721e-01
-2.991544046482063623e-01
-1.867229656331140242e-01
-3.871676935099965799e-02
8.728145713853126264e-02
-2.732209666654673574e-01
-2.251465138000597888e-01
-2.261448570750982656e-01
-1.337143528982583374e-01
-1.970529778694547762e-01
-2.107180463302791573e-01
-1.659015450324881624e-01
-1.172448973967441660e-01
-1.467861345393773609e-01
-1.644350123805448094e-01
-1.702479133004322076e-01
-1.674210300405841456e-02
-1.640223643005407350e-01
-5.177343568020600223e-02
-1.484048733339670967e-01
-1.945272453605672025e-01
-4.855957237672560607e-03
-1.859842040283704312e-01
-1.941855583415960651e-01
-1.710671848665746286e-01
-2.421984320557286352e-01
-2.039947672479381843e-02
-2.203247426246656426e-01
-1.080396597991446772e-01
-6.909966869530359546e-02
-1.537948204832982058e-01
-1.222254801272615876e-01
-1.945240951416946362e-01
-6.112025868164345371e-02
3.303553827618481431e-02
-9.841456987749688801e-02
-8.537984976294317463e-02
-6.565881877280006773e-02
-2.193284402827547774e-01
-2.124404493455824550e-01
-2.242032193226750070e-01
-1.503154769162202975e-01
-1.022571252267989034e-01
-1.726698486903879837e-02
-8.910950183561799909e-02
-1.862960177992094638e-02
-1.054753411285607873e-01
1.112278363253617515e-02
-2.150696739208341479e-01
-1.220204464379232856e-01
-1.911783328990582231e-01
-2.389201453474059378e-01
6.035515424573768828e-02
-1.351908605416697606e-01
-1.225427935093156284e-01
-2.606732118562063438e-02
-4.076724482086287182e-02
-2.981770598347670276e-02
-6.494078090009293425e-02
-4.478756432177292968e-02
-6.976413519049301515e-02
-6.891353720736888289e-02
-1.234570907101900129e-02
7.926999793110997561e-03
3.563750413041610887e-02
-9.969931887703136278e-03
-9.528179737379066649e-02
-1.062574542671368555e-01
-1.836232083810857285e-01
-1.988474223825484055e-01
-5.761281351056694866e-02
2.097874952019137748e-02
-6.787642063534840564e-02
4.332930897258212982e-02
-1.872060389995483243e-01
5.110400338579416946e-02
7.241775405575247293e-02
-2.166284124353792806e-01
1.579412207622233888e-01
-8.859110920724279359e-02
1.676394193043973663e-02
-5.311546013817237955e-02
-1.599786411240645273e-02
2.820345557210431064e-02
-2.015394601293627949e-02
-5.067085884512909782e-02
-3.694875089096285453e-02
-8.017432473960313388e-02
-8.819397224123518009e-02
-3.738725605791243939e-02
1.609380897968667318e-02
-1.649246281387910518e-01
3.665660102195292952e-02
-7.262238317768675289e-02
-2.628057273394453219e-02
3.082527810882072436e-02
1.333625980303075054e-01
5.258472125204155523e-02
-3.674478596228988175e-02
-4.465875049238943878e-02
-4.088685595178700311e-02
-5.953745333022637809e-02
5.575746986852062742e-02
5.962716112771250521e-02
3.325102507855405565e-02
1.725662480097848173e-01
-7.783642447363811612e-02
-5.709229551847053857e-03
2.884260698170519957e-02
-1.558222101289548876e-02
1.624017895154887814e-01
-7.887392797378827911e-03
-3.021663046120934629e-02
-6.081511462491310388e-02
5.775534063620031688e-03
-4.622316125358548466e-02
5.509723129306313277e-03
1.094875043834755146e-01
1.683782416582610408e-02
-3.975034155157430166e-02
7.180358696301278321e-02
4.089026550993161285e-02
5.201312967783895680e-02
2.061210863809263549e-01
9.077467727230544015e-02
6.965741830515975730e-02
1.498481760263986051e-01
-7.378380307051517206e-02
1.803205160401930296e-01
2.134868023180777064e-01
1.809315160211062423e-01
7.880887652670734433e-02
-1.293655051584197413e-01
5.096173224116437583e-02
6.065861329188948492e-02
-3.689836181546125166e-02
7.934107951705339501e-02
4.291568384065828912e-02
1.102404074579322740e-01
1.074390740306228331e-01
-5.088480438774668768e-02
2.350348734260912231e-01
1.351961419591534708e-01
5.314862414748329489e-02
9.586301533446804635e-02
7.149554060260816801e-02
1.971430307085529077e-01
2.716715750848848199e-01
9.237652565254679538e-02
1.546538104616837321e-02
1.516854573494503533e-01
1.349243300701232218e-01
1.595811233979428367e-01
1.288830763030436588e-01
2.536498793619465508e-01
1.482260597023439264e-01
3.931471466483837246e-02
1.754857057227109107e-01
9.100765198119845079e-02
3.193564626165659726e-02
1.704174305680203894e-01
1.799052640817028204e-01
1.604815493467937615e-01
1.848801892995308449e-01
1.090432750251114080e-01
1.694937255593990943e-01
1.672680340106439678e-01
2.178735354322934026e-01
1.934747592829167973e-01
1.579266464903943401e-01
1.575216547084548890e-01
1.501962083803346226e-01
7.819310646082361371e-02
2.473057970071246559e-01
2.702676005763198219e-01
1.100838658785072977e-01
1.618536460140654609e-01
1.176721039343461839e-01
1.413626018858556710e-01
6.323202594208676697e-02
1.713214094489376726e-01
1.298002448107689610e-01
2.760408505855009853e-01
1.682555057644273544e-01
4.311123453585018195e-02
2.482425506804489257e-01
2.678529738449513808e-01
1.398331380215644681e-01
2.880977486355545958e-01
1.209343440635950451e-01
2.254921352683716962e-01
5.102512717309988510e-02
1.279382510297146225e-01
6.083029749079960774e-02
1.332882437559421707e-01
1.775228567272078006e-01
1.607639326510945377e-01
2.999137850514634884e-01
8.699855377751959662e-02
3.375619742803114276e-01
3.676629627581411985e-01
8.992880777856074315e-02
5.313632329098281343e-02
1.626586034445149653e-01
1.312271100232942633e-01
2.004463193708229951e-01
1.748857229463705587e-01
1.456546894215491328e-01
1.869022682751300124e-01
3.015603642805192441e-01
2.202038535314245482e-01
1.233439795408465267e-01
2.124767714219220338e-01
3.369546586264366428e-01
1.798653580769440652e-01
9.294241250567961132e-02
2.315609425523898202e-01
2.164703528490305173e-01
1.289995338872426400e-01
3.145047845040688239e-01
2.503702381686883083e-01
2.933855018211609655e-01
2.881097022408566355e-01
3.696350966271969574e-01
2.768671986890087200e-01
2.452391604712593209e-01
2.231358450888542844e-01
2.071118326349931094e-01
1.724210910976589350e-01
3.613930728554780036e-01
5.980915693247404463e-02
2.379447989456324741e-01
8.776472677090392527e-02
1.373417523761476244e-01
1.368538199263551469e-01
3.776361514625872218e-01
1.629851827665297903e-01
4.879682922287166269e-01
3.281126666539970760e-01
3.006143471805837741e-01
4.064265487682832689e-01
1.567113567428317644e-01
3.134305578649728696e-01
3.453482745217101302e-01
2.321898348326829620e-01
2.339746592699527561e-01
3.324661135485126873e-01
2.849638099204152564e-01
3.069658945020559693e-01
3.438181998105739323e-01
3.685866542462380990e-01
3.004786891277089755e-01
3.696146011365580852e-01
3.020633824472800377e-01
3.711614124478430088e-01
6.729146923970059924e-02
3.264924679091047444e-01
4.478393426299229763e-01
3.975606654878069968e-01
4.086560426382690459e-01
4.491359340810955336e-01
4.159940592527447967e-01
4.286927300965243659e-01
3.458764154055252726e-01
2.060153021129235429e-01
4.206700314597590085e-01
2.959734186735754613e-01
3.046952399744798923e-01
2.541029625265215919e-01
3.832169822005796478e-01
4.093741010299620786e-01
3.847175104537132184e-01
3.576766626347335776e-01
4.045897244561661443e-01
2.693124469106538132e-01
3.756566869451685720e-01
3.252347477194795777e-01
3.608218061766033102e-01
4.537272054396814802e-01
3.132198248356191650e-01
4.767496170995393912e-01
3.705314800339248316e-01
2.850613212082521164e-01
3.832463837015347430e-01
5.381338502251333811e-01
3.482620527181893855e-01
3.112818006598943033e-01
4.470272924789071012e-01
2.808662752379723626e-01
4.976855189194412388e-01
4.663867010340186359e-01
2.964555360568708053e-01
3.228261389003641013e-01
3.046278993695497039e-01
3.335425910072233879e-01
3.091696204952187332e-01
4.231805659807395537e-01
1.914582918519980859e-01
4.038968078634801451e-01
2.584373692231059505e-01
2.795426787805149194e-01
4.050660583127075887e-01
4.810364726358463683e-01
2.020821670923485247e-01
3.903664075182941007e-01
5.216047245021205869e-01
5.307332111005642616e-01
3.941494270084758278e-01
3.455725073707714978e-01
3.972073688495255106e-01
4.772519065489898571e-01
4.647248179432192927e-01
4.105190988303147326e-01
3.701230469908279308e-01
4.244093972857184704e-01
4.507914736760395558e-01
3.844326955699877701e-01
4.308736364774515271e-01
3.210705063067672005e-01
5.871900114942798510e-01
4.041005861405229105e-01
6.399528058833647837e-01
3.146987202126963479e-01
5.273984390847383796e-01
6.643565971276117477e-01
4.245992704022639175e-01
3.863018505524820623e-01
5.260490299794544633e-01
3.187457276508194881e-01
4.586018808808758895e-01
5.946159702901673283e-01
4.240366188429532945e-01
4.712799263227797075e-01
4.522200514019709683e-01
4.799673112753613524e-01
6.378336572502257829e-01
5.446071906251274131e-01
4.898455764227135911e-01
3.949100791100834118e-01
4.739256982398350471e-01
4.355613103520284968e-01
5.154815653494807526e-01
4.607394061367351412e-01
4.907195510475476641e-01
4.392244908548908477e-01
6.277478058124109639e-01
5.282041439707897412e-01
6.037050332106794759e-01
5.935590710937499459e-01
3.639430188508399611e-01
4.864357668349177932e-01
5.273911556524526478e-01
6.828132731296618907e-01
7.000163248131926474e-01
5.715009056395220499e-01
7.203830768752010894e-01
7.242308579055674045e-01
5.532514717283227856e-01
3.659594127769112970e-01
3.213393618379751793e-01
5.321362228755344148e-01
4.715178079369050090e-01
4.241190190544136818e-01
4.886081841312527874e-01
4.949003063251865564e-01
4.140680111082137294e-01
6.356498434959522159e-01
4.889601895124091602e-01
5.950741347069891107e-01
5.480957275895589342e-01
4.592148460468936655e-01
4.750167958422312209e-01
4.729698185203408123e-01
6.267745516558256291e-01
5.110800173477465513e-01
4.830627578738598271e-01
7.511850067435457134e-01
6.185909472165604939e-01
5.803317850726218419e-01
5.698269264373239107e-01
6.138705014524216130e-01
5.910209621397481961e-01
5.349605450140352270e-01
6.359255993280799046e-01
5.474701571499859254e-01
6.249261490589218537e-01
4.698475133379643731e-01
5.322161710225002951e-01
6.814679358857133051e-01
5.250995430232919814e-01
4.545339182971246950e-01
5.543851018948736664e-01
4.553401889859940987e-01
6.168884455099208353e-01
7.130837341057794099e-01
4.799910729551241095e-01
6.958086534086053154e-01
6.006725159260010161e-01
5.689794787324117253e-01
5.437793576650006289e-01
7.429990752167668910e-01
6.540368005661961748e-01
5.496140413612244924e-01
5.775009381590471280e-01
6.434708498548419309e-01
6.544461473095758430e-01
5.356357819623591698e-01
5.830377906088990425e-01
6.021083772785330579e-01
6.434980033700508084e-01
6.725008630215616456e-01
6.730392462440921708e-01
5.876642644174726593e-01
6.239319450755114183e-01
5.888920360664569031e-01
4.306538113661374512e-01
6.765721758461218371e-01
5.984757179953825723e-01
7.079020854712324562e-01
5.915878695105832863e-01
6.343406494759772363e-01
5.624099601246149716e-01
6.134874640065918205e-01
6.340227272806188141e-01
6.287624739080832637e-01
5.976828196160073325e-01
5.933855231101339278e-01
5.765685931965047750e-01
5.444829696728533674e-01
5.304826899863624989e-01
6.429273904666583661e-01
6.534182270356363453e-01
7.592198347755210186e-01
5.160340378906743686e-01
6.279013809193362272e-01
6.582047028642569186e-01
7.337317939030508773e-01
8.211680782938354239e-01
7.392014016226321482e-01
6.015438065913487620e-01
7.812044211624824541e-01
4.362370500641949422e-01
7.067222273627232765e-01
7.155942373521245736e-01
6.957460351808757437e-01
7.964568277504434635e-01
8.402723989746229138e-01
6.570975623342708571e-01
7.148465852622102323e-01
7.267851599278181141e-01
5.986009534165931401e-01
8.474460706293198697e-01
1.064959297596127286e+00
7.232740610403350923e-01
7.250640868553351881e-01
7.836531763108965931e-01
8.446393703509197382e-01
7.242662178506653614e-01
6.618800688127560727e-01
7.692770099569959941e-01
6.442968979688611375e-01
6.945003628314256883e-01
7.666593519812513469e-01
6.527581497393005749e-01
6.508322311076613076e-01
7.527962565598935729e-01
7.831811956721886903e-01
6.301167837558574458e-01
8.422970358697713378e-01
7.614160570805530437e-01
7.126472937076581138e-01
7.092262810060715461e-01
6.576839813400340296e-01
8.517950657191324382e-01
8.343432135601719368e-01
8.264460626240494046e-01
7.598576208085543460e-01
7.362173692634184086e-01
6.918217463261545630e-01
6.788647529100342304e-01
6.828331106138254558e-01
8.478067872401930938e-01
7.295503995759983207e-01
7.371447664454362503e-01
9.037643440752691770e-01
6.532698923370013899e-01
9.147663721910136436e-01
7.219685436482281560e-01
6.696225592147619921e-01
7.783709867883756850e-01
8.106396828184455616e-01
8.062445628211908355e-01
7.465761721529194928e-01
6.635945031613498246e-01
9.020241168217040251e-01
8.097010216959101836e-01
8.844108675852093704e-01
8.701119341689459441e-01
7.443915954409777713e-01
8.036190281101235344e-01
8.278662457010633746e-01
8.050478503465895441e-01
7.650673747066598640e-01
7.504445774156194293e-01
7.829893599714184971e-01
8.302207894362908513e-01
7.673029762964402867e-01
7.823433008618781992e-01
6.953564473569157078e-01
9.281146992629717429e-01
8.437144147631241431e-01
7.482447499309631267e-01
6.994640254819276537e-01
7.895455107791278238e-01
8.072491292476144942e-01
7.690310016505123025e-01
1.059582465778539317e+00
7.925416491725189028e-01
8.505416082554427826e-01
8.516845509676685966e-01
8.284117223440263800e-01
9.326070683350226043e-01
8.762740750760603659e-01
8.622124327410315425e-01
9.523400874524123871e-01
8.607133442174526028e-01
8.200851547436489586e-01
8.300463945481093564e-01
8.634147137577139475e-01
8.271058814816463212e-01
9.636976475286073152e-01
8.514090193448853316e-01
8.799127158511446112e-01
9.282800125454477858e-01
7.897160446693310965e-01
8.992592768395151204e-01
8.249804406699666748e-01
8.281571464928521031e-01
9.655287993519398038e-01
8.955428116017006834e-01
8.547280795434160083e-01
9.412389660552831216e-01
9.097646372268710646e-01
9.174452624260159839e-01
9.449350394629232319e-01
8.473764825728559158e-01
8.315866648680962925e-01
8.729912965315363982e-01
9.440843050836210670e-01
8.549787688228051019e-01
7.697602731252988217e-01
8.447485344150068576e-01
9.389939883000893994e-01
8.133342305837881758e-01
1.061989186017628040e+00
8.798018994620405708e-01
9.148088387904438346e-01
6.646156574337394041e-01
9.244077412957998341e-01
1.084237605569455809e+00
8.479313817441340717e-01
9.136838275620714489e-01
9.476534462587881125e-01
1.029672076671783287e+00
9.798804524753926826e-01
7.790805544662167126e-01
9.144315478810047804e-01
9.101127987114903117e-01
9.114427587616716897e-01
1.006347169117639107e+00
7.765679533179525862e-01
9.075273159059977779e-01
9.025957931051517003e-01
9.702443289751621069e-01
8.948267272924154137e-01
9.576796146160022616e-01
9.934480702682012554e-01
9.480672869092265920e-01
9.126181250337938033e-01
1.023923854641631825e+00
9.758605000386256778e-01
8.817183304098334951e-01
1.005884006309116563e+00
1.096893420420845366e+00
1.173029505739163758e+00
9.479700371211564613e-01
1.033137948654697880e+00
1.062496053908091875e+00
1.059926478202638078e+00
8.881767356460884555e-01
1.055891635373692905e+00
9.976403313194486255e-01
1.131364875768443135e+00
1.087507551636006875e+00
9.290136445269892018e-01
