-1.062484034732299465e+00
-9.687484210261873008e-01
-1.047197033845283620e+00
-1.064312748053188207e+00
-1.063936538955606137e+00
-9.750099972277818106e-01
-1.212270711144947111e+00
-9.928913874899774061e-01
-1.061093296765585281e+00
-9.648164227666145010e-01
-1.010097760313464654e+00
-1.005592773229454284e+00
-1.028530187536765617e+00
-9.124725623939874408e-01
-1.142560350053638762e+00
-9.717504792636344479e-01
-9.261659441957905692e-01
-9.763939855913239541e-01
-8.614721189086519404e-01
-1.058527369195807033e+00
-1.160218122061003276e+00
-9.642757999676351277e-01
-9.453936521068089238e-01
-1.050048069087138769e+00
-8.737920140184863849e-01
-9.325218725814767851e-01
-9.847991262725190875e-01
-1.014817157358989697e+00
-7.946062170656484902e-01
-8.782052319687509989e-01
-9.793494429909971322e-01
-9.534738354444382002e-01
-8.937927278148295462e-01
-1.052219401775618568e+00
-9.701504258462141372e-01
-9.434526521829105228e-01
-9.873141996705719903e-01
-8.995894679229593516e-01
-8.321410248216084549e-01
-7.984083873681770971e-01
-9.397662734872967993e-01
-9.784630500184956503e-01
-8.013134314609490216e-01
-8.247978794826081872e-01
-7.995828315973861899e-01
-8.862367280252788637e-01
-1.047234961761005945e+00
-9.023627009009311806e-01
-8.612266003022541749e-01
-8.696505596729207088e-01
-9.304098903388267061e-01
-1.002411367831709033e+00
-7.803033870450560849e-01
-1.012239784252193742e+00
-9.019866551852887548e-01
-9.003850963612434199e-01
-9.337966600341840451e-01
-8.276101445373805765e-01
-7.858763255776474166e-01
-8.477389637082977103e-01
-9.027056989998636372e-01
-8.284880285227083085e-01
-8.852984363642932841e-01
-8.475729979925797908e-01
-8.953520791839815196e-01
-9.230000223575116625e-01
-9.168351417450908425e-01
-9.473772614146859228e-01
-7.863654954182252022e-01
-9.473919814170682629e-01
-8.576996504955687328e-01
-8.347477501258808719e-01
-8.574716127568524637e-01
-8.837179657149415446e-01
-8.290087120983553604e-01
-9.383894877946977742e-01
-8.279875492204890053e-01
-8.604644761519928409e-01
-8.494496702226419504e-01
-8.551788568450842121e-01
-7.141289418175095216e-01
-9.856782832640912373e-01
-7.520726190918911591e-01
-8.817838440163108249e-01
-8.263015295657966108e-01
-8.489749776071734422e-01
-8.080764308653939354e-01
-9.196966264575779926e-01
-7.031564736826876327e-01
-8.722908417091972400e-01
-6.068835554679157251e-01
-6.875207729416862312e-01
-9.099375142014413109e-01
-9.107676625725438235e-01
-8.086844136735961142e-01
-7.461437471852572223e-01
-8.502480164527101980e-01
-8.441027941564042125e-01
-9.035807502947446057e-01
-6.964737414492915279e-01
-8.719236772353113896e-01
-8.546086858639312389e-01
-8.661629093671409096e-01
-8.030472350454597175e-01
-8.211573257409273685e-01
-6.578627728869048674e-01
-1.031423842430081672e+00
-8.806620267049322104e-01
-6.865552312903318022e-01
-7.810379942911885864e-01
-8.466488700590638627e-01
-6.618782674503311814e-01
-6.966579662274657858e-01
-7.948160859324272520e-01
-8.105989262907702386e-01
-8.146877552147050450e-01
-7.517681949082407611e-01
-7.761950435120352765e-01
-8.683622363369944974e-01
-6.226240552020744223e-01
-7.194096400427552052e-01
-7.421686141442992435e-01
-8.018252728402971430e-01
-7.268427237883283709e-01
-6.162445971927629218e-01
-6.566841110056117481e-01
-7.054442501119462250e-01
-6.535737547631942368e-01
-8.290979291735218748e-01
-6.493783306796867549e-01
-7.414953309866237907e-01
-6.719088931520229568e-01
-6.609739277525580325e-01
-8.277886364341849879e-01
-6.351498999800139211e-01
-7.837386268457404714e-01
-5.798292410892043058e-01
-6.511244069295114567e-01
-5.381679194418105272e-01
-8.357292941208049886e-01
-8.080554747969420637e-01
-7.789874442385237296e-01
-7.186332907771927347e-01
-7.140787450778878220e-01
-6.758504073862344752e-01
-6.192328767834720527e-01
-7.759440940461705960e-01
-7.704955185794284400e-01
-7.393253347447695800e-01
-6.120655985666781929e-01
-7.701441328789242480e-01
-7.469690380434388377e-01
-6.955049557360978296e-01
-6.056351114862302820e-01
-7.536441462380030210e-01
-5.689159762467974613e-01
-5.004601770738287270e-01
-6.624764146400216047e-01
-7.103780762069932253e-01
-7.026135735229613877e-01
-6.975797167734376636e-01
-7.113950404360984692e-01
-7.397933562431855403e-01
-7.363439087122499727e-01
-6.574903502045628123e-01
-6.576419050398802923e-01
-6.575509656639006995e-01
-6.857246105685717019e-01
-6.416681687842286097e-01
-7.469764820953973539e-01
-6.801050174176200835e-01
-5.513352073683529531e-01
-6.802784544299418368e-01
-5.531424007216146910e-01
-6.810975318726901762e-01
-6.006259173155612530e-01
-6.297792292693520366e-01
-6.536108293666994529e-01
-7.961658723998602527e-01
-5.983066624534352229e-01
-7.162471947712667486e-01
-5.126647237994534922e-01
-6.030362049347528508e-01
-5.008160227092099959e-01
-5.073769275726147665e-01
-7.561920380395869001e-01
-5.740025525737041390e-01
-6.358147409562923125e-01
-6.175787075906441492e-01
-5.583612596021152452e-01
-5.810645210978789832e-01
-5.409272220937361153e-01
-4.919597821579707042e-01
-7.241723249004616836e-01
-5.293748159380099461e-01
-4.164437900376735113e-01
-5.298952352837030810e-01
-6.205263376245614415e-01
-5.051828081643795487e-01
-5.069178865349890373e-01
-5.691233110407997176e-01
-7.247812301429235049e-01
-5.946586841525342004e-01
-6.668589396076576303e-01
-6.014728103207854781e-01
-5.442983025105918582e-01
-5.714020690696562932e-01
-3.848032992332189317e-01
-4.905074372605517374e-01
-6.674626571993496071e-01
-6.558560357349817460e-01
-6.353967773759210402e-01
-5.911645164867354030e-01
-5.786941688316761256e-01
-7.810878356398365252e-01
-6.509461938480693988e-01
-5.663143379146257095e-01
-6.905587891795688105e-01
-6.609108583796018399e-01
-5.775436722753976015e-01
-5.532008112779593922e-01
-4.140603064346373707e-01
-6.089532426235256812e-01
-4.954544783129364305e-01
-5.990663550854263830e-01
-5.933529531926715617e-01
-5.914950283086316540e-01
-5.373663602030520625e-01
-4.811415473953113975e-01
-4.956297829044088443e-01
-5.432846638089143809e-01
-5.667859331802593825e-01
-6.291670056992421101e-01
-5.730460873691572976e-01
-5.580612418732726621e-01
-5.094370052996453069e-01
-3.885619158295598452e-01
-5.521189430471884485e-01
-5.115683494984750723e-01
-6.111270509823480968e-01
-5.461449454230090650e-01
-5.495196019942027998e-01
-4.169314815049436351e-01
-5.652936906114783833e-01
-4.179817309114161050e-01
-4.875762689064171984e-01
-4.095078115799177798e-01
-5.235317565840046372e-01
-3.584865705617318876e-01
-5.300927345276893465e-01
-5.809276972292645169e-01
-4.657650142547790639e-01
-3.003864497806837397e-01
-4.851919321658302309e-01
-4.444412035169083564e-01
-5.535594251861594151e-01
-4.749255617591964240e-01
-5.258759022257891713e-01
-5.110962919689462369e-01
-4.791834128396407766e-01
-4.213745708141017343e-01
-2.974897741042860644e-01
-5.303105190774810573e-01
-5.122350590154278738e-01
-3.988440722215971790e-01
-3.742533948434599855e-01
-6.755886609241567031e-01
-3.333726448123381370e-01
-4.743433599429864311e-01
-4.069241331359203517e-01
-4.842527173203268198e-01
-3.949564315684692684e-01
-3.950415136016260931e-01
-3.796855983014072455e-01
-4.137766971060377608e-01
-4.523187034308679411e-01
-6.335366739141164993e-01
-4.219298521498804355e-01
-4.120465140385330960e-01
-3.352174728908349222e-01
-3.346520359002934097e-01
-6.120868776717121040e-01
-2.611862419627131171e-01
-3.493077731251953977e-01
-3.950876896290123064e-01
-3.937657633963143056e-01
-4.564954231654049233e-01
-2.210080649219326732e-01
-4.949086580564997506e-01
-3.501857801635216982e-01
-6.581111673334049117e-01
-5.267434934165277083e-01
-5.220541916624693579e-01
-3.582489676333727724e-01
-4.357419286787461710e-01
-4.231948493838439962e-01
-3.932059014805673880e-01
-4.307719724003869488e-01
-4.441636388289144644e-01
-4.416440784312838375e-01
-2.970866363230719176e-01
-4.272283954520665339e-01
-3.977320152980119428e-01
-4.343764108736765661e-01
-6.274643460574649279e-01
-3.733691405448563705e-01
-3.675054523217385904e-01
-4.550097351304188131e-01
-2.377654027931924985e-01
-3.273827462493256180e-01
-4.053994308880415898e-01
-2.833100323336935067e-01
-3.535813213599165450e-01
-3.783529866918857731e-01
-3.040058363301738620e-01
-2.939229181051167816e-01
-3.731320691656583866e-01
-3.698342435449207821e-01
-2.307019793526640938e-01
-3.748272468618759623e-01
-3.565803632577299598e-01
-3.393057476245247006e-01
-3.912486784320963751e-01
-3.725073406696471912e-01
-4.227058742538947200e-01
-5.473549990327457593e-01
-3.957612615574955806e-01
-3.644975314913244668e-01
-3.271443859655178144e-01
-3.546606619882671785e-01
-4.288035951071775820e-01
-3.794696799640259743e-01
-3.043629405039788294e-01
-3.993656069767701489e-01
-2.384185693996504485e-01
-3.553281148312051885e-01
-3.513960011180932708e-01
-3.545191620888204498e-01
-3.788472991972043902e-01
-3.085457914406902757e-01
-2.389565648185820457e-01
-2.600397087673023688e-01
-2.947583693727952592e-01
-4.377775615228134409e-01
-2.803441919297148255e-01
-1.716263601264773064e-01
-3.489441539498939204e-01
-4.728214405048620228e-01
-3.983583134639452350e-01
-3.101817694951371496e-01
-2.796894896886461535e-01
-3.018841803748232300e-01
-2.195365739608313715e-01
-1.620124479231540571e-01
-3.711017235953418258e-01
-2.347413670420193388e-01
-3.265169351003460729e-01
-2.197077375432344992e-01
-2.937277527985399650e-01
-4.069327680891057231e-01
-3.482231699969285388e-01
-1.618731856470226604e-01
-1.050321352132240899e-01
-3.759559477953264284e-01
-4.020364061059523708e-01
-3.679614372753882701e-01
-3.744898680723500739e-01
-2.692353461502534073e-01
-2.875849768871599488e-01
-2.175372292122549067e-01
-2.039702989389944598e-01
-2.717745751833045564e-01
-2.890522351777948251e-01
-5.130375185533912058e-02
-3.213331661560770436e-01
-2.124801530444019870e-01
-2.812796937408423292e-01
-1.716568307341315991e-01
-3.059483250703624591e-01
-3.198016187307717861e-01
-1.353806185629731484e-01
-2.975491649862613275e-01
-3.831874036187706278e-01
-4.556226423443749951e-01
-3.279375626215730311e-01
-2.577801156144455264e-01
-2.154790360324758958e-01
-1.750334000902779019e-01
-2.660831406914346275e-01
-2.435146799907730308e-01
-2.024126673940952748e-01
-2.517393056028901510e-01
-2.167218612006207024e-01
-1.522699615201830448e-01
-1.153784025299036398e-01
-3.870816841210579506e-02
-1.675867081796537372e-01
-1.678275429512318395e-01
-3.329674141347954003e-02
-1.702686877628385997e-01
-1.148406772922712649e-01
-2.076999856762321850e-01
-1.810115089678738243e-01
-1.991308406054506097e-01
-3.224835811946464292e-01
-3.016253654112727722e-01
-2.022289647718736663e-02
-1.810561799795325777e-01
-2.321377009395900470e-01
-1.503433371817663455e-01
-1.022548770603831092e-01
-4.313358042844538803e-02
-2.886837903326962551e-01
-1.459953272352494391e-01
-1.126201529700205928e-01
-1.960701066003845694e-01
-2.904529296975857378e-01
-9.165905420274127191e-02
-3.328462377619678669e-01
-2.164143491922428386e-01
-2.331330307502612609e-01
-4.585428552774142158e-02
-1.489200220500662419e-01
-1.793315775339952567e-01
-1.169652738047401441e-01
-2.247711740862330665e-01
-1.086533006725765305e-01
-1.268294001872011800e-01
-1.174075162223464641e-01
-1.596564378013725916e-01
-1.539762426230259496e-01
1.233366733056775327e-02
-5.036403982041394445e-02
-1.852522855160231297e-01
-2.149276221499644025e-03
-1.530147593110651183e-01
-1.403433337772456435e-01
-1.910233539211000919e-01
-1.453618952601155589e-01
-1.168848981158350370e-01
-1.317918596834878053e-01
-1.387402995073181433e-01
-3.746026610853764316e-02
-9.177101668705735238e-02
-1.929354054173756106e-01
-3.144396086846124594e-01
3.600055118268597181e-03
-1.891549928677123404e-01
-1.058940945112163412e-01
-1.407629428751972500e-01
-7.081064342035381376e-02
-3.217962767748801158e-03
-2.361185280222287131e-01
-9.117273502836648058e-02
-9.423907885449427091e-02
-6.596505049144988329e-03
-2.600961240498187999e-01
-1.167163940868037320e-01
-7.889811156006351633e-02
-1.404894885543760963e-01
-1.227209917434408520e-01
2.628298392561430677e-02
-1.611566229338454517e-02
-1.098557445288721041e-01
-1.714900220944441389e-01
-8.810163857371630658e-02
-1.226002369209601012e-01
-7.950499014946194043e-02
-1.227130566575445059e-01
3.083502060165559111e-02
-7.030933580332095201e-02
-9.269776043420417666e-02
-4.396077888554236757e-02
-5.021361608373963586e-02
-9.278347108327351933e-02
-5.518797075904072202e-02
-1.940955586871359606e-01
5.889495581886787512e-02
4.692165754884574519e-02
-1.088884688856617960e-02
3.774965147856863129e-02
4.439797213070638404e-02
-1.844350720523280432e-02
-8.621558208718317629e-02
-1.873810127023573247e-01
6.336015289931523631e-02
-5.585108749821936919e-02
1.719750214054170797e-03
-4.327641538219983985e-02
7.545187726316060495e-02
-4.128255951801788892e-02
-5.908762072268953537e-03
-1.790676399477647562e-02
-7.799787616498315979e-02
-2.919918208673813464e-02
-1.585087794857738541e-01
-1.158149500878508653e-01
9.986273526998611094e-02
-2.749989851134474958e-02
2.024756851846211125e-01
-3.831185789892212895e-02
6.042820836455574385e-02
6.323833713628475295e-02
3.644556389713794059e-02
1.431228879229002049e-01
8.918764423946122510e-02
-1.615133212820587388e-02
4.228207016398824458e-02
1.390414149337916017e-01
-7.441855864488831906e-02
2.763871021506759604e-02
-8.006043249211684809e-02
5.184527681033299779e-02
4.369138783843815738e-02
3.471657078901219107e-02
-2.011344803118659055e-02
1.108819352774256251e-01
-8.544490821579560358e-02
1.066443426209762006e-02
-6.148311850386471364e-03
1.002701824140921627e-01
1.051419377095428875e-01
1.533482241026233872e-01
1.793747195710345896e-02
-6.721589699328942014e-02
9.557090004156729157e-02
-5.022253347795314210e-02
2.176526936906942877e-01
6.808375298567095890e-02
2.069121037338237656e-01
7.642819116197874241e-02
-6.280552213514900561e-02
-1.982977741562641852e-02
9.586820591963024496e-02
1.458409901407515807e-01
1.231521115963006424e-01
1.161983117082426159e-02
1.158311822909305483e-01
9.911509232482305920e-02
1.385964627635969670e-01
6.572722944342473950e-02
1.631582929272756555e-01
6.967146175666405483e-02
1.124680036595445687e-01
-4.628489805320883110e-02
1.696090175731225502e-01
-9.103313736044701954e-02
6.159175315655177063e-02
2.124230586936659282e-01
1.184273352985676098e-01
1.131769989985213914e-01
1.429524174218169408e-01
8.085237615904095065e-02
-6.078111681311516509e-03
2.363583566126533364e-01
-6.979457982503685723e-03
4.503279757673765704e-02
2.846878914646460146e-01
1.029871744264345412e-01
9.429605166957433227e-02
1.165788642325156915e-01
1.741479616253805152e-01
6.883635796374384941e-02
1.444097360913744466e-01
1.460584575036749100e-01
2.175977721380069896e-01
6.705887498969265170e-02
1.157562336124154656e-01
1.717065669740933109e-01
1.180494158183991171e-01
1.294174734479270616e-01
1.374937898232973521e-01
2.172260295255581675e-01
-1.264047328348396129e-02
5.797524897983690612e-02
7.411580134643017126e-02
6.211103799339363213e-02
2.613466539737933081e-01
2.740787464776882620e-01
4.516590661430473080e-02
2.157243732160543104e-01
1.418107667525031201e-01
3.057465206768519850e-02
-4.580032682842239723e-03
2.294551479460027188e-01
2.219749711310168294e-01
2.778761747587998321e-01
4.271694095289384902e-02
4.497802050493796000e-02
1.862045945902578992e-01
1.419573474285971137e-01
1.781001339821890461e-01
2.526414087425253308e-01
1.079586884823893062e-01
1.509959808861054686e-01
1.487820762018050302e-01
2.427877602279928104e-01
2.347580765694665395e-01
2.069469137343310783e-01
2.098940067771908335e-01
2.444477241797401168e-01
1.396816036094445934e-01
1.435524307803157373e-01
1.827028123292522566e-01
1.597903547617957332e-01
2.606189891894161725e-01
2.001341245657062562e-01
2.567403000972752758e-01
2.957899685796675504e-01
2.979111017420669749e-01
3.267912442650214855e-01
1.979156374650337669e-01
5.876357686208206338e-02
1.470896098128540996e-01
2.035083570966779720e-01
2.406869885791423913e-01
9.521130670969230048e-02
4.390636665932747262e-01
2.560812828736735991e-01
1.902394736588115809e-01
2.337231480980775378e-01
2.029262094116408843e-01
3.205443340974750144e-01
3.094431975750367436e-01
2.007817797063068677e-01
3.193292634781489392e-01
3.301371855378431031e-01
3.302444433705962190e-01
2.119897995585121597e-01
1.358678002758358372e-01
1.720949200301954973e-01
3.801771035452561343e-01
2.854875649998985243e-01
2.877259323210489828e-01
3.946557330041007283e-01
3.721619985017016741e-01
2.426897404539450354e-01
3.104492632497771187e-01
3.583560584899634915e-01
2.329588497602793074e-01
2.623701022118027359e-01
2.060978347122318366e-01
3.117277460659763078e-01
3.403083145759690509e-01
2.644802201174589196e-01
2.967616745398681255e-01
2.700879257870176797e-01
3.313403748847068009e-01
2.287233320474413301e-01
2.142995438758975857e-01
2.509700443546831750e-01
2.313698412472468269e-01
2.303844428454210058e-01
2.651872614201930545e-01
3.428650092317597764e-01
3.538046805180337651e-01
1.753458932275174520e-01
4.032421732418685068e-01
4.031648592358613725e-01
1.571966495884425663e-01
3.797601557806402628e-01
4.762857904217362437e-01
3.474211376375544447e-01
4.511945708633122720e-01
4.094120271877034201e-01
3.615205378574667949e-01
2.059841466612585825e-01
3.661619055491629471e-01
3.264309753548603199e-01
3.785796475749703682e-01
3.124640683848337042e-01
2.159232325691995968e-01
2.247314026747082027e-01
4.430203869644493420e-01
3.223717259006473879e-01
3.962491816480187556e-01
3.212716154454381412e-01
3.192070552108883796e-01
2.625644784660954301e-01
4.390310392455908928e-01
4.465941888482158895e-01
3.555093130266152590e-01
3.869030625765049747e-01
1.650182737671105626e-01
3.740850164618304552e-01
4.621329007911617048e-01
3.117231087857127991e-01
3.856873668166456159e-01
3.676749830660829832e-01
4.810795713833789233e-01
4.068671567285707669e-01
3.896384789012092842e-01
3.969887720506415363e-01
4.314051111082639056e-01
2.907631704958885677e-01
2.642699356270297173e-01
3.303926182385252264e-01
5.152848903298851146e-01
4.783861234758622905e-01
3.031884874838138844e-01
4.161877032922614017e-01
4.632043252316706550e-01
4.399140951183030945e-01
5.301018395985707121e-01
4.482661294390659079e-01
4.161413880325283698e-01
4.542677681979066517e-01
3.938935906122708608e-01
3.308776972272061689e-01
5.936675083370729356e-01
3.683090680620895729e-01
3.729832829619307843e-01
3.092561785582910727e-01
4.637656132448684243e-01
3.426788979035274019e-01
4.957578914408613535e-01
5.099016918703160872e-01
5.165252837926831431e-01
4.974181590726414748e-01
5.592663267429499596e-01
4.013806676933054929e-01
3.824889350292620116e-01
5.054817358836679597e-01
5.637849723949756031e-01
3.699595205598069092e-01
3.064564566629944808e-01
4.452595229797131626e-01
4.453884461466613987e-01
5.011507937727650575e-01
3.580118005966382300e-01
4.335230200514798571e-01
5.861432948341539495e-01
3.679700676112124258e-01
4.571939538973174288e-01
4.429872234792227026e-01
5.656275550778750993e-01
4.868846817526847337e-01
3.767495893690704922e-01
4.252748486008725015e-01
4.897378331107144489e-01
4.922326639206421883e-01
4.589795792549197784e-01
4.652901030537187066e-01
4.975779860977767033e-01
4.877158395832767446e-01
2.863027600893467417e-01
3.294268315590266338e-01
5.561226564049891463e-01
5.336920452522893044e-01
5.273383705958160084e-01
4.131226423883183618e-01
5.181849321297998801e-01
5.143198317224472182e-01
4.363244928537035050e-01
5.845629507651489698e-01
5.808887569066341072e-01
5.319573277027073166e-01
4.828213440167234971e-01
5.473281175257395104e-01
6.161317218354823710e-01
4.829226358598995850e-01
4.677056931858036282e-01
6.676419046582250383e-01
4.379975181055287270e-01
5.220690614957778086e-01
7.061163304404972640e-01
4.419781724203762363e-01
6.266918391637487096e-01
4.801714038696487385e-01
5.390201529806362135e-01
5.307202605405890727e-01
6.510240871438621735e-01
4.635429334051381911e-01
5.303081169756893587e-01
6.676246992830449090e-01
5.268695938358720632e-01
5.661299112546798185e-01
4.654313854393559713e-01
4.771472634380604649e-01
6.588394815280316230e-01
6.049324411516586730e-01
6.089735924204696671e-01
5.851221423392932719e-01
6.486454225509593607e-01
5.627720953765682488e-01
4.457125088344247033e-01
4.480209542892593655e-01
4.523209150855254657e-01
6.287106961562753948e-01
5.711327568200590399e-01
6.747211484913904211e-01
5.157852317021376365e-01
4.935292389230592214e-01
4.417667370110998637e-01
5.363833771929467087e-01
4.247518635067035753e-01
5.544361182859519621e-01
5.922112880412021552e-01
6.293919602875505115e-01
6.588348151006450104e-01
6.098507310033270956e-01
6.695399241973619686e-01
7.245634508017868569e-01
5.564982332494924355e-01
4.106613415650647858e-01
5.898200579900308993e-01
6.054645517656179754e-01
4.729755246768272414e-01
6.205881824144472425e-01
7.631885213117922673e-01
4.797138017887668249e-01
6.357795354566350143e-01
5.472427604185691186e-01
6.917997751293430975e-01
5.117690057280149807e-01
5.847492265962995761e-01
7.852549277699151231e-01
5.630939302678157343e-01
5.846416461116725749e-01
6.770211179269449708e-01
6.259884732208335079e-01
7.185643879030646497e-01
7.940293698690182866e-01
6.774959921696060983e-01
6.272809912994400383e-01
6.632078825879050843e-01
5.321537491575069057e-01
8.502203373787516894e-01
6.894278358716713351e-01
5.852330401856769004e-01
5.678373021301372781e-01
6.418001992412962764e-01
5.600437304103610403e-01
8.007062954986349235e-01
5.912382561618703125e-01
6.648548228753925482e-01
5.504875144618438521e-01
6.175042147067818510e-01
7.357203088806172353e-01
6.045069234564419691e-01
6.581551247658132819e-01
7.210945459336107755e-01
6.878224055531964032e-01
7.474320255991652173e-01
4.921635976142129110e-01
6.503640211130494730e-01
4.727311639457052461e-01
6.010537208633779382e-01
6.613948184234209604e-01
6.348504376674756200e-01
7.205301057305322221e-01
7.610231674022714943e-01
7.662086694806027332e-01
8.019100777383133538e-01
8.231617568804738827e-01
6.267651237663591779e-01
6.811184037176809536e-01
7.463323688839992309e-01
6.189256791944519609e-01
6.209790916242267089e-01
8.112008852937578895e-01
7.205511307954807210e-01
8.245202015941314189e-01
6.407970548255701448e-01
8.441164808145277254e-01
7.310063561042425828e-01
8.565567443702541972e-01
6.284695163066231771e-01
7.504629237350737281e-01
6.867678322856126671e-01
9.229910623730682717e-01
7.632139520012177769e-01
8.561473661463112617e-01
6.704475554345049604e-01
8.986650251237673359e-01
7.617316660275296192e-01
7.404491961097914299e-01
7.163584071948139176e-01
7.095847994803634595e-01
6.214819422099280288e-01
6.431914956774347214e-01
7.574830908967866705e-01
9.332326848325896984e-01
6.664625689312435597e-01
7.959933425159425591e-01
8.386824564260492165e-01
7.224095748244487858e-01
8.652096140972800331e-01
7.819498407701269693e-01
8.454137334119964375e-01
6.909239874766536227e-01
7.338390424018965685e-01
7.531019421019520266e-01
7.582209107927898595e-01
8.407064594760377263e-01
7.239264148710586877e-01
8.066723251278978823e-01
8.537790751204697992e-01
7.192788685449961195e-01
8.534777018560470996e-01
7.979143775763662960e-01
8.060115807462697735e-01
7.482153880124452483e-01
7.137436739443721034e-01
7.055755084563901658e-01
8.568301238842026546e-01
7.375816157871076806e-01
7.793757377864531932e-01
9.244215801861555004e-01
7.906202244787112754e-01
8.161048647905387865e-01
7.157920677288802658e-01
8.854980506069102253e-01
7.150628219971526534e-01
7.720359674156669350e-01
6.764207974193120476e-01
7.990601255283559246e-01
6.599406666640973418e-01
8.152732130900268714e-01
7.405567240442382237e-01
7.467923616103321338e-01
8.263330620552703509e-01
7.693990871698238587e-01
8.210399646156559816e-01
8.704280171154029633e-01
7.429306939765573103e-01
8.462708794366807785e-01
8.373975125110179052e-01
7.342212709373789892e-01
8.839346715625746587e-01
7.230150848143884756e-01
8.757878828289930029e-01
8.843263272056015589e-01
8.023015407176365965e-01
9.306789817808474030e-01
7.958112558373598988e-01
9.448539403922512347e-01
1.019810481613895092e+00
8.919672738012910385e-01
7.990821161844272602e-01
9.242473821599708206e-01
9.105484473503405729e-01
9.142238802736767367e-01
8.812228035877304189e-01
8.890642030437221344e-01
8.760031893474555797e-01
9.924125746760140698e-01
9.219549054018482126e-01
8.198004396366456170e-01
7.847976812212359432e-01
1.073244153939968637e+00
9.804196743807203074e-01
1.078341727416088247e+00
9.636293664195948461e-01
9.800155965111968515e-01
8.780880512292886797e-01
9.971685988901627384e-01
9.751437404545867382e-01
8.586097674097268317e-01
9.933519050749229917e-01
9.197895439612326918e-01
1.029403414137729733e+00
9.037570013026658966e-01
9.851154078039416895e-01
8.167175713698282546e-01
8.645396692691277307e-01
9.320959607698463545e-01
9.684503971634258468e-01
8.852189816235949138e-01
9.625069419667600101e-01
9.588211059851236007e-01
1.010608482727028079e+00
1.092968218665455016e+00
9.282578140345367768e-01
7.725062688914481335e-01
8.040857637597744745e-01
9.987286150114411676e-01
9.137612099442588010e-01
1.100186632144749987e+00
1.032595808721069375e+00
8.633096825261193930e-01
9.456600915182263867e-01
8.923875733166494184e-01
9.816340860198690121e-01
1.076069249592578547e+00
9.833526473055056449e-01
9.032516117003137612e-01
1.047551653834053464e+00
8.397739622242997859e-01
9.339747730866952979e-01
9.645395120921876897e-01
1.036840715628036369e+00
9.425450319733741367e-01
9.456544202623488049e-01
9.444192744029786812e-01
1.097780414139518657e+00
1.040168747598211096e+00
1.073861275848236430e+00
9.738623846195415545e-01
1.068468233691242553e+00
