-8.794665396611307528e-01
-1.112880389815447124e+00
-9.481505778912027171e-01
-1.027891249660337403e+00
-9.583779080026153530e-01
-9.787941326722955360e-01
-9.607644491138713772e-01
-9.666276530707963444e-01
-9.542424866220490243e-01
-1.012247701870359506e+00
-9.678300447826256869e-01
-9.632437297630586093e-01
-9.773559507859655993e-01
-7.330590136912485955e-01
-9.006914058946920987e-01
-7.420953406476963332e-01
-1.014712398466030008e+00
-9.733192488509437856e-01
-1.012744262314242194e+00
-1.114188075606084460e+00
-8.797054478079164852e-01
-1.016803236751845141e+00
-1.020722998534653758e+00
-8.248679250558749176e-01
-9.624088019563110663e-01
-9.035459813826287601e-01
-8.701242251409584405e-01
-9.163735600004021542e-01
-9.741064607677165643e-01
-1.069857326676165732e+00
-1.022420690767302576e+00
-9.405333281250382038e-01
-9.504374540799893634e-01
-9.984338119399440714e-01
-8.967503864456615181e-01
-8.671353194372776185e-01
-9.194547106585597707e-01
-9.871979874494544172e-01
-8.642986074217662296e-01
-9.559691509033791945e-01
-9.852704323774819084e-01
-8.678477492548324346e-01
-8.724953357078569782e-01
-9.332348480633037013e-01
-7.177858264634797703e-01
-8.569757290153009466e-01
-8.935485637097007050e-01
-8.933999325795095592e-01
-8.543515936151876433e-01
-7.633993285015696628e-01
-8.995404120595648090e-01
-9.210858266038293163e-01
-9.838566528141682310e-01
-8.903547653984630328e-01
-1.032896196703326774e+00
-9.644671817029943917e-01
-1.103079354660994937e+00
-9.180828500971156547e-01
-9.876971988667410107e-01
-8.397479044605822285e-01
-8.400811998030204286e-01
-9.678145683490582130e-01
-1.017283379894443174e+00
-8.411129715391814088e-01
-9.717722120094010041e-01
-8.051282676580676645e-01
-8.365801380703737911e-01
-8.806496578011598908e-01
-8.199223824728057997e-01
-9.546871518859326722e-01
-8.644483097558232076e-01
-6.924226975564410358e-01
-8.317355404884942960e-01
-8.325075855924105594e-01
-9.090830173832721295e-01
-8.280496631156987197e-01
-9.434459197599055491e-01
-8.664068730504621563e-01
-8.209480021056885235e-01
-8.128665540030961534e-01
-7.606322156004163837e-01
-8.225262637586846504e-01
-8.317051601773509661e-01
-8.255432597947783835e-01
-1.011990186909373479e+00
-9.522729962255690461e-01
-7.744833449574131112e-01
-7.770620122990316014e-01
-7.821037217562702981e-01
-9.230249437259782086e-01
-7.224433234461798969e-01
-8.672324591917685011e-01
-8.684760938047245693e-01
-7.515023973516997691e-01
-8.123260140139998420e-01
-7.948237324109667101e-01
-7.620804154305010902e-01
-7.195411787821930361e-01
-9.195586323474043144e-01
-8.378825813884104301e-01
-8.613489899475228473e-01
-7.617128657141349901e-01
-9.320154436160805744e-01
-6.833028692155016515e-01
-7.862029790316780176e-01
-7.183710617227814232e-01
-5.968950645259103460e-01
-7.828492484016498221e-01
-8.642527561372865819e-01
-6.579206730762880984e-01
-7.862763606625942092e-01
-8.323971082147050282e-01
-8.484109471412250025e-01
-8.814481946448828875e-01
-6.393482389083419148e-01
-7.385655984778547456e-01
-9.268507634173105414e-01
-6.939997752856265079e-01
-7.313833816378255692e-01
-9.111508634775015159e-01
-6.882198609001988210e-01
-9.913904966690220144e-01
-7.639849992343631380e-01
-7.774047324657300528e-01
-7.138744715426458276e-01
-8.576779420865242587e-01
-7.674977056471516956e-01
-7.907317061776681921e-01
-6.620884013112965372e-01
-7.464519327706864438e-01
-6.206015304102618924e-01
-7.169597507416545223e-01
-8.339228186096515616e-01
-8.281983907666090605e-01
-9.670726139407220812e-01
-7.509852836045092239e-01
-9.325726930120089575e-01
-6.968131130645520699e-01
-7.201090187156764522e-01
-4.730302088785116044e-01
-7.231115827912092398e-01
-7.213158023304543365e-01
-6.651329995126682437e-01
-8.417966542106183336e-01
-6.901052266492595511e-01
-6.617298016071695432e-01
-6.386109696963913063e-01
-7.474259683172961299e-01
-5.099048989999102055e-01
-8.425275701704373343e-01
-7.732336921324172163e-01
-5.542713509461190124e-01
-5.553895018126756566e-01
-7.518593055519759982e-01
-8.195385990865168280e-01
-7.119647288440323907e-01
-6.404425651336422831e-01
-6.203312789247800163e-01
-7.135280750718494547e-01
-6.194105902634690075e-01
-4.928463944685312348e-01
-6.827719037206269048e-01
-6.386486058443037184e-01
-7.031723859481734396e-01
-6.640547240142287144e-01
-7.120498920949214217e-01
-6.883095338123801366e-01
-6.246758276770979501e-01
-5.589718286073429576e-01
-7.057673407591090742e-01
-6.353127185549366507e-01
-6.125970331019062742e-01
-7.594817822924078143e-01
-6.693892313116663884e-01
-6.978658520925238307e-01
-5.822724994480206195e-01
-5.812886756965163215e-01
-5.827113220818747052e-01
-7.056930148190917462e-01
-7.502638099876327571e-01
-6.374802545852745750e-01
-7.303779751181036506e-01
-6.503803855657095401e-01
-5.410859685374189709e-01
-5.870331020518329002e-01
-5.259339445293670368e-01
-5.508858576503361526e-01
-6.509546302148577768e-01
-5.783515280591554619e-01
-4.719030596480402462e-01
-7.294582566183555050e-01
-6.615947054785819015e-01
-6.180666133348606817e-01
-6.165019364305012184e-01
-6.041992872125632186e-01
-5.397910474870498687e-01
-6.591187612370054127e-01
-3.880790185011390170e-01
-5.783828611251522478e-01
-6.056707542698407387e-01
-6.476599324726001194e-01
-6.801685464264428660e-01
-7.251423999607908844e-01
-5.575235050051338126e-01
-4.208165564667083469e-01
-6.468035888061310912e-01
-4.567171080506402525e-01
-6.428033441948350912e-01
-8.009489635222503123e-01
-5.027960745078835503e-01
-6.764690159890228704e-01
-5.753805988476783373e-01
-5.869174272386745717e-01
-5.008727828556742701e-01
-5.767369160315202192e-01
-5.329567714308152127e-01
-5.082844210050793121e-01
-4.860579771575986308e-01
-5.331708993420383180e-01
-5.076159706819163286e-01
-5.630698153113806725e-01
-5.412964981764447625e-01
-5.909198676014275620e-01
-5.705020745557310979e-01
-4.867899140783765732e-01
-4.031453076694597737e-01
-6.770683837797619731e-01
-3.141606148287824918e-01
-6.782811390181398004e-01
-4.635753742690030821e-01
-5.829694396366754683e-01
-5.212904821762756047e-01
-6.846851664484415734e-01
-4.771151194562908149e-01
-4.883747165054253547e-01
-4.646396742102827937e-01
-4.820969398174464460e-01
-6.556671408220092756e-01
-5.574650927469388950e-01
-6.314330515041560732e-01
-5.221107491651941768e-01
-5.491281557504110733e-01
-5.892660376550683532e-01
-4.436478542752556598e-01
-4.160024689221966110e-01
-5.105887944951381652e-01
-6.453391572551100408e-01
-4.922919306168133113e-01
-5.151149703693675974e-01
-5.312993734080657671e-01
-4.375391725263316767e-01
-3.894330760024232174e-01
-4.438524792755770276e-01
-4.904979008630292459e-01
-4.472302045826515582e-01
-4.011290988825859105e-01
-5.256588012186665937e-01
-4.276899292527348573e-01
-4.690312377978692049e-01
-5.791570231702893867e-01
-4.564172082443736511e-01
-5.704990554788585966e-01
-4.774908455203019653e-01
-5.776995074352433424e-01
-4.206133938467819799e-01
-4.358324663380511721e-01
-5.368912704830933746e-01
-3.415987414547723700e-01
-3.059008436641723616e-01
-3.600055871485928760e-01
-5.112489335774255128e-01
-5.004052610198794770e-01
-2.919235766483350147e-01
-3.917582741153289860e-01
-3.899251963824837408e-01
-4.524369831140358511e-01
-3.858123176477357141e-01
-4.563722554494685779e-01
-4.126226638631005361e-01
-5.542542538030338362e-01
-3.338649531400072479e-01
-3.441351565939085866e-01
-4.543265978474111400e-01
-3.249275496212741254e-01
-2.987844794082369360e-01
-4.463420383699540639e-01
-3.783120984900384953e-01
-3.045509491264846713e-01
-6.166616152839787812e-01
-4.491067782895043492e-01
-3.213899477264786086e-01
-2.833019336574417735e-01
-3.104893023332542246e-01
-4.335712686707270391e-01
-3.819616443421922636e-01
-4.064135410976926766e-01
-1.927813190702389046e-01
-4.282892549103108903e-01
-4.350726960678067412e-01
-3.820907312091143537e-01
-3.779612678825874927e-01
-3.194959326833530233e-01
-4.240278852187817082e-01
-4.552110072478818270e-01
-3.792340118877546851e-01
-3.547616310571581333e-01
-4.362306814862208504e-01
-2.625813595998155447e-01
-4.757499213626311119e-01
-4.699295716407606571e-01
-4.191604950102926774e-01
-3.370663298399820262e-01
-2.790763779606291739e-01
-5.437593859807043906e-01
-3.608689406364462560e-01
-3.283042524205022072e-01
-2.912308589330794284e-01
-3.666604415054865451e-01
-3.826059989108454018e-01
-3.681070864496623907e-01
-2.778974650740728136e-01
-3.434687060275094517e-01
-3.562624243749103470e-01
-2.148086548543816643e-01
-4.706702740363181703e-01
-4.791833040658778353e-01
-4.046766229309934904e-01
-3.671859371741322264e-01
-3.210873454369379543e-01
-4.218245609544429842e-01
-4.303743456747649576e-01
-2.293681727408030668e-01
-2.812904174832652204e-01
-4.255373808673889591e-01
-2.628762691284829978e-01
-5.046750872125959075e-01
-3.727005661581471729e-01
-4.522373155050723459e-01
-2.383273115964865407e-01
-2.260749214839297971e-01
-4.826794392753029350e-01
-3.601881700768469474e-01
-3.496534652494562856e-01
-5.140590801432373125e-01
-2.523158318775505782e-01
-3.373196925175943051e-01
-2.683254760165622033e-01
-3.162173044760980822e-01
-3.778942158652849326e-01
-3.004663196006806536e-01
-2.680802139276743934e-01
-4.095607584890339492e-01
-2.269625307908718637e-01
-1.454266841980668412e-01
-2.678515601766314758e-01
-2.708127663371309723e-01
-2.101308629333526190e-01
-3.656969193305099064e-01
-1.939283149824875818e-01
-2.840295148188164420e-01
-1.938229464056798745e-01
-2.284468145451870602e-01
-3.783563971396311509e-01
-2.248194911250685768e-01
-3.282523912586032822e-01
-3.926968994504834165e-01
-2.082315080820504594e-01
-2.653328026382882898e-01
-2.539239900692957241e-01
-2.903992742241914282e-01
-3.406502966022359469e-01
-3.044578744737459486e-01
-2.913095736408372050e-01
-2.747212943865059431e-01
-2.685287022735828866e-01
-1.639592824885464373e-01
-1.296877872634129292e-01
-2.794059757885860584e-01
-2.979728806503386673e-01
-3.265038450311427698e-01
-2.442303482724516306e-01
-2.126826260280955394e-01
-9.420116547177868199e-03
-2.883676606386300634e-01
-2.128171799748518611e-01
-3.080011024048524559e-01
-3.241221578409477777e-01
-1.900628117554461483e-01
-6.228040281808529949e-02
-1.975735855900603022e-01
-1.519192947989894404e-01
-1.698118415976025142e-01
-1.750306533716363133e-01
-1.516086925789055240e-01
-1.562687936174483594e-01
-1.732117881178643071e-01
-1.299904565705803650e-01
-2.568812359747094098e-01
-1.276591744064516087e-01
-2.286582450109826414e-01
-2.344279277316914101e-01
-2.887108494512193313e-01
-2.295833608900623435e-01
-2.506185111834440260e-01
-8.793420625082667627e-03
-3.351159074313446173e-01
-2.790744610349713550e-01
-5.382923136547574511e-02
-6.709050512826324197e-02
-1.876042264447113916e-01
-2.164382879569451690e-01
-1.923900456099875700e-01
-2.007797733706020438e-01
-1.636610809855034987e-01
-5.589154261469339580e-02
-3.286313714158800026e-01
-6.612431480114587534e-02
-1.813414957539440653e-01
-1.722615156858604279e-01
-2.641294242871536913e-01
-1.342074989712660482e-01
-2.359526090673016996e-01
-9.197506221717338670e-02
-1.245786319160170491e-01
-2.816641837631643150e-02
-1.823664483387228419e-01
-1.778882933660086429e-01
-2.627886106833222657e-01
-1.341777066572441557e-01
-2.087788758312360826e-01
-1.978124265183250352e-01
-1.976753066383905300e-01
-1.399678823555527418e-01
-1.712003522714083403e-01
-1.098172988927122173e-01
-7.417636473126448804e-02
-1.307755463102645566e-01
-4.659094872642775137e-02
-9.532108679328393785e-02
-1.371429362820159870e-01
-9.767948783638948085e-02
-1.689307444422675220e-01
-2.853355762876447210e-01
-1.736304010138615406e-01
-1.402236834927424736e-01
-1.358126750789064030e-01
3.462218136685764336e-02
-1.706661527694929292e-01
-1.074542393801048712e-01
-2.229487478347748908e-01
1.512826678001638614e-02
-3.477733623642557254e-02
-8.733810602456343331e-02
-3.935572005925597888e-02
-1.926549796772026868e-01
-2.954724451246653616e-01
-1.246565802626735664e-01
-2.001160740535075089e-01
-9.192821245036990330e-02
-1.100363691956747492e-01
-2.075352044529842066e-01
-1.875701008914504586e-01
1.370343302403523832e-02
1.860632449039640451e-02
-8.672662911981693368e-02
-2.740965989371300926e-02
-5.881909783726997631e-03
-1.725483295586993648e-01
5.731947276022075072e-02
-1.042320464381987950e-02
-1.104322875300741899e-02
-1.682005777745146091e-01
-3.645844789233364247e-02
-5.696364679266211622e-02
-7.213834746957699384e-02
-8.241041991629383112e-02
-2.169467561476061679e-01
-2.482139567397959393e-02
-2.531198255996675028e-02
-7.884111246616603728e-04
-6.669563822747635873e-02
-7.502208092303259968e-02
3.493047032658230799e-02
-5.151670511494888666e-02
-1.533442282286494041e-01
8.570040071593596626e-03
6.196269392351843458e-02
-1.515757472498247271e-01
-7.353692285056022404e-02
9.623907377599986990e-03
5.505403596371056391e-02
-1.682380710265046243e-03
-3.898758957549559173e-02
-3.509736653274427715e-02
5.664866413134866246e-02
-7.944617560074541951e-02
1.596132158746434992e-01
1.275819289483045085e-02
-2.061016287904692684e-02
-1.086875389205108344e-01
-7.870399223847374115e-02
8.684832048358059886e-02
-4.829496236944213344e-02
1.048939398099350828e-01
5.016817146870654331e-02
5.062811356124011751e-03
1.864724575688280969e-02
3.088822110981098018e-02
-1.329343460868293372e-02
-1.084281322088166861e-02
1.454051257708124101e-01
1.048412111729848072e-02
-8.013520276665307696e-02
5.143936242846304692e-03
6.035633430104982156e-02
-7.517069948512083988e-02
-9.594440147014371683e-04
7.228370353067148368e-02
8.799822250733579931e-02
4.264938760545117918e-02
-2.634558476954163564e-01
-1.868186453998974816e-01
8.906877506274779588e-02
9.865692873219629455e-02
3.621526853409674090e-02
4.777566878245171483e-02
2.905181376379405503e-02
-5.567440834280547313e-02
8.341929470557638004e-02
4.937530719107195709e-02
5.405628526586037097e-02
1.512075837703728276e-01
2.030560257986985251e-01
9.638234722401167742e-02
-6.887964489274023966e-03
8.638898131705272099e-02
5.103038489971142497e-03
1.055438556970167835e-01
1.515871454633103410e-01
-6.233484014685092278e-02
4.138936798458461158e-02
1.878971044205303420e-01
1.769535668380949403e-02
-6.009277023276587970e-02
1.077044652386871387e-01
1.594505414392240750e-01
4.107473562836851805e-02
1.426295081630218065e-01
-1.060531845709084126e-01
1.129742397082444810e-01
1.618476288427746212e-02
1.198558929399930473e-01
1.408162867722232425e-01
1.592087309872233236e-01
-4.847415883741361398e-02
8.692930220339549485e-02
1.183292617546886083e-01
1.182087887782317381e-01
6.260701672176940957e-02
4.785760994701113852e-02
1.633428794235835813e-01
1.153865063453056450e-01
1.782469996230992837e-01
8.997647998195125452e-02
2.932651870172122699e-01
2.036899948093045254e-01
8.419440719043107257e-02
2.869986556351438942e-02
1.454957802339699180e-01
2.700146075039119853e-01
2.197920051557415155e-01
1.273771111754083973e-01
-2.093256651989974099e-02
4.256396666793427208e-02
2.213069990158006151e-01
5.415073600180073110e-02
8.191724540352582351e-02
1.510833902204095081e-01
1.671752957676080897e-01
2.408396207593070104e-01
5.691038241806763848e-02
3.000705931438804597e-01
1.336562464248237103e-01
2.150300599062079099e-01
-3.803049074337057356e-02
1.927644646985169352e-01
8.699226703448140197e-02
3.013590114662757502e-01
2.661459308738026719e-01
1.946417807071270656e-01
2.362409031426859762e-01
8.373943906355450773e-02
1.033229978501312429e-01
1.192247415284124062e-01
1.304641100578445845e-01
2.119828633026276665e-01
2.963016586343679704e-01
6.143336095946221737e-02
2.675392370498979600e-01
1.886426210365181044e-01
1.409664360427045626e-01
2.255420244015625131e-01
8.780588394954183529e-02
3.404711398398295730e-01
2.967948742484151081e-01
-2.427495561319829506e-02
1.135305252893870909e-01
1.939079752303392579e-01
8.503953801526817347e-02
2.280717541107141200e-01
9.385115659158127510e-02
2.176979518939318459e-01
2.625534649623956773e-01
2.627189569127197921e-01
2.813713243792168583e-01
2.530038296542251874e-01
3.449517682909025162e-01
3.000825552191286882e-01
1.737989289700010986e-01
1.629850487215385169e-01
2.638123659606218530e-01
3.144078979363904569e-01
3.123515564217347329e-01
1.695625559264117288e-01
2.051363832640102636e-01
2.547355896075502169e-01
2.678809206556049261e-01
2.787866451529786294e-01
2.954962456184896391e-01
1.088373011422706788e-01
3.035664845155029989e-01
2.259292783246082403e-01
3.133249730535186406e-01
3.981811000440625414e-01
2.862721142093552773e-01
1.356907861096052770e-01
2.639008316765470985e-01
2.164248155297365805e-01
2.559927115919624074e-01
4.183338975919146940e-01
4.241353345448984347e-01
3.241030303448012573e-01
3.872635785620914817e-01
3.075388054412429018e-01
2.090640946619206908e-01
4.573642392353720054e-01
1.487055279821480891e-01
2.867359019407440535e-01
3.823482830718792913e-01
3.393213142921606140e-01
3.916316669859438160e-01
2.489542945417065056e-01
2.440690175061672462e-01
3.058131023529117587e-01
2.844003022437139316e-01
2.966241175644339645e-01
2.871169538264426446e-01
3.852226109609444560e-01
3.882509273201238953e-01
4.347831898056735977e-01
4.869978153183124880e-01
3.330807430207126107e-01
4.312948003414373566e-01
2.565769505333259648e-01
2.716617660885753405e-01
2.547633260799372912e-01
3.110265832266673192e-01
2.971496525548518175e-01
4.159198310529392817e-01
4.631973414682321044e-01
3.153827051630614386e-01
4.448344648807333046e-01
2.584784187984536241e-01
3.815822889368756243e-01
3.534172552672406598e-01
3.577030901197431056e-01
3.853629377256850841e-01
4.953575930648133063e-01
3.184228950553482096e-01
2.726282108391172576e-01
5.011981277734253171e-01
3.598671972486758852e-01
3.700571694664294142e-01
2.583808513307558341e-01
5.100922892539082598e-01
4.375695053501958420e-01
4.335126732106753256e-01
5.397617112805929152e-01
1.696832414385266719e-01
2.918812848462489229e-01
3.480593620018141432e-01
1.537413344338976751e-01
3.094474741052771760e-01
3.685281926841141864e-01
4.239667505573384565e-01
3.152992744757812660e-01
4.751084862523183849e-01
5.213149100838948558e-01
4.753168222801417708e-01
3.678908616550933264e-01
2.884489475527211577e-01
3.465910666400849882e-01
3.157028091125413383e-01
3.050572638660583036e-01
3.451038883930135359e-01
4.492169708927689631e-01
4.839110738791296829e-01
4.713717313424583000e-01
4.628196606246495759e-01
3.182260913433325178e-01
3.763844782036793180e-01
4.792954727921466263e-01
3.944606296015785163e-01
5.953968788522010502e-01
4.853683404929280965e-01
4.843762194875007587e-01
4.145283387376460515e-01
3.952449307660049760e-01
4.506083911371050466e-01
4.730276229838234481e-01
4.318627186582724709e-01
5.024537810855738140e-01
4.245871856986336845e-01
3.878011899276861407e-01
4.527886126265213695e-01
3.666782397134034643e-01
3.679578798732584533e-01
4.039266501729394387e-01
3.899433129019346800e-01
5.260612722840265487e-01
3.673456697362296186e-01
3.460510349300225386e-01
4.911213596243118040e-01
3.598737852763114198e-01
3.652232691924435781e-01
4.113660486720370768e-01
6.312008355661249404e-01
3.917089000651468034e-01
2.778713298757544137e-01
6.638397953652992456e-01
3.932332531270311127e-01
6.170690178317020935e-01
6.008003003753038529e-01
4.893244173601987157e-01
4.519640097618842778e-01
4.643559120145390184e-01
4.475028614841571328e-01
4.160254305912647332e-01
7.884994220580485713e-01
6.062098229678702932e-01
6.059863680508456030e-01
5.824702984023755192e-01
5.636238692712198795e-01
4.716454007921986324e-01
5.610178402408625420e-01
4.883010596394113390e-01
4.563609810495466435e-01
5.578516993679093483e-01
3.671163869317001782e-01
3.271410152446599939e-01
6.777251615110001515e-01
5.046309247362633643e-01
5.920702076620812937e-01
5.558244812350047193e-01
5.642820185645146536e-01
5.046754969153030013e-01
5.564686615125807867e-01
5.740172850175651043e-01
3.198662744258273793e-01
5.684236377419639163e-01
6.065335775522797679e-01
6.405770070950695949e-01
6.127098513010212910e-01
6.708944743477787132e-01
5.727810281819277760e-01
5.741308953422663564e-01
6.035373792113022384e-01
5.595341037617259650e-01
5.645074508264983359e-01
6.078368898162672673e-01
5.193742756951731376e-01
6.413103171546581383e-01
4.951261781819758512e-01
6.554746035930155701e-01
5.318844184595489244e-01
6.009324320636942884e-01
6.489700186281293082e-01
6.327954815922335330e-01
5.587490357188267254e-01
6.816569821871322210e-01
6.087547955170619085e-01
5.328804465076434349e-01
6.298831876433853560e-01
5.655155077918899709e-01
5.850256511583802332e-01
5.353848203445834564e-01
6.757831811046688397e-01
6.019873715770966971e-01
5.979215887021174236e-01
6.976546762487384479e-01
5.785585107567154939e-01
4.130078369483546341e-01
6.249293680873523327e-01
5.991211198977448582e-01
7.460806953086681625e-01
5.497671281299253421e-01
4.578208433668260469e-01
6.765681243377656973e-01
5.028073697808033149e-01
7.088588592353315398e-01
6.681511806910672702e-01
5.132689200262480211e-01
4.706270263849700597e-01
5.383201518950883058e-01
5.703094953251429677e-01
6.694560691266273622e-01
6.445935749969560202e-01
8.208220655126877707e-01
7.701408142211294550e-01
6.558204245274027455e-01
6.466564156293463927e-01
6.604198076924107097e-01
6.185543966511167779e-01
7.159788740711050536e-01
5.591886040308621242e-01
7.347618619057583178e-01
6.543519733837681596e-01
6.683075625786120133e-01
5.206222017837710547e-01
5.384721976814530464e-01
7.558430385468911661e-01
7.174588156664608585e-01
6.771257672643293812e-01
6.549419902039241848e-01
7.008272569740309210e-01
7.116174346656520822e-01
4.646498502512687034e-01
7.816857631835395503e-01
6.863724078490287539e-01
5.853834738581941144e-01
7.720010816503760642e-01
7.138933187593874408e-01
7.072785461399899720e-01
6.578560371201122026e-01
7.817988012831580402e-01
7.250800348057633293e-01
5.978772605735956924e-01
7.145692099224156824e-01
6.359832463020436144e-01
7.615374592210764071e-01
7.128495736722784137e-01
7.362408040435312051e-01
5.701238550646050562e-01
6.765746023013885502e-01
9.473545674821800544e-01
5.873988918574261087e-01
5.844962492862816328e-01
6.976599748765378584e-01
5.936258069342944532e-01
8.838860340444705255e-01
6.585627321206826146e-01
6.833902737139831984e-01
4.958363262950741257e-01
6.330432236590058936e-01
6.273717117210075855e-01
6.588889402348104829e-01
6.557464356282400875e-01
8.294866282933663904e-01
7.875070538250960039e-01
7.467465110119186900e-01
7.006081411432167894e-01
8.256331733580205556e-01
7.457721682458366974e-01
7.915046613521456997e-01
6.682228635680833584e-01
6.891160043454365169e-01
7.888458952374495237e-01
6.957462909592189160e-01
8.155935490678999367e-01
6.251641274160313344e-01
8.183519548665670884e-01
8.247432678693076280e-01
7.433759103072499208e-01
8.266992798435371936e-01
7.029220954347723538e-01
7.997303329842045949e-01
7.248990523455719481e-01
6.781356811144577668e-01
7.387276743620612152e-01
7.932749129637456376e-01
6.598606297634499462e-01
8.889510724279366949e-01
7.692886592417702563e-01
7.339130216074775115e-01
7.656120964442820753e-01
8.368749679614707615e-01
7.252403852020640196e-01
9.274123451909966898e-01
7.942590762736975174e-01
9.956856667749537371e-01
8.180274415937545118e-01
7.280424404546843586e-01
6.938412502468405130e-01
7.894417822217056901e-01
7.208588854509843102e-01
8.519909598882448032e-01
7.093305641424304531e-01
8.868366962908071915e-01
7.801180484946163007e-01
7.889761802496417786e-01
8.632780982909576961e-01
8.428751520080729476e-01
8.795088714994035994e-01
8.078123417279292617e-01
9.397015730585871474e-01
8.796918150591390706e-01
6.284213243952302408e-01
8.119845483538860043e-01
8.699207543658683539e-01
9.843343062686404910e-01
8.595010273973274773e-01
8.922252964342741732e-01
9.011712199635241172e-01
9.269622781024720037e-01
6.715073700734204287e-01
1.067204693536276228e+00
6.995932826874881050e-01
9.618526093871886395e-01
7.703297808187747897e-01
8.631973993590463801e-01
9.735194534572729763e-01
9.649737556510331604e-01
7.986687679097785875e-01
6.452475215675588238e-01
8.936384271830901671e-01
8.666649693444941072e-01
8.526394689961948048e-01
8.196706039001565580e-01
8.391261933181100030e-01
8.788865964305023759e-01
9.139021040281961605e-01
9.494373006968797046e-01
9.553495771486556487e-01
8.978634613082540072e-01
8.688381689835216193e-01
8.291043401605896479e-01
8.766616599130138132e-01
8.270641207091135039e-01
8.021996735619524310e-01
1.078822850703411662e+00
9.978609658576522712e-01
9.214807433813652082e-01
8.701387625830588890e-01
8.139955012115214217e-01
8.964470677344429372e-01
9.414472986839987900e-01
8.352824250747227230e-01
8.902324817188217443e-01
7.831573894568992777e-01
9.669514652599791038e-01
9.768166251701116964e-01
8.448158792660818150e-01
9.142049967477970940e-01
9.285057193666936826e-01
9.023719472176610079e-01
9.604065571551968494e-01
8.551002298180745420e-01
8.558287040577230442e-01
8.844738228162941640e-01
1.013790407781843594e+00
9.068567178333029055e-01
8.783401567953934563e-01
9.130704285918999075e-01
8.342290647112081681e-01
1.076580067939935548e+00
9.226244746710049460e-01
8.961611522802845897e-01
8.958600548844173339e-01
9.557283626801721388e-01
8.446759244170172209e-01
8.697578987047204224e-01
9.880191372908910807e-01
1.020612078024034641e+00
8.975916307073847911e-01
1.021933410057430214e+00
1.109331217330719488e+00
9.764801290120598276e-01
9.885184537369329227e-01
9.511869808017858752e-01
9.529228970122687326e-01
9.678471281892888634e-01
1.063171685240369868e+00
1.137178949324486377e+00
9.893925157534588788e-01
8.920109534117970362e-01
8.570739748610410880e-01
1.181048697840791695e+00
9.568330493955135019e-01
8.741970336760648275e-01
1.061343770569660894e+00
