-8.424903355893382795e-01
-9.907115443065926952e-01
-1.156998471099760284e+00
-9.518871684574709002e-01
-9.700875270500980418e-01
-1.115760819698086825e+00
-8.537661628188629725e-01
-9.720901765002163408e-01
-9.129265307861206269e-01
-8.290646190969397367e-01
-1.033219429592148186e+00
-8.673400713122699779e-01
-8.443665169616024757e-01
-1.004680764260525550e+00
-9.172528634052816709e-01
-8.540672649229792412e-01
-9.082119316381334073e-01
-9.036703261181155966e-01
-9.327903903771874727e-01
-9.982065300276341535e-01
-7.757714210379008657e-01
-9.195939452868491237e-01
-9.531131062530997511e-01
-9.997176952062328814e-01
-9.394944171210495298e-01
-9.561708483232415068e-01
-1.022890557913686216e+00
-8.094441335001143489e-01
-8.997899024920051891e-01
-1.001201706341796394e+00
-1.088375941337107022e+00
-9.552781991751173596e-01
-9.776413883507670821e-01
-8.520174665900271949e-01
-1.069086671097296160e+00
-9.412230912334615951e-01
-8.128060088814030859e-01
-8.970736044882182680e-01
-9.576732662651453731e-01
-6.553636422305983977e-01
-1.016055514083809008e+00
-8.917463620454920692e-01
-8.904546962874456684e-01
-9.391463617524569152e-01
-8.987199442216816658e-01
-9.251791178573528507e-01
-9.758991422574495589e-01
-9.450106918148114543e-01
-9.578552685652215182e-01
-9.686627957433960878e-01
-9.673458871910465273e-01
-9.459951288417264292e-01
-7.528173292469776401e-01
-8.973612410013647178e-01
-9.281785267533496642e-01
-9.791587821205843811e-01
-1.045167906822086712e+00
-7.664450751302912535e-01
-9.247489152573243887e-01
-9.138786968706406055e-01
-9.263287350444389112e-01
-8.774534393292846568e-01
-9.008519853548436762e-01
-7.633603753372502077e-01
-1.033969713650364941e+00
-9.429303484818687409e-01
-8.982451260461474796e-01
-9.007470864385422882e-01
-8.468776749011748262e-01
-6.046981320935468363e-01
-8.031868276395016659e-01
-7.320653873762550390e-01
-8.366721194655875049e-01
-8.314457479560652953e-01
-7.632114443729346442e-01
-8.304960333439286302e-01
-9.969930460802408634e-01
-7.321658388800239559e-01
-8.554871207152290324e-01
-6.723607003044366204e-01
-8.498859322852571063e-01
-8.209484678492556808e-01
-7.556243872433161535e-01
-8.962958625681032299e-01
-9.156649306541128075e-01
-5.658978121218980473e-01
-8.964941330701767797e-01
-7.575563269728061710e-01
-8.503970361311777859e-01
-6.624243224135404340e-01
-8.434243579858323736e-01
-7.546611000755699683e-01
-7.455442126983932161e-01
-7.161713415648459646e-01
-7.631250534612946668e-01
-7.784340584476202585e-01
-8.528925236992014325e-01
-8.605178684577700077e-01
-8.184229832627336609e-01
-7.356163161230190317e-01
-8.772263020366141140e-01
-8.126048426335442665e-01
-8.547372210157593297e-01
-8.733998500525540498e-01
-6.532630000884435129e-01
-8.167403384412005307e-01
-7.931851421977873517e-01
-6.530471452416817257e-01
-5.900935315886849386e-01
-8.605994623563153478e-01
-9.061698042494592542e-01
-6.932134822674561603e-01
-7.967050435565637967e-01
-6.749713113890231098e-01
-6.639659850631134397e-01
-8.236178185473286284e-01
-7.294446908066941626e-01
-7.392457004926047404e-01
-6.311783335700968944e-01
-7.016962563671222952e-01
-7.526980594771532918e-01
-8.287609757834886182e-01
-8.017281683147812199e-01
-6.688908793904168038e-01
-8.379317829156454067e-01
-8.560230157766071102e-01
-6.955269821295947397e-01
-7.843580987319156428e-01
-8.905756309064039034e-01
-7.478575335741282082e-01
-8.039229832045026169e-01
-7.060231764648347008e-01
-6.478790939150859129e-01
-6.224647849034110614e-01
-6.096975300412945664e-01
-6.968982655003589377e-01
-8.535948580529271190e-01
-6.665201722623750324e-01
-6.963243351157403227e-01
-6.671541921932786501e-01
-6.981463273912296152e-01
-6.940225090241229911e-01
-7.169776706855655046e-01
-7.485240775636156085e-01
-6.767498088388601563e-01
-6.169359463710915037e-01
-6.665154132056290148e-01
-6.694031407441048964e-01
-6.614003854122160186e-01
-6.103680830162666604e-01
-6.423269340973540853e-01
-6.614253247679470205e-01
-7.823170219597399555e-01
-7.270016464425467229e-01
-7.518063515243038619e-01
-5.711307595689487648e-01
-6.365280172579727003e-01
-6.819452832047007140e-01
-6.821051928823931298e-01
-8.713891518748643206e-01
-6.115633266852641414e-01
-6.777469722299821475e-01
-6.643761158002600142e-01
-6.148396410674487056e-01
-6.526875653770231045e-01
-6.416799647852354793e-01
-6.186884433438146758e-01
-6.097513497949421657e-01
-7.098936021821592446e-01
-6.086043419210330763e-01
-7.953228769188939173e-01
-6.750052937653915341e-01
-8.216525788331466851e-01
-7.278606070060116284e-01
-6.915858190506802838e-01
-7.115056380032096506e-01
-6.556960172710700752e-01
-6.189959368226662928e-01
-7.043435622153590980e-01
-7.502978869853682564e-01
-6.137468061588570167e-01
-5.514721753865718945e-01
-7.210338269947377254e-01
-6.155281527424365517e-01
-7.132033192000060140e-01
-6.188892328456438996e-01
-6.781098314862656906e-01
-6.317235597312733653e-01
-7.099441878239265424e-01
-7.733339266848422433e-01
-6.397135029246037163e-01
-5.367643625592903867e-01
-7.071906750158694077e-01
-5.470417170981960453e-01
-7.069775703963133706e-01
-5.553413256425706601e-01
-7.982443207590967926e-01
-5.634159345272252706e-01
-6.917484429633886656e-01
-7.316102566006785768e-01
-5.470687871013151238e-01
-5.118389519766078921e-01
-6.504171859465448513e-01
-4.809503432956538926e-01
-5.694122098505429719e-01
-6.636673598769576854e-01
-5.541345267801442986e-01
-6.645082659571249772e-01
-5.118599709174588286e-01
-6.231683281169427824e-01
-6.378095394964007347e-01
-6.371427359073831287e-01
-6.842562510001205522e-01
-6.998908185935149850e-01
-6.092864169241477557e-01
-7.418994302794278406e-01
-6.532490312951811928e-01
-5.022857957246007476e-01
-4.610469743347261340e-01
-5.386285954040834767e-01
-6.689508910830118671e-01
-5.740829492079362328e-01
-3.078062528008354004e-01
-6.258869913982499922e-01
-4.869254933204630875e-01
-4.061252152676095850e-01
-6.113195288371043867e-01
-4.623507385845285200e-01
-4.258071909428223778e-01
-6.857160435245051033e-01
-5.015600826331827466e-01
-5.985085791754711781e-01
-4.282838129331454913e-01
-5.485053707348884755e-01
-5.609885915342796014e-01
-4.756002486924058026e-01
-5.133098375568755367e-01
-6.062843200507470609e-01
-4.661327392899352051e-01
-4.843538036199542818e-01
-4.734860248264875504e-01
-5.970187908715646197e-01
-4.448809575981977349e-01
-6.311688629839203868e-01
-7.764873821217562755e-01
-3.930446753018675410e-01
-4.231737006099435261e-01
-4.977538201464257739e-01
-4.208799480220301592e-01
-5.109316699597690192e-01
-5.795136175734875161e-01
-3.778350140898469878e-01
-5.692305517676957693e-01
-4.228488528454240059e-01
-5.960538947208665617e-01
-5.646423751656891588e-01
-4.349075613980594168e-01
-3.937045084488977609e-01
-4.471427743966655544e-01
-5.731842343001889439e-01
-4.101621655218227747e-01
-4.913010439339236535e-01
-4.043506127256307203e-01
-6.133501823075167003e-01
-5.666766139078014408e-01
-4.786952361165002778e-01
-5.580223185877120073e-01
-3.317333608950724377e-01
-6.107227464148421436e-01
-3.968401888975427450e-01
-5.019726580543094618e-01
-4.247616659116259519e-01
-5.433347575900279169e-01
-4.608899333332464043e-01
-3.735257153485981862e-01
-5.021622603865311119e-01
-5.890514063245324561e-01
-4.322148918957890440e-01
-5.068367677515265290e-01
-5.323912972749472727e-01
-3.703163442167854424e-01
-3.772447979441435617e-01
-4.657045472839680955e-01
-6.274086621247509932e-01
-4.425603537162599022e-01
-4.518373318846041209e-01
-5.216271322153216428e-01
-3.847121407960635842e-01
-4.573202475478542195e-01
-4.619962269336216343e-01
-4.222734791315691516e-01
-3.547030591314305759e-01
-5.697999124817195726e-01
-3.649383495203519234e-01
-2.534009365371782674e-01
-3.852620490938715725e-01
-4.033853015025060662e-01
-4.000781556007494411e-01
-4.796653858356129674e-01
-4.401166432145851570e-01
-4.077705070977491464e-01
-3.573910799882498712e-01
-3.764149948100369292e-01
-4.750666905152857167e-01
-4.813032475607073590e-01
-3.395697712002050950e-01
-3.926335291954906603e-01
-3.764422794413056494e-01
-4.820574352764384618e-01
-3.213421825847132540e-01
-4.290115670555276761e-01
-3.677029544577426479e-01
-5.470699349082507323e-01
-3.468616194669152386e-01
-2.173973815454516845e-01
-3.860382997564617003e-01
-3.343836975177997828e-01
-3.457953122677930313e-01
-4.226942242237809455e-01
-2.853858101022572757e-01
-3.447694094507506857e-01
-4.081087223839295897e-01
-2.122006193286407605e-01
-2.023124666327180410e-01
-4.861036688506562009e-01
-3.913020114948178030e-01
-4.476991359096594292e-01
-2.867651227132603786e-01
-4.509520500264390108e-01
-2.481141382600239031e-01
-3.555664743652565685e-01
-5.811329564743091813e-01
-3.266692908665451700e-01
-3.593071560179235679e-01
-1.905211455446398638e-01
-3.707722643209583890e-01
-3.311621561893498544e-01
-3.828088684238782902e-01
-2.206454784824653237e-01
-3.602042078112405732e-01
-2.815183507508287053e-01
-4.331851392090235175e-01
-2.343819277431281045e-01
-3.613083579785230648e-01
-4.410501598263930068e-01
-2.905465198880829436e-01
-2.089597713296262871e-01
-3.973437348338616504e-01
-3.057229764715956866e-01
-4.027997075209675537e-01
-2.517833846303077494e-01
-4.067862123317588230e-01
-3.543440081269407238e-01
-4.093470683615682559e-01
-3.324721913291732722e-01
-1.999075101872146432e-01
-1.954887742859972577e-01
-3.567686137207897179e-01
-3.619228967524861784e-01
-3.771855602391637752e-01
-2.430385908951408769e-01
-2.583894243943396507e-01
-3.660854896047194829e-01
-3.535202286322544074e-01
-1.773125302023853544e-01
-1.009302574344643766e-01
-3.431255916538968886e-01
-2.938796196088878654e-01
-2.970248341838572226e-01
-3.033890420992927939e-01
-2.082309902527773246e-02
-2.751019096942489695e-01
-2.399140260252153600e-01
-1.229573086081343497e-01
-2.313878103658972285e-01
-1.460712067710586426e-01
-2.959213105066353933e-01
-2.347070200515234406e-01
-1.461370217519100956e-01
-2.274868581465110118e-01
-2.242265786084343959e-01
-4.002711854417074222e-01
-1.710008285932297090e-01
-1.489336207167875070e-01
-2.139543648770199646e-01
-1.690074230659042998e-01
-2.370804600774168991e-01
-2.150759453751221462e-01
-1.845855322527402420e-01
-2.647760155677553739e-01
-1.502913886223124218e-01
-2.166494389792042174e-01
-7.371353848894994509e-02
-3.213174589956412364e-01
-2.814123235299025860e-01
-3.257986636785987211e-01
-1.148436169593470141e-01
-1.559358811758835561e-01
-2.757819659200241302e-01
-1.374967708820552248e-01
-3.080573398881169545e-01
-1.122875097813639117e-01
-2.849230555055624059e-01
-1.430921988373814180e-01
-1.947377338203911956e-01
-2.956010349309504126e-01
-2.922232468019252405e-01
-2.024694700320425200e-01
-3.300762289021922334e-03
1.040032727660931966e-01
-2.636379891033468481e-01
-2.285738932526612810e-01
-2.205895213613410233e-01
-1.432389601898353682e-01
-1.890105410375162165e-01
-2.115474661425935654e-01
-1.612174559217063319e-01
-1.277398685697256897e-01
-1.395739746686767146e-01
-1.568051785112918317e-01
-1.686407100867262643e-01
-3.774444073714893627e-02
-1.734287842601111851e-01
-3.810997497317329674e-02
-1.363998429327049344e-01
-1.836258605222818030e-01
8.699748691216697364e-04
-1.997573525621273161e-01
-1.887046491826164796e-01
-1.865777574162025831e-01
-2.501024534065836580e-01
-2.662700926865949058e-02
-2.238076661045665938e-01
-9.259234394715271099e-02
-8.195400706605653063e-02
-1.590154328585479671e-01
-1.131121367799986233e-01
-1.630654097492892640e-01
-8.102774729597891912e-02
8.017357163104418816e-02
-1.041214695730443562e-01
-7.946902281928026890e-02
-6.305567475359422080e-02
-2.370985721296466620e-01
-2.025372608031642263e-01
-2.020698852175671911e-01
-1.458622764345025302e-01
-9.968093441005757005e-02
-2.385371103254750255e-02
-9.677358254049060748e-02
-5.839831698280605402e-03
-1.178201951182458324e-01
-2.196422186102457708e-02
-2.243667000437816472e-01
-1.015239756172428426e-01
-1.976105751073919947e-01
-2.366184948765331919e-01
7.749051227464232028e-02
-1.221177293229911004e-01
-1.103941033036639763e-01
-4.513663250069410021e-02
-5.883603391387052378e-02
-1.693232219943059322e-02
-5.717575432197773838e-02
-4.155306221662424804e-02
-7.792185860352293658e-02
-6.478718627602252089e-02
-1.333061832229662236e-02
1.288585808482759117e-02
3.992593132435551945e-02
-2.825553756854361914e-02
-8.037567960151090207e-02
-1.191499516081885868e-01
-1.838799249557355187e-01
-2.172230669382426149e-01
-3.901024042898727090e-02
5.729974346945178321e-02
-5.826765719451067888e-02
3.623627525525234538e-02
-1.704329598258951528e-01
2.609609839553772570e-02
8.188361973821758899e-02
-2.150318182245440080e-01
1.507855326563464216e-01
-9.686378139433234058e-02
1.839627532376259325e-02
-6.720212800849685586e-02
-3.852133759007088376e-02
5.067243371290843477e-03
-6.022380907344269951e-03
-3.554245178394827703e-02
-3.191698914351691341e-02
-5.571748011855463117e-02
-7.359683583572967924e-02
-3.521741102419809893e-02
-2.219805657136502894e-02
-1.779980524067277525e-01
2.548886558897321686e-02
-8.745783281604985193e-02
-1.234844929713824375e-02
5.432417670637375989e-02
1.223191831879824748e-01
4.190221920386828086e-02
-4.435180745645683070e-02
-6.131715268494721677e-02
-5.764857460476158907e-02
-5.343482583486130338e-02
2.496729614253491783e-02
6.359116600702953426e-02
3.594506284562237752e-02
1.943796561174611914e-01
-6.704856513071055790e-02
-3.550951227994556675e-02
5.409964628231285488e-02
-4.419508706900540651e-02
1.424831178463917825e-01
-2.923005802226972399e-02
-2.439264700355593327e-02
-4.569077036978624884e-02
-3.619258748259402553e-03
-7.772623537982738251e-02
-1.928109623748992460e-02
1.111182770374623124e-01
2.723538691937790746e-02
-2.606598947718770723e-02
6.900070443208256021e-02
3.436177624484099136e-02
3.543791435974696924e-02
1.863246727997687757e-01
8.513963477971950300e-02
7.218401163377935470e-02
1.641449912244433706e-01
-7.335029777593682354e-02
1.859879656022651873e-01
1.940311305841905254e-01
1.730972276588060021e-01
5.298374330528116821e-02
-1.312182869024136056e-01
8.140339428762694007e-02
3.590263209408912221e-02
-4.231280468253063864e-02
6.950345197258991914e-02
4.205075523110841929e-02
1.059660001490115300e-01
9.728981086148709434e-02
-5.009265120145199590e-02
2.194136287789290596e-01
1.413596473031254741e-01
6.735817649249480066e-02
8.970008914250904297e-02
6.429719917128369489e-02
1.919139006490373778e-01
2.867878267243250678e-01
6.440556298819578862e-02
9.717639171351120930e-03
1.640271272126690438e-01
1.316905997913009330e-01
1.427188501600977488e-01
1.299374211054415695e-01
2.834349824368825876e-01
1.601107610254698388e-01
5.105013897439748122e-02
1.899442139247246031e-01
8.475834594772893582e-02
1.985325013853764947e-02
1.463203584616478703e-01
2.273279581027891350e-01
1.513502715859348646e-01
1.730596263141208624e-01
1.003160296382159949e-01
1.675459508606693959e-01
1.510678866613237026e-01
1.949884060751998216e-01
2.016337393440695847e-01
1.674626647995958728e-01
1.398956011343009953e-01
1.453831749964353270e-01
8.222125521750525690e-02
2.259730031864106703e-01
2.700965548838794028e-01
9.751877617574258861e-02
1.736628747871594436e-01
1.174658849286079471e-01
1.510598337991103934e-01
5.518855292166580800e-02
1.774435889837256697e-01
1.058169886038390212e-01
2.921631281542919623e-01
1.701806462093062855e-01
3.397434040573833747e-02
2.563832813817172873e-01
2.595204534107964367e-01
1.534898468907752722e-01
2.787541909347904800e-01
9.295192846840119594e-02
2.138023047259703657e-01
5.805535353804037318e-02
1.306433475329483174e-01
4.863468616966488967e-02
1.186062814901460843e-01
1.663269023764142041e-01
1.552892803887129247e-01
2.836317456425774819e-01
7.197325327349654578e-02
3.230157663590822459e-01
3.572575282340766378e-01
7.811317012378342362e-02
3.674150470705656729e-02
1.985382065704903165e-01
1.333659754669689890e-01
1.996920336928076356e-01
1.790220712689298554e-01
1.256316061661661987e-01
1.806517348401986689e-01
3.135509824280399149e-01
2.133975040509106247e-01
1.128139245376652694e-01
2.101221401807888134e-01
3.406299675823579731e-01
1.796227302740901755e-01
9.129371361660500173e-02
2.491460880036630021e-01
1.981508986630881597e-01
1.399177111850805344e-01
3.113750334676851916e-01
2.595725177287965257e-01
2.725265729780656510e-01
2.776166897333320338e-01
3.990537711721691694e-01
2.847499539486916253e-01
2.350620458466562146e-01
2.539300229193016678e-01
2.350951401246880734e-01
1.602158902126455675e-01
3.599081771110136385e-01
5.198239960211422511e-02
2.300107671480042248e-01
7.853700311199773854e-02
1.193046688091317503e-01
1.402231555088127024e-01
3.770157800870697073e-01
1.746816413012290126e-01
4.941345783685138771e-01
3.452907346803166244e-01
3.190631587616371556e-01
4.073691769928169948e-01
1.578458684636104836e-01
2.999823474640405663e-01
3.453722509973597421e-01
2.340968049199347034e-01
2.447701627140954073e-01
3.306638288285083660e-01
3.067857808216926108e-01
2.910661628487742347e-01
3.302163532501743437e-01
3.797112971860987507e-01
3.100441731493987496e-01
3.541817011979982999e-01
2.990427262864997493e-01
3.576660008125085999e-01
6.240087542459208519e-02
2.989003834945386240e-01
4.588694241501645732e-01
3.877998090982851531e-01
4.190612472006781664e-01
4.444261600637292031e-01
4.241435986048098794e-01
4.183965615365974333e-01
3.430288967340029416e-01
2.189366349287117375e-01
4.117332135155326034e-01
2.949089205218366483e-01
3.038203504844656511e-01
2.790374134939516693e-01
3.988553166910071557e-01
4.079188590110713886e-01
3.719201735457607350e-01
3.504538622607415999e-01
4.141944996893331954e-01
2.708435039639021658e-01
3.596647742187676910e-01
3.176521422169454878e-01
3.386449230536882071e-01
4.369290401766152687e-01
3.293897804030792575e-01
4.601365993372515395e-01
3.777842354051932916e-01
2.809905992533157648e-01
3.721235268202444657e-01
5.138371718626458806e-01
3.579535586119400592e-01
3.060029237329925378e-01
4.084148838754400046e-01
3.073651732864972064e-01
4.998196878597000459e-01
4.906248892239357118e-01
3.111815687129091401e-01
2.830620818443743136e-01
3.168883818723481349e-01
3.135790300970798250e-01
2.949368552266920518e-01
4.223558645315136917e-01
1.931861195843313783e-01
4.396461396459541704e-01
2.556277283604427297e-01
2.745601864823677962e-01
4.019014249051863219e-01
5.006654919240204338e-01
2.007695912398308746e-01
3.999127584314307593e-01
5.011413005056924996e-01
5.107999369883483576e-01
3.907841317541660975e-01
3.384346599145636736e-01
4.167150967057985933e-01
5.031607151243951970e-01
4.500324420544591364e-01
4.068631535336011962e-01
3.593426011209313042e-01
4.015777605737515521e-01
4.350644806562998235e-01
3.741686936048791434e-01
4.095058281425479896e-01
3.041788060679142536e-01
5.636319981227337905e-01
4.287228145810855762e-01
6.376585875258724556e-01
3.053196914086838132e-01
5.443714516505485657e-01
6.766195019146648004e-01
4.037978928460879691e-01
3.956086134946537047e-01
5.009821766506818985e-01
3.122653331180773040e-01
4.669773354204452276e-01
5.723626556673520049e-01
4.216041663626035052e-01
4.829805592222660704e-01
4.561461520896170074e-01
4.730571217350372226e-01
6.328602094263418021e-01
5.366268992311199471e-01
4.760992548027266347e-01
4.140540909232540145e-01
4.408139556471912801e-01
4.397067894816993339e-01
4.930141674455710832e-01
4.549086521478722944e-01
4.762486656443010724e-01
4.168364014124416039e-01
6.162543664655286690e-01
5.294095439584208806e-01
6.137237428053828880e-01
5.813983886170372983e-01
3.586022592924285046e-01
5.011993325847939884e-01
5.303843137838467614e-01
6.921978501988265142e-01
7.118346586471775428e-01
5.936316577999209976e-01
7.270860018901115218e-01
7.243572062764086494e-01
5.637914119131046675e-01
3.661531183244746135e-01
3.280269240198874781e-01
5.505873445491975549e-01
4.651243902682395404e-01
4.202526874866821527e-01
4.727265563878416121e-01
5.061472370262133369e-01
4.167923418597435647e-01
6.563632300690083188e-01
5.071122594823089802e-01
6.029038453403564590e-01
5.677758435760555944e-01
4.790804110948534977e-01
4.811636258204299299e-01
4.862751317450596522e-01
6.524591633535036239e-01
5.423472121005510349e-01
4.783855863950824405e-01
7.364739285458482554e-01
6.105720741443407817e-01
5.904189931154377735e-01
5.803961089845093291e-01
6.353389159121660690e-01
5.936396663352778713e-01
5.476353407204463952e-01
6.296510600639863009e-01
5.198644823379777735e-01
6.501339617017738437e-01
4.736469442933940455e-01
5.391161812553491028e-01
6.775640856432747494e-01
5.229397420221190140e-01
4.588192334332174549e-01
5.521549016058978632e-01
4.446656034798950885e-01
6.071948934387134678e-01
7.067594845473823550e-01
4.673524831594567108e-01
6.731627273443301362e-01
5.979665104493790961e-01
5.807475647236581828e-01
5.260776889727338812e-01
7.525685244608716351e-01
6.446882487065238587e-01
5.468061393755101474e-01
5.846518077535445279e-01
6.463824619151448125e-01
6.321701917214214150e-01
5.240127461859188651e-01
6.084295531180888839e-01
5.888021611208315020e-01
6.403321925973602946e-01
6.678495361618940196e-01
6.569244156682365610e-01
5.744612641200783631e-01
6.354843870222034452e-01
5.958260878173021746e-01
4.391336968227606552e-01
6.880225144892978539e-01
6.007663094517888824e-01
7.221376981781193471e-01
5.864524941597381025e-01
6.415797965125199509e-01
5.723838263919177605e-01
6.282141391461639746e-01
6.029756620876155493e-01
6.372361567942467220e-01
6.229354531417534702e-01
5.816558451579449951e-01
5.935264705685261433e-01
5.561606337355330387e-01
5.401608938075834754e-01
6.527556874515089147e-01
6.495911979709961814e-01
7.610425438167173207e-01
5.494967685570107951e-01
6.351146692646787439e-01
6.550628680787566882e-01
7.340811013377208649e-01
8.058489001710074096e-01
7.469013745072022870e-01
6.043350100789506296e-01
7.837460097838757633e-01
4.567887840797835164e-01
7.124315606766925546e-01
7.333260601684452595e-01
7.067416674609705574e-01
7.851199512168079986e-01
8.526997525097227415e-01
6.531690289887294165e-01
7.033509925884554592e-01
7.186114486481491870e-01
5.909450415092286635e-01
8.684515623704444076e-01
1.060190162805786152e+00
7.511825576665664972e-01
7.221867145006874988e-01
7.903315920023702423e-01
8.460844891244840849e-01
7.282021172654117303e-01
6.689356850846562841e-01
7.607393260337363960e-01
6.397277124374365354e-01
6.961659450028813145e-01
7.646158965463187851e-01
6.646049537310898536e-01
6.544642875308372965e-01
7.449170266762759063e-01
7.852939475168259076e-01
6.333030236589118900e-01
8.594278820029184196e-01
7.531826991776370273e-01
7.229249438337874700e-01
7.107152415136240853e-01
6.526697354945210083e-01
8.543998298605401942e-01
8.295523992694194826e-01
8.372214853545477675e-01
7.762496502959318478e-01
7.271133708474963875e-01
7.115781333645886386e-01
6.674669043260765822e-01
6.739532194873765203e-01
8.436594541791153645e-01
7.303483686675021902e-01
7.371446337218797717e-01
8.685831485161932264e-01
6.599813095299524868e-01
9.319083304453903427e-01
7.145232706473854112e-01
6.498643651042226299e-01
7.532865274316109527e-01
8.248246395826150934e-01
8.128831709046837606e-01
7.612353353296934522e-01
6.726846919840121508e-01
8.793009323327585225e-01
8.248865301133955219e-01
8.901324283690397188e-01
8.623679980437405357e-01
7.407338885033617482e-01
8.037452261412522114e-01
8.067204675608636855e-01
8.119797824883985271e-01
7.438692528707360196e-01
7.768154981832758876e-01
7.742086630153185434e-01
8.494688655279651890e-01
7.692669484275498348e-01
7.776815581253488929e-01
6.808268941245205763e-01
9.267644121908158450e-01
8.574916493656997707e-01
7.565778661698612240e-01
6.966137542265075089e-01
7.879840908346978923e-01
7.907036572101822092e-01
7.934120578909932275e-01
1.037013595803463195e+00
8.091354780612324271e-01
8.509778845497231181e-01
8.452764481923852324e-01
8.373250172909979527e-01
9.131149884456688515e-01
8.587521691785415801e-01
8.703553355294905147e-01
9.404944815950914139e-01
8.480388732396330065e-01
8.218433567332340539e-01
8.327538503308076212e-01
8.608852978790951793e-01
8.147910458082900931e-01
9.610791960367269793e-01
8.520073021820017134e-01
8.850991934912888492e-01
9.295921300916026864e-01
7.989533622708967497e-01
8.949607660766969452e-01
8.166175957941660402e-01
8.255837673429978762e-01
9.772207246956938764e-01
9.104682408450923692e-01
8.926074162477577456e-01
9.396508001764073414e-01
9.020997679712041695e-01
9.052842017191029544e-01
9.318407003479078909e-01
8.486538398612091250e-01
8.233770591282119078e-01
8.802042216925358709e-01
9.397711038108258474e-01
8.741862688265191750e-01
7.403144686089491167e-01
8.284043832840015664e-01
9.691253875255122496e-01
8.235976317408880698e-01
1.063696214600237333e+00
8.904376757463651204e-01
8.990423318800694341e-01
6.934811067063704204e-01
9.487533640170784377e-01
1.078484338383637553e+00
8.539528897674132368e-01
9.178595136395809595e-01
9.414961478890844226e-01
1.018884993297611175e+00
9.739818870436527387e-01
7.989441507917319774e-01
9.069080363522191712e-01
9.131398328292879008e-01
9.123240216433506911e-01
1.004172267081053560e+00
7.676147417040629639e-01
9.238893096007094741e-01
9.127322676679052726e-01
9.762495570698579428e-01
8.748262445759202866e-01
9.643782256264150643e-01
9.880573130949511507e-01
9.342527871259969086e-01
9.109160019349845649e-01
1.031018168746607122e+00
9.709883980592035613e-01
9.050348921060541452e-01
1.000399191486505801e+00
1.091826129553088442e+00
1.174918531655912091e+00
9.506447654596518193e-01
1.040501569635899681e+00
1.057746815789041728e+00
1.044178056601611226e+00
8.973324917637842679e-01
1.046076586572043166e+00
9.966185351462439890e-01
1.127279224863595886e+00
1.084313437091841026e+00
9.351667267445064047e-01
