-1.076459488815662002e+00
-9.705455780628436946e-01
-1.033628543218650053e+00
-1.054242519485843133e+00
-1.082355353916076623e+00
-1.003221495631560822e+00
-1.201465538956582924e+00
-9.820701853893077926e-01
-1.074502999282649363e+00
-9.675192035354753806e-01
-1.019733689544108479e+00
-1.001835839466143074e+00
-1.032257062117239776e+00
-9.327265962014974487e-01
-1.131481095031199535e+00
-9.726161067686818207e-01
-9.193613040824255567e-01
-9.683380579041802605e-01
-8.462690037300545365e-01
-1.070125019398094235e+00
-1.152802741480127624e+00
-9.428863816249732910e-01
-9.503203750954981599e-01
-1.029631740822994690e+00
-8.778263052810746370e-01
-9.396446347940746735e-01
-9.732436129459718366e-01
-1.021996239613981672e+00
-7.783429360536560093e-01
-8.869323125624535287e-01
-9.657394559308245530e-01
-9.446657710770399730e-01
-8.901847307808908871e-01
-1.051977234334684708e+00
-9.726187514834709891e-01
-9.424388721528745849e-01
-1.002414365688170328e+00
-9.158643553704765017e-01
-7.995124893896392582e-01
-8.065046929708793444e-01
-9.708422138349872554e-01
-9.933415825628477691e-01
-7.981941342239535775e-01
-8.414424669471811669e-01
-7.941593682154493017e-01
-8.842790704977340210e-01
-1.032916611196645462e+00
-9.243808524211882816e-01
-8.589593248663269787e-01
-8.646865197477588971e-01
-9.499506360545986183e-01
-1.010757178841926951e+00
-7.724413422673785945e-01
-1.026108696788986530e+00
-8.889066913231502554e-01
-8.927079670876770789e-01
-9.335960920114338979e-01
-8.219060051295233871e-01
-7.818499440035789894e-01
-8.482621080301602223e-01
-8.823923054376385799e-01
-8.391971525860125736e-01
-8.901687371019807449e-01
-8.705467831517194055e-01
-8.908120831012794616e-01
-9.117171279455311694e-01
-9.023827257403114199e-01
-9.538390512773945451e-01
-7.817112412392167586e-01
-9.472858109857843489e-01
-8.754776196344601358e-01
-8.341022943870833872e-01
-8.769702993379807632e-01
-8.828974221778844722e-01
-8.241823009085618157e-01
-9.178993893605619236e-01
-8.170097229729724742e-01
-8.714277986376081087e-01
-8.359644038161836432e-01
-8.687570736066217991e-01
-7.040792906610559010e-01
-1.008131656725195224e+00
-7.305067577754865704e-01
-8.700695602748060864e-01
-8.316557554616300640e-01
-8.241216960389218249e-01
-8.108657237111569493e-01
-9.243303244164083887e-01
-7.155641876344823737e-01
-8.913081686355981414e-01
-6.083922152687610829e-01
-6.656976486368983981e-01
-9.076320270665868550e-01
-8.985289302031980174e-01
-8.299570819137953581e-01
-7.185317226130881751e-01
-8.137329329188242033e-01
-8.317141611844274252e-01
-9.242161124048847709e-01
-7.000083395607593628e-01
-8.776936246935408414e-01
-8.572468731706504030e-01
-8.715055625825133268e-01
-7.860496228388742512e-01
-8.051756938257496055e-01
-6.745898391121942783e-01
-1.032686261967374897e+00
-8.720881363453834023e-01
-6.824250419739917861e-01
-7.732405262350381392e-01
-8.467397195711879876e-01
-6.369199133777521116e-01
-6.955218450331424052e-01
-7.806862214424910018e-01
-7.940303643853449111e-01
-8.423673382215227656e-01
-7.623066074772371081e-01
-7.665712917103281177e-01
-8.677095043672002905e-01
-6.303115643383013778e-01
-7.126640354615568773e-01
-7.387735234329519951e-01
-7.801833330671372746e-01
-7.234663561775999119e-01
-6.009345833300716588e-01
-6.634849357534200465e-01
-7.351845449198920468e-01
-6.348978501467633651e-01
-8.217800288898052807e-01
-6.757517432493380660e-01
-7.353777194654943505e-01
-6.951084262394686686e-01
-6.427146580919229635e-01
-8.254205814312344236e-01
-6.615372325047854662e-01
-7.733495695577866647e-01
-6.227112810166176571e-01
-6.349662151558468359e-01
-5.251102628348828238e-01
-8.088062713470581810e-01
-8.199733066534234949e-01
-7.889930305540644451e-01
-7.315031753990137720e-01
-7.206963760512998807e-01
-7.150968167683764420e-01
-6.134346706077982159e-01
-7.799486085833696736e-01
-7.656439389877842672e-01
-7.295304955729037255e-01
-6.154629010272422152e-01
-7.446061220785593626e-01
-7.462417603324774662e-01
-6.854328117709608259e-01
-6.050715580387626691e-01
-7.302024442171990426e-01
-5.847791337241861065e-01
-4.951858621245237568e-01
-6.511659407292034185e-01
-7.076179302880701849e-01
-6.891897895968782661e-01
-6.856934182086911189e-01
-7.322210822218606641e-01
-7.354941471009552867e-01
-7.445252876136262410e-01
-6.650966727695555303e-01
-6.645407393868016932e-01
-6.493798629226505970e-01
-6.779711986295257065e-01
-6.539821218037090711e-01
-7.406645885491670578e-01
-6.792990217734586889e-01
-5.799442228198992133e-01
-6.870313576295757896e-01
-5.642628513367317078e-01
-6.938364914160435326e-01
-6.166648014227185115e-01
-6.461812285833726799e-01
-6.421026137856620242e-01
-7.844394512274007747e-01
-5.912520384408618268e-01
-7.035297960875934731e-01
-5.104140344609081614e-01
-6.171486901922602630e-01
-4.857350927424914366e-01
-5.114271166189406914e-01
-7.704884171150034877e-01
-5.689297537622134415e-01
-6.538847189552984274e-01
-6.128851441283391654e-01
-5.467173744565951843e-01
-5.983011399509750028e-01
-5.223062768489561414e-01
-4.967906314859802941e-01
-6.934168435608834002e-01
-5.650593802242386277e-01
-4.285703773757480461e-01
-5.346673658628973147e-01
-6.117462152058794622e-01
-4.897894687790064205e-01
-5.059401763456422563e-01
-5.638251864331316199e-01
-7.313320345634163333e-01
-6.343325997315057974e-01
-6.799096816142305988e-01
-5.857208566315960097e-01
-5.507073606626431417e-01
-5.968479065189669086e-01
-3.827001120623981789e-01
-5.016345548992438008e-01
-6.751306087811849155e-01
-6.468078649063552232e-01
-6.252210740144590329e-01
-5.707447579979574304e-01
-5.882590604147499569e-01
-7.722122450990618336e-01
-6.660644178561965223e-01
-5.368154125659913012e-01
-6.757008176291726675e-01
-6.362476245716668366e-01
-5.986471390086643973e-01
-5.600493083462042554e-01
-4.219240468586970549e-01
-6.116626319234530484e-01
-4.884285749781964725e-01
-6.022223918668502263e-01
-5.705600072525702782e-01
-6.029766505385744102e-01
-5.216718917310074755e-01
-4.702061313076912330e-01
-4.876948367466701906e-01
-5.485605317758309729e-01
-5.947171649713716146e-01
-6.643166117236809498e-01
-5.711626901959829805e-01
-5.397102002541126486e-01
-5.149879332028457490e-01
-3.966696333429125532e-01
-5.571236436776312306e-01
-5.551033734284332999e-01
-6.147319425943609250e-01
-5.510976725404576060e-01
-5.660707587925357664e-01
-4.118290646065635996e-01
-5.622457136163193647e-01
-4.113712121841060498e-01
-4.915790947934512434e-01
-4.055742677682754316e-01
-5.014511816290725399e-01
-3.517248909458738915e-01
-5.351923305046987211e-01
-5.485798539396528062e-01
-4.635060227037023362e-01
-2.986404255197033786e-01
-4.889003545348865609e-01
-4.598324806288495159e-01
-5.576695828859917770e-01
-4.514642546788540933e-01
-5.157940999486007039e-01
-4.977390231080813798e-01
-4.962414032944173492e-01
-4.141048610511077199e-01
-2.810500322898646930e-01
-5.407844709004060446e-01
-5.389022419708550116e-01
-3.978768452609646178e-01
-3.827819426300570482e-01
-6.634740107967587175e-01
-3.394436039784033410e-01
-4.601218385772036790e-01
-4.132806490827950485e-01
-4.837699963586007956e-01
-3.861824129050723808e-01
-3.928157928583281278e-01
-3.699654772709816686e-01
-4.115269330316694840e-01
-4.638208387543527600e-01
-6.100547002198358770e-01
-3.961282408297324698e-01
-3.954450171516751267e-01
-3.282044719599847005e-01
-3.178540387678909784e-01
-6.112830442957942756e-01
-2.484852069017882970e-01
-3.644579230288865213e-01
-3.966300603996204543e-01
-3.904535678038441593e-01
-4.742913027624819922e-01
-2.013562537688645682e-01
-4.856279678495871721e-01
-3.376570844865903198e-01
-6.527804815389746107e-01
-5.304274542441080875e-01
-5.026061492378418594e-01
-3.631206966638825251e-01
-4.325653473055622311e-01
-4.106022797818799641e-01
-4.030097370999182749e-01
-4.572874021726942018e-01
-4.743134415576074625e-01
-4.345112690269862799e-01
-3.040325491072280450e-01
-4.194530089706500764e-01
-3.879427198729847870e-01
-4.512221762061744967e-01
-6.398661034455046526e-01
-3.779349900431082654e-01
-3.765775024358879453e-01
-4.795301940036967303e-01
-2.645210702818627801e-01
-3.231009560076952281e-01
-4.145089429413046367e-01
-2.764012659882896239e-01
-3.591569858465946119e-01
-3.881606544283796034e-01
-2.997801482427805420e-01
-3.232141011768212002e-01
-3.566499545181296971e-01
-3.885789079180502759e-01
-2.215492374408238041e-01
-3.796618531138827857e-01
-3.371086432334080563e-01
-3.368628760576603542e-01
-3.921471810460020468e-01
-3.616072003303885674e-01
-4.106392909360495058e-01
-5.268765873572920366e-01
-3.639403782304609369e-01
-3.730490261739170532e-01
-3.347717924386130472e-01
-3.404655183754897174e-01
-4.410503729974240006e-01
-3.807322175976445844e-01
-3.000366629761674897e-01
-4.104639822633119328e-01
-2.486337359288057491e-01
-3.561659054573516059e-01
-3.618475367101015028e-01
-3.581728265223624308e-01
-3.952660760880578605e-01
-2.997069635072060478e-01
-2.336228340429727657e-01
-2.368235975823377304e-01
-2.715735270563366388e-01
-4.464175137247689551e-01
-2.685520892838708096e-01
-1.622963554124348673e-01
-3.174465503459528160e-01
-4.554811662678875939e-01
-3.863326307802198989e-01
-3.057494586154518856e-01
-2.615979900950508030e-01
-2.999255803010761334e-01
-2.044634515342215464e-01
-1.507350084274273472e-01
-3.428352367845324822e-01
-2.260625412112421129e-01
-3.006512257553193845e-01
-2.186644811678872813e-01
-3.053810756519244607e-01
-4.226519881961603442e-01
-3.480614309931316930e-01
-1.502074208866037708e-01
-9.416677837286903385e-02
-3.902186574414558407e-01
-4.211580411848188654e-01
-3.539267862811544818e-01
-3.760168551950277549e-01
-2.978811843432507267e-01
-2.935554451424019495e-01
-2.177931477647126191e-01
-2.130770849764203057e-01
-2.696000405722272508e-01
-3.071327608770569317e-01
-3.643352977675611698e-02
-3.257393000948357042e-01
-2.277413121666883034e-01
-2.765403647346750260e-01
-1.686592726889844240e-01
-2.955523753053841962e-01
-3.309194635503374671e-01
-1.311908760905355076e-01
-3.144247388477048877e-01
-3.753754900051566867e-01
-4.491538509357982378e-01
-3.352788754479313904e-01
-2.814961583924651123e-01
-2.026091421622308042e-01
-1.610741743918698565e-01
-2.732562304110817131e-01
-2.549578928116978394e-01
-1.997637743343101679e-01
-2.510420973730024263e-01
-2.105534900519592523e-01
-1.298851556045739208e-01
-9.370704258411222121e-02
-5.527662135857688147e-02
-1.756216702776136618e-01
-1.741157079018332832e-01
-3.802362248414826312e-02
-1.596521133559235528e-01
-9.528623334857264093e-02
-2.454531937405246000e-01
-1.927443496524423316e-01
-2.125258992950238845e-01
-3.236185286244937509e-01
-2.844137785500212012e-01
-1.974998151295418933e-02
-1.741516832780042878e-01
-2.478161815982388161e-01
-1.592742427663961513e-01
-1.281265529072048992e-01
-5.946111674121724172e-02
-2.757310934366282162e-01
-1.462818316760351733e-01
-1.364952328945090720e-01
-1.972693898318673422e-01
-2.548058373985785385e-01
-4.942235447891126648e-02
-3.405453186798974019e-01
-2.025413682765303813e-01
-2.308004314113441258e-01
-4.646205435533140582e-02
-1.454138183172691001e-01
-2.037645930377358916e-01
-1.284489204764489023e-01
-2.321838392194164880e-01
-1.077252995619122911e-01
-1.047167058951584684e-01
-1.078801942400376829e-01
-1.406752489993452759e-01
-1.483825145404404355e-01
7.761660349251456835e-03
-6.829043098114474797e-02
-2.188148467455669210e-01
-1.976312904220912589e-02
-1.481167483633440973e-01
-1.517601550025790558e-01
-1.753684279737595386e-01
-1.433244456101636921e-01
-1.023337833062419461e-01
-1.223018676505303326e-01
-1.247034485340756255e-01
-4.205698473282267619e-02
-4.382726323366787496e-02
-1.723480917092072850e-01
-3.016905960011485033e-01
1.195202239999270007e-02
-1.631444642325558525e-01
-9.906088339500378204e-02
-1.350297245844881144e-01
-7.083530838782985117e-02
3.421866401396296553e-02
-2.096477180911967830e-01
-1.001743105765993264e-01
-8.960615575121581855e-02
-1.685929209461320064e-02
-2.729610857225239218e-01
-1.352394341709727554e-01
-8.898426796946484751e-02
-1.205061299786932549e-01
-1.103057341954365583e-01
9.923372668860373953e-04
-4.686660394734005336e-02
-1.108661605070180578e-01
-1.969771398942573304e-01
-7.527999833121895579e-02
-1.391689825338543185e-01
-7.755485611029265536e-02
-1.123656849844792555e-01
1.986827075292280087e-02
-8.569397925502483804e-02
-8.915035747185731663e-02
-3.555191078231298429e-02
-5.951738159619624630e-02
-9.889918425655062906e-02
-5.822759076887140672e-02
-2.166552424903757934e-01
4.971076662061948981e-02
4.407155950798168076e-02
-8.791671959204773804e-03
5.316178287358732518e-02
5.949105075851782859e-02
-1.600117289372763804e-02
-8.124763549810941343e-02
-1.773835163793385516e-01
4.658526595312356688e-02
-2.758781630438800550e-02
-1.784963411451981688e-02
-5.016497293041487227e-02
7.471287891289443706e-02
-4.444480877529746743e-02
3.118863335590532507e-04
-1.452695774951240533e-02
-6.920992266396192027e-02
5.431910185533805197e-03
-1.745356947990983343e-01
-9.541772888631745719e-02
8.791000129312380451e-02
-3.302653687203766127e-03
1.851023152927646076e-01
-1.186266953113650213e-02
5.004329894149946861e-02
6.226095214214907858e-02
1.299173887288487816e-02
1.140929760601712972e-01
9.604218461491798031e-02
-1.593743301775134291e-02
5.323071664171582368e-02
1.067929169105183429e-01
-4.926296450650750197e-02
2.736923742931408540e-02
-5.648813774618600958e-02
6.006036402215782916e-02
4.656604927133796423e-02
2.510464506934848711e-02
-1.905184214106340340e-02
1.160490615803358716e-01
-1.141343916322878765e-01
-2.238492542479583736e-02
-1.434360504673858061e-02
9.801764559644755848e-02
1.217311171499581290e-01
1.608720763370327378e-01
2.777598385297868483e-02
-6.146661090188648008e-02
8.639074182286105019e-02
-4.046166974939469085e-02
2.159804963321680649e-01
6.699215011718080703e-02
2.058681787350085113e-01
5.793305256081095894e-02
-5.922738025448643501e-02
3.145456384054583308e-03
6.777647069952204284e-02
1.460242956638660994e-01
1.150036040233979873e-01
2.617020662819304413e-02
1.290435057188766832e-01
1.187290207141946247e-01
1.404280998473731168e-01
7.165314197791208817e-02
1.802521238487503896e-01
7.952090908012700299e-02
1.391641628869972613e-01
-5.633549774271079391e-02
1.695368614440411759e-01
-8.870387876892016354e-02
6.195598236226169259e-02
2.044412444908381421e-01
1.286594457961530991e-01
1.096877569041255079e-01
1.293984382109448217e-01
8.390491590765998542e-02
-3.370452100508379741e-03
2.387713138942875457e-01
1.924505055977826073e-03
5.201888254397150912e-02
2.850969548882107407e-01
1.045828501361794616e-01
8.486000831917825393e-02
1.202834645124358365e-01
1.925233299688829114e-01
6.812370188039411356e-02
1.460259231431337290e-01
1.522126800927480483e-01
2.171927432109177492e-01
6.349858355266779775e-02
1.211846671804110293e-01
1.695235583420073300e-01
1.244978814336452078e-01
1.326834122933596150e-01
9.783646622066638487e-02
1.979167437928099627e-01
-1.971515436091904674e-02
5.616904313458700310e-02
6.936666304495260615e-02
8.780153574830838747e-02
2.447751062345661643e-01
2.644914452377580272e-01
5.121480674610209144e-02
2.119102053434577804e-01
1.438335639896229090e-01
3.830797674769587796e-02
-1.253721823666166524e-02
2.234502993327230902e-01
2.339410684651558880e-01
2.812669642974376383e-01
4.011251499223053574e-02
4.495321644032769515e-02
1.757342496224841566e-01
1.369509569530458770e-01
1.681801170270335322e-01
2.570042292712484966e-01
1.433002987303773346e-01
1.415402584145427356e-01
1.550163816723959809e-01
2.213934036056023902e-01
2.372312448884196512e-01
2.313752059930479776e-01
2.089805521466492066e-01
2.467398589969934664e-01
1.298258140280409700e-01
1.711404813838192651e-01
2.009869321654551844e-01
1.736870373776415177e-01
2.655780819609970256e-01
2.040834071720215026e-01
2.582287890849311318e-01
3.217506642757362312e-01
2.931443043594180176e-01
3.511225976699337559e-01
2.022670703156701499e-01
4.314249138663846933e-02
1.519865378060208383e-01
2.111641606593548659e-01
2.522808819791086954e-01
1.044631869710515581e-01
4.403557410096926028e-01
2.400169301112797249e-01
2.058837073603434487e-01
2.225617821003802177e-01
2.025072260402804580e-01
3.295474066507199096e-01
3.008778552142238327e-01
2.014731592141073557e-01
2.956414900185249661e-01
3.228335247809197561e-01
2.949011997131859020e-01
2.169743557860468464e-01
1.495444213771022490e-01
1.463314482126241711e-01
3.842740547866372314e-01
2.890209164896696548e-01
3.052584383943279800e-01
3.680543674780383800e-01
3.962888597222439246e-01
2.273107386694133702e-01
2.996800987716196074e-01
3.344361871577947731e-01
2.397879448823367066e-01
2.719485463734868103e-01
2.062211738350138157e-01
2.956026256234762783e-01
3.468255176895654879e-01
2.667095764455612583e-01
3.111019964982374431e-01
2.596112057874538359e-01
2.936298994339629487e-01
2.380458409324437419e-01
1.980605775850051986e-01
2.437898453285302913e-01
2.036318467234501939e-01
2.419741216561753505e-01
2.726974955533361666e-01
3.521507590568478396e-01
3.577249674973341231e-01
1.890139596241091902e-01
3.773036006015837440e-01
4.214630055714800871e-01
1.765849808720922065e-01
3.390921413318489508e-01
4.726674970770223250e-01
3.383083091832854161e-01
4.371000713628743206e-01
4.079229058877957836e-01
3.672825113150843257e-01
1.875764200605314624e-01
3.548627318222313809e-01
3.054343931270616652e-01
3.946372738032576932e-01
3.241309593791757981e-01
1.899141191978426790e-01
2.182295876178148852e-01
4.429836704553167803e-01
3.139156039445150093e-01
3.879783216570192872e-01
3.334511526147333482e-01
3.182880646526051738e-01
2.692353393913325399e-01
4.377943912526385817e-01
4.875037435759395077e-01
3.646348114315524080e-01
4.085953615101792225e-01
1.598777761536987752e-01
3.676900381318265465e-01
4.473906391856162235e-01
3.270923414164903509e-01
3.776675319575058531e-01
3.701666385370311896e-01
4.683403064467152599e-01
4.183814444508669461e-01
4.230141242571970328e-01
4.014517178013678467e-01
4.389253549355224826e-01
3.049273596318290425e-01
2.674599888085654742e-01
2.748157351658112590e-01
4.888179727069682512e-01
4.468154146950254479e-01
3.143805909735977733e-01
4.030215189342700732e-01
4.693435402633400755e-01
4.379938774419633862e-01
5.241813847284608752e-01
4.536587663156485539e-01
4.353763124025155640e-01
4.506805609807212898e-01
3.706419911508802012e-01
3.344114241707013546e-01
5.917484938149037976e-01
3.881677684230397940e-01
3.584425405658496766e-01
3.017173099867371810e-01
4.697252166867296186e-01
3.220597586905773468e-01
4.974550717606777139e-01
5.120926983550182499e-01
4.994048102168080483e-01
5.036854762109675976e-01
5.529686858334383892e-01
3.882177174905585559e-01
3.833169298827533988e-01
5.094336773850092204e-01
5.542442509965610498e-01
3.768185262974779737e-01
3.171234168553979105e-01
4.508867187897528939e-01
4.259392775792291141e-01
5.009237734103975104e-01
3.754432451116708758e-01
4.532747611731908766e-01
5.641420287155211044e-01
3.507800378960556076e-01
4.514017611560423582e-01
4.351768820018996342e-01
5.558144661368225048e-01
4.788229557692142424e-01
3.603472650140147060e-01
4.184313867541759047e-01
4.867105086764844102e-01
4.946135105922143116e-01
4.613431335936315492e-01
4.622812605708036537e-01
4.824192495764842992e-01
4.830275851172747270e-01
2.972482696222159548e-01
3.422405541410629692e-01
5.515085742742040775e-01
5.307590065418041902e-01
5.351339806902920548e-01
4.090754946802637737e-01
5.358064716234087754e-01
5.234963558572947040e-01
4.243624599728645919e-01
5.830530584934454641e-01
5.814500152028629909e-01
5.541478178690132372e-01
4.784952101947804737e-01
5.324272899270054982e-01
6.407434360622827896e-01
4.696818583855609242e-01
4.697497272243976174e-01
6.740559650353141752e-01
4.478788214091443676e-01
5.230181106610853892e-01
7.202003546661375211e-01
4.749044533431207582e-01
6.262496251278050208e-01
4.707386797210127427e-01
5.254602744171387174e-01
5.253445668824709980e-01
6.358170525310431476e-01
4.370694883126194918e-01
5.370595017842220154e-01
6.623357444597773869e-01
5.302870863375871435e-01
5.669536750679329273e-01
4.551748049269431218e-01
4.618622501263155988e-01
6.436594514606714945e-01
6.007742565314070360e-01
5.933349274174746224e-01
5.776470589334880001e-01
6.234365503780326945e-01
5.623383144535681888e-01
4.565537014794517345e-01
4.645098346056993344e-01
4.523585478778783808e-01
6.195458369675140853e-01
5.918668998638824119e-01
6.639327648952941807e-01
5.219436128835212019e-01
4.820060912850844814e-01
4.534319556480057023e-01
5.507256085188243500e-01
4.324444560256409109e-01
5.660488413870379265e-01
5.969551252088183269e-01
6.333514015008160358e-01
6.383086019800685573e-01
5.969064347959220918e-01
6.645627119860431087e-01
7.417606452189012822e-01
5.478643078864404714e-01
4.239977414746332607e-01
5.902067722849186904e-01
6.107353040937048005e-01
4.900439220225119574e-01
6.171384971783263618e-01
7.646273903750644418e-01
4.857706534333346982e-01
6.524840288199432736e-01
5.622863947354295178e-01
6.970966656527761707e-01
5.257220758619787215e-01
5.910705726965905793e-01
7.775400621948515001e-01
5.648249274446348611e-01
5.673411076728450686e-01
6.817550120076532050e-01
6.134767461601920990e-01
7.189359223517577391e-01
8.143744794234022422e-01
6.288213276838151566e-01
6.366694274193189784e-01
6.742187278708980935e-01
5.434180670744848118e-01
8.465918499671625241e-01
6.939413018648413756e-01
6.208608421375791941e-01
5.935653832240828098e-01
6.472716068389946509e-01
5.307693918005801370e-01
7.962867776848866486e-01
6.076895827882968781e-01
6.670293110457625740e-01
5.562881497061092917e-01
6.163928152990756359e-01
7.312662970110271887e-01
6.011609480637672975e-01
6.584493774883236616e-01
7.150428834424410462e-01
6.957867951058163136e-01
7.668488327684629402e-01
4.941897213599629191e-01
6.563747449487881136e-01
4.886405177190050186e-01
6.274985507516087635e-01
6.797972919716611662e-01
6.342142577401104209e-01
7.150612240132750985e-01
7.557255082253446776e-01
7.538109313577047166e-01
8.068310267449926299e-01
8.218472221364859776e-01
6.646694465930562679e-01
6.740772322792273341e-01
7.587401119188127430e-01
6.361519421917154471e-01
6.124099362808699265e-01
8.042976925782118203e-01
7.502873871859548904e-01
8.085425690780296826e-01
6.353248234251743787e-01
8.432797759205393762e-01
7.528279080876402185e-01
8.495469167867235605e-01
6.241740574457919077e-01
7.606852632593094077e-01
6.786609387803199667e-01
9.276772061494806820e-01
7.532154475771410951e-01
8.494990776454250936e-01
6.718483778371903137e-01
8.763603761502913869e-01
7.546143924738504261e-01
7.318581643140461557e-01
7.323568057421451227e-01
6.895211311172160240e-01
6.311032666238418631e-01
6.368574648262987914e-01
7.468575194726640998e-01
9.234121381378130877e-01
6.628047865121480253e-01
7.999441109716802778e-01
8.218690284483505248e-01
7.191034571208013704e-01
8.861177967061891758e-01
7.823878704695136355e-01
8.551554141040493828e-01
6.696747147719510629e-01
7.141685343888082294e-01
7.597633297687020892e-01
7.757158910069875679e-01
8.419205265096074697e-01
7.378445977734521266e-01
8.004223192393505881e-01
8.203684089864224926e-01
6.945424144246814535e-01
8.560310677871123541e-01
7.852892292282982467e-01
7.914322532848609981e-01
7.347444145368072776e-01
7.383204720409788369e-01
7.351407384926267330e-01
8.635622554185332644e-01
7.273024913541041858e-01
7.779636665581920463e-01
9.340139262438049705e-01
7.912390286031609765e-01
8.168616243525415044e-01
7.285961087786448909e-01
8.846959433374494974e-01
7.224968254135734069e-01
8.046925132322013674e-01
6.661382792576816536e-01
7.909470681588559593e-01
6.701620749866376014e-01
7.954476047182421627e-01
7.422030441065616824e-01
7.442300317661117992e-01
8.309488077587469101e-01
7.714302990243133706e-01
8.024368512499030492e-01
8.993132267371762856e-01
7.278813171184210784e-01
8.684865085386573869e-01
8.292538310457260309e-01
7.255064663340828890e-01
8.725551386142503807e-01
7.545003458225354454e-01
8.765108036620925525e-01
8.729471548308610496e-01
8.330404408488194523e-01
9.238771776829106663e-01
8.365995272020542162e-01
9.605556915402597706e-01
1.010454059822364803e+00
8.787188048563712162e-01
7.960495157512605946e-01
9.229430850207095416e-01
9.369849985799751924e-01
9.044508275904628025e-01
9.017093276270107260e-01
8.887391291468732524e-01
8.455533433551495337e-01
9.802327166936322111e-01
9.214587057655556634e-01
8.264660710045826919e-01
7.970375293857407950e-01
1.079821836956375236e+00
9.796119763176084350e-01
1.083141821980663444e+00
9.649677570869659160e-01
9.904161807439962883e-01
8.705336377775292345e-01
1.003305643126728874e+00
9.769679075783226363e-01
8.410040809685070951e-01
9.870194443397413142e-01
9.397550837149164504e-01
1.029422350249598495e+00
9.039317111031925922e-01
1.002261193846098575e+00
8.469438689990396174e-01
8.701178870505122953e-01
9.211499239169256281e-01
9.305792922680806711e-01
8.793059964081222368e-01
9.761673392572496333e-01
9.521707687716983726e-01
1.017686332023796103e+00
1.108226136140184392e+00
9.341729245952825611e-01
7.619048577133005207e-01
8.224258211695797405e-01
1.017132651235463037e+00
9.016932798802248517e-01
1.083988179990884371e+00
1.049009377968699086e+00
8.621539500550418067e-01
9.686570940595015111e-01
8.937006932935496195e-01
9.632335596743538675e-01
1.082166121983615836e+00
9.832614376577895055e-01
9.045278552700080077e-01
1.026019642669424359e+00
8.263223435121767046e-01
9.332242179133113380e-01
9.684178971769525912e-01
1.078356625381523992e+00
9.354817759434331803e-01
9.466620285914485455e-01
9.536857402908472947e-01
1.110415430792196290e+00
1.034774969511097931e+00
1.083867971276601283e+00
9.598875487113163185e-01
1.068608360639062171e+00
