-8.797270189457258027e-01
-1.111998756340568884e+00
-9.490773967359128482e-01
-1.027464001571766872e+00
-9.632929908978913325e-01
-9.781783804671895233e-01
-9.582195617212712069e-01
-9.846135919800710345e-01
-9.503047625585370195e-01
-9.807793895632432868e-01
-9.793501662402746000e-01
-9.863017099645849939e-01
-9.940506207300489061e-01
-7.246592190669817191e-01
-9.075454696845992597e-01
-7.399722214838143630e-01
-1.017955437889963122e+00
-9.575265700764413745e-01
-1.015417683760817313e+00
-1.110589754049247313e+00
-8.740449742097177177e-01
-1.001755857830743501e+00
-1.019454372590388402e+00
-8.260842409616525606e-01
-9.594373368746079711e-01
-8.885233860240642212e-01
-8.982275328756096355e-01
-9.129347529677656059e-01
-9.941358494996443973e-01
-1.067316961187779523e+00
-1.043158486785171091e+00
-9.523831693430815371e-01
-9.492643164048499838e-01
-1.009609631585798528e+00
-8.643513097626823738e-01
-8.553205830853053415e-01
-9.045085234470937596e-01
-9.707997294444917769e-01
-8.477509410294383763e-01
-9.695436389887954753e-01
-9.860169034552876965e-01
-8.854935251846854927e-01
-8.802610581087443320e-01
-9.407067611130748297e-01
-7.312505154854275213e-01
-8.657815042229852764e-01
-8.773926388146178201e-01
-8.851764854255048665e-01
-8.431895031182394806e-01
-7.614686122877470931e-01
-8.852845431297240442e-01
-9.121781725843269850e-01
-9.947737273329108065e-01
-8.905971419535423372e-01
-1.032927316516784266e+00
-9.749647991059052776e-01
-1.086780371580151172e+00
-9.281264996486852104e-01
-9.777126693872416618e-01
-8.486668994353935291e-01
-8.415727435050311955e-01
-9.665585002414686100e-01
-9.923906305156160457e-01
-8.413363349758483656e-01
-9.624288297414984594e-01
-7.868489158042717424e-01
-8.481194450710235477e-01
-8.552953522588608859e-01
-8.162956627129571707e-01
-9.480838162460435425e-01
-8.717938607059878553e-01
-6.981618611289209797e-01
-8.329589920242995715e-01
-7.955880947945608295e-01
-9.256770994517993234e-01
-8.362018384921177105e-01
-9.206314279307431514e-01
-8.604366327996870734e-01
-8.192329723693251298e-01
-8.195153742553418219e-01
-7.448832081261517191e-01
-8.346859026243882429e-01
-8.181834773783368542e-01
-8.136912397194474567e-01
-1.002905748943383246e+00
-9.360334490513596561e-01
-7.796536114811766227e-01
-7.922713091475812597e-01
-8.003699307263713036e-01
-8.990475728924758325e-01
-7.250334821272713670e-01
-8.661644980182099385e-01
-8.736755976203589569e-01
-7.168118744120357544e-01
-8.171027395511140101e-01
-7.861678783938714776e-01
-7.648207895673228007e-01
-7.554920053095049992e-01
-9.240837466534638223e-01
-8.378713122361586274e-01
-8.569692675745865795e-01
-7.646948028295962319e-01
-9.173206300788392387e-01
-6.988504316540394834e-01
-7.786336097266012279e-01
-7.388554600802821337e-01
-5.785299457256601885e-01
-7.756681905563425072e-01
-8.389214823417794342e-01
-6.753161098667466167e-01
-7.835668633595993526e-01
-7.972339546795893517e-01
-8.232640794118707417e-01
-8.478460560767367982e-01
-6.384781624893722807e-01
-7.265995658288132431e-01
-9.206263438437380930e-01
-6.740119913536801732e-01
-7.209029794869962204e-01
-9.008866507188567629e-01
-6.955675471058720971e-01
-9.866576202826995434e-01
-7.761912970434433623e-01
-7.692196536566954235e-01
-6.922300621699227774e-01
-8.553066411009804249e-01
-7.582841439649257165e-01
-7.955895710833639223e-01
-6.541762020219156204e-01
-7.602190353717452886e-01
-6.251076013024382538e-01
-7.072919987544546983e-01
-8.328212844510529678e-01
-8.266148313749681620e-01
-9.501081052008526484e-01
-7.527929493807484773e-01
-9.207076062570653807e-01
-7.098465316541500147e-01
-7.303769181810305655e-01
-4.468501862495356525e-01
-7.347904777531113485e-01
-7.096085587690237340e-01
-6.591202089153989085e-01
-8.358824505051785092e-01
-6.572713267788369285e-01
-6.756941560595600693e-01
-6.453648983682872542e-01
-7.265103330775818380e-01
-5.204089486016159061e-01
-8.450879084809520547e-01
-7.537489859405965831e-01
-5.670681738130310956e-01
-5.564335536696467521e-01
-7.448037247309264863e-01
-8.067640979821186775e-01
-7.010089586460954703e-01
-6.455692453718278045e-01
-5.992096519136024257e-01
-7.084854042372471516e-01
-5.920873359506476641e-01
-4.893652378625602539e-01
-6.600969641081327888e-01
-6.538474219672010257e-01
-7.049418102130202701e-01
-6.769585336627030880e-01
-7.057843483110283200e-01
-6.730160748982394470e-01
-6.162712922601641941e-01
-5.507013819138517619e-01
-6.954442378960814519e-01
-6.316849513018453210e-01
-5.989292825881424864e-01
-7.669282074138789040e-01
-6.600946471967316098e-01
-7.045601045388093508e-01
-5.813902363554065422e-01
-5.775633001836906200e-01
-5.663107095236632471e-01
-6.991111036701901371e-01
-7.592604840460456250e-01
-6.403953095369518955e-01
-7.365544023587360378e-01
-6.160860471940249328e-01
-5.326266708977045461e-01
-5.947781334259294450e-01
-5.404338830032386909e-01
-5.531919156080303823e-01
-6.607451687004974872e-01
-5.750277293844402449e-01
-4.916675019473137342e-01
-7.273243892307700298e-01
-6.611370674050317531e-01
-6.205500198585882643e-01
-6.208994021579273825e-01
-6.253697218829065152e-01
-5.394848548171071734e-01
-6.685930557204193825e-01
-3.827357157720425729e-01
-5.781499979581065096e-01
-6.157582684349662827e-01
-6.480690327944946816e-01
-6.771401067671579677e-01
-7.538065143024971215e-01
-5.603994272146397559e-01
-4.140796478004948322e-01
-6.438465774193021796e-01
-4.601140994737215606e-01
-6.508607737942424531e-01
-8.037066232413964117e-01
-5.004680604152128565e-01
-6.848435167395880985e-01
-5.624161404886833804e-01
-5.993772429173067628e-01
-5.060001180239165341e-01
-5.598780340604324612e-01
-5.328479541860733359e-01
-4.998622071445107395e-01
-5.006770969635593316e-01
-5.337436343099010161e-01
-4.942576473133588055e-01
-5.613248768685176193e-01
-5.453932535792345160e-01
-5.846505201566372101e-01
-5.696038366804817565e-01
-5.083888971785871513e-01
-4.044378555509246520e-01
-6.572422563945423679e-01
-3.095543449507435207e-01
-6.896011233053183087e-01
-4.811622985148530929e-01
-5.956299908989217684e-01
-4.890453610606269041e-01
-6.908924740159493316e-01
-4.957716341278418648e-01
-4.995202003754517506e-01
-4.831302260743430277e-01
-4.589259092815197727e-01
-6.672226412332949996e-01
-5.459519809641411037e-01
-6.222709510701698310e-01
-4.996106497443650318e-01
-5.517021111579016868e-01
-5.771882291815583210e-01
-4.483885940909337897e-01
-3.774587486509324297e-01
-5.113994578548314296e-01
-6.598753293516184115e-01
-4.954556385548138375e-01
-5.010779284351737362e-01
-5.459467942246821748e-01
-4.581579555860883501e-01
-3.909749912475948275e-01
-4.633808338385119185e-01
-4.762695273342602009e-01
-4.476244569775463811e-01
-3.952330426940678376e-01
-5.254997656066187073e-01
-4.263467732979877023e-01
-4.689997362508280254e-01
-6.034695869216313291e-01
-4.645947534313479288e-01
-5.512497254634197708e-01
-4.675406796353872019e-01
-5.666549345757897482e-01
-4.142762354091129584e-01
-4.544880466359398907e-01
-5.341480936948159730e-01
-3.328155827365882891e-01
-3.025309668641238403e-01
-3.626609212087852363e-01
-4.888881799659376970e-01
-4.953344245286767644e-01
-2.841112825594343527e-01
-3.998927225164523591e-01
-4.015161643937403824e-01
-4.254350710992256812e-01
-3.940054090206042692e-01
-4.466224963698268713e-01
-4.127899458513419884e-01
-5.621114925087469238e-01
-3.332812346666819137e-01
-3.633474887676795828e-01
-4.539846632731526777e-01
-3.290074270079399454e-01
-2.938248396665125162e-01
-4.331558017291953777e-01
-4.164862520607868768e-01
-3.155145063094387248e-01
-6.180612830855460871e-01
-4.453037560552933205e-01
-3.233238239280202819e-01
-2.843474155273250648e-01
-2.987877763439782952e-01
-4.484235120523562546e-01
-4.018400861468557350e-01
-3.999768744755675676e-01
-2.022756654325192638e-01
-4.248769384552488204e-01
-4.270498991162228197e-01
-4.015818049236152265e-01
-3.885971701811108403e-01
-3.080640434484150925e-01
-4.395075866972010248e-01
-4.791061324626540996e-01
-3.876076248843774441e-01
-3.261758620259038732e-01
-4.299097201554388237e-01
-2.547740625275999871e-01
-4.657445184126461912e-01
-4.737792724151574930e-01
-4.319111717468393508e-01
-3.442138136870687704e-01
-2.785052916280230662e-01
-5.163098554354959013e-01
-3.536465695333136927e-01
-3.427496073674779486e-01
-2.791269897413174439e-01
-3.677598100120489932e-01
-4.108135691061782224e-01
-3.691565183998432031e-01
-2.782700503646113321e-01
-3.486253629212719418e-01
-3.414868084247111302e-01
-2.187902176733378112e-01
-4.543713002408351631e-01
-4.670467200568408361e-01
-3.833759849298476463e-01
-3.506390085831962988e-01
-3.367331445608847118e-01
-4.022962932017441484e-01
-4.189293639021940963e-01
-2.105092372917458099e-01
-2.969886058760420888e-01
-4.013110743079862930e-01
-2.715662110550340902e-01
-5.058377668155880080e-01
-3.785552177217997860e-01
-4.373773242294521912e-01
-2.724784786937944903e-01
-2.091034636341723707e-01
-4.833481149434953883e-01
-3.493171497374236156e-01
-3.457984618532495835e-01
-5.277828668765058850e-01
-2.642101887751247546e-01
-3.330350396834116378e-01
-2.799820036732774131e-01
-3.073402563331922299e-01
-3.586353238336231208e-01
-3.032209973902512123e-01
-2.713589160062646055e-01
-4.101237837305560796e-01
-2.267679044354476980e-01
-1.655962879049250880e-01
-2.593619050514860969e-01
-2.634893031158592747e-01
-2.072254202146928681e-01
-3.589950613261869150e-01
-1.986569720058581900e-01
-3.027247788860604194e-01
-2.177382744647071433e-01
-2.427796439465407241e-01
-3.814365855418716533e-01
-2.384088084759724557e-01
-3.288171007072432372e-01
-4.014673527308039724e-01
-2.070029793728766221e-01
-2.549199406169492255e-01
-2.289951439750816942e-01
-3.261700461646381277e-01
-3.408701541784707190e-01
-2.972628491529260564e-01
-2.717976690857428212e-01
-2.947362847040202460e-01
-2.643343438398987888e-01
-1.936900668480006360e-01
-1.063762001752134312e-01
-2.664425373356476556e-01
-2.890212886371733014e-01
-3.412358376106795488e-01
-2.798053748283846343e-01
-2.018371573882273284e-01
-2.551742372595039964e-03
-2.781600258837644279e-01
-2.242919252006199682e-01
-3.036765222650179563e-01
-3.153283378719288210e-01
-1.817216180421659388e-01
-5.481170208476026512e-02
-2.091474466909661323e-01
-1.738617578652492945e-01
-1.879013402191835880e-01
-1.883195659259119248e-01
-1.439878108459354544e-01
-1.623699444134998060e-01
-1.785757622053344151e-01
-1.539446493687937068e-01
-2.750966354112040491e-01
-1.345856045165406689e-01
-2.263078123253264851e-01
-2.260723582701480439e-01
-2.825548080959476294e-01
-2.068839027076685988e-01
-2.626562181107784943e-01
8.265717856249401793e-03
-3.497961924439825787e-01
-2.641749201502849864e-01
-6.865444694878898579e-02
-8.424998319146716208e-02
-1.858296793960307336e-01
-1.926067251181949047e-01
-1.945947530587593954e-01
-2.108050871874792564e-01
-1.595313067674673513e-01
-5.373973098323193975e-02
-3.262951596731367698e-01
-7.130159207462941073e-02
-1.578578606932831696e-01
-1.837615937864681970e-01
-2.720413902008379514e-01
-1.017777284326832204e-01
-2.325800832015649244e-01
-1.020404047866756009e-01
-1.171885644311922159e-01
-1.682918476885523346e-02
-1.700773612200449092e-01
-1.844574030611280113e-01
-2.757741265875457426e-01
-1.392012022824908601e-01
-2.088408682105054870e-01
-2.288064581622595017e-01
-2.277392786674664049e-01
-1.538427484984461191e-01
-1.677715862171878236e-01
-1.014775480565708460e-01
-7.429300479327424767e-02
-1.457420866979357299e-01
-7.207268843592494478e-02
-9.185716695455493908e-02
-1.330909776208435147e-01
-9.385894418429192865e-02
-1.707519851632227637e-01
-2.854410575024015073e-01
-1.799692126503910639e-01
-1.499463174296130630e-01
-1.475449606947912828e-01
3.237146236033087987e-02
-1.559928322767115128e-01
-1.007771083670774975e-01
-1.940557869885294884e-01
1.405681918938204121e-02
-2.761097932924774789e-02
-8.078528739189258512e-02
-4.207300612135810719e-02
-1.745228170245502752e-01
-3.026568253833556432e-01
-1.351037862161010017e-01
-2.009219039705871235e-01
-1.077269065184031233e-01
-1.251372523247012702e-01
-2.133755284524479490e-01
-1.801683081101214390e-01
1.666050659130359143e-02
-2.099564199712064538e-03
-6.883817350828219661e-02
-4.451258102742601530e-02
-6.075699544389121833e-03
-1.914696557832033241e-01
3.896168830256625804e-02
-3.019976846624433317e-02
-2.606835288862949240e-02
-1.566395175574698539e-01
-5.872254965941084426e-02
-5.589759166066132767e-02
-7.888301521404751659e-02
-7.497999357461254677e-02
-1.982351903022141759e-01
-2.443497042732830152e-02
-3.434617161427910847e-02
-1.296512575704659824e-02
-4.620312601707779465e-02
-7.993489547856942601e-02
5.484166320565374286e-02
-6.029123158561432161e-02
-1.381336205812939422e-01
2.544837362099807224e-02
8.166123263853328207e-02
-1.542025355946283482e-01
-5.037065502704544950e-02
1.998513692135595390e-02
7.328943095682421971e-02
1.055469788116225952e-02
-2.902140436119764189e-02
-4.732715857713912927e-02
4.890065073285438518e-02
-7.764234162744575174e-02
1.828338046019620799e-01
2.675115059467702509e-03
-2.215238840656494693e-02
-1.222510028872808990e-01
-8.519192212989719348e-02
1.000824078455124638e-01
-6.265737623599823558e-02
9.639018481233109503e-02
5.088958151104865796e-02
9.406503540393913732e-03
1.264591100921165327e-02
3.443989503846783817e-02
-1.262803688481069567e-02
-7.013512307359907015e-03
1.056698410611724287e-01
3.102329956697727487e-02
-9.041775557311904077e-02
9.189327712676186033e-03
5.091173433767820500e-02
-8.052179828089928160e-02
1.014630824562708956e-02
8.363475042429320550e-02
9.157154793761286549e-02
3.497761157625463996e-02
-2.612172356322348676e-01
-1.816458904974926902e-01
9.304016841763175505e-02
1.197912660220230296e-01
4.456456517695726871e-02
5.635892496728231449e-02
1.483915501232251598e-02
-3.525054819533215977e-02
8.616849696031037009e-02
3.357786329148464838e-02
4.816687788620907518e-02
1.609131957459923323e-01
1.727335046071393765e-01
9.093662152928710940e-02
-2.129301908582402134e-02
9.780173029938050988e-02
-9.811168985226628031e-03
9.682963574823903741e-02
1.441114704191117646e-01
-4.363748048500715182e-02
3.940767321549959457e-02
1.859781037572396101e-01
1.235642743197158146e-02
-6.939681696307149761e-02
8.299400475103468899e-02
1.686702212354669050e-01
-9.916470820459957064e-03
1.493882626814106995e-01
-9.292846496058795869e-02
1.146716472713973506e-01
2.723673225474035689e-02
1.504927313080862694e-01
1.546021471637465949e-01
1.583092483785962512e-01
-7.241142378165126015e-02
6.831801927811023689e-02
1.069541792445198591e-01
1.317053497527624628e-01
8.892954568446732877e-02
5.175413023413964059e-02
1.886033278893330667e-01
1.289208648343884434e-01
2.179374599992933703e-01
8.708756265431688570e-02
2.968322307655580361e-01
2.046464952796218373e-01
8.122347531102459828e-02
1.356377816678514849e-02
1.666098765668531656e-01
2.676983259566546591e-01
2.338503693995593047e-01
1.150415493288092089e-01
-3.076378905711723080e-02
3.866288144656073594e-02
1.948888365996196415e-01
6.835016551504607962e-02
6.076252613862952873e-02
1.310303718831971886e-01
1.933827103359264665e-01
2.159047433689848527e-01
4.484369898212420963e-02
3.095503955610742763e-01
1.421503084444044052e-01
2.306712425288207635e-01
-2.974273339430249380e-02
1.964059502735042984e-01
6.000829754344674111e-02
3.075664739616656984e-01
2.674464286605963692e-01
2.168689041079601698e-01
2.475978637270450644e-01
8.082468660446244513e-02
8.701763402310186413e-02
1.456351341391931842e-01
1.122631434044451815e-01
2.352640603751867121e-01
2.900051036507723667e-01
8.986222533819117342e-02
2.792215884391843206e-01
1.670612027724296123e-01
1.629297220980519267e-01
2.190055395334345179e-01
9.165736644327268645e-02
3.598869004312169051e-01
2.922695955774575194e-01
-1.487830108425503483e-03
1.047933922065073381e-01
1.874635965884033639e-01
8.397378964012053304e-02
2.410965265971052596e-01
1.086661830685664992e-01
2.226834312554888118e-01
2.651005078244857427e-01
2.723917591035317498e-01
2.758865187174833200e-01
2.662855251861390715e-01
3.433267835548686198e-01
2.916686486134562051e-01
1.597779901703043903e-01
1.630891369112104639e-01
2.542703524084335975e-01
3.226240864767090932e-01
2.977391998140418439e-01
1.599022781509785718e-01
2.104806634208755689e-01
2.448581674993597634e-01
2.690049100621046407e-01
2.942724783631871510e-01
2.706973560279354873e-01
1.063640856896568149e-01
3.061092029294212313e-01
2.240226515226270976e-01
3.251152522943672740e-01
3.817592911439209868e-01
3.013433292937167107e-01
1.570649143012851634e-01
2.710178957710870917e-01
2.005432749573359263e-01
2.446677218015372579e-01
4.144660277354079159e-01
4.327646553692087172e-01
3.279317409030066410e-01
4.047046274047601533e-01
3.317404049865189108e-01
1.946938583911330678e-01
4.654454640478906113e-01
1.830762076073229883e-01
2.900506252903145565e-01
3.912403777104901392e-01
3.199615054174411721e-01
3.747195854478466703e-01
2.608416817027803258e-01
2.463378576600709913e-01
2.641658380508918325e-01
2.838523827622380091e-01
2.902094388168706685e-01
2.936804420257627668e-01
3.902651993088688265e-01
3.707794174355313888e-01
4.075748053530974246e-01
4.852232150663055021e-01
3.711893780434757373e-01
4.067663062853784650e-01
2.709936633211699197e-01
2.708959944175598489e-01
2.313388420988199135e-01
3.057642683556008323e-01
3.107946173413806967e-01
4.184383224426941883e-01
4.882056974074424627e-01
3.298860627544739077e-01
4.446600211282246695e-01
2.478866519242801103e-01
3.821906238061282823e-01
3.565094840103299467e-01
3.484921707223845311e-01
3.590786349724637838e-01
4.853851731155212623e-01
3.221356774137643653e-01
2.782221264953787521e-01
5.012675666375326911e-01
3.502675987377472100e-01
3.651684428436788310e-01
2.520475242663520188e-01
4.898263285230992081e-01
4.384680238155364007e-01
4.470684808881568717e-01
5.369492619597090455e-01
1.893615778566530294e-01
3.162841547592483149e-01
3.629248609579941443e-01
1.572441910721745217e-01
3.288792879099436406e-01
3.557784896301336985e-01
4.176413816243593202e-01
2.993519902720609971e-01
4.817365828366962921e-01
5.167940813679257062e-01
5.161787696189490404e-01
3.760448456343522539e-01
2.681708589689138500e-01
3.446676940114359877e-01
2.983076985790376612e-01
2.911471489404770518e-01
3.367283652702266483e-01
4.339273727270873127e-01
4.977964539321679815e-01
4.794655590363409159e-01
4.840051459020530689e-01
3.361044283678357725e-01
3.671298033373236458e-01
4.920193656456748332e-01
3.931847888529419466e-01
6.017947779750598691e-01
4.884301594943827318e-01
5.057243490482852266e-01
3.957707206836789671e-01
4.022094422328910124e-01
4.597695062775312147e-01
4.653460331110787496e-01
4.233530701489120474e-01
5.412150895264008499e-01
4.212561249260028950e-01
3.963191969612419041e-01
4.438514771514049384e-01
3.682228736404448699e-01
3.541795594457309848e-01
4.035376804840790088e-01
4.025738160947407440e-01
5.107885553090343311e-01
3.603635913780338651e-01
3.619495758067565738e-01
4.986138308254421947e-01
3.275465140116002316e-01
3.450402898309742894e-01
4.340858656181638686e-01
6.500121958554283541e-01
4.155499675756775257e-01
2.778661885712980228e-01
6.522048934865504188e-01
4.160802435271050426e-01
6.469443783745898457e-01
6.010034038222973329e-01
5.062439131125083813e-01
4.692329138205098560e-01
4.624120836850095229e-01
4.499383021822346840e-01
4.073481535965985945e-01
7.782616530270443089e-01
6.082006733827364231e-01
6.297550768677467881e-01
5.674898156604371025e-01
5.407197753740060620e-01
4.542670158555129900e-01
5.991554098031715014e-01
4.904996625741047112e-01
4.621180360182041147e-01
5.455776603290332094e-01
3.548836782166210901e-01
3.462080590659116774e-01
6.661360693641618091e-01
5.154239686821080468e-01
5.651208183358102932e-01
5.470690474922377255e-01
5.671695179421012423e-01
4.966496100297751459e-01
5.632558630533465172e-01
5.824921071806324901e-01
3.233280236743965030e-01
5.655802146504974592e-01
5.897559493816895149e-01
6.275072557386552896e-01
6.069354583533366210e-01
6.595891780098910306e-01
5.634827654261088670e-01
5.622324365905101429e-01
6.052324299288922571e-01
5.563425076087303855e-01
5.493186966503247337e-01
6.048257422601694966e-01
4.963167618694110383e-01
6.062964702798833150e-01
5.015138654719424327e-01
6.736791693135457670e-01
5.391755144676584344e-01
5.902519212418723127e-01
6.613531943139669966e-01
6.486565263398064163e-01
5.416808958798375873e-01
6.606257298585758164e-01
5.941834802632205426e-01
5.456315944900035353e-01
6.539797028088892850e-01
5.881319391488605275e-01
6.132625170234662360e-01
5.441823203034328316e-01
6.656335255892230629e-01
6.072401305991457221e-01
5.971210535600424141e-01
7.058411819987174818e-01
6.004604958545446403e-01
4.409918861224745856e-01
6.220463667899032156e-01
6.038058878876721991e-01
7.182388554939532765e-01
5.233113853424389283e-01
4.525320082347492612e-01
6.718243616101594595e-01
5.133959930354239365e-01
7.158112461023723450e-01
6.620035964998526312e-01
5.207878980326389184e-01
4.975094939759121537e-01
5.482715527441650583e-01
5.781761013497332957e-01
6.560370074920207628e-01
6.233251164837646519e-01
8.181045240787843120e-01
7.526711488052468813e-01
6.764616426853649056e-01
6.390396830445606025e-01
6.404013050447000532e-01
6.356412690864012838e-01
7.084498477955534224e-01
5.516369895650766741e-01
7.423945499117285962e-01
6.493553948528097974e-01
6.830002323999614378e-01
5.175822263752501984e-01
5.416134646896352267e-01
7.673234725388340394e-01
7.239563307812106885e-01
6.830628048932180230e-01
6.772636914479694958e-01
6.852008745356169550e-01
7.297135171538248199e-01
4.675632201388900677e-01
7.819459662360408458e-01
6.869353839361536096e-01
5.721025251799014555e-01
7.692352056541137406e-01
6.934100744922123694e-01
7.294124194498018410e-01
6.511419957413898674e-01
7.597292928014925950e-01
7.175793128159326795e-01
6.000077355764069642e-01
7.050158369053534102e-01
6.265953473565636367e-01
7.736380448516214647e-01
7.223878662517486671e-01
7.171007358646168672e-01
5.580963741405906564e-01
6.682743260239996097e-01
9.315390887321229885e-01
6.034707360546099908e-01
5.501942708297833384e-01
7.019686487139118469e-01
6.195904778610191732e-01
8.935730679268305554e-01
6.673557373812351035e-01
6.801569603663693009e-01
4.797198925789492030e-01
6.314483678255673471e-01
6.437329538897640369e-01
6.499409327244934920e-01
6.531897365596763816e-01
8.521040802902972722e-01
7.669305099108471024e-01
7.230850721295707384e-01
6.877057423574365336e-01
8.018655235166705086e-01
7.390684242907937795e-01
7.939130273267709370e-01
6.829399311929529315e-01
6.744671379379503229e-01
7.850964383626438670e-01
7.068882470199611134e-01
8.218218029962199855e-01
6.345653222741758359e-01
8.307183377340703334e-01
8.360167756840058972e-01
7.370434900058415728e-01
8.004456929337057103e-01
7.053563318408483385e-01
7.794833917035571824e-01
7.186508250684492394e-01
6.728036142313549295e-01
7.474699656727763486e-01
7.906830480271325179e-01
6.479291871541660308e-01
8.653726168468972579e-01
7.751061641115234435e-01
7.454514220449589557e-01
7.776633226553972822e-01
8.459259700333829901e-01
7.454718141230428641e-01
9.074141787439969908e-01
8.007325012207144876e-01
9.873087859438773872e-01
7.949739199317593652e-01
7.586804434890539461e-01
6.799184239482379821e-01
8.034619390800554761e-01
7.279558011846963828e-01
8.344709183588809864e-01
7.018535462656585455e-01
9.030890442991280631e-01
7.794365136253500470e-01
7.857498036546475273e-01
8.788610729362910101e-01
8.010023593555982702e-01
8.712799864835049091e-01
7.939206507397533752e-01
9.336872043562053358e-01
8.569544456927837839e-01
6.406267798561985360e-01
8.181843293120265592e-01
8.813993861896042281e-01
1.005624351644700099e+00
8.756996161459754680e-01
8.824899210072181255e-01
9.034429222581760177e-01
9.142002343743007575e-01
6.833149233560412705e-01
1.056734310097703355e+00
6.877518275728158326e-01
9.782310090502596145e-01
7.899997104700922090e-01
8.705229023309143388e-01
1.003540430846806331e+00
9.658987354146190141e-01
8.166767373310783729e-01
6.798163166759749743e-01
8.739366825256101867e-01
8.678227723071089139e-01
8.608644039680667381e-01
8.068497918236992028e-01
8.403407669618319087e-01
8.924685707458205330e-01
9.215472036216907359e-01
9.252618569307862195e-01
9.656088440035718312e-01
8.870483759060726614e-01
8.648037968645124751e-01
8.307367198700905675e-01
8.565969820649412814e-01
8.305422563299202920e-01
8.267961289166561034e-01
1.093262233574514575e+00
1.006294786860129742e+00
8.973714343267792382e-01
8.796122598690641059e-01
8.268762087982879372e-01
9.163669843460588993e-01
9.454962033182033876e-01
8.486556704243413130e-01
8.787077375456636696e-01
7.850509060978310139e-01
9.486538683532489413e-01
9.804302060072743741e-01
8.700838176473907337e-01
9.313947170644130136e-01
9.197013519632537548e-01
9.176796172623433723e-01
9.541397849781722007e-01
8.536600876353456213e-01
8.441476352057966093e-01
8.691611008886200862e-01
1.003798252247743772e+00
9.278091539374275776e-01
8.995326078611906029e-01
9.115001280653430848e-01
8.087971479540498887e-01
1.070671694401728047e+00
9.254782157781205054e-01
8.960054122173281010e-01
8.928042002951779299e-01
9.503061127791720963e-01
8.563391613582298501e-01
9.014231645960171235e-01
9.822363075025075663e-01
1.032941494842821273e+00
8.953218637137038138e-01
1.003679045714336304e+00
1.110016792579748390e+00
9.856580275515464118e-01
9.721107033293132638e-01
9.729620073753114662e-01
9.617284918070196920e-01
9.886672479853807483e-01
1.049036329121604938e+00
1.154034510880253883e+00
1.018200553654792895e+00
9.143112638923760471e-01
8.481542853574629559e-01
1.188919556641056419e+00
9.358414301250953526e-01
8.559055920875257017e-01
1.078197056538809040e+00
