-8.685536359249814709e-01
-1.098495444360696016e+00
-9.557246344208232269e-01
-1.029546121486763388e+00
-9.466502784827582895e-01
-9.914781524621109066e-01
-9.659170921018870315e-01
-9.886865323731287569e-01
-9.445983234257814276e-01
-9.839377824801250894e-01
-9.722317625134136998e-01
-9.643701622047982092e-01
-9.940138872020209959e-01
-7.196344092030387829e-01
-9.147338353249364618e-01
-7.485839401905344248e-01
-1.030616063011330796e+00
-9.782339726943952707e-01
-1.034183650793480291e+00
-1.123561876215743993e+00
-8.748848597609129030e-01
-1.035225575064719017e+00
-1.020873287199505652e+00
-8.156519775027828434e-01
-9.649919482744355737e-01
-8.846296601391785419e-01
-8.958924052021011164e-01
-9.022176383980047287e-01
-9.753238034034121817e-01
-1.059438523040157953e+00
-1.029265273245974166e+00
-9.480764647044988003e-01
-9.516696021164208208e-01
-9.995102686603980491e-01
-8.866474416735914410e-01
-8.777134830624637729e-01
-9.309926727002024727e-01
-9.863081691875050794e-01
-8.806044410721129978e-01
-9.789093896658959126e-01
-9.777030479720736356e-01
-8.731735272204924625e-01
-8.704152343844974160e-01
-9.527734378371842672e-01
-7.204737120933814021e-01
-8.606906365331036257e-01
-8.932675021013676275e-01
-8.694373129617546381e-01
-8.664908183017603349e-01
-7.454391509257047854e-01
-8.840691473314589155e-01
-9.298840316891185953e-01
-9.797863238941103559e-01
-8.767578801103925734e-01
-1.022643119055081984e+00
-9.671197984368584688e-01
-1.077643632101764837e+00
-9.138841714538290528e-01
-9.775587755461581096e-01
-8.508049837579524377e-01
-8.332812903955110206e-01
-9.738607307824924675e-01
-1.003396610651181353e+00
-8.492595936244105026e-01
-9.662549669950086795e-01
-7.875856103959606447e-01
-8.533360795858063730e-01
-8.570634587568304319e-01
-8.182366378707536247e-01
-9.609189146201100318e-01
-8.682085137430439747e-01
-6.884924693294218745e-01
-8.238304810243478604e-01
-7.928217303027430551e-01
-9.143919621547671461e-01
-8.386218331918203761e-01
-9.374492358229695732e-01
-8.669412068085752265e-01
-8.215959784776130093e-01
-8.247954366824632455e-01
-7.608774897317810426e-01
-8.330108343169609908e-01
-8.270203943651991407e-01
-8.253917490812637814e-01
-1.014345128988981548e+00
-9.310415727826589771e-01
-7.855926526167247292e-01
-7.817443748721993879e-01
-7.916034400200165910e-01
-9.095148566208809404e-01
-7.214833009247751949e-01
-8.880492672409957544e-01
-8.427701968179325265e-01
-7.513019611934321773e-01
-8.337863756291827855e-01
-7.874439356027728154e-01
-7.599959773679947350e-01
-7.440150695014702276e-01
-9.040628652952878985e-01
-8.678005074317397538e-01
-8.324005297412441218e-01
-7.503593157052577123e-01
-9.374402922332637500e-01
-6.992481682707080148e-01
-7.957008176306911151e-01
-7.117732931413105479e-01
-5.827159020233106945e-01
-7.760360423765346738e-01
-8.780583156917152188e-01
-6.718207501273019133e-01
-7.776171915200204010e-01
-8.070029476006964630e-01
-8.355959050714550918e-01
-8.602205189056305601e-01
-6.229061047818951202e-01
-7.233796492115370791e-01
-9.212473488424206547e-01
-6.900887353400518842e-01
-7.311261859189301937e-01
-9.053358062050366195e-01
-6.997978758906938657e-01
-9.988108899911792848e-01
-7.505261384355267351e-01
-7.620886342514892053e-01
-7.117383956366647446e-01
-8.595566398971856703e-01
-7.563323160908086429e-01
-8.010833409649679160e-01
-6.582082287347775784e-01
-7.607802210914865748e-01
-6.210069400745259482e-01
-7.100104026055178430e-01
-8.207267561856533833e-01
-8.250560976321086315e-01
-9.751540978199217946e-01
-7.244763543709574760e-01
-9.243274005217191336e-01
-7.070997700094230343e-01
-7.142262994603790771e-01
-4.466838330247357991e-01
-7.330814833730919799e-01
-7.074100698349036209e-01
-6.559626235507411973e-01
-8.472555416648114290e-01
-6.808537119183981634e-01
-6.496339406438784714e-01
-6.349347955879798278e-01
-7.289379991745882359e-01
-5.522590606393457113e-01
-8.432286265353673427e-01
-7.607187829953077074e-01
-5.501003650964707559e-01
-5.702327549040483445e-01
-7.557986263276725847e-01
-8.094513839925279175e-01
-7.086201720626137401e-01
-6.344713836489624947e-01
-6.408237426654954660e-01
-7.125935652442992874e-01
-6.267058960362295039e-01
-4.717018634656179876e-01
-6.623770092874157189e-01
-6.426171793665763632e-01
-6.991782657737294349e-01
-6.913130607697026697e-01
-7.263666724350621440e-01
-7.021219774157102522e-01
-6.114832908887920526e-01
-5.708545725192578635e-01
-6.737614839686156820e-01
-6.393636416930288391e-01
-5.900885449864486931e-01
-7.645636091771742526e-01
-6.710148581018233749e-01
-7.213043765774598270e-01
-5.828990844893301437e-01
-5.779369406359904371e-01
-5.887322814745292732e-01
-7.186217328220583234e-01
-7.439526210885201163e-01
-6.422211410185059144e-01
-7.399242868632361914e-01
-6.300073266218051415e-01
-5.416493114393560182e-01
-5.879918583753127592e-01
-5.478626293419769366e-01
-5.347856777883661650e-01
-6.705606346262431572e-01
-5.787318657335810412e-01
-4.758882081258233865e-01
-7.196466502594616177e-01
-6.454269620509330840e-01
-6.323472671851234628e-01
-5.953491548394269639e-01
-6.223326466181273720e-01
-5.241299048580496667e-01
-6.531873438856180547e-01
-3.683424404130410945e-01
-5.810191589088161690e-01
-6.310287775137229938e-01
-6.286427352515375766e-01
-6.854849599473580302e-01
-7.660022433988800117e-01
-5.473990695422683572e-01
-4.347177240156579470e-01
-6.429967810408302453e-01
-4.590062083701973439e-01
-6.467072772092178345e-01
-7.817424230381164740e-01
-5.038301881350460976e-01
-6.974931468820033675e-01
-5.869754248859078150e-01
-5.749137280330537392e-01
-5.054002365495570137e-01
-5.815809964839023793e-01
-5.435799681506224834e-01
-5.058664254565724550e-01
-4.900857168661258978e-01
-5.523828996588086016e-01
-4.881378544447296242e-01
-5.606419971443843409e-01
-5.416727982754065973e-01
-5.872914069956979288e-01
-5.643503136170257006e-01
-4.985521311750585882e-01
-3.995632008377525413e-01
-6.889093341502792178e-01
-3.053528560524982893e-01
-6.704571052027603617e-01
-4.719535015397238187e-01
-5.859671041457062968e-01
-4.871980867185975450e-01
-6.891429155528071560e-01
-5.025831514787730825e-01
-4.855045984695177674e-01
-4.870562010766034122e-01
-4.730178414763170913e-01
-6.669067840905729128e-01
-5.424761151985509899e-01
-6.315220347414639557e-01
-4.918811680341032555e-01
-5.588174670147845191e-01
-6.019726259605437946e-01
-4.493392537691312527e-01
-4.086788608562037517e-01
-4.878026677369831643e-01
-6.526815987161885824e-01
-4.905703906013978433e-01
-4.987149715877257083e-01
-5.620220295746556349e-01
-4.469586332483074798e-01
-4.003465857060360400e-01
-4.609096914377590060e-01
-5.026880201950263416e-01
-4.478414558627282771e-01
-3.854335588737721752e-01
-5.269423053588111472e-01
-4.267248015402727579e-01
-4.646695948916255148e-01
-5.930504380096046635e-01
-4.657953750559092332e-01
-5.569529377108978219e-01
-4.830789502131081492e-01
-5.850078542555453565e-01
-4.155791301182714670e-01
-4.451274393122716666e-01
-5.319150630108729905e-01
-3.579961231584528059e-01
-2.815760635190726058e-01
-3.679845305095116315e-01
-4.943567184984812291e-01
-5.120797796844546168e-01
-2.796070673904338388e-01
-3.848775759278421638e-01
-3.866188203072076224e-01
-4.337712265743257078e-01
-3.679869377500928351e-01
-4.354164219384450973e-01
-4.237576702695965980e-01
-5.814776938982713084e-01
-3.477475394548483201e-01
-3.449957078127408039e-01
-4.548957864096317416e-01
-3.403164928418833668e-01
-2.980375657599788619e-01
-4.221395019072708976e-01
-3.971468761265861680e-01
-3.094661220772474963e-01
-6.221439772284265146e-01
-4.444092822353542527e-01
-3.229353482625649252e-01
-2.930069591877250690e-01
-3.223164716044406020e-01
-4.404795259404163388e-01
-3.821947068236262179e-01
-4.047399693419145295e-01
-1.914185853539743798e-01
-4.114095018215889188e-01
-4.266928772933302194e-01
-3.957102901033420772e-01
-3.642393258177206161e-01
-3.345508314305194464e-01
-4.194233166188995887e-01
-4.683974289614996622e-01
-3.827099918492968822e-01
-3.309863429700966031e-01
-4.279268781779439479e-01
-2.626501343298223157e-01
-4.701981829696122994e-01
-4.658251593006575431e-01
-4.284251465603424736e-01
-3.238091738866504254e-01
-3.075922481467097680e-01
-5.226853165291968084e-01
-3.526214971009984933e-01
-3.388504886445262154e-01
-2.808026752897639367e-01
-3.600896204138206436e-01
-3.856757752164746145e-01
-3.704982221830707134e-01
-2.880977185100079829e-01
-3.319143302617467151e-01
-3.301763598501394892e-01
-2.149544181827824918e-01
-4.384928460914059301e-01
-4.765043637892387163e-01
-3.993804503902363967e-01
-3.508887078397009418e-01
-3.090117625446803795e-01
-4.054302915683164477e-01
-4.270638026147274280e-01
-2.291434982347414218e-01
-2.954573963962955352e-01
-3.971915373557077800e-01
-2.799391447023549806e-01
-5.179704071397679410e-01
-3.776814592086162881e-01
-4.282642089226017523e-01
-2.516003849554945826e-01
-2.052909965352448241e-01
-4.729767930216150496e-01
-3.859414525702793419e-01
-3.377776204477380695e-01
-5.008249214286393247e-01
-2.564379942280392011e-01
-3.585346886092121710e-01
-2.709334417453098109e-01
-3.347055085517220419e-01
-3.417012074180322823e-01
-2.996555468946707212e-01
-2.721288083648734091e-01
-4.174618123306648720e-01
-2.269480306432717087e-01
-1.474418215544396060e-01
-2.692448213244804656e-01
-2.576892787805531992e-01
-2.077562208655756304e-01
-3.428531882780749274e-01
-2.082453816850170225e-01
-2.951455969231476795e-01
-2.386482695974432022e-01
-2.356323288981385378e-01
-3.835440555917649652e-01
-2.183016181478282525e-01
-3.418916541508720264e-01
-3.826622222663179640e-01
-1.940593393040903614e-01
-2.552469544338566987e-01
-2.420136614989239210e-01
-3.103054766321042268e-01
-3.440252965844879940e-01
-3.117005034002379160e-01
-2.616878949672486465e-01
-2.793889633840524467e-01
-2.764489832916061651e-01
-1.880149151577906186e-01
-1.312886161503853955e-01
-2.497014537773948051e-01
-2.808237410236673059e-01
-3.271593565765536504e-01
-2.331475650618630713e-01
-1.950820424308505885e-01
-2.867993030977877486e-02
-2.869830542278703489e-01
-2.354923636138137877e-01
-2.976505471675571779e-01
-3.376260394082951644e-01
-1.911290904793328804e-01
-5.390305491205506228e-02
-2.139897547585087600e-01
-1.816017181817347614e-01
-1.791348711114186254e-01
-1.780296372689806894e-01
-1.629616007268752109e-01
-1.731748943617101855e-01
-1.836997830710130619e-01
-1.396317511363857899e-01
-2.852880901570097882e-01
-1.491392803046384663e-01
-2.071174084657589620e-01
-2.342622195138442942e-01
-2.763072497801517535e-01
-2.224478813062792659e-01
-2.393056532002426906e-01
8.787330897586220074e-03
-3.408433210619096210e-01
-2.645204415974178880e-01
-7.742369349290371960e-02
-8.460514231544584429e-02
-1.767729524355405868e-01
-2.255751352977799495e-01
-2.123418713962397508e-01
-1.970030797751587126e-01
-1.506170642422984540e-01
-4.174399266472632319e-02
-3.283733486263658019e-01
-6.537480059801474563e-02
-1.637718152857451370e-01
-1.846136939137908994e-01
-2.479928936259621075e-01
-1.072506914912464970e-01
-2.357550524024134286e-01
-8.371298689236369994e-02
-1.181527255315448222e-01
-1.876661636610849060e-02
-1.995303001111892183e-01
-1.911922170924701680e-01
-2.642577501230069514e-01
-1.377663735634299114e-01
-2.141474732595845254e-01
-2.105180550349013691e-01
-2.213339376820278037e-01
-1.664851985044897564e-01
-1.791111763653481237e-01
-1.150826262858604399e-01
-9.983116521156656931e-02
-1.310131764919308106e-01
-6.384523992169280349e-02
-1.096268376930748800e-01
-1.402407405852860167e-01
-1.173720707896615117e-01
-1.478887875733322921e-01
-2.821262691980859216e-01
-1.893502220702885375e-01
-1.408124716641266927e-01
-1.299507412206560020e-01
4.496101525567625101e-02
-1.361183328774260848e-01
-9.623836632081979314e-02
-2.257077952455505410e-01
1.738263385007107059e-02
-3.000313834017480363e-02
-7.251838093102795646e-02
-4.123034500506814887e-02
-1.694057014056685739e-01
-2.999140707250956273e-01
-1.204800339943328108e-01
-1.823217491779300925e-01
-9.935208101643967782e-02
-1.293671533741950208e-01
-1.866416202590051587e-01
-1.773284841328554573e-01
3.827432664132946957e-03
8.128035426999505667e-03
-9.000297117574343475e-02
-2.899864506468500733e-02
5.331780327168742992e-03
-2.071884275171410883e-01
6.415339421257776342e-02
-1.734161557586941585e-02
-1.196630832879682672e-02
-1.541797663815837882e-01
-4.337992028553129542e-02
-5.525448854329298443e-02
-8.509100270695474366e-02
-6.319210877175669705e-02
-2.021406006101347796e-01
-1.788978380480485061e-02
-3.890575020660445860e-02
-1.713575978190251189e-02
-6.454041906355297009e-02
-7.177116797621357902e-02
3.486417186717811340e-02
-3.405438997301605403e-02
-1.609538587491566863e-01
1.462711943021209604e-02
6.729207956094024334e-02
-1.515526279124601028e-01
-4.572601240839595932e-02
1.096624584106477111e-02
5.256996019890652905e-02
4.131190034066208050e-03
-3.756321846462619407e-02
-3.219606260205656184e-02
5.627705862369099254e-02
-8.249128213986926805e-02
1.691558672309714795e-01
1.253739359944650716e-03
-1.108215411199867106e-02
-9.999631054064517244e-02
-7.635831795717226700e-02
8.710531260052367664e-02
-5.431092577830567980e-02
1.056671306644517416e-01
6.547566090579190479e-02
1.888129649500771418e-02
1.312145747823433364e-02
6.706325169987435719e-02
-1.795764722790576737e-02
-9.044659085725442402e-03
1.242556306027268326e-01
3.124483962348102717e-02
-1.029175007100238126e-01
2.105760241839892827e-02
3.966848361426678765e-02
-6.330414956839468255e-02
1.767702755813329099e-02
5.729504882599041615e-02
7.769016490998678637e-02
4.374709845913880152e-02
-2.748712551033452578e-01
-1.890487913735218184e-01
6.348409087532683182e-02
1.006976119938627762e-01
3.717797068667569316e-02
4.012576023030822725e-02
2.659041222347438213e-02
-3.340671522711904234e-02
7.705390325323657752e-02
3.338972692694969907e-02
4.682995496281169845e-02
1.502262557974307633e-01
1.809405521196419120e-01
8.191886375878411342e-02
-2.120895053923987569e-02
9.941083066007495861e-02
1.340988908285814692e-02
1.105568590427235265e-01
1.570172927589423006e-01
-2.395749347874998741e-02
3.994791360639531747e-02
1.911066491040377957e-01
-1.641812473395415015e-02
-6.809404603333167605e-02
1.000090275170781168e-01
1.500320150869342839e-01
2.045818636899536871e-02
1.543235806826065704e-01
-7.922664749501322212e-02
1.062019100014326978e-01
2.182922179233177246e-03
1.217771609013390405e-01
1.564274181677918485e-01
1.681656634722564492e-01
-5.712497147421737032e-02
1.107945690744937123e-01
1.174937156358811380e-01
1.113658141728962603e-01
7.177820592206864136e-02
5.656269328345098213e-02
1.799074068440190965e-01
1.284448388851034961e-01
1.740984113251456133e-01
8.037458763292458508e-02
2.876145247663818849e-01
2.366375020212773406e-01
9.267266856825555343e-02
3.101617810900636138e-02
1.359119290154674753e-01
2.697768556300227938e-01
2.190774530634506667e-01
1.185565156861307090e-01
-3.250850653816800273e-02
3.002742877253053791e-02
2.225090754801956616e-01
7.578808237231007827e-02
6.662843980505639419e-02
1.502348468351307753e-01
1.699261102502361287e-01
2.364175956686984936e-01
4.372242194730855541e-02
2.755338379957175676e-01
1.380236881733210297e-01
2.093396687194132022e-01
-2.914823752419996861e-02
1.931699218430334153e-01
8.398667731676023873e-02
3.022512349127252640e-01
2.601686360313490987e-01
2.358362537935204395e-01
2.414204976120624957e-01
8.155739371745931998e-02
9.189051139670792456e-02
1.308960590455963136e-01
1.146069142924604628e-01
2.199863524363486755e-01
2.803774938819673657e-01
1.045117298155045782e-01
2.814948947403222990e-01
1.693166886404331994e-01
1.471542599112160010e-01
2.191528326229089108e-01
9.869186292432804986e-02
3.260049759053795793e-01
3.043985119734223255e-01
-2.481797163912498327e-02
1.050187656386424306e-01
1.842792872126966797e-01
9.982066875617498503e-02
2.407953236796095131e-01
1.057003194397788254e-01
2.329470056121906996e-01
2.514007919890454690e-01
2.629882769330662562e-01
3.082667369776977973e-01
2.708060465733065358e-01
3.409694221040238116e-01
3.093656733691153571e-01
1.593017035558233485e-01
1.892732508881606879e-01
2.695817924975944524e-01
3.111901695635302389e-01
3.198914282599199521e-01
1.680252943874427640e-01
2.051822323393955871e-01
2.364133437468273757e-01
2.565322216740338890e-01
2.894997136058156673e-01
3.033350654271511071e-01
1.261709658327770933e-01
2.929792732798091048e-01
2.130746570589800437e-01
3.435598892455021258e-01
3.821087894252442330e-01
2.780482911293379877e-01
1.381594645698636659e-01
2.717900634266871007e-01
2.141007438457380174e-01
2.777378755817948019e-01
4.051970083829008473e-01
4.332344094148045111e-01
3.202199196349632127e-01
4.166693757976720480e-01
3.174449529114444779e-01
1.837738093977336062e-01
4.833985138364889078e-01
1.570898528914379255e-01
2.821050122221677170e-01
3.883719031573255043e-01
3.298308018337787195e-01
3.645321475853570137e-01
2.669494852155844811e-01
2.494426576636753767e-01
2.795699086494299879e-01
2.677112150366694476e-01
2.850390917323447071e-01
2.751522929918882587e-01
4.069053622295479844e-01
3.920447914675922463e-01
4.032138830856029643e-01
5.003706451320355519e-01
3.499614781146182518e-01
4.175204489725267143e-01
2.573814695876787684e-01
2.769649628696589372e-01
2.463566167164123744e-01
2.865062556700891383e-01
3.166402192261155157e-01
4.303249306631282134e-01
4.687224408050582602e-01
3.392802770344129359e-01
4.302857306012184968e-01
2.589647083807404271e-01
3.913190998703639512e-01
3.553057034325785013e-01
3.479204476911998967e-01
3.732618312269721517e-01
4.741158218514717193e-01
3.517722337193011084e-01
2.575884825846794790e-01
5.262872147355375230e-01
3.468231138578801165e-01
3.689148432466868854e-01
2.347361114682826877e-01
5.041839747077129230e-01
4.156647742625408926e-01
4.615543224023287427e-01
5.490764836933769155e-01
1.707049251377008581e-01
3.056572589410175289e-01
3.508192735283341968e-01
1.732517073940299246e-01
3.261455831964389929e-01
3.815875767876907299e-01
4.273603118600757256e-01
3.179343581173524336e-01
4.740376404626095441e-01
5.041562218890947022e-01
4.757101102854730534e-01
3.695710477160998320e-01
2.846383100700629054e-01
3.375482268448024015e-01
3.128577909227210907e-01
3.097582452642823614e-01
3.383865315600380064e-01
4.504654064122830537e-01
4.791252865710479703e-01
4.651430104651955166e-01
4.877480096983343172e-01
3.392654207230330066e-01
3.820441880252075650e-01
4.934063736870193395e-01
3.963280598351013873e-01
6.038052670754014972e-01
4.818165984967786031e-01
4.901118797655215631e-01
4.103562188318264914e-01
4.066061240227341611e-01
4.554164899607745509e-01
4.737729647142574496e-01
4.146669646409315013e-01
5.197325479433321238e-01
4.173233455975301487e-01
3.945697804126162000e-01
4.535204989408961884e-01
3.668909306409638416e-01
3.414850775278620576e-01
4.293738591006460714e-01
4.002600654410816139e-01
5.105669407491968403e-01
3.674930110226522495e-01
3.408271555627042093e-01
4.722499702292538015e-01
3.540493414211764445e-01
3.185327112488276491e-01
4.226155159879327883e-01
6.307593869774791306e-01
3.999000538770227098e-01
2.959260092046154811e-01
6.571707195234830490e-01
4.271875308968591800e-01
6.167983871252705752e-01
6.044319522142713730e-01
4.831711184330874653e-01
4.816792143275143157e-01
4.866983664971853973e-01
4.486905094314978526e-01
4.315850748014319338e-01
7.801973114446245638e-01
5.808309786484329162e-01
5.982194785603243137e-01
5.572041170022351553e-01
5.526696639225379126e-01
4.599037709715628752e-01
5.786870628848722609e-01
5.100899513350637404e-01
4.632802924593239502e-01
5.258306765331994814e-01
3.533502865704565843e-01
3.222035403091526029e-01
6.981196626344263745e-01
5.323618872224452625e-01
5.848184772711918500e-01
5.573781125533943115e-01
5.665153160454267089e-01
4.924964341986917682e-01
5.429762953352017529e-01
5.463095051973424487e-01
3.205350246061506869e-01
5.571604403256591453e-01
5.857420928473824340e-01
6.225301561898670677e-01
6.243542975592437649e-01
6.663766819288283738e-01
5.818438269730940027e-01
5.820667654785375289e-01
6.024244647739792624e-01
5.734907488233715878e-01
5.490963030222392183e-01
6.155672782143130073e-01
5.153811279496485209e-01
6.326963148628796940e-01
5.052047134550372576e-01
6.663323837929068238e-01
5.366192062979651123e-01
5.807653462635840036e-01
6.379696554119705931e-01
6.532827941934556959e-01
5.592531757539385140e-01
6.756373720850092912e-01
6.082708940940513287e-01
5.382833716419259673e-01
6.326500378516829448e-01
5.600939801254424255e-01
6.017583740930715352e-01
5.412852061708253171e-01
6.832427069992119684e-01
5.992092121269931848e-01
6.083197217772867704e-01
7.049931404737506124e-01
5.974887587502121233e-01
4.322221560895362913e-01
6.292669587817343313e-01
5.835305857153219034e-01
7.287593244068620857e-01
5.279521687893058424e-01
4.647196591731815318e-01
6.826235601914933948e-01
5.151794440688634014e-01
6.956932133538445973e-01
6.351369983668908592e-01
4.954237331253919518e-01
4.688784535594370806e-01
5.578734308737786085e-01
5.829259420290817673e-01
6.864467179272640829e-01
6.163043050473143714e-01
8.065950941881042668e-01
7.686899750725391112e-01
6.440806182741910524e-01
6.365879168622565754e-01
6.536350768929993782e-01
6.390413768506164605e-01
6.909275231327802747e-01
5.707212632809262054e-01
7.309807710376698964e-01
6.719977167135223750e-01
6.734317615901967979e-01
5.309030327997547039e-01
5.397305756001880006e-01
7.673396044123130810e-01
7.355330329997381567e-01
6.798945876346597084e-01
6.702053835520667135e-01
6.836744370394780557e-01
7.423547541431869679e-01
4.627234814141013564e-01
7.808679915303542440e-01
6.834099040662979796e-01
5.583444928545586716e-01
7.565350187182319219e-01
7.144284627607847549e-01
7.125517868564595902e-01
6.705002247272096039e-01
7.839172628026354062e-01
7.033995551559559800e-01
6.022342688996187299e-01
7.015519599572032083e-01
6.295348158864166876e-01
7.919054084074989008e-01
7.107521143826101007e-01
7.313621982764434426e-01
5.641913224883087219e-01
6.650605532132969344e-01
9.363896562228760656e-01
5.997385021193157861e-01
5.817842666184125378e-01
7.227585547214703254e-01
6.186772381341505422e-01
8.917779764701296852e-01
6.764607752559894660e-01
6.596280272660177690e-01
4.982815602951680134e-01
6.429612221930657290e-01
6.378241308532928144e-01
6.765182854318072536e-01
6.515237917414622437e-01
8.191838874179839802e-01
7.484154669509244240e-01
7.332722942784091202e-01
6.650129846475848483e-01
8.146209027066576569e-01
7.535197728607788692e-01
7.992920884304753892e-01
6.931380507998613494e-01
6.655700520159355538e-01
7.816445119365635907e-01
6.952873984891595471e-01
8.087062262378795774e-01
6.186820888422966958e-01
8.270444825948441991e-01
8.188815207143663732e-01
7.499261227077621550e-01
8.141823881495556803e-01
7.031479005786810399e-01
7.828154522900456769e-01
7.162730896763120914e-01
6.879432481309983860e-01
7.631019103551379690e-01
7.973395884820936308e-01
6.614002858134523377e-01
8.750616948913604309e-01
7.802177161058304611e-01
7.864859568986196647e-01
7.626081922663884294e-01
8.301008113961705348e-01
7.590779786173776911e-01
9.169754987854105144e-01
7.981778569409310187e-01
9.889584550652418260e-01
8.129248431745029757e-01
7.323203739815923319e-01
7.045543359504619074e-01
8.060524800585761040e-01
7.059234192902010818e-01
8.355972372878424093e-01
7.220039593055738170e-01
8.838226549180543401e-01
7.572530092184880379e-01
7.827102670530556860e-01
8.739246033966069360e-01
8.348953528992084649e-01
8.840789113101171770e-01
7.931749241472454415e-01
9.386758762985851767e-01
8.560878463181087472e-01
6.151785307549316739e-01
8.085605048662535266e-01
8.579446029758943659e-01
9.773223836030431322e-01
8.644471093247536597e-01
8.756179406030432100e-01
8.901604703777783456e-01
9.255001634861034221e-01
6.723664282903192291e-01
1.067223246710419904e+00
6.879314027237466433e-01
9.473163950614337248e-01
7.914288526768022969e-01
8.705101025881361032e-01
9.879880545507979672e-01
9.673353857780325749e-01
8.144373828448308039e-01
6.675643672542835860e-01
8.780853293769409484e-01
8.872612095966576629e-01
8.515770431872743407e-01
8.189926623020350460e-01
8.250272640238647259e-01
8.972772514329651061e-01
9.087553938428992728e-01
9.452800421585045854e-01
9.675043904647053772e-01
9.096589078562871133e-01
8.621829489770231891e-01
8.498176692671479682e-01
8.608545900183516286e-01
8.268208187310983615e-01
8.083633945225280337e-01
1.076407898266974916e+00
1.012792578213466133e+00
8.953953893942294684e-01
8.775000070898811844e-01
7.966083430348934735e-01
9.022251849428938320e-01
9.416074166941087453e-01
8.313856313951002441e-01
8.602028143107230962e-01
7.885850176019046920e-01
9.613187757093495378e-01
9.707607480239749398e-01
8.527289090529597271e-01
9.208719443549377992e-01
9.168678859231123024e-01
9.115882216858363085e-01
9.639329560540752517e-01
8.673975692745541366e-01
8.682470219024125413e-01
8.833392612044439485e-01
1.014982716905700855e+00
9.236302783619876333e-01
8.642397060978020962e-01
9.051124240055823389e-01
8.198431308460801814e-01
1.054071117059679930e+00
9.298199465752985393e-01
8.950024866958979919e-01
9.130329656368951774e-01
9.396262643506815282e-01
8.442859962781844585e-01
8.814295354949970296e-01
9.847427266972819115e-01
1.021731196500085925e+00
8.914867492349425326e-01
1.043818113033884165e+00
1.107462044589870631e+00
9.436449112595851618e-01
9.721491527232332119e-01
9.555840693704638067e-01
9.736422141111271689e-01
9.867900102380353644e-01
1.033988555073560578e+00
1.150821992547582440e+00
1.014706824037153954e+00
9.045989642668139652e-01
8.535286240727509854e-01
1.162239421368170378e+00
9.427440563603117774e-01
8.668443978434163810e-01
1.064184371806159879e+00
