-1.081547685282667093e+00
-9.757667471661790604e-01
-1.013926168769261116e+00
-1.044404025781418666e+00
-1.053806450868720601e+00
-9.754196521503908368e-01
-1.220741399996562171e+00
-9.831034038028991784e-01
-1.067474106478217388e+00
-9.852684289755843094e-01
-1.018424260388719471e+00
-1.011630543603069254e+00
-1.038775420935336813e+00
-9.106846882174524094e-01
-1.166153197103070527e+00
-9.599949468354328497e-01
-9.170720522100151983e-01
-9.926861761079648350e-01
-8.750969170906522931e-01
-1.065170409585164624e+00
-1.149146432612698998e+00
-9.592062309165191314e-01
-9.297587517271880264e-01
-1.047454777772557355e+00
-8.655294023744457554e-01
-9.526355523812156667e-01
-9.878979622384249648e-01
-1.034698605800340676e+00
-7.854766142779826543e-01
-8.966531515262106122e-01
-9.837327961145199140e-01
-9.590352940650608282e-01
-9.012613535115574503e-01
-1.031503934066364092e+00
-9.487450303584673561e-01
-9.390498745044139062e-01
-9.839938777171858275e-01
-9.137256653039902421e-01
-8.233391005594764556e-01
-8.177650336378711193e-01
-9.413981214755896554e-01
-1.018758805911585741e+00
-8.173566176970477049e-01
-8.292100515020989215e-01
-7.906839347978744659e-01
-8.771296321883216285e-01
-1.029536688610034556e+00
-9.314192017503778454e-01
-8.907136946356475349e-01
-8.548642710170074599e-01
-9.209022915225013595e-01
-1.009263970381440334e+00
-7.751793941776291552e-01
-1.025396516019277726e+00
-8.814601788540495919e-01
-9.006530268799113337e-01
-9.378926131240777897e-01
-8.330454126574649010e-01
-7.577787025113715824e-01
-8.327548506056685618e-01
-8.901406276918030214e-01
-8.521112769589435088e-01
-8.858984263266094228e-01
-8.451601551754606145e-01
-9.119268505837091476e-01
-9.255725092915726426e-01
-9.036004015619921725e-01
-9.536551624304163699e-01
-7.724450362877143261e-01
-9.432561164255726105e-01
-8.690132893939832570e-01
-8.275095495520645716e-01
-8.632302052942969484e-01
-9.204749923879798068e-01
-8.192030748259326867e-01
-9.435211047411510288e-01
-8.494745941698279568e-01
-8.756443382719150126e-01
-8.544113160095007098e-01
-8.755286366844806656e-01
-6.868503441558027056e-01
-1.001179019805285675e+00
-7.409223558674218335e-01
-8.677286274864173254e-01
-8.282952350482871706e-01
-8.495115297847073421e-01
-8.185130409733054613e-01
-9.155839790852799975e-01
-6.881206709218985473e-01
-8.685467113221677637e-01
-6.216657083821104379e-01
-7.092827097516578583e-01
-9.155834354501685146e-01
-9.059734725364603225e-01
-8.430660357050794307e-01
-7.437272909978538404e-01
-8.385833808434854930e-01
-8.565250455694398690e-01
-9.176379249613028088e-01
-7.062540590604499124e-01
-8.845404622984387455e-01
-8.616127842244969415e-01
-8.613344112339843539e-01
-7.936655671531319678e-01
-8.127247635000280912e-01
-6.702734726496540896e-01
-1.031741579512550189e+00
-8.977246233589798452e-01
-6.989508793372292139e-01
-7.922639263954776023e-01
-8.596609116665214767e-01
-6.589069991349896238e-01
-6.784653951443614384e-01
-7.889495243058556317e-01
-7.896236224485174704e-01
-8.365595170856777729e-01
-7.548849532609748225e-01
-7.606371472070070361e-01
-8.677311418160402745e-01
-6.470257733339298545e-01
-7.094910355351995435e-01
-7.121692599883338026e-01
-7.856640806369562524e-01
-7.467760330100574606e-01
-6.231715234339316734e-01
-6.869309423121233715e-01
-7.346704950508824439e-01
-6.470343998513917727e-01
-8.218310002775434109e-01
-6.557891663820754058e-01
-7.496619119328987724e-01
-6.999972145328461348e-01
-6.521011739784248196e-01
-8.198665949089983807e-01
-6.411072997554897457e-01
-7.829190382696173955e-01
-6.091424570534522687e-01
-6.227792600349046914e-01
-5.364819911091018856e-01
-8.289897651572947224e-01
-8.159390789957283729e-01
-7.608228604509874593e-01
-7.115403636340513760e-01
-6.965251997017056773e-01
-7.146945198171799074e-01
-6.158544066047662024e-01
-7.807650209033119015e-01
-7.614340649986538478e-01
-7.333922228174319935e-01
-6.256033676466244975e-01
-7.725037014613053143e-01
-7.374687382358093846e-01
-7.062682286332372383e-01
-5.976405243582811888e-01
-7.444813626980834043e-01
-5.861149956757990553e-01
-4.986956707835762947e-01
-6.656551145978684136e-01
-7.051960346033792071e-01
-6.682886937270970940e-01
-6.763777113397290153e-01
-7.035711607428489778e-01
-7.283136272026227154e-01
-7.524652105607907426e-01
-6.652696215381976863e-01
-6.579402118825982138e-01
-6.394690361716061089e-01
-6.867328407802688606e-01
-6.492265699970531934e-01
-7.405737655958912757e-01
-6.878508043710013231e-01
-5.574989294045531452e-01
-7.160726888197535001e-01
-5.558543597259022473e-01
-6.868032526350648093e-01
-6.177892299643843455e-01
-6.144199386855855316e-01
-6.469969379835750489e-01
-8.099843580537087195e-01
-6.027713479225953463e-01
-7.239495081014747369e-01
-5.133858079586338663e-01
-6.086320822351181103e-01
-5.016120807824003824e-01
-5.165741949903476238e-01
-7.777045917359063365e-01
-5.856072485904116887e-01
-6.455736731267520678e-01
-6.276098404942396236e-01
-5.578771741355462721e-01
-5.820119180421090554e-01
-5.290964548341796636e-01
-4.861782547972330337e-01
-7.196716102937432691e-01
-5.309357054797878561e-01
-4.183195293456593022e-01
-5.354280255119731047e-01
-6.121177258245128483e-01
-4.782345721978197295e-01
-5.357808985946401759e-01
-5.376169940938982927e-01
-7.369215194765950105e-01
-5.958266389173755284e-01
-6.735890730996438869e-01
-6.039832258359840722e-01
-5.565356572531402479e-01
-5.618441304583171592e-01
-3.798290894828301734e-01
-4.893444104051449250e-01
-6.631961645287230978e-01
-6.338024429505872970e-01
-6.210983013104708350e-01
-5.971998427739282356e-01
-5.793400586090242665e-01
-7.879856228568893339e-01
-6.473157692972052457e-01
-5.556940841572788337e-01
-6.646957231529120325e-01
-6.645822330424592250e-01
-5.732900370256451827e-01
-5.533677571349067126e-01
-4.018257467001296046e-01
-6.204353500430127566e-01
-4.903846946595855627e-01
-6.258693906861740874e-01
-5.735916054795741070e-01
-5.974339248133297975e-01
-5.444278770328636607e-01
-4.948459147388353241e-01
-4.827709610208943958e-01
-5.250031730859944235e-01
-5.964876265941178035e-01
-6.349157125185264094e-01
-5.760344271230947166e-01
-5.457053393773551031e-01
-5.152415604440440111e-01
-3.964674878214256015e-01
-5.647624759887202028e-01
-5.229690615219860783e-01
-6.241331765474437132e-01
-5.459262651504183106e-01
-5.804250853375102492e-01
-4.066842912535507670e-01
-5.737599570388293158e-01
-4.025948401328334203e-01
-5.127854544273133808e-01
-4.023693276136913188e-01
-5.121970031981953886e-01
-3.769727509064553783e-01
-5.348638434526779006e-01
-5.668682003877404396e-01
-4.882661740930665517e-01
-2.814426064328628407e-01
-4.902890180651416907e-01
-4.406367664098903569e-01
-5.497710545189391507e-01
-4.694345170678321244e-01
-5.135482956267783949e-01
-5.032115075620863243e-01
-5.127935153052225470e-01
-4.224638208500969827e-01
-2.828532646172708387e-01
-5.424660178812685807e-01
-5.367472584800530022e-01
-4.193002171974332670e-01
-3.860785880364412948e-01
-6.681540229480876780e-01
-3.484418415523011237e-01
-4.714384159185242007e-01
-4.085677023276772513e-01
-4.962145908183203669e-01
-4.093237383864486989e-01
-3.766372526529550568e-01
-3.554419911558895362e-01
-4.306949046987041396e-01
-4.463886659556858261e-01
-6.378687793857432675e-01
-4.045266894991969564e-01
-3.977946264740383486e-01
-3.490642403596162513e-01
-3.264903453536045497e-01
-6.242970951591566564e-01
-2.594610263376520010e-01
-3.649479624632024355e-01
-3.852147453215322148e-01
-3.670653671554249819e-01
-4.798749458236879484e-01
-2.211348527586247670e-01
-4.982115969702368696e-01
-3.265037827194678388e-01
-6.556293970441500196e-01
-5.276245718122749562e-01
-5.277050390803760260e-01
-3.616605456820949915e-01
-4.220984562211616553e-01
-4.294795128963895259e-01
-4.002232575301888917e-01
-4.404996510176252267e-01
-4.798579140268450782e-01
-4.089786601973268154e-01
-2.897480851111465250e-01
-4.189416492553367233e-01
-4.006944324751375297e-01
-4.379682994057045309e-01
-6.076161022404737988e-01
-3.707136025788883016e-01
-3.820246160172504069e-01
-4.781067727850161764e-01
-2.540990236187773421e-01
-3.229353636531446248e-01
-4.223871677965193028e-01
-2.671882590591235784e-01
-3.520868103213506406e-01
-3.839514424448342567e-01
-2.997302508111126529e-01
-2.935292045748404410e-01
-3.457905532875648058e-01
-3.574012173118856217e-01
-2.410834276436949197e-01
-3.720350116973909493e-01
-3.181570455872467784e-01
-3.423514343650849168e-01
-3.760731184349035972e-01
-3.836837150754552339e-01
-4.078153525164470716e-01
-5.366024203143365812e-01
-3.911864383576461601e-01
-3.562950915202240387e-01
-3.388391945746461742e-01
-3.357574286736449420e-01
-4.232323560447519006e-01
-4.119285158611412645e-01
-3.008604393109308162e-01
-4.209956905970781982e-01
-2.426131493409674211e-01
-3.341938393376641669e-01
-3.639439130459408700e-01
-3.590875167498370768e-01
-3.860765447125407701e-01
-3.234872837742844842e-01
-2.272880723275429726e-01
-2.571303040746762969e-01
-2.729208317519975502e-01
-4.482624876850742068e-01
-2.762022405241090217e-01
-1.803259051048576589e-01
-3.442208694805901636e-01
-4.507181181937494063e-01
-3.790430758956887525e-01
-3.076735877460374802e-01
-2.770751040558231404e-01
-2.983273989167133933e-01
-2.149892384824602098e-01
-1.379236593552255474e-01
-3.746056476072664454e-01
-2.405759102102854041e-01
-3.225108512445089559e-01
-2.256878573606276028e-01
-2.918415042209451804e-01
-4.202316712140877764e-01
-3.388745601863368262e-01
-1.576153716605364075e-01
-1.065932016736204774e-01
-4.039937438318466079e-01
-4.353615010342130054e-01
-3.516455272647275310e-01
-3.634966882266467691e-01
-2.773668547593449718e-01
-2.753138406711975184e-01
-2.104831939817492226e-01
-2.122735831288535546e-01
-2.703782113799974574e-01
-3.081536101878526446e-01
-5.522163978882824176e-02
-3.302999170275145446e-01
-2.050801332592746551e-01
-2.947403036306437962e-01
-1.701824167842490299e-01
-2.882943095069210315e-01
-3.304171971711474809e-01
-1.295688160757252350e-01
-2.900277111318834145e-01
-3.838736621721537401e-01
-4.640118313235475633e-01
-3.084475865112296100e-01
-2.567774959047146588e-01
-2.151706737546803250e-01
-1.628366014713701904e-01
-2.725733124747544145e-01
-2.498712903780128669e-01
-1.951087032601170335e-01
-2.499255487439286105e-01
-2.313417570065554318e-01
-1.381498075564285555e-01
-1.076342618564586767e-01
-4.849138706461159770e-02
-1.521661059968688334e-01
-1.749756751373162111e-01
-4.536974043975363496e-02
-1.902291091788165522e-01
-1.049363390058667272e-01
-2.205043507847682105e-01
-1.980185214988175180e-01
-1.895995012176574512e-01
-3.043990684008829883e-01
-3.267975236805470973e-01
-1.581767573696770540e-02
-1.755764720057672312e-01
-2.425502886243248168e-01
-1.548188938271973514e-01
-9.447515585208292321e-02
-5.644559098871890224e-02
-2.966123126491587714e-01
-1.461116599849297537e-01
-1.039135010636555168e-01
-1.888316707909749315e-01
-2.737207300721425929e-01
-9.388503423436515838e-02
-3.214509180443547720e-01
-2.059636363486921917e-01
-2.250683752949710903e-01
-3.639133697782100108e-02
-1.488793640971607102e-01
-2.004813052132974893e-01
-1.438815646813011995e-01
-2.521181222815650491e-01
-1.221800529747803232e-01
-1.317337086706777405e-01
-1.259862743594343526e-01
-1.519802586708712822e-01
-1.680284200890552748e-01
-8.553095242063599125e-04
-5.099949568045969439e-02
-2.164715449422335292e-01
-1.540794476442386603e-02
-1.575132199565103253e-01
-1.242831388834196027e-01
-1.803089463189450625e-01
-1.290641232141683525e-01
-1.365327662659822361e-01
-1.365506364074633161e-01
-1.236746955928339498e-01
-4.286477279523960571e-02
-6.581496834231555237e-02
-1.917367742529483554e-01
-3.235214223058284211e-01
-3.790487970621569599e-03
-1.784487097347657036e-01
-9.327201996116042670e-02
-1.419155144807442703e-01
-8.310414830556854537e-02
2.448649482005925524e-04
-2.407495207736695952e-01
-1.011581234401797008e-01
-6.989668705754471800e-02
-5.680136743982629535e-03
-2.794381356785637927e-01
-1.429301224714990270e-01
-7.164559491319309747e-02
-1.359113354692120246e-01
-1.113062306729865475e-01
2.593300196835020277e-03
-1.804487597890729045e-02
-1.148391613930543481e-01
-1.877464437161191491e-01
-9.710745673480918050e-02
-1.186625073127376556e-01
-6.061179360753875950e-02
-1.085857901431578343e-01
1.152804515082292078e-02
-9.853256173940787288e-02
-7.342109920537220891e-02
-3.640628506256742697e-02
-5.414550472730737807e-02
-9.063133427285792465e-02
-6.867578887602408810e-02
-2.110425745495770056e-01
6.065144876254761203e-02
2.766391759335692924e-02
-1.447731459319589803e-03
2.782360955970271041e-02
7.273598667733216505e-02
-6.135528826621124317e-03
-8.872758160921694059e-02
-1.622150807184702115e-01
7.254259360430317938e-02
-3.652632461463542479e-02
7.363452246542349401e-03
-4.603003946878499175e-02
6.731628669443032176e-02
-6.483209870573312938e-02
1.612091097918438506e-02
-7.525386898501261468e-03
-8.051734073369652689e-02
8.837597092844239662e-04
-1.643018815186920445e-01
-9.989480500835279386e-02
7.366512826527042701e-02
2.157483068232415781e-03
2.062945518382902355e-01
-2.658682203114175538e-02
2.797987990468304639e-02
5.839163556234127500e-02
1.350714851567878967e-02
1.444097086361484927e-01
9.064136328499428075e-02
-1.142234481700458645e-02
4.861433938400720745e-02
1.365529975422433429e-01
-6.210861551942056802e-02
2.070776031761138378e-02
-4.778335090701044813e-02
3.358366587187693736e-02
6.219227324956672770e-02
2.121590051829481960e-02
-6.875686030121746020e-03
9.292582091896336993e-02
-8.938941945822058421e-02
1.039537398583298194e-03
-8.716696696048163023e-03
7.920479534995591986e-02
1.192793180504724965e-01
1.735435150613088562e-01
3.619250375079931248e-02
-4.629394758297710605e-02
8.316128136604550303e-02
-4.320653084958706730e-02
2.205582474002511228e-01
4.746160938257418943e-02
1.897797813268754241e-01
7.207843505538175100e-02
-5.415696529361343353e-02
-2.737824277408151818e-03
6.779046107346770045e-02
1.173949781607765280e-01
1.229651316358404134e-01
3.513505197039133721e-02
1.367412154619770115e-01
1.145556861998330983e-01
1.496809205647064156e-01
7.357126247133637109e-02
1.487726034934304942e-01
6.485927975567727655e-02
1.181547346910263169e-01
-5.159584144749507911e-02
1.624840601353714775e-01
-8.190170950719996568e-02
6.667080233416654289e-02
2.068277357523813087e-01
8.849672057133196879e-02
1.079230374389922170e-01
1.451501974675052375e-01
6.675426078705681832e-02
-2.122724362740600022e-03
2.216223967764284486e-01
5.592252196746022933e-03
6.276598114109881166e-02
2.719128916175032051e-01
1.028646985524436508e-01
9.881851339693126235e-02
1.289115353050261648e-01
1.914175463079424988e-01
6.566886030443616629e-02
1.145836266080615812e-01
1.442933731257761698e-01
2.262960388906333498e-01
6.143302561805986939e-02
1.170584194314430448e-01
1.515101701423878233e-01
1.151042591426270773e-01
1.417162264461460652e-01
1.375011157156401098e-01
2.158588932273599881e-01
-4.613795917660569457e-02
4.111433182642305201e-02
5.221399281644394097e-02
6.280859770756050398e-02
2.523347086421040553e-01
2.724195935207072705e-01
1.335407085906626171e-02
2.474988160064933718e-01
1.409700196583643372e-01
4.262137897624440619e-02
9.479384732255780738e-03
2.305965026865605672e-01
2.359912242631826695e-01
2.710976997829497859e-01
4.047942666058531452e-02
6.977845530081322467e-02
1.613686008221784929e-01
1.299132256163406940e-01
1.872733534982971015e-01
2.602826589208858676e-01
1.150804860208514413e-01
1.633830607837530313e-01
1.750392513632357538e-01
2.434791228482832415e-01
2.640762764659465023e-01
2.036229600999482914e-01
1.836548114936391030e-01
2.617792538139626091e-01
1.224790035537133143e-01
1.566038669145439488e-01
1.887090143764219852e-01
1.795008391588531760e-01
2.748384816086850146e-01
2.097445814685577614e-01
2.424771396163165060e-01
3.020058395730723100e-01
2.887077116356124851e-01
3.325155542869718817e-01
2.076100957909062517e-01
3.391761343359456227e-02
1.574475745277645611e-01
2.230831217349981133e-01
2.562001986677132082e-01
9.555872618640999516e-02
4.265955264967156713e-01
2.592217282427314307e-01
1.981626444459990144e-01
2.214885792021270838e-01
2.077150581255880757e-01
3.207597889264550695e-01
3.122959936914042056e-01
1.876424651826684720e-01
2.996642725972224475e-01
3.108247582885919069e-01
3.041538379619083132e-01
2.200188269221748372e-01
1.382278613777527809e-01
1.513080869488333535e-01
3.828645944982374538e-01
3.128518137677955280e-01
2.609737387420803523e-01
3.759613257441718481e-01
3.748105108443479105e-01
2.365560138103620647e-01
2.969966064450280108e-01
3.613542043211007138e-01
2.419204777942870199e-01
2.602201249060957511e-01
2.032461193301322577e-01
3.254945749956670853e-01
3.289151189868791958e-01
2.536451232424534186e-01
3.132245638935140519e-01
2.475375545687672763e-01
3.187223352472896565e-01
2.465242651012989061e-01
2.063564059635449033e-01
2.398766725061448057e-01
2.026317536448127288e-01
2.455395729817460015e-01
2.428305273822315702e-01
3.461113174146023819e-01
3.368905468961129746e-01
1.955595728446348214e-01
3.880126576606198752e-01
4.003052096964990758e-01
1.508868626979484040e-01
3.835240574801535018e-01
4.655266935319433697e-01
3.425050440167442534e-01
4.644099447781520618e-01
3.984921941956479086e-01
3.657141217836025193e-01
1.803145174218399593e-01
3.428610889601543810e-01
3.240007903140681433e-01
3.606911022103419517e-01
3.280374687333632577e-01
1.975497193458427836e-01
2.158137885079810803e-01
4.488243172225060973e-01
2.928884798431803937e-01
3.854374103113232253e-01
3.287313728004379598e-01
3.142393925872630223e-01
2.577616043567027559e-01
4.355977874201534261e-01
4.591901915117279631e-01
3.345807905007877059e-01
4.234483547858229335e-01
1.501296248900345909e-01
3.677352101410879537e-01
4.573270964913773162e-01
3.265659805782455960e-01
3.896108625018491201e-01
3.696020547774739318e-01
4.641629034845060064e-01
4.199706242957478297e-01
3.990229335085723750e-01
3.744972439429803401e-01
4.270628996138063349e-01
3.052578303453721276e-01
2.483150803844302867e-01
3.282194658076452720e-01
5.103641797331842644e-01
4.812313121117951509e-01
3.163079378676854070e-01
4.103052231543203865e-01
4.587196581685952235e-01
4.296640753489958664e-01
4.993487733464325173e-01
4.504743741947894731e-01
4.221744793814281027e-01
4.716077774482353435e-01
3.821538199763199195e-01
3.617617914383123856e-01
6.013048939622782640e-01
3.678990033116861791e-01
3.686939884491486907e-01
3.026422115681631220e-01
4.988003650875802997e-01
3.259481608533547625e-01
5.001081278371737326e-01
4.992766937931053528e-01
4.983463941001516906e-01
4.961301618417673365e-01
5.432312168124234786e-01
3.947605440779929920e-01
3.847782208273620164e-01
4.897834850673650209e-01
5.696355783933477746e-01
3.672476085446774730e-01
3.044772515801479340e-01
4.557879011478238040e-01
4.287457266843693326e-01
5.119912392992932437e-01
3.917358796849028657e-01
4.253408399248112537e-01
5.915021071487045479e-01
3.439274187416921369e-01
4.493835640517280239e-01
4.202820730729502907e-01
5.577769080205972063e-01
4.742754866289451976e-01
3.834916850258172083e-01
4.244160445100541579e-01
4.832740578674877274e-01
4.845706928288385229e-01
4.526831222687368039e-01
4.493122577820913843e-01
4.952022445574023601e-01
4.849188235617257758e-01
2.946462686304761047e-01
3.501593177379161981e-01
5.563899913421698207e-01
5.514394357580912898e-01
5.391316783815184310e-01
4.247813066333863130e-01
5.525881308043421036e-01
5.186391556797130820e-01
4.468487287623163495e-01
5.957769044281865378e-01
5.921102705705525437e-01
5.337295216038681067e-01
4.701278245140872447e-01
5.541619396649402063e-01
6.442218251046173405e-01
4.597891877416042106e-01
4.738245163563593598e-01
7.073366899709100375e-01
4.333917862855962144e-01
5.168513203160268743e-01
7.168817963657092562e-01
4.728000803354706072e-01
6.198308805112967557e-01
4.753496754370328814e-01
5.315556603256920143e-01
5.125500136598708512e-01
6.334535753553846016e-01
4.498979515308108579e-01
5.244203973475783931e-01
6.718592037281350127e-01
5.337125819075138056e-01
5.641600484671747129e-01
4.514427336081334174e-01
4.680819534298806261e-01
6.271751188845547942e-01
6.049518399729795215e-01
6.079847920049351595e-01
5.716553885136673729e-01
6.293142045753223890e-01
5.513795967218336758e-01
4.310674979894397740e-01
4.550266327230796382e-01
4.457460632561561220e-01
6.286150482411421159e-01
5.633492130095694161e-01
6.712257969620371023e-01
5.156864256916834366e-01
5.131154250517426796e-01
4.574384237873321268e-01
5.395968027179655069e-01
4.222870185132267529e-01
5.583019217117629607e-01
6.019984173182796328e-01
6.167790882197159430e-01
6.354217448306104243e-01
5.862692485015534860e-01
6.484436964845263773e-01
7.387154739379083734e-01
5.440857015620063075e-01
4.072875896888698000e-01
5.880594201545720212e-01
6.084861044262550589e-01
4.737706701734488157e-01
5.877024976721348937e-01
7.658441251580969666e-01
5.004278285405783233e-01
6.518684865582603516e-01
5.405002372101354036e-01
7.065572730306977078e-01
5.256302109198378592e-01
5.795047159187953767e-01
8.085054548738636049e-01
5.595354190825949647e-01
5.628873812028173385e-01
6.783321672005196978e-01
6.130108668549528739e-01
7.115571864114805800e-01
8.150189393058059339e-01
6.267918850011874321e-01
6.104301165110173066e-01
6.651589847836104630e-01
5.294780352983539107e-01
8.555580073922729456e-01
6.984841231716600873e-01
6.108316162504755509e-01
5.932169677150117559e-01
6.443622591857693926e-01
5.265476281747567544e-01
8.305246109207716776e-01
6.229449597182352694e-01
6.838875041299039559e-01
5.266548793398903028e-01
6.230958425214918606e-01
7.329188399504056317e-01
5.774612445992018950e-01
6.559234262969466656e-01
7.237429862286101079e-01
6.971583930408008500e-01
7.747393213198701112e-01
4.928045386935621663e-01
6.585044082749149652e-01
4.715693839800242926e-01
6.052059520859067732e-01
6.724395915470703367e-01
6.418422250224805614e-01
7.131749896860368754e-01
7.324827107251707936e-01
7.632539934017348315e-01
8.163555565932133495e-01
8.044579142415847484e-01
6.661492023287349795e-01
6.610505828976366294e-01
7.591779743341273701e-01
6.233965129036862507e-01
6.148516519810774961e-01
8.027011002849249177e-01
7.532933036035435181e-01
8.163815526832296499e-01
6.379687721333791028e-01
8.544869767788694226e-01
7.063253973841452371e-01
8.658383120795781762e-01
6.136676059187442522e-01
7.612817030054213063e-01
6.936840518838669478e-01
9.117553482628498740e-01
7.555787073795162678e-01
8.660753659472070209e-01
6.683751257156045344e-01
8.800513665803572083e-01
7.819650699786647730e-01
7.434856092338590905e-01
7.361142363213087902e-01
6.693069574462058302e-01
6.333816956508063756e-01
6.233115094134928924e-01
7.324131319627317227e-01
9.363292161142420245e-01
6.818074257836211904e-01
7.824583713735816515e-01
8.343147623982950511e-01
6.980147517075904195e-01
8.702394920606206785e-01
7.666860957073182714e-01
8.429034430910760101e-01
7.013277404203275278e-01
7.326537807957256287e-01
7.689429557957465633e-01
7.677360907187754657e-01
8.197186824841672381e-01
7.264928570787145823e-01
8.130623938158113573e-01
8.479354571567775389e-01
7.106105753075028231e-01
8.429645810326463762e-01
7.983462189035173129e-01
8.029521773592402933e-01
7.453205607021441415e-01
7.353366912762178131e-01
6.948460716606023047e-01
8.776417290679658922e-01
7.380043607715670584e-01
7.934849856927085332e-01
9.219189960774242243e-01
7.762372545181818184e-01
8.117017758317702780e-01
7.292438825021574367e-01
8.807567224500248981e-01
7.149929845703051345e-01
8.012280830411488974e-01
6.512637927640928526e-01
8.041185688988824465e-01
6.905602272445625633e-01
8.168412739614957507e-01
7.626025684653645609e-01
7.196383722110034631e-01
8.119053503875587330e-01
7.746362868003506819e-01
7.997364390876251505e-01
8.988452804152099462e-01
7.547818978491782627e-01
8.494206853945228675e-01
8.100143358991370723e-01
7.375017561239550767e-01
8.781521668977647632e-01
7.500714043900605921e-01
8.901418715925825120e-01
8.616367712312391625e-01
8.289995686700134536e-01
9.162533383479003479e-01
7.831762160037473164e-01
9.499280681992015030e-01
1.007746018672915467e+00
8.811421269566854786e-01
8.185436200816269547e-01
9.216840288644655432e-01
9.029811819662533212e-01
9.310242327001531093e-01
8.863986428920436200e-01
9.033151865515770540e-01
8.512506366507657241e-01
9.911797204068922840e-01
9.087057597762433492e-01
8.460282349862818796e-01
8.193856828557818384e-01
1.088173312659755698e+00
9.709867673890163475e-01
1.071287093964178760e+00
9.595634753985545773e-01
1.000444108808113963e+00
8.502811732385017196e-01
1.014429263311981355e+00
9.696194597619671729e-01
8.650154995506582623e-01
9.920436360046653856e-01
9.374473955244008172e-01
1.023146883912817939e+00
9.231477974610511339e-01
9.872537984702729474e-01
8.355742202996637724e-01
8.626958751070574749e-01
9.403925467203837485e-01
9.319586842196141419e-01
8.684592171195266719e-01
9.795671665901702907e-01
9.493028946958033121e-01
1.021941278717480417e+00
1.118931073738050452e+00
9.080232738793453384e-01
7.638424967047735548e-01
8.022752710277406551e-01
1.011456943752433224e+00
9.063234528865269368e-01
1.097115927637697608e+00
1.025258933382102722e+00
8.611054924081708029e-01
9.809260445288769947e-01
8.937119002694788872e-01
9.584851531872039532e-01
1.066487871819201017e+00
9.881221961228500161e-01
8.797479688216586213e-01
1.011649442779597230e+00
8.305840673291904341e-01
9.391849329437023108e-01
9.632775525147755369e-01
1.047271577565405787e+00
9.370234903388811043e-01
9.572138358720851947e-01
9.380986664347934489e-01
1.109899097923761735e+00
1.042534757066631901e+00
1.070358509232703481e+00
9.713085472110435381e-01
1.064763681165216358e+00
