-9.834446501698164145e-01
-1.002497204809029485e+00
-1.048967809646166760e+00
-1.133539247671099259e+00
-9.953853489798196730e-01
-8.917521409713374814e-01
-9.380128060039523152e-01
-1.068611236803324260e+00
-9.705351300902925749e-01
-8.044589742120636933e-01
-9.701106145141751291e-01
-9.252246014507505834e-01
-1.004298433454233086e+00
-9.393174468314156034e-01
-1.009191603365938938e+00
-8.974857970857506029e-01
-1.033462634460946550e+00
-1.016260782229735815e+00
-9.395275894749128831e-01
-9.567654294029297457e-01
-9.163241954318072091e-01
-1.049551006776042961e+00
-1.110835069870855119e+00
-9.737528315742933760e-01
-9.161418707639755743e-01
-1.004648068843719599e+00
-1.017804845990708085e+00
-9.703117054926712060e-01
-1.104511139063476088e+00
-1.023280896403732321e+00
-8.712180873087267408e-01
-8.966058183103803314e-01
-9.024982300121479062e-01
-9.669832250201949586e-01
-8.780536867378829768e-01
-8.848245755095428544e-01
-8.904075917150797714e-01
-8.352162840398823507e-01
-7.570342109850296541e-01
-9.043338626066461661e-01
-9.206086511603250866e-01
-9.645228923825087675e-01
-8.049471474664796622e-01
-9.715076469572220264e-01
-9.471524751265379960e-01
-7.565046136746222949e-01
-1.195244849166855472e+00
-1.084479881797562273e+00
-9.513762789494913941e-01
-8.744345981027514814e-01
-7.815722835914558075e-01
-8.950257715937856018e-01
-9.638963292901217006e-01
-8.167526973420053960e-01
-8.976673193628207370e-01
-1.022131211641954307e+00
-8.307274416070890011e-01
-8.845847051060246047e-01
-8.124120278322518596e-01
-7.995450747847644424e-01
-1.062577155492538061e+00
-8.114642904097971732e-01
-9.807990119075196134e-01
-8.780518741710842123e-01
-8.362658817035736325e-01
-9.159959598405285064e-01
-8.024100399172924281e-01
-9.539487435279989658e-01
-8.769712326494161214e-01
-8.514218192613810521e-01
-9.058474522504541548e-01
-9.347636158730812106e-01
-8.303035279080992481e-01
-7.849603961270559260e-01
-7.714386100315235861e-01
-7.046247283165367747e-01
-8.988000337649949545e-01
-9.210647868589185716e-01
-8.104663942128703669e-01
-7.955898324497087115e-01
-7.239988107254609062e-01
-8.299157543122328562e-01
-8.413153314103138936e-01
-8.018311058487509468e-01
-8.393806917101466203e-01
-6.739446667843712602e-01
-7.123927030161030238e-01
-9.573677894567579338e-01
-8.496265860408259707e-01
-9.126117897528958078e-01
-8.589546659736442269e-01
-7.414295058983240150e-01
-7.189136797511949117e-01
-7.675208191540667801e-01
-6.582374006098544728e-01
-8.722628892210932960e-01
-8.843657613712919696e-01
-8.515364220762073888e-01
-9.127846917919770764e-01
-7.740208256960611211e-01
-8.950035629421204675e-01
-7.233143951756587642e-01
-7.535997328213565050e-01
-8.332324995364451814e-01
-9.084192663347324670e-01
-7.982484405191218046e-01
-7.775560753389224589e-01
-8.364871293585017797e-01
-8.936003351696042429e-01
-7.860543135961107764e-01
-8.906246914851747576e-01
-8.212121574898447740e-01
-8.132145821358551796e-01
-9.041671543387841403e-01
-8.860366280455711507e-01
-8.084663959873930050e-01
-6.906117730002150346e-01
-6.986110711333397560e-01
-8.224018137324952127e-01
-7.688750745326374814e-01
-7.770646518339435760e-01
-7.404019572935706117e-01
-7.526217822201083374e-01
-7.096101585725362870e-01
-7.743026347219921224e-01
-8.481453530283609155e-01
-7.531143276151743837e-01
-7.575862182734611761e-01
-7.014563882403165307e-01
-7.532400643797447781e-01
-7.792615020875901521e-01
-9.844029057781195080e-01
-7.440994631148553085e-01
-8.503587280195840092e-01
-8.083647599775044545e-01
-7.538665120523343477e-01
-7.644400787176901524e-01
-6.226154753025966437e-01
-8.089159100899457888e-01
-5.750371602390313974e-01
-8.040309138022838642e-01
-5.758694543223277229e-01
-7.367909827237355547e-01
-7.335969956278439730e-01
-7.928959945487970007e-01
-6.740859212570070591e-01
-5.686927507715289210e-01
-6.280329589300233106e-01
-7.409341430177805998e-01
-7.908986506810455896e-01
-6.268809431595432358e-01
-7.451565776715501910e-01
-7.582221655740846167e-01
-7.182274177222746081e-01
-6.382133151809856741e-01
-6.730385314587352674e-01
-7.081184847602355337e-01
-8.781133724429726062e-01
-5.299493937295787216e-01
-7.620328431842789962e-01
-7.629660043879162856e-01
-5.305041550113707149e-01
-6.481950114412264874e-01
-7.466264092851283563e-01
-7.043038341780788469e-01
-7.298319805519950521e-01
-6.581213229137965470e-01
-7.241191685357583063e-01
-7.044042230037054209e-01
-6.650522059478440884e-01
-6.246354578796008417e-01
-5.646596324124040223e-01
-6.653066469298827279e-01
-6.151063455730055862e-01
-5.456089411734915684e-01
-5.203092010597932804e-01
-6.293096815914588360e-01
-5.700567434468308825e-01
-6.291263991596004468e-01
-5.915224039667771327e-01
-6.851743781613908180e-01
-6.438288464257486687e-01
-6.315518057918579897e-01
-5.892022423339103865e-01
-7.225861478637440882e-01
-6.546298456828254508e-01
-5.839386876512806523e-01
-6.106903354685020435e-01
-6.209422720618112956e-01
-7.519087504451376081e-01
-6.678194564822447221e-01
-4.460441991452278598e-01
-5.993433498320215325e-01
-6.126227689590717507e-01
-6.372270757891486115e-01
-7.766800471567819608e-01
-7.357529942632087261e-01
-5.611646398090374133e-01
-5.790412468785951505e-01
-5.372902238070433878e-01
-5.984948919293291425e-01
-5.888925599557700563e-01
-6.121225726385214339e-01
-4.497592361548082840e-01
-5.635437975414524514e-01
-7.521510728313713923e-01
-6.766328335029732077e-01
-5.018888397885675756e-01
-6.792035547720207678e-01
-5.933644947196733410e-01
-6.305537044867494112e-01
-7.008107853402852916e-01
-5.259874339064583015e-01
-5.821858131171867567e-01
-5.951033634530576988e-01
-6.754036438625967698e-01
-5.859960761805018681e-01
-5.139172087473317108e-01
-6.047254229994292185e-01
-5.365436412153056223e-01
-6.388069145165818918e-01
-5.934281671621641774e-01
-6.336816502543224372e-01
-4.620217445415312207e-01
-5.884660662638339090e-01
-7.335134728056246223e-01
-6.946871881003986449e-01
-6.406668532950074990e-01
-5.920086379108467911e-01
-6.511842872851076880e-01
-5.338241194191389871e-01
-6.109593791311588307e-01
-5.059510962798595690e-01
-3.838035709543030638e-01
-6.852941895703967834e-01
-4.998038735914596686e-01
-3.808072172632744334e-01
-4.878084134103094494e-01
-4.770971938232678178e-01
-5.637625800839455303e-01
-4.477483880337745359e-01
-6.549153112716763481e-01
-4.218035968294944205e-01
-4.949308306953343339e-01
-6.059251306841288987e-01
-4.730219560254871336e-01
-4.474664546235427864e-01
-4.121504243962034186e-01
-4.669157541971282743e-01
-5.119767061105019446e-01
-4.961715482851470904e-01
-3.951431376894423697e-01
-4.531121168054260684e-01
-5.092629659959485577e-01
-4.153259664302375032e-01
-5.851649765540949399e-01
-5.432840939347336473e-01
-5.638457734852589942e-01
-6.811208482038872969e-01
-4.355305208331031186e-01
-4.119183338491749224e-01
-4.294572714053459528e-01
-5.687436852454104130e-01
-5.091646924441374233e-01
-5.474631091295195651e-01
-4.811579088064131815e-01
-4.358280600924513415e-01
-4.730621363764415110e-01
-4.917088082219951972e-01
-4.667032593234314852e-01
-5.662863522063789068e-01
-4.211398469288120117e-01
-3.824337361429647753e-01
-4.845941742266440255e-01
-4.391100017483844931e-01
-3.718755807109973555e-01
-4.114955263250372752e-01
-4.973273858240292999e-01
-3.151000261215264331e-01
-4.059754222344270636e-01
-5.427368980749346372e-01
-3.043858613195569718e-01
-5.112867259334616943e-01
-4.781521205826554932e-01
-4.876862055614165081e-01
-4.535556956091140735e-01
-4.148745378329792843e-01
-2.666716648401196155e-01
-3.743316833867137428e-01
-5.149295465560754792e-01
-4.486547668860134119e-01
-4.777887472576486938e-01
-3.979346957814807184e-01
-3.605031314065241799e-01
-4.055752536183216406e-01
-4.868597959512138695e-01
-4.504072772133003166e-01
-3.778765267115525850e-01
-4.584856216037224153e-01
-3.689104997498736105e-01
-3.391512064412778860e-01
-2.600068504230834132e-01
-5.157336520298210214e-01
-4.827846433335533649e-01
-4.221061608674324117e-01
-4.433434615071891183e-01
-5.619719989254856607e-01
-5.748688242612065569e-01
-4.225757898763897180e-01
-2.624805274263453114e-01
-4.213077153507082673e-01
-5.380382999498164454e-01
-4.339116183098367663e-01
-2.900944227983078272e-01
-2.964644517880061780e-01
-3.653133917128484898e-01
-3.492261112754266872e-01
-2.912076642249354919e-01
-4.509392370805653250e-01
-4.298421780818051374e-01
-3.224539456877186239e-01
-3.384847638721995011e-01
-3.449965121066904672e-01
-4.285443079300881863e-01
-2.936609305037007900e-01
-3.339178266653072269e-01
-4.651500666746926638e-01
-3.654500340683097259e-01
-2.532028490572602597e-01
-4.248325575426473155e-01
-3.693022471048285627e-01
-2.802523308718984363e-01
-5.053493636246801923e-01
-3.639900414489391500e-01
-2.591818679709728679e-01
-2.966276736743476694e-01
-2.870285861195572275e-01
-2.844395285981630717e-01
-2.886647261727558478e-01
-2.570573504936131681e-01
-2.290935284117152637e-01
-4.207288183736516141e-01
-2.393621337700032881e-01
-1.099095102380033412e-01
-4.652688292940970749e-01
-2.322800258525404282e-01
-1.994503928690938566e-01
-3.235557059444958972e-01
-2.140568191552687793e-01
-3.777302496613608729e-01
-2.707713063954868549e-01
-3.229939874341613559e-01
-2.450158254435381433e-01
-3.072929341436356765e-01
-3.705346015340431620e-01
-1.880754318877999320e-01
-1.765638288062586214e-01
-2.243117884435836540e-01
-2.998031548964380510e-01
-1.444371690081957260e-01
-2.590410009235187272e-01
-1.701269048168735087e-01
-3.271626587260819119e-01
-2.686085948784739386e-01
-2.036996507054785743e-01
-3.630883837744234843e-01
-2.749149390374725499e-01
-3.847557079956131498e-01
-3.888286740081285942e-01
-3.543170186855018611e-01
-2.381502107370547239e-01
-2.017488965145429469e-01
-3.419818616959858781e-01
-1.641439853632694068e-01
-2.121862783074879022e-01
-1.465750225661660022e-01
-2.975828784975956265e-01
-2.715510310631067403e-01
-3.192542370867605395e-01
-3.699574898266843603e-01
-4.545494861194350755e-01
-2.037860924681948738e-01
-2.381866697650304177e-01
-2.571155905985408330e-01
-1.004970038841713487e-01
-2.398490263162739444e-01
-2.613623658864001609e-01
-1.948442913969723467e-01
-2.047018043409358778e-01
-2.887659655074753529e-01
-2.495448321376461109e-01
-1.657804178622413749e-01
-2.094926907122060256e-01
-2.088985059380665532e-01
-5.780782746732618382e-03
-5.132158773308228422e-02
-1.545200905051090923e-01
-9.936506630587685351e-02
-1.754389664407760008e-01
-2.979081616019106926e-01
-4.258102725508033926e-02
-1.284543987143227928e-01
-3.061667434761792400e-02
-3.109012986246790788e-01
-1.088040815845311565e-01
-1.876115119524516262e-01
-8.190583742200369111e-02
-1.104892895176514678e-01
-1.661468463301131460e-01
-1.688031504442154551e-01
-3.165586251800533990e-01
-2.229131817445895170e-01
-1.845027866549829310e-01
-3.101096323540017963e-01
-2.424322396291498649e-01
-2.351184871070533255e-01
-1.488679953843010662e-01
-1.323137710542890699e-01
-1.734871871759623707e-01
-3.605723890157932487e-01
-2.196077022641395593e-01
-2.456753834160008698e-01
-7.671929466345542292e-02
-1.739725143990769329e-01
-1.364599536093704379e-01
-6.772093796834650903e-02
-1.030390467265237531e-01
-2.056514439050955156e-01
8.445665454791945193e-03
4.179093362179446547e-02
-6.306835569201343916e-02
-1.011587108486866060e-01
-2.820966230361353633e-01
-3.764248107510893837e-02
1.375180256787658303e-02
-2.046245987251821552e-01
-1.081056444552007563e-02
-1.379129725788388050e-01
-1.097290559486676781e-01
7.616164624121598940e-03
-1.156640428302375262e-01
-8.126615368199228973e-02
-1.243037495317583646e-01
-2.122700929136414061e-01
-1.503649248152580942e-01
-1.229953674707319478e-01
-6.684755981118366275e-02
-2.925928151603251690e-02
-1.179658843567247262e-01
-1.504207050711725835e-01
-5.292032320192704281e-03
-5.898255505941875365e-02
-9.203878822747892097e-02
-1.002760625645234410e-01
3.921908777331543222e-02
-4.760553274142408087e-02
-2.848639540695310432e-02
-1.649686780867258840e-01
-3.567782841227617758e-03
-3.062915452033509664e-02
-3.999643874666162363e-02
-1.845033747857335316e-01
-7.316580948175548105e-02
-9.152764843673057149e-02
-1.812460570647076163e-01
6.201259031825376300e-02
-2.525304427605376545e-01
-1.141186419109544228e-02
-2.794192815894021020e-01
-6.312766260240781913e-02
-1.514877892716813002e-01
6.141263678404685483e-02
-1.356340643361988174e-01
-3.309857787660951817e-02
-3.168003526125329206e-02
-1.172140161857084945e-01
4.303349956941444204e-02
-3.603197338173259878e-02
5.732411045802504601e-02
5.361119129858630400e-02
-1.907207035113235583e-01
3.545661828725567288e-02
-2.346090954206603019e-01
-9.684976751433448106e-02
-2.534225484913271362e-02
-2.276670817879999573e-02
9.469571776621151698e-04
2.379338262838016915e-02
-8.554114028808762482e-03
-2.075234322456569538e-02
1.675937265546991600e-02
-1.674311557842129983e-01
-3.990848201923687111e-02
-1.147100776651464177e-01
9.668661304388133371e-02
-1.535294263776884605e-01
1.105090272093419285e-01
-3.576263802810613485e-02
-6.224822831192802081e-02
-5.629520890179388892e-02
-8.158893181454100751e-02
1.233817275661916874e-01
-1.498804867010159469e-01
2.868025061103270795e-02
9.057692037192437151e-02
3.120339641950306206e-02
-3.570882744176415852e-02
-7.590425196809305608e-02
6.490592910461673304e-02
-1.187441539490229347e-01
1.990416260518368397e-02
1.756600198395109613e-01
1.546953914768278704e-01
-1.364844350155254918e-02
1.117371962127945151e-01
6.833869146499445268e-02
1.756989685716346672e-01
7.537012745108172262e-02
-4.573545160465600917e-02
-6.765337874379057093e-02
1.135190015361296073e-01
-2.645810188306634697e-02
-6.852410100339948774e-03
5.563607937297813250e-02
1.937286741906650567e-01
2.070735932675374022e-02
9.806918807619131873e-02
-5.724326833897414035e-02
8.989221816051155833e-02
7.173634698199139736e-02
7.622470046588561421e-02
1.078279734584380450e-01
-2.194951756515504254e-02
7.804961588596805167e-02
8.655615556475719508e-02
1.858037637576424039e-01
1.422559664489661813e-01
1.753484000998416503e-01
4.720969888087518662e-02
1.040162910528072832e-01
1.138035276630577769e-01
2.668902068364872870e-02
7.120736068309631295e-03
1.132595723254088277e-01
1.278506105415292415e-01
1.847116022470495778e-01
1.749489674616447887e-01
5.980224773881794020e-02
1.459276699035079450e-02
1.137582924207842100e-01
8.169952515027412154e-02
5.930676203782264677e-02
2.460338492846428915e-01
-2.097158037339789949e-02
1.846424600960762663e-01
1.528228304697904771e-01
4.476411837863086135e-02
1.192318704684707242e-01
1.266607725301915066e-01
-2.128531834483589000e-02
5.720153090178638211e-02
8.381944932814060917e-03
2.425653003393452856e-01
2.202409056166686752e-01
1.081545324417449994e-01
2.042510934432915093e-01
2.559930676684472051e-01
9.571648528721801719e-02
4.878525228754667514e-02
2.309239468850983190e-01
3.393301119458785875e-02
1.619848530402648035e-01
2.272765256481560081e-01
1.915274949533201931e-01
1.249516012749173934e-02
2.215002738758767298e-01
2.860257702505978883e-01
9.786007476464418653e-02
1.644167473935603252e-01
1.195547644816797317e-01
2.397447879485538336e-01
1.907339386600436226e-01
1.616629512442580296e-01
1.742995348443834303e-01
2.648057542393014163e-01
-8.744921628083054954e-02
5.872504695102567784e-02
1.410948725337303200e-01
7.660609275093312187e-02
1.236798724458024329e-01
1.957129470405704064e-01
2.548101468711079232e-01
1.301817237649987302e-01
2.921296280899063902e-01
1.353009685980909316e-01
7.867689780622211249e-02
2.032310534546131198e-01
3.943840363046942077e-01
1.991843111645867359e-01
2.155692404114686878e-01
1.422080657230841427e-01
1.777192737086920327e-01
1.570448098818171268e-01
2.649374833170104471e-01
2.111221865629117622e-01
2.009077224304446074e-01
2.236901336663114637e-01
2.652408644107286939e-01
1.977788265816813884e-01
2.558344611674169822e-01
1.350833378466050894e-01
2.749729853604857555e-01
3.749265727747700949e-01
3.139541113109184378e-01
1.491328846925645824e-01
1.479016352340284945e-01
2.245157248615370360e-01
2.433495217788516352e-01
2.635894841029854385e-01
3.893256356222470904e-01
1.405257881873342440e-01
4.600339387431891247e-02
2.655040443313239074e-01
2.616994178828633277e-01
2.288969285745232896e-01
2.536489279924450946e-01
2.734095089687837987e-01
4.358705417237914714e-01
3.099745614331180232e-01
2.101837657059075493e-01
4.669293912440005134e-01
2.191081955049350993e-01
2.759462817784321675e-01
3.020426069257257096e-01
2.765198736424120951e-01
3.751361138356808511e-01
2.184632962928946265e-01
2.198101166069406365e-01
2.294653866274778409e-01
3.055204229643799230e-01
3.233584534300325553e-01
1.852290548696139683e-01
2.700712462779381040e-01
1.386629245372527908e-01
3.225497269807168221e-01
2.671791140364039308e-01
2.327287841602217744e-01
4.395853040974538883e-01
3.445273294276579024e-01
2.396045922668627870e-01
2.274674225055070206e-02
3.518354960714408231e-01
2.889105317159338382e-01
3.933892391642377362e-01
4.088180085167559819e-01
2.645628002745186169e-01
3.425249408928487949e-01
2.137266473908853437e-01
3.424010809373227993e-01
3.833753799851347122e-01
3.360112712964875015e-01
2.792284148371563246e-01
4.219070151517622658e-01
5.248036703526411939e-01
2.555647844655782319e-01
2.082583264013495861e-01
3.887357614074051226e-01
4.060120584404364741e-01
3.030973626263182563e-01
2.709899296075681252e-01
3.928434630594561661e-01
2.947285551305411921e-01
5.001042074915198477e-01
3.758975932364924111e-01
3.866896511906911527e-01
3.818052392905968984e-01
3.115048429099399052e-01
3.933145761857845812e-01
4.032482659507236611e-01
3.670465640291326603e-01
2.927768051961627815e-01
1.716745366205352230e-01
3.089680632924516890e-01
4.239463772725578505e-01
2.504677968647286979e-01
4.814971214198609517e-01
4.123956329236831420e-01
4.667868918397112266e-01
4.050745015173933261e-01
4.787088024662857211e-01
4.452743205893782141e-01
2.957289204636627811e-01
3.924735882286594646e-01
5.146070253373004055e-01
4.407853571955150374e-01
4.691873098321565627e-01
3.939702530247770063e-01
4.326602442888962674e-01
3.796519281012934455e-01
3.533575712256878387e-01
5.291708785930429038e-01
2.964990289472870244e-01
4.519720926761027213e-01
2.355711665717615255e-01
3.398116472581633185e-01
3.541205450060778692e-01
4.072931938672520458e-01
4.459785621964780788e-01
5.972490522476835428e-01
3.893737196025497949e-01
3.711031126587206463e-01
5.298785870894927585e-01
4.577168931543049712e-01
4.894772890375135854e-01
4.658940372550887110e-01
3.561347088575945175e-01
3.141391456105595559e-01
4.665431418638169569e-01
5.240944576234990437e-01
3.110670742806346811e-01
4.677526079659060088e-01
3.179270550076955804e-01
4.515723040840578517e-01
4.879725502548008520e-01
5.818273350988683035e-01
4.565452550595254233e-01
3.868296271516618035e-01
4.907095294648471384e-01
5.343011305320070070e-01
4.764702293898988028e-01
5.158873551589941986e-01
4.268766861435400739e-01
4.856267420869047058e-01
4.311669894727155339e-01
4.081868927058794894e-01
4.363312019562760602e-01
5.721998491995807790e-01
3.928376402276553825e-01
4.268503501903951891e-01
5.099136272204726206e-01
5.950919139708656935e-01
5.741941614943382177e-01
4.659445144459147259e-01
5.506768926425121835e-01
5.936272941531742786e-01
5.743056417813007242e-01
5.705440907207076640e-01
3.949668462364220867e-01
4.607561994421007778e-01
6.110599454406290265e-01
5.520585264487513077e-01
5.413923990742711689e-01
5.562257196649738056e-01
4.826322851999798047e-01
7.724574862564285160e-01
5.170785260684288565e-01
5.131693379672270794e-01
4.339674044502735417e-01
4.572653070741782289e-01
3.740874751024121370e-01
5.697231746772291050e-01
6.134785882322874029e-01
4.382677189528992323e-01
6.088922047851684782e-01
5.004670145244183299e-01
4.102275199113962212e-01
5.303233333805731364e-01
4.906418275580575750e-01
5.344656344926307368e-01
5.063318984027721514e-01
5.589608811826396462e-01
6.460670461934211461e-01
5.567931379111978885e-01
5.207987219986631722e-01
5.899240863965133919e-01
5.897510371561776044e-01
6.083663384580560995e-01
5.752719983864473807e-01
7.045933530056435190e-01
5.855555296701092649e-01
5.713386476777705392e-01
5.372179742555486248e-01
6.490114262691791813e-01
4.589797916399022681e-01
7.146158388426189223e-01
5.575037880565756332e-01
5.874645245078424782e-01
6.504197544639608308e-01
4.962852374487047857e-01
7.242046516318084715e-01
5.434075416988253249e-01
4.763435690506909181e-01
5.804011586160382485e-01
4.931642433244751156e-01
6.095474050261645571e-01
6.902646403879587611e-01
5.301718702967198604e-01
6.191310786513773978e-01
6.613523708924292643e-01
7.348360582486762604e-01
6.433420896517586529e-01
5.965733239455967007e-01
5.706820746301209946e-01
6.029404204992925287e-01
6.043032804621286669e-01
8.362264089728508321e-01
6.559544118252406131e-01
5.733251698356479631e-01
5.678284619357223395e-01
5.728992996835198248e-01
6.829146668705433632e-01
6.114100771153291314e-01
5.796318338528260172e-01
5.169033965323679425e-01
4.196838761974606147e-01
6.363747172765747973e-01
5.723545756358833225e-01
4.734806276187815133e-01
7.351794033083605129e-01
7.912238357481153894e-01
6.237416059061774432e-01
5.942700898030923717e-01
7.069571930783810076e-01
6.227570001540486677e-01
6.126957375768995462e-01
6.104135828333475677e-01
6.876842376204437279e-01
5.042708506182829176e-01
6.557277851083683773e-01
8.420610425162921020e-01
5.402140046308822052e-01
7.632700997437041890e-01
7.413447226331533191e-01
7.499502994916229515e-01
6.662875892871193972e-01
7.930415541236942589e-01
5.973261953467611240e-01
8.496008119277537185e-01
7.083859608384130979e-01
6.371384742328345396e-01
6.153541889155550448e-01
6.273696542057309866e-01
6.518620510943694546e-01
6.972567551689740073e-01
6.864159365093044363e-01
8.700223204364669893e-01
8.320838335821524323e-01
7.917393416260707362e-01
7.365261843742496595e-01
6.866133510268374041e-01
7.301690574477225359e-01
7.144356966479481486e-01
6.999558596426422863e-01
7.325990354423586037e-01
6.545455752184133891e-01
7.656346348410302260e-01
6.405216975284817593e-01
6.649330619013545940e-01
6.371522017961968043e-01
7.106819022796966312e-01
7.884646166514132082e-01
5.757792030523546378e-01
6.720138827588926222e-01
5.330867621249534283e-01
5.853373110181315786e-01
6.916494730383776490e-01
8.004028473187119186e-01
6.340560541951533180e-01
8.420144077757466539e-01
8.693318614166222202e-01
7.011688806236587856e-01
7.289285029548543404e-01
8.100583339548208528e-01
7.051213507161434579e-01
8.278233960045702222e-01
7.253097762804302517e-01
7.369051040126325391e-01
6.433689969466618308e-01
6.529945653500895952e-01
7.375169467961445458e-01
7.371000947022728900e-01
7.081428181675414324e-01
7.449091691809572868e-01
7.911517838170923911e-01
7.892077219323766490e-01
6.928084062449684222e-01
9.343233315911321224e-01
7.512100913839496741e-01
9.093768762115869153e-01
6.007668008035502716e-01
7.490867084476544591e-01
7.538019796270440942e-01
7.250545287639522662e-01
9.359160350683198848e-01
8.614693012864584887e-01
8.246993288305053404e-01
6.855241946988177570e-01
8.912082777695646829e-01
7.984015212689609120e-01
7.450191497972942223e-01
7.674460590925952230e-01
6.829021894294196038e-01
8.591408071057883289e-01
8.903411696840467515e-01
8.555335731507128783e-01
8.596820255796824295e-01
7.290663699838126899e-01
8.199453349846964612e-01
8.734846784310017487e-01
9.111320117717226497e-01
1.046745289033179427e+00
7.296978011052768220e-01
8.184957346837666847e-01
9.052739616158994584e-01
8.393753332136649759e-01
6.883502277003065162e-01
7.095406595585426190e-01
8.916825081354120552e-01
8.562244022822342870e-01
8.382837393901170220e-01
7.862785989230866024e-01
7.558655391713281491e-01
8.915350574182090426e-01
7.770294675773689042e-01
8.677755665995625645e-01
8.592062125206534340e-01
8.168381413020080473e-01
8.543860421809377215e-01
9.456306651950484587e-01
8.913421359726104720e-01
8.490531103271860003e-01
8.489238825236158359e-01
8.014589892583336983e-01
7.732244011761916225e-01
8.386671303715271808e-01
9.171662919540801706e-01
9.885547116958700586e-01
9.257488586938855679e-01
9.461640444867266408e-01
1.025399093621119695e+00
8.932994217333753983e-01
9.024651877767251307e-01
8.346077955715252017e-01
5.853587687534477224e-01
9.158033816195658705e-01
9.504762978603678025e-01
8.932596241204197041e-01
7.906130341981416620e-01
9.160139390445017904e-01
9.155418976806938280e-01
1.004897741375330167e+00
9.814394523478109367e-01
9.377196782210328596e-01
8.386499751921455692e-01
8.404007878582530067e-01
7.330545327215642892e-01
9.871120737929175437e-01
1.061585037300015522e+00
9.858965996076780591e-01
9.378550746837303054e-01
8.285024867178810704e-01
9.027893475764859899e-01
9.983427408317638863e-01
9.795989465670040808e-01
9.459153718524602183e-01
8.911442452457416508e-01
9.599144692126464484e-01
1.099510918880091781e+00
8.474213505983135830e-01
9.594347491683345996e-01
9.677808447651441437e-01
1.005721291786257909e+00
8.719379978534196329e-01
8.367325094063793323e-01
9.687138876537790821e-01
9.452907735527849020e-01
8.935173008124859262e-01
9.071412238843234999e-01
9.036530204271093769e-01
9.848969879868197941e-01
9.662089069954629128e-01
9.898192710142128536e-01
9.856993447218744819e-01
9.372366574382686721e-01
9.569390741297656433e-01
9.471110471754327076e-01
8.575112790082080050e-01
8.858498999588244605e-01
9.931286192889793307e-01
1.015896878083862642e+00
1.021035835500803124e+00
9.989261291496018824e-01
9.546715749353985592e-01
1.007391714151468554e+00
8.412865932638545763e-01
9.400297082449348141e-01
7.762866850734148061e-01
9.888836427424502196e-01
9.695639741492565467e-01
9.451496723107873921e-01
