-8.636427043573591256e-01
-1.106767768017898890e+00
-9.481993749528262461e-01
-1.010636499609475658e+00
-9.526472252571055455e-01
-9.995079246270822670e-01
-9.577471537684566494e-01
-9.744817468028067475e-01
-9.553935241744779816e-01
-9.958236454907377633e-01
-9.749878735627338644e-01
-9.735557686382021458e-01
-9.890147249330477619e-01
-7.174878647952340760e-01
-9.223557739480352513e-01
-7.416719703024238219e-01
-1.036767736990725330e+00
-9.616030297327969878e-01
-1.012248106216498744e+00
-1.120271190273571804e+00
-8.708159275860929416e-01
-1.012805889793321645e+00
-1.043136815329340994e+00
-8.117401039863262335e-01
-9.525836234609186270e-01
-8.910442885044055350e-01
-8.816720470236667495e-01
-8.845691732963459897e-01
-9.808281119684982841e-01
-1.063639617273091531e+00
-1.013238938073921069e+00
-9.452624803503224538e-01
-9.600325905534234927e-01
-1.012107316574736737e+00
-8.924302189835262578e-01
-8.572892656471011730e-01
-9.174248242843101586e-01
-9.814721703404171160e-01
-8.714573803489041870e-01
-9.596081912439864414e-01
-9.674232095871317938e-01
-8.954900699866575886e-01
-8.686866218772025805e-01
-9.470674709815728454e-01
-7.259319426945411990e-01
-8.596218529479359161e-01
-8.793190101219180432e-01
-8.837764735040426478e-01
-8.445433019552321952e-01
-7.523241546623987697e-01
-8.827124289902875676e-01
-8.934335099444172812e-01
-9.900140458462470816e-01
-8.864314272081715851e-01
-1.031828394722382525e+00
-9.771296959601539767e-01
-1.090890792019964195e+00
-9.272583964208136464e-01
-1.005446941583963305e+00
-8.534124465626334866e-01
-8.404754568910607349e-01
-9.892209977338002336e-01
-9.900728268371467022e-01
-8.226220508403274678e-01
-9.655853319870949525e-01
-8.203866876093807159e-01
-8.323122950881112203e-01
-8.481376303410024242e-01
-8.388160553165904254e-01
-9.512338455317468355e-01
-8.742799804612754189e-01
-7.012238140356430449e-01
-8.212374604731558225e-01
-7.878961652333789090e-01
-9.105342082135012838e-01
-8.164697149160955458e-01
-9.197393703676093324e-01
-8.684663950860823656e-01
-8.191628477639585348e-01
-8.152107431441052432e-01
-7.460516457663632917e-01
-8.253243935793578290e-01
-8.129348171846567661e-01
-8.178418319247099388e-01
-1.000415352415153114e+00
-9.445836528351755357e-01
-7.779889311729019097e-01
-7.940438527650494072e-01
-7.972090206121583700e-01
-9.243567307495754726e-01
-7.396997938925299332e-01
-8.813415860519393519e-01
-8.942907444668616312e-01
-7.493958358890986382e-01
-8.212959937827198909e-01
-7.978193756666689396e-01
-7.603569940007263162e-01
-7.490766299218489799e-01
-9.238911382843482123e-01
-8.382228548438884763e-01
-8.407629719765697951e-01
-7.653142036096157730e-01
-9.297330559382694926e-01
-7.138756805254981019e-01
-7.637845133637124473e-01
-7.230975902855648618e-01
-5.782788284636630749e-01
-7.578052308876049858e-01
-8.750449801328469279e-01
-6.972901366389853139e-01
-7.607941659301103998e-01
-8.010969621000859631e-01
-8.262058563660942268e-01
-8.466805151607615931e-01
-6.163823982974059312e-01
-7.243037825308050737e-01
-9.273410693207884137e-01
-6.839447192130270192e-01
-7.330453447557822022e-01
-9.019727800888484026e-01
-6.887446702799092657e-01
-9.979022462101596602e-01
-7.686184499897287248e-01
-7.715291302131644935e-01
-6.998870957547602689e-01
-8.537299371383477720e-01
-7.575983627361034811e-01
-7.828708984501380197e-01
-6.515115967793411178e-01
-7.669109178516956282e-01
-6.502820747227378018e-01
-6.906652876847353406e-01
-8.323892136074707571e-01
-8.168679101424732858e-01
-9.436224502153339744e-01
-7.500407271179301283e-01
-9.281030163825516599e-01
-6.991159420897289367e-01
-7.281110870131105584e-01
-4.632243147131516747e-01
-7.116777116634761535e-01
-7.287749972585727543e-01
-6.623426282065704163e-01
-8.480210663136199534e-01
-6.837859066252319762e-01
-6.574936640931202669e-01
-6.475505159439671754e-01
-7.332792803902611345e-01
-5.242725094808877717e-01
-8.473600546026648361e-01
-7.648273185083758197e-01
-5.341433549120144786e-01
-5.799045423132229704e-01
-7.598059806380732528e-01
-8.150167207818512782e-01
-7.071926692236998324e-01
-6.341838643818056287e-01
-6.224077085735522097e-01
-7.100210544472839169e-01
-5.985735717820276358e-01
-4.805849573240046912e-01
-6.726137371506104579e-01
-6.599636958303569667e-01
-6.928010803769785175e-01
-6.873141243527323141e-01
-7.338352976790832871e-01
-6.943656239149779141e-01
-5.959309697411923068e-01
-5.607997763008303327e-01
-7.020365739652124626e-01
-6.367839623497868473e-01
-5.860693648596387861e-01
-7.675370134463908034e-01
-6.554445323801063594e-01
-6.861108098512318509e-01
-5.940106372584886829e-01
-5.873147574118122716e-01
-5.877073335154145983e-01
-7.088940454125387536e-01
-7.857731868511825812e-01
-6.338849426718169422e-01
-7.343909965794848116e-01
-6.458151810985586216e-01
-5.442889849438999894e-01
-5.731638668829193151e-01
-5.406589541400296239e-01
-5.467583565493376874e-01
-6.419225773768053589e-01
-5.822444677449200023e-01
-4.676159353008566555e-01
-7.305606055455843295e-01
-6.502025450775095194e-01
-6.517005673244250508e-01
-6.021430297532733844e-01
-6.025944140276695560e-01
-5.446911309054380812e-01
-6.753145948987240299e-01
-3.922540447142836006e-01
-5.745822729468386125e-01
-6.077880059773638211e-01
-6.452842081043705935e-01
-6.899446108919369269e-01
-7.269652415027048065e-01
-5.488432161757264005e-01
-4.202305552303871039e-01
-6.423936438689332729e-01
-4.663358515951083194e-01
-6.551916893002843745e-01
-7.943500654759010349e-01
-5.091988436987019417e-01
-6.966507559324403021e-01
-5.710869829438337542e-01
-5.746122596803283633e-01
-5.019261931749514627e-01
-5.806864546607209965e-01
-5.467353428075519828e-01
-5.065831066390429349e-01
-4.849614302655435027e-01
-5.480125278076756201e-01
-5.021305835967569964e-01
-5.841533497019812948e-01
-5.529603987044379165e-01
-6.011309222851332068e-01
-5.594771993072306104e-01
-4.984515279575848501e-01
-3.719399508184698666e-01
-6.811325193566644121e-01
-3.263093600292522045e-01
-6.692797887355989017e-01
-4.608880526496639263e-01
-5.821573918316614860e-01
-4.983905195797339038e-01
-6.781675405489232533e-01
-4.797896577218043190e-01
-4.924499970349311417e-01
-4.700959656896790406e-01
-4.618740617073008314e-01
-6.781574320650077814e-01
-5.463063551662320494e-01
-6.198904565012753887e-01
-5.049474912194412690e-01
-5.686729090690405553e-01
-5.866724043966603519e-01
-4.539580858513845296e-01
-4.249450909810419397e-01
-5.029840297977093977e-01
-6.451285419784662523e-01
-4.751080815660123080e-01
-4.873785225236395569e-01
-5.505014790346614006e-01
-4.609685190245167430e-01
-4.108922368136866399e-01
-4.663607646391109141e-01
-4.736554151350355624e-01
-4.362041222341257463e-01
-3.904546517813068385e-01
-5.180332933176604593e-01
-4.257728073646188660e-01
-4.671581150171675301e-01
-5.850186431652302232e-01
-4.727965217767807760e-01
-5.658876010422914105e-01
-4.717839683050629729e-01
-5.702916613358522957e-01
-4.208526516892389102e-01
-4.504828666603576948e-01
-5.230866595216205894e-01
-3.645886143707687266e-01
-3.089051674242301315e-01
-3.541203364424245215e-01
-4.968270509277646352e-01
-5.062842421784901070e-01
-2.844853331732761226e-01
-3.999335534750971255e-01
-3.831077061959974328e-01
-4.263804554535563507e-01
-3.999123325163937981e-01
-4.649774107972426962e-01
-4.099916052646528364e-01
-5.420911838344254496e-01
-3.605237314522202752e-01
-3.507946972859842250e-01
-4.437614501377310505e-01
-3.392900988091408498e-01
-2.922322926570083412e-01
-4.614834766226921792e-01
-3.781673679876950689e-01
-3.199014550544063140e-01
-6.104293328010027553e-01
-4.449384834276216560e-01
-3.100360072469199313e-01
-2.830164276091464703e-01
-3.005172789533096522e-01
-4.570801444981298367e-01
-3.896731595047637220e-01
-4.055758233174681093e-01
-2.173888770045291630e-01
-4.223617471066373197e-01
-4.381675061582436803e-01
-4.116636450759654231e-01
-3.762346542539264926e-01
-3.280801048063963776e-01
-4.226053016046964483e-01
-4.734403126774288650e-01
-3.757883912081919076e-01
-3.451395501255151155e-01
-4.482301704622635996e-01
-2.560074829451268741e-01
-4.625276547815065364e-01
-4.731817922092220186e-01
-4.183983665488069659e-01
-3.358391426897692211e-01
-2.930939941726474207e-01
-5.171003629847167327e-01
-3.530665203884492676e-01
-3.202265242115117094e-01
-2.766732108138293955e-01
-3.683673031175601076e-01
-3.944468063596236473e-01
-3.510647522540063514e-01
-2.778533071220561923e-01
-3.541467272104709685e-01
-3.423307015821094867e-01
-1.993671737045605852e-01
-4.484330304739723716e-01
-4.822134564351871489e-01
-3.894403859118715783e-01
-3.535749882447888348e-01
-3.258386024105404677e-01
-3.953016828066078792e-01
-4.199628932521436431e-01
-2.130817217892343463e-01
-2.961457176414162284e-01
-3.887631409595206367e-01
-2.763025315173213703e-01
-5.097674133681279196e-01
-3.795437019899391973e-01
-4.514871705770371890e-01
-2.274637244761216759e-01
-2.247346561276039600e-01
-4.762891013289329845e-01
-3.441811756117346133e-01
-3.322295199396693155e-01
-5.126913250969444835e-01
-2.624299174065289342e-01
-3.283417042956934817e-01
-2.542893469136948137e-01
-3.222518862759212177e-01
-3.559523203680615144e-01
-2.913198663032994240e-01
-2.750679835639286974e-01
-4.298967086715663188e-01
-2.065868840898492931e-01
-1.473243823796009377e-01
-2.733917397567643404e-01
-2.692189810199299149e-01
-2.069707478545777246e-01
-3.419350612256957245e-01
-1.928777245038312549e-01
-3.013688971511006010e-01
-2.148340698728845310e-01
-2.387197273133530029e-01
-3.920925011230771418e-01
-2.223094312576841813e-01
-3.264889068470627209e-01
-3.902500223177809424e-01
-1.835001328080241023e-01
-2.628068278153248838e-01
-2.640749532516005749e-01
-2.991741781960630675e-01
-3.256957509151320318e-01
-3.156216029949183155e-01
-2.762985027235349000e-01
-2.824506691599849573e-01
-2.972497199626102926e-01
-1.828261556010483957e-01
-1.285082749280441472e-01
-2.899891674339639680e-01
-3.092760186690406421e-01
-3.401639315062917612e-01
-2.407172451971296701e-01
-1.923109961087581254e-01
4.035765655144977516e-03
-2.811158994967810076e-01
-2.148517623843898550e-01
-2.922733848385247746e-01
-3.497577225469337137e-01
-2.084140804491182997e-01
-4.428303058090190397e-02
-1.779678460986394706e-01
-1.736115569138999837e-01
-1.904578548606546684e-01
-1.560512007214662489e-01
-1.515743432425898374e-01
-1.564721402236785019e-01
-1.788885816428465447e-01
-1.244315146860461435e-01
-2.601282556558007220e-01
-1.483916071509699119e-01
-2.025833499696117201e-01
-2.187716456269089838e-01
-2.661963097187836635e-01
-1.950082434513820684e-01
-2.532004442824019597e-01
2.036751723330176411e-03
-3.276894161866075739e-01
-2.802748030402229529e-01
-5.492561385153222481e-02
-8.942028155063803940e-02
-1.870817312931931375e-01
-2.101541503257982058e-01
-1.929980510283155204e-01
-2.035416676206296405e-01
-1.410240898642695639e-01
-5.957286845188552310e-02
-3.294119352576619364e-01
-6.590125089904610989e-02
-1.523475841107521933e-01
-1.839457505111995739e-01
-2.733612959609766913e-01
-9.869630675314157442e-02
-2.149031049288864237e-01
-1.018890374697240392e-01
-9.981010284750878314e-02
-2.188099837475589171e-02
-1.777233563095593216e-01
-1.915176380066906381e-01
-2.597627790842444440e-01
-1.330430327872570428e-01
-2.096979403334496006e-01
-2.029725603501862652e-01
-2.142139697790480801e-01
-1.307560817499985040e-01
-1.691299378205541049e-01
-8.173117576917726668e-02
-8.855114315967332894e-02
-1.464699022572307496e-01
-5.505333543245744671e-02
-8.452117588969972062e-02
-1.493562407472959208e-01
-8.955062067634626810e-02
-1.680674425352270684e-01
-2.520525565547496738e-01
-1.886508014219470675e-01
-1.538587540326554481e-01
-1.408020893456884415e-01
4.144171268318692231e-02
-1.397476663918585660e-01
-9.732537979107384885e-02
-2.468085271862956731e-01
7.793119424308727304e-03
-3.108359798021121528e-02
-8.262071217658444044e-02
-3.338815120349716836e-02
-1.666626213196980011e-01
-3.091483040843190921e-01
-1.117528574711416089e-01
-1.869592164456615191e-01
-8.972538332647830850e-02
-1.224238119741994230e-01
-2.061394109559824273e-01
-1.771528123369611185e-01
1.717163222460848029e-02
8.571323078562204101e-03
-6.949644758322344462e-02
-3.628720922159192619e-02
1.372535731448536536e-02
-1.936388198727286847e-01
2.112574698492050707e-02
-5.172527456095469232e-03
-7.975829191355629511e-03
-1.439272705418566389e-01
-3.552898735098515559e-02
-4.992422826804258917e-02
-7.522102416402892677e-02
-5.651894058346174088e-02
-2.115562011754068827e-01
-1.273471440953822566e-02
-2.917459178074399695e-02
-1.340850953193830665e-02
-4.135226523755879818e-02
-6.774046316489196196e-02
1.965186405351023249e-02
-3.124195230199403039e-02
-1.662940807597663995e-01
2.141700979416912703e-02
4.605980845366554333e-02
-1.622890327522226450e-01
-4.424108697110556293e-02
-3.617646239816159522e-03
6.840252220747217171e-02
1.970971702272429280e-02
-4.314757872577622971e-02
-4.067552367838341704e-02
5.133371432442931231e-02
-6.844772928859289840e-02
1.658768826841257316e-01
2.828323243500871151e-03
-9.886925825400919021e-03
-1.193110151357259646e-01
-7.999694824324153630e-02
1.021391753919104611e-01
-3.165229676536145814e-02
8.345456627771638547e-02
5.821835874769914349e-02
4.142126306594249435e-02
1.455921877173996237e-02
4.288061571739699984e-02
-1.915574323533199633e-02
-2.576617706371239509e-03
1.253008790807720596e-01
2.301011842936157015e-02
-8.826991512727819233e-02
-1.242576925866370344e-03
6.240959566941655517e-02
-5.978789319859258156e-02
1.887892679540608548e-02
7.958695537441694279e-02
7.732988550557058638e-02
4.802090944979310605e-02
-2.721988134430355366e-01
-1.862671604503879086e-01
7.246474449090796466e-02
9.547211888748022290e-02
3.922478887176199247e-02
3.025396269951172862e-02
3.040005591952859437e-02
-4.787911392149891282e-02
7.940977750073473229e-02
4.009156928618253651e-02
4.714633479697222240e-02
1.465767507313875118e-01
1.805151476219944151e-01
8.705849340877180875e-02
-6.395766442516256922e-03
9.977250905965129313e-02
8.018968252759831527e-04
9.084191296674586080e-02
1.479114573428764456e-01
-4.322164319870769322e-02
4.793233605440083700e-02
1.826204255808408505e-01
9.239676611566317171e-03
-5.391119204248533137e-02
1.003528684140717053e-01
1.598063463522184091e-01
8.859829771052729966e-03
1.351998886008552170e-01
-8.272579215874947822e-02
1.145096828328788230e-01
1.846916902051766451e-02
1.350692861226835406e-01
1.484999999946699789e-01
1.467278105984762548e-01
-6.981717449025440225e-02
7.495219733946589802e-02
1.044814805750017978e-01
1.244266612823090035e-01
3.965269262155315944e-02
2.518303273672711437e-02
1.936846431064710716e-01
1.144326976520584904e-01
1.679084004277228981e-01
8.926218315118186752e-02
2.826064747433952307e-01
2.317593933759721780e-01
7.829966374937276374e-02
2.485641695737252771e-02
1.909729909999937081e-01
2.604289672565072711e-01
2.133434176212553601e-01
1.085130199850107141e-01
-2.000196009432620228e-02
3.212916821130331474e-02
1.988662579307971523e-01
5.147452673385796013e-02
7.555722490554524218e-02
1.308881088660217851e-01
1.587089978732032225e-01
2.057982312479975096e-01
4.353979402516976183e-02
2.940450001118427581e-01
1.491828380420792688e-01
2.180619079771471680e-01
-3.448690244474836991e-02
1.809128337587955493e-01
8.922736186595253693e-02
3.000888367459258466e-01
2.778388141392204580e-01
2.181349145042268678e-01
2.536846645043018822e-01
9.290970050239086286e-02
8.821741264593563336e-02
1.589670198388715983e-01
1.329082118744512597e-01
2.312301150339017564e-01
2.862683394873116183e-01
6.585437338312211120e-02
2.759911924285068374e-01
1.961998675310896167e-01
1.239697868983771628e-01
2.190929215160062338e-01
9.549627100743665609e-02
3.416051721810682285e-01
2.737695954680597343e-01
2.154622891690519083e-04
1.031345810612345482e-01
1.855341240150096827e-01
7.407791973508752459e-02
2.386676016228362340e-01
1.089695662537375070e-01
2.471994346741103188e-01
2.618883332898712113e-01
2.654757958555579722e-01
3.081178116753749974e-01
2.708223218373776442e-01
3.444697705240859498e-01
2.875650569528072631e-01
1.608312054578908135e-01
1.735515597553826672e-01
2.645083661017479382e-01
3.239385633687811850e-01
3.029523311457696377e-01
1.779083619475023137e-01
2.027362999912851460e-01
2.551572768747753517e-01
2.743631872626597912e-01
2.705392615264513023e-01
2.927263406072488361e-01
1.490389385345562978e-01
2.689250325135240649e-01
2.183168491990595539e-01
3.372377049770842738e-01
3.858401063454726665e-01
3.154522855703986717e-01
1.417766738504238622e-01
2.826066708016496398e-01
2.333199820280289216e-01
2.706994073517652866e-01
4.292873734557797194e-01
4.395977043650708405e-01
3.254843894788593817e-01
4.050072439768378496e-01
3.288702039264432830e-01
1.968255541120685626e-01
4.627241587702285441e-01
1.822147885538030199e-01
2.789241795243170841e-01
3.667450335063374145e-01
3.152312691212714735e-01
3.814306541806801176e-01
2.572840955840383637e-01
2.427909292707720323e-01
3.035376323428035095e-01
2.653611326223638822e-01
2.976599583321501430e-01
2.907554975277821252e-01
3.963261006025511901e-01
3.909967439484318685e-01
4.063730706497914458e-01
4.837357222267139600e-01
3.572911043826066391e-01
4.114755053241889726e-01
2.629413454632406610e-01
2.666973622958957457e-01
2.432541952939021035e-01
3.118098131981594245e-01
2.906820330698641763e-01
4.130933726282623453e-01
4.936508916885519738e-01
3.089269604627354338e-01
4.551926498291004042e-01
2.734963934725516688e-01
3.885705106812340492e-01
3.574722748112503790e-01
3.370985320517574380e-01
3.608071342444466589e-01
4.960677211929503949e-01
3.402465021136408252e-01
2.517068415103585477e-01
5.061309137278744430e-01
3.498974174639530865e-01
3.639298245856814051e-01
2.524110449990706329e-01
4.998846512969954969e-01
4.271116741510814774e-01
4.723488544355544105e-01
5.388475354518378335e-01
1.874121921126266632e-01
2.989989133682133260e-01
3.440127158877102631e-01
1.534788790075129195e-01
3.239465808376823519e-01
3.554857815633281626e-01
4.058963694224776986e-01
3.227028896721707008e-01
4.652347200431113938e-01
5.321662939477845855e-01
4.894330822734859199e-01
3.648577623130824232e-01
2.784287558261756557e-01
3.699227672628110919e-01
3.154612591801140287e-01
3.169426573312166262e-01
3.351805241769812427e-01
4.309719413383650832e-01
4.897920095728161560e-01
4.847300061293657314e-01
4.715633108403696205e-01
3.241906437765959548e-01
3.696359766598304453e-01
4.860443729895737586e-01
3.894819970108576168e-01
5.973918424728089649e-01
4.892904382878298652e-01
4.921851633471282517e-01
4.165230562527880709e-01
4.232232611283987533e-01
4.621374586718656197e-01
4.488858559568311701e-01
4.111814855676583780e-01
5.135168828226924775e-01
4.039949421441422772e-01
3.919211007153136084e-01
4.174295819885911474e-01
3.634384072896108542e-01
3.546631963646966756e-01
4.073621352803010742e-01
3.876435949371195844e-01
5.167333916035916630e-01
3.740804929862099892e-01
3.801807074422590138e-01
4.932547907075875981e-01
3.432035779346701565e-01
3.796945470430156955e-01
4.275020202119137469e-01
6.320193036268026976e-01
3.973307539465862348e-01
2.814330484318218195e-01
6.484694251296747591e-01
4.027695117900860766e-01
5.977955780543176001e-01
5.843815466303343698e-01
4.853925888116144560e-01
4.619033898806193528e-01
4.894626915543383583e-01
4.303078728672636855e-01
3.955451988799196239e-01
7.806581960729434000e-01
5.759462233114356344e-01
6.003162076035030159e-01
5.769539104623614412e-01
5.364950981313961753e-01
4.565968013317644458e-01
5.826571874933771378e-01
4.912098703529280685e-01
4.637823595294590096e-01
5.598758038334927800e-01
3.651042459539022289e-01
3.458812311564347652e-01
6.902427916881674896e-01
5.236952852565722738e-01
5.740110708085375268e-01
5.680191537250990352e-01
5.739553378512892712e-01
5.005147211625016190e-01
5.537111261846000554e-01
5.579587229359993517e-01
3.046598504543463481e-01
5.592964520135369488e-01
6.014014785587322720e-01
6.286386389286907628e-01
6.134117045074031216e-01
6.755034638064424390e-01
5.795614486320573855e-01
5.527948755480212029e-01
5.821413131797580354e-01
5.640690969955610701e-01
5.500360547328623229e-01
6.231635035417120161e-01
4.973053057133222099e-01
6.368750978902052440e-01
4.872650913797054173e-01
6.639684332707911363e-01
5.248284888738082854e-01
5.824116624427754241e-01
6.436363714416689641e-01
6.481355233687390305e-01
5.427330420552450851e-01
6.710098942438696978e-01
5.759419042798834543e-01
5.398295586468191409e-01
6.276630300635648307e-01
5.988499456758625827e-01
6.025145855909002091e-01
5.427739128939413904e-01
6.652336213624271410e-01
5.968618749302507798e-01
6.001993164702267292e-01
7.057126308300223361e-01
5.914461758354258025e-01
4.281186005915484372e-01
6.063411019998649065e-01
5.836237965008642670e-01
7.227009502989124590e-01
5.282599825350811074e-01
4.484229110949742858e-01
6.747121621376312994e-01
4.998730466464240685e-01
6.912866728826284612e-01
6.516069409990062899e-01
5.196238314975965000e-01
4.779806328664956139e-01
5.549573065127140215e-01
5.800587310527368645e-01
6.827290983186637963e-01
6.319207426150427187e-01
8.351572038631284167e-01
7.511583424933796493e-01
6.643802300337002809e-01
6.492417028661262579e-01
6.604932378356047629e-01
6.221417760640216565e-01
7.209704336336151265e-01
5.572323290450892364e-01
7.565122560418369169e-01
6.602645207781020487e-01
6.830004199437959000e-01
5.346496992471506671e-01
5.319124232125714835e-01
7.742483426960177217e-01
7.142456335314361082e-01
6.715137605717573788e-01
6.779970838138401623e-01
6.816462224238031276e-01
7.233730955891382042e-01
4.747139901883350444e-01
7.813883043073587276e-01
6.804755466810356035e-01
5.869447371461711249e-01
7.846457432794916587e-01
7.078815465555609032e-01
7.245609984833490946e-01
6.766592776586438651e-01
7.677614868887620014e-01
7.127748621318368283e-01
6.031778456761535123e-01
7.108255354146844063e-01
6.058814157687307800e-01
7.820731080958543968e-01
7.069900783091860319e-01
7.382268908170595001e-01
6.042345008360002767e-01
6.767378911231592964e-01
9.369820710901268779e-01
5.893714347599231518e-01
5.609503087449090319e-01
6.804415784567152681e-01
6.103255424008239283e-01
8.885739816929995039e-01
6.658406783926370531e-01
6.780694789168260073e-01
5.055089510444161771e-01
6.380869587761249795e-01
6.299719412676020314e-01
6.791034870525538558e-01
6.514551031959752159e-01
8.357974338615733467e-01
7.575327020787284704e-01
7.391229988732576084e-01
6.787949587670728535e-01
8.094442435442887884e-01
7.536159176195689202e-01
7.855513649165617451e-01
6.791690747462039157e-01
6.753672367294260015e-01
7.974522203222080829e-01
6.934796517035476393e-01
8.231931077943746011e-01
6.267937243092449595e-01
8.445158686986465879e-01
8.336910828711868726e-01
7.396477024702908798e-01
8.132476076161285761e-01
7.186610693794037719e-01
7.902916176320498032e-01
7.112512393006436007e-01
6.787964793757815807e-01
7.583772560611435898e-01
7.726745900381055687e-01
6.463448379096043972e-01
8.663784277022642533e-01
7.862643708859644587e-01
7.597089042067113329e-01
7.771693954743321697e-01
8.391836198219407850e-01
7.517134057176767525e-01
9.256698468120275747e-01
7.841780235028587009e-01
1.012631116947452448e+00
8.181961791004714879e-01
7.367586977007498650e-01
6.817017192497223377e-01
8.028927133073539002e-01
7.169209463469365939e-01
8.298233727619647171e-01
7.252104021324041749e-01
8.942264485560985632e-01
7.669323675742627522e-01
7.801863910719227801e-01
8.489484783191131312e-01
8.253535999936865153e-01
8.801075875482908817e-01
7.978224791617249956e-01
9.371414865352178936e-01
8.667511598054149502e-01
6.315404574437544216e-01
8.274340923008888238e-01
8.611964722369122027e-01
1.000427148031662439e+00
8.926333807931431386e-01
8.729409297838546244e-01
8.994376341731097346e-01
9.344432683639818382e-01
6.609926149894086445e-01
1.072419071977263272e+00
7.021611932330595884e-01
9.508443724066636404e-01
7.697325888848559616e-01
8.867413135560074933e-01
9.917993006787528820e-01
9.813565029299835540e-01
8.104272359940938308e-01
6.580033731748641257e-01
8.726812573138099660e-01
8.677174082676610833e-01
8.482607862217717010e-01
8.210577550014314108e-01
8.324475984046073584e-01
8.886863138231029247e-01
9.067384853460694893e-01
9.500347154620714107e-01
9.577640480866481676e-01
8.934256322729579036e-01
8.780353552898449987e-01
8.353378866876208786e-01
8.715436003516447983e-01
8.419182261269149148e-01
8.239073283167845929e-01
1.081711964774043855e+00
9.968212034753848316e-01
8.837495976421171351e-01
8.673215671056133669e-01
7.956437606914182892e-01
8.922020197928910434e-01
9.190189348834180150e-01
8.366108989806628760e-01
8.990576486051105043e-01
7.655602973931644462e-01
9.679538234435958177e-01
9.693209830997325804e-01
8.702552489755399634e-01
9.026819696296383144e-01
8.933901142382513205e-01
9.130167125252011129e-01
9.534601913661103767e-01
8.609214334927803858e-01
8.314675066514016777e-01
8.876493783234022938e-01
1.009393451990048485e+00
9.121979452397912524e-01
8.733131260440607502e-01
8.911740578697461279e-01
8.169230192780498889e-01
1.055091006847138413e+00
9.317868291552064974e-01
8.953550742132350138e-01
8.721378811640670969e-01
9.718623422608008156e-01
8.526529915417642158e-01
8.943195929018573631e-01
9.749978363330155107e-01
1.022392260775496275e+00
8.945256868210934575e-01
1.034567814017420373e+00
1.107295294004489339e+00
9.689044742710360980e-01
1.001443697118984399e+00
9.568269498104079451e-01
9.538273583696094127e-01
9.830878099937740977e-01
1.049961576694873999e+00
1.144326492477987678e+00
1.027733362045943677e+00
9.216682406847527265e-01
8.614454101454641632e-01
1.198287847497609304e+00
9.379601220360135327e-01
8.675636613042583267e-01
1.060043316650624234e+00
