-9.802742747766940434e-01
-9.646855186432599094e-01
-1.171150753511289277e+00
-7.399270388538208287e-01
-8.360312594493981564e-01
-1.102368696751109933e+00
-1.104901294353022312e+00
-1.171207795689624520e+00
-1.094351994469991096e+00
-8.682443702063016300e-01
-9.878291673278156715e-01
-1.012580656859042083e+00
-8.866678355330152028e-01
-8.773775241802461711e-01
-1.138410306112995096e+00
-9.462179255960265767e-01
-9.658739347065962155e-01
-9.881292174538072182e-01
-1.104064583765855811e+00
-9.380789463127343630e-01
-8.929455183932354378e-01
-9.004765381685549963e-01
-1.064859818258895530e+00
-8.871428422032544558e-01
-1.076120757142988493e+00
-9.222435484433592068e-01
-8.898862926503846582e-01
-1.060933200744807348e+00
-9.453914730447681158e-01
-9.844206290461638975e-01
-9.983779215259146467e-01
-1.007066642908176046e+00
-7.925568877628809128e-01
-9.184244763928474109e-01
-8.598311723673349727e-01
-7.973128407095532166e-01
-8.016734266341589699e-01
-9.242926494526017001e-01
-7.874962335155147874e-01
-9.158032136482107122e-01
-8.829648568595217517e-01
-1.060700445174309836e+00
-9.009333437292150748e-01
-1.051234731725213534e+00
-9.662860570254561132e-01
-1.000962825831841041e+00
-1.060150640826659885e+00
-7.356652204394638073e-01
-8.678294915681166177e-01
-1.023910532349273650e+00
-9.882620743342435121e-01
-9.616033567432676898e-01
-7.927663786121604828e-01
-8.568462135062056007e-01
-9.503044063346439696e-01
-9.815629688953728671e-01
-9.438570139977507933e-01
-8.858143855915749931e-01
-8.504987349442232336e-01
-9.633239161816898877e-01
-8.117019701158532108e-01
-9.123207002141444644e-01
-8.498095020875437999e-01
-8.308139709139144014e-01
-8.639555019963003346e-01
-9.763340887105398380e-01
-7.090005838846131780e-01
-9.275015115396454402e-01
-9.729342864979660943e-01
-7.589695692617491884e-01
-8.655587711071559553e-01
-8.816767100877126451e-01
-7.290800603066028840e-01
-8.255742191927415430e-01
-7.708998332506048490e-01
-8.133817529779234778e-01
-9.082101200675781749e-01
-8.487749951198895193e-01
-8.597218512174900074e-01
-8.865392070359205956e-01
-9.307199094241244142e-01
-9.195693512784459678e-01
-7.968580015567034991e-01
-7.801564953789883461e-01
-8.055350189288438267e-01
-9.290821052569510075e-01
-8.174754110766677684e-01
-1.019913428585744297e+00
-8.623882067796921902e-01
-9.268362959922281652e-01
-9.457711005418114603e-01
-8.592186376973199868e-01
-7.980564736531685632e-01
-9.927964253494490077e-01
-7.544590705168588984e-01
-7.627162931891294795e-01
-9.227936868554283967e-01
-7.928329010394318255e-01
-7.234935754313749356e-01
-9.420894720661620036e-01
-8.154480384078092170e-01
-8.268971009390535531e-01
-8.323579721384958274e-01
-7.858747954280945747e-01
-8.452228292903206652e-01
-7.639766326840023991e-01
-7.401432022976484060e-01
-7.094091812749586667e-01
-8.912965665948520133e-01
-7.751907944258469296e-01
-7.799143284386644837e-01
-6.930140525492375358e-01
-6.915852453718435155e-01
-7.232467774065641786e-01
-7.807870164940713398e-01
-8.382746026057421584e-01
-7.970036392458432761e-01
-8.423674467904971319e-01
-8.637597689712868121e-01
-7.101149418705131611e-01
-7.042509171062558693e-01
-8.191735242893752877e-01
-6.654002032313716120e-01
-6.182400437404692584e-01
-6.882086531023658971e-01
-6.861935166382051587e-01
-7.298686220436163552e-01
-6.073662788896083686e-01
-6.637070584415342145e-01
-5.504769486834135694e-01
-7.489663125221576179e-01
-5.869606867103493997e-01
-6.365353558883298790e-01
-7.973815007852821379e-01
-6.851878827675026429e-01
-7.436812071374379052e-01
-7.410394819412825518e-01
-6.711673846744456995e-01
-7.205089898968358719e-01
-7.443196076363063352e-01
-6.466955013137061226e-01
-8.826049846253705145e-01
-7.856775232949585464e-01
-7.584827316131351749e-01
-6.830507837661443649e-01
-6.618164347881412279e-01
-6.250616434583305958e-01
-6.906504586593956718e-01
-7.653104246920161557e-01
-8.295690603671606045e-01
-7.326964900589888474e-01
-6.939688311340964644e-01
-6.772186160468913751e-01
-8.286647974227950852e-01
-6.568335815326070692e-01
-5.061364883167686068e-01
-6.835164099281993977e-01
-6.506946908037801736e-01
-5.127132268006083793e-01
-7.357842430174122983e-01
-6.114294534415634086e-01
-5.634207188905832053e-01
-5.214021288433690060e-01
-7.996132704102058009e-01
-7.166720684772847072e-01
-5.634962509394325636e-01
-6.846352415887972942e-01
-6.822328880836474596e-01
-6.893557551306109810e-01
-6.104212529007145838e-01
-5.282626501301459498e-01
-6.231388167947640166e-01
-7.474351345371373911e-01
-6.493461868793846126e-01
-6.874296252802651885e-01
-6.406069444436256477e-01
-5.272443265594777273e-01
-6.283456484283773680e-01
-7.137955866874687860e-01
-6.028609906334836399e-01
-6.457440479112820375e-01
-7.258164118052845559e-01
-6.365901991576524699e-01
-7.033112517022833687e-01
-4.256340507069181767e-01
-5.594556392516386589e-01
-5.609677001534528751e-01
-7.985665257507813530e-01
-7.598173659595419682e-01
-6.192575412361090992e-01
-6.188853277539860809e-01
-7.152820311623826477e-01
-5.703961007360840441e-01
-7.158040120704806109e-01
-5.725043888536007763e-01
-6.968095451787452710e-01
-5.990655346547556492e-01
-6.623573511798057645e-01
-7.125541330620674962e-01
-5.302345555661410748e-01
-6.607846488347425273e-01
-5.717655868597386615e-01
-5.399322870830386423e-01
-6.236282384539616475e-01
-5.503723588706682657e-01
-7.247164366269343017e-01
-6.435470567119100371e-01
-7.041626707853397837e-01
-6.052101101357710844e-01
-6.947723961273182258e-01
-6.159004071712878003e-01
-4.568604499653827755e-01
-6.875252866956228504e-01
-5.415953282423731086e-01
-6.588206744350719735e-01
-3.833103941972257345e-01
-6.475729338672275848e-01
-6.113928277902316299e-01
-5.221303554607640285e-01
-6.497197329262835996e-01
-5.877745853179681124e-01
-5.016090570864967235e-01
-6.286535117024629749e-01
-5.708057757907142316e-01
-4.899427491928285971e-01
-4.786737916356313405e-01
-5.446659158659304945e-01
-5.890025325356578190e-01
-4.262926194634147903e-01
-5.779648533923843479e-01
-6.687297249693323620e-01
-3.648664156424377691e-01
-4.561401754571090539e-01
-7.016351987640925270e-01
-6.053992963260457216e-01
-5.781320208632338975e-01
-6.009473291541795881e-01
-5.254945257666028269e-01
-4.787077581037237350e-01
-4.250166784763744765e-01
-4.147291789648049898e-01
-3.116436003832819268e-01
-5.362080927900776395e-01
-4.401022059702104361e-01
-4.617563383989446990e-01
-5.531732304458474303e-01
-4.974214988528761761e-01
-4.299030592088419200e-01
-3.964311859684412909e-01
-6.197914634192753791e-01
-3.856369030054528357e-01
-4.681636869762769715e-01
-4.918657119284047252e-01
-5.133889709663135292e-01
-5.188980268973055754e-01
-5.847055516422129395e-01
-6.110228831212012324e-01
-4.425808321122415845e-01
-3.391807260135659696e-01
-5.024385010222764958e-01
-3.898061006761128211e-01
-3.834705601879102033e-01
-6.496842264718881710e-01
-3.716399362919432514e-01
-4.478436860106977946e-01
-3.997329820017347379e-01
-4.966768409056824818e-01
-4.415241616303707817e-01
-4.319214936003520355e-01
-4.826094125050836570e-01
-4.054991771607170947e-01
-4.431461451230387927e-01
-3.053631184395678155e-01
-5.149100425208918974e-01
-4.240936463270938983e-01
-4.201407063985854728e-01
-3.502860084340025937e-01
-4.590905138459289159e-01
-4.336059427056009330e-01
-4.553523970885868799e-01
-3.970441431473941685e-01
-4.373972235664166930e-01
-4.981343982292953387e-01
-4.130378406368301336e-01
-4.134406410032261392e-01
-3.769268965311295405e-01
-2.724027855149808719e-01
-2.817390532792432012e-01
-3.356265418125288225e-01
-4.344769155442086972e-01
-3.420727014034771196e-01
-4.455881783634241811e-01
-3.154456373925169643e-01
-5.291830737786584749e-01
-4.160548075374606580e-01
-3.679484130921151785e-01
-4.026492589934873023e-01
-2.230352134413892407e-01
-3.031351453300060173e-01
-4.609778164532183364e-01
-5.096633818460358789e-01
-3.037026318460428476e-01
-4.965486516960801455e-01
-4.947448880090756229e-01
-3.346966381476464969e-01
-4.244720546596916777e-01
-3.106810351328432307e-01
-4.186805349194600567e-01
-5.667748582954915681e-01
-3.746661818922700227e-01
-3.886404444576426198e-01
-3.168194044792099762e-01
-2.791898478787711024e-01
-3.385378591783828606e-01
-3.827658206204782587e-01
-4.096184003053113809e-01
-5.008639180259791823e-01
-3.346896666917864027e-01
-2.106288460393228312e-01
-4.131801506048691786e-01
-4.322020743263026987e-01
-2.387733992671377536e-01
-4.373494411590491127e-01
-3.805047518895307013e-01
-3.390171061935293162e-01
-5.757149711074190934e-01
-3.802075212276637695e-01
-3.240593436171514408e-01
-3.919470740471597270e-01
-2.463790110338818229e-01
-3.552496311166811194e-01
-2.981352148876239005e-01
-3.003754251441092538e-01
-3.530275628655374365e-01
-2.525806855807546936e-01
-1.978360979228547811e-01
-4.628617338715297624e-02
-5.149086478683552182e-01
-2.150997454333355430e-01
-3.268641893951502175e-01
-2.790421698055714494e-01
-2.372184558066712523e-01
-3.010275079083210015e-01
-3.737441258188820004e-01
-4.576761191355129266e-01
-4.123875425616727597e-01
-4.188433784091867285e-01
-3.990760228391349584e-01
-2.417338175335146944e-01
-3.058076027002568087e-01
-3.980388393160473881e-01
-2.818257178925071549e-01
-3.079146059881088804e-01
-2.451207174021745594e-01
-2.822283069362944152e-01
-2.179098203801893840e-01
-4.856060609513704329e-01
-1.539963132022044157e-01
-2.505107005264896602e-01
-3.317493275281694354e-01
-3.975182324501724263e-01
-3.247672115827606731e-01
-1.998975417715799230e-01
-4.704993293426956713e-01
-1.579314450897948419e-01
-1.799469993175291382e-01
-2.122996602036256869e-02
-3.688955285162165976e-01
-1.824156984666281955e-01
-2.842122631355789575e-01
-2.037254899235647065e-01
-3.295818193803023433e-01
-3.122040231273613409e-01
-2.167344258717290861e-01
-3.320435342858629180e-01
-3.429274450083339976e-01
-3.551447023125738345e-01
-1.760796499380635760e-01
-3.162707532107947861e-01
-2.226113331393031192e-01
-3.365202382592987207e-01
-3.025510299069805731e-01
-1.733621056613328659e-01
-2.506125874386277430e-01
-1.815463697495509066e-01
-2.781666157196553413e-01
-6.600295799686030362e-02
-2.474647835120587502e-01
-3.150909771974690354e-01
-1.052943378253410750e-01
-7.934078560222930510e-02
-3.986405165018303554e-01
-2.367446556760642862e-01
-4.178476264412381291e-01
-8.610193663560329613e-02
-1.824001931862272163e-01
-2.709211831878268750e-01
-2.177477870186874942e-01
-1.784315245893281221e-01
-1.399427275951918292e-01
-1.134259444471238665e-01
-2.881751526325436741e-01
-3.202200903618220296e-01
-2.469714990563120494e-01
-1.827641302070835416e-01
-2.065670683539803931e-01
-2.199091458214410821e-01
-2.663314997600404466e-01
-2.089553054731270731e-01
-1.985210841742285626e-01
-2.125430003354283337e-01
-2.001255954726628983e-01
-1.729326236204841438e-01
-2.197508750383920517e-01
-2.196804978316088397e-01
-1.050323527058842077e-01
-1.790174274313983127e-01
-2.917673304165647186e-01
-3.162417287606426042e-01
-2.498261728579798391e-01
-2.383925512151207349e-01
-1.328123341230109944e-01
-8.414945593248283895e-02
-3.240229808931811006e-01
-1.398806934671698587e-01
-1.583281684307434878e-01
-9.361767834422034251e-02
-1.023988370740164383e-01
-1.410405351968834209e-01
-1.292478846843824192e-01
-1.598878175949996761e-01
-2.810698130747577017e-01
-3.596921682235567630e-01
-2.022898501285823325e-01
-1.113129815296245440e-01
-2.368026026019646180e-01
-2.751830723665552036e-01
-2.533304326496855219e-01
-1.594032411145183958e-01
-2.354425653613692604e-01
-1.097111557274570437e-01
-1.495688714293444965e-01
-1.730957877872441875e-01
-1.825539831062780727e-01
-2.845571041009047064e-02
8.922843341837609354e-02
-1.773668435264185717e-01
-1.269291804997814410e-01
-1.354966202990317004e-01
-9.477771605245219333e-02
-2.654276981930137613e-01
-2.268217214254883429e-02
-3.057175723544760040e-02
-1.888184837662149340e-01
-1.827358034841091716e-01
-1.355389643094195851e-01
-5.510503696086774261e-02
-4.289649238767605927e-02
-4.001857606462214112e-02
-1.707411453815239899e-01
-9.914597990979417269e-03
4.819648584414959469e-02
-2.170013855674796099e-01
-3.569735030580446083e-02
-5.144140229123977948e-02
5.485292484105715877e-02
5.148966793375464590e-02
-7.507886308111268170e-02
-4.704649518044577011e-02
-8.790585796704210308e-02
-1.390846099185470176e-02
-7.077635221120638642e-02
-8.879688875969005135e-02
-2.493584455773677905e-02
-1.663669548257733499e-01
-8.781291805688209995e-02
-6.350914617406149681e-03
-1.922710672260386985e-02
-1.287661487916950398e-01
-5.294468426279843112e-03
-1.510945779545778134e-01
6.056539941001578197e-04
-5.171173713160800295e-02
3.954094358277279384e-03
9.236406427526898388e-02
2.490027776549663674e-02
-8.768313011962559911e-02
2.817482714595848786e-02
1.166010463710380612e-01
2.901741629872690506e-02
-3.512641533644866865e-02
1.417677948670002276e-02
1.206581036221983788e-01
-1.636082752028513998e-01
1.084154230765095178e-01
1.952897920437874149e-02
-6.860244006285716456e-02
-2.055195446514597457e-02
-1.041773024841875644e-01
-3.869568600089719895e-02
-9.608695521685280128e-02
-9.704630109724253495e-02
4.178631909119445709e-02
-6.015964098491077133e-02
-9.683096676058977614e-02
-8.457458918431061401e-03
1.339180392542055620e-01
-2.978474453135564280e-03
1.823235093295780263e-01
1.032917702364498785e-01
-5.399004392922106092e-03
-3.568326616952431640e-02
6.697762403027836264e-02
-2.095626937360275249e-02
1.897062820204601697e-04
-1.192553944735117027e-01
-3.421413383728309082e-02
-3.230915997150068247e-03
-2.782868630568015658e-02
2.337705873750144381e-01
1.225630741630305900e-02
-9.463389939922274563e-02
-1.534539613030566456e-02
3.544961823577795490e-02
2.967300436319626408e-02
1.052130507480943528e-01
-1.618805738782852152e-02
1.471287841508829852e-01
-5.975368698155791164e-02
1.177972631910146339e-01
5.727222727458931156e-02
1.112912227434344897e-01
7.391630738048317328e-02
2.479383892735907979e-01
2.231552791444926520e-01
-1.538921139411882251e-02
1.058741095445420027e-01
1.064401291588460002e-01
-6.787242186866929150e-02
9.590832763189054144e-02
1.640978877000293379e-01
1.023760576224342078e-01
7.174734759529685646e-02
2.043335500981291741e-01
1.810396356085483827e-01
2.142976614263310819e-01
1.451856134126679743e-01
1.588495012178026689e-01
1.258753737721255150e-01
1.049612714375264128e-01
1.253975406067944776e-01
2.049331568788669705e-02
-5.888737898340483390e-02
1.391802267092105694e-01
5.819746767187230357e-02
1.522155618320574222e-01
2.244882947095213077e-01
1.070438555648822732e-01
1.970487020765624153e-01
4.524568062906637878e-02
4.733506201548566550e-02
9.202336498996364911e-02
1.291703663765297050e-01
2.460622196789036820e-01
1.710969954344923605e-01
5.380084911048263474e-02
-4.752865719582887588e-02
1.213001752995794963e-01
1.150240157803496949e-01
1.486386349328246148e-01
-3.513330418309867920e-02
1.888458453356955391e-01
1.120096702921899307e-01
1.214846360509788115e-01
1.455924503008232118e-01
1.965427671846764479e-01
1.826276440587980832e-01
8.277578769856858143e-02
1.666939807380630190e-01
2.785255189735865722e-01
1.314369061594703181e-01
2.424986948588476743e-01
1.661780210778806277e-01
2.353469834710573139e-01
1.731317633258204203e-01
1.314081157026703306e-01
2.293551109252680853e-01
1.432961042407288610e-01
2.460748136624609783e-01
8.136099857986345274e-02
1.851303729719371849e-01
1.671405142891088380e-01
2.952453871632562676e-01
3.033896652097932689e-01
5.734212838063234424e-02
1.875532224093775790e-01
2.612872918229334207e-01
2.992719507623397557e-01
3.410829092259518580e-01
5.770144963066992788e-02
1.895841764108634475e-01
1.675757996958846252e-01
2.152218819616516232e-01
3.078880818919089157e-01
2.747081577471126024e-01
2.076408281207854645e-01
7.819549759219898699e-02
3.375392432271934751e-01
1.026915020198925915e-01
2.826007378166388584e-01
9.458150667296266745e-02
2.099137705724706260e-01
5.863848028716933669e-02
1.737884423827436298e-01
1.767323617456152407e-01
2.862855412142505940e-01
2.085148808011915433e-01
1.097429633521080777e-01
6.310818766500844723e-02
3.025189140096001261e-01
1.614838061679890469e-01
2.613367945403738957e-01
2.580046937314695588e-01
2.468295305168917708e-01
3.068780491534190413e-01
3.950572249655947554e-01
3.109671650575788204e-01
2.674001714371032068e-01
2.779518916640487669e-01
2.453604811585864132e-01
2.794781504480035039e-01
1.916738437377872306e-01
2.806811962657688175e-01
3.727215988619213549e-01
2.216639609434175318e-01
1.082461060597599278e-01
3.797875684364361848e-01
2.129607161581600905e-01
1.691127775004426237e-01
1.469850297269865991e-01
3.480094203600225256e-01
4.603783238111271991e-01
2.836261643997286530e-01
1.035007281579220922e-01
3.033860300234180185e-01
3.123449028967424379e-01
2.359519480918849665e-01
2.257406952081422169e-01
2.360748420584487250e-01
4.605287100505576769e-01
3.135062841203939410e-01
3.210546451978749105e-01
1.500825452304034024e-01
4.118841954686370266e-01
3.271014474274968054e-01
2.775049013454668478e-01
3.013838860983761303e-01
1.718241221450478029e-01
3.161663266475725487e-01
2.480728613489884271e-01
3.007046231217326837e-01
2.406459452459473736e-01
2.384968531236518197e-01
4.805760029358862595e-01
3.284270573929058967e-01
2.241287311444116470e-01
3.381769305791523794e-01
2.665340656538805475e-01
2.850961837356598694e-01
2.366911918410959381e-01
2.344676501669960555e-01
2.259345569421753186e-01
3.956016642486939738e-01
3.642488049738891176e-01
4.900783121440002166e-01
4.564341576125729438e-01
4.017102156513270850e-01
3.165898973767524716e-01
3.913636055911952072e-01
4.491043417754298495e-01
3.273798942451972005e-01
3.633434004347164681e-01
4.023862922321919666e-01
3.668341453772553939e-01
4.468641105732703012e-01
3.532550577791067625e-01
3.292565017500943547e-01
1.359556575562370639e-01
3.793881958844624869e-01
3.818999627134830877e-01
4.336830606113990516e-01
2.807496221733454811e-01
4.698088527265839032e-01
3.974225271008914318e-01
4.087741080613339628e-01
3.621978748148127480e-01
3.861794877598465070e-01
3.531241792516837119e-01
3.400332721824959048e-01
2.508656827948211876e-01
5.631962996418189427e-01
3.172946712323927443e-01
4.638836993550987664e-01
3.532197158927005143e-01
3.391588548257549185e-01
3.518333741963824424e-01
4.889757876104532386e-01
3.033276794731740722e-01
5.208710528048452471e-01
3.919200892131340930e-01
3.302717828215686047e-01
3.849248766658998067e-01
4.928044864911788614e-01
3.622390051815452261e-01
3.443484501273326170e-01
4.999002052621374648e-01
5.068167200339291911e-01
4.366085501293153204e-01
3.326302419065473859e-01
4.555925854001752207e-01
4.511627236576899458e-01
3.485372020638969337e-01
3.570514536819123230e-01
4.009521074071581981e-01
4.669009554933585826e-01
3.948250670712147858e-01
3.432687561123536901e-01
2.794134367790855888e-01
5.762566036449593421e-01
5.241252089067527375e-01
4.589951278235175347e-01
5.193836976862260535e-01
4.608344758736760971e-01
4.389803887705700514e-01
4.578663591079560335e-01
4.679509910362432690e-01
5.240178072346801663e-01
5.784695956370166092e-01
3.471616460442322194e-01
5.343182289315654421e-01
4.869780856101215694e-01
5.709408482343706348e-01
4.618791278883248030e-01
4.152375847776283990e-01
3.851204812249225395e-01
4.604792779679900971e-01
4.054438356864550896e-01
4.014069920876782160e-01
4.578396765460754358e-01
5.527280608542507467e-01
5.567306807873174668e-01
6.264032300209114723e-01
5.930797187358342049e-01
4.958933194569363767e-01
4.761197227222071504e-01
4.783839815700221543e-01
5.312170956440818159e-01
5.453026355446558560e-01
4.383510166971669175e-01
5.644302469657814791e-01
5.612062203632941504e-01
5.547934840542962931e-01
5.698438638269102130e-01
6.633173455423612142e-01
6.582724330771959620e-01
6.453892709531132699e-01
5.116724647800282577e-01
5.075855044467967314e-01
5.467822659472810765e-01
6.170695171857826233e-01
5.438179346621172527e-01
5.328821109080807972e-01
4.402759633240554416e-01
5.459919874033184461e-01
6.037542872929374527e-01
5.572932722205701239e-01
4.580010292880172806e-01
5.639794093314085544e-01
4.119218880968289476e-01
5.482046545527798909e-01
6.108641602997509912e-01
5.265434354408652373e-01
5.789506703763429574e-01
4.955101599791632005e-01
4.513790691363566698e-01
7.158916543490867479e-01
5.407054103475350537e-01
5.231834530086374446e-01
5.499695835488533913e-01
7.820280537163400991e-01
4.342486200065208690e-01
6.633836368252975513e-01
6.134744727737311276e-01
5.593111609633365511e-01
6.140720553101930435e-01
5.794018348295169041e-01
5.118948363660771328e-01
5.350972071384203499e-01
6.038752258059835176e-01
6.325029449238016577e-01
6.529365000409527164e-01
6.713568295109626494e-01
6.625058098851330790e-01
5.069936151129250668e-01
5.009608281142370334e-01
5.853571967182464864e-01
6.856566707753651846e-01
5.245357321074525236e-01
8.164415927205023182e-01
6.033020512884189612e-01
5.619892434255164826e-01
6.704650324785236259e-01
7.266611579387222131e-01
6.999353829330564603e-01
6.478599422719200085e-01
5.463378577469549802e-01
7.997420614003732942e-01
5.561301627994025276e-01
5.478490768231757402e-01
6.579425670325107500e-01
5.409847657525307385e-01
4.634779266615343674e-01
5.669539324090666632e-01
6.090418158458086317e-01
6.406756932442758679e-01
7.125054371410969312e-01
5.326397473329747001e-01
4.832412868631660308e-01
7.032567356851092688e-01
6.752612077128239410e-01
6.256595336076814506e-01
7.434396468847915829e-01
7.062016560093201667e-01
7.145540380021201399e-01
7.181275494480641175e-01
6.580315549084596594e-01
6.668681937453642128e-01
6.675531169844632906e-01
6.491175709989404075e-01
7.320171976969316319e-01
7.300000411198518391e-01
7.516825712910989443e-01
7.417309167210607290e-01
6.249976332014062219e-01
7.356995380344234503e-01
7.346683921151854202e-01
6.907505556488755527e-01
7.055441545728075026e-01
7.139277474777273591e-01
7.854313383383890734e-01
7.392858026314806930e-01
8.793782953075095499e-01
5.092797663196814151e-01
6.389702559828228656e-01
7.169515603124015923e-01
7.008701409207520605e-01
7.264354721264215664e-01
7.092701023129520665e-01
5.296388775866954779e-01
7.004066851933095084e-01
7.806620657370988425e-01
7.966195431355204137e-01
7.274772222046476111e-01
7.096294188246430323e-01
7.472084110154731951e-01
6.410272095902133094e-01
7.109027297615899688e-01
7.270952038945438511e-01
7.258880236124667373e-01
6.140498335416516573e-01
7.458091907932338227e-01
6.930351920899083806e-01
7.117428680729929180e-01
8.782639364138723481e-01
7.523008249842724204e-01
6.701599256256060011e-01
8.054472305711032343e-01
8.601379939195678004e-01
8.592782650101511432e-01
6.685341447652172198e-01
8.684287208656001900e-01
8.370238545336546876e-01
7.714513079109638349e-01
7.043246668412943556e-01
6.286562239058054447e-01
7.753243510721661291e-01
7.204585632769063830e-01
7.834402845443850794e-01
7.921548579449120275e-01
7.823042973171947523e-01
6.620037386311627969e-01
8.408266340213381707e-01
7.875074152610311851e-01
9.039211314120205731e-01
8.117323085865988386e-01
7.189700379009038578e-01
7.404374406505123130e-01
8.072424035025952405e-01
8.339739472236041840e-01
7.502740395474558621e-01
8.966426855931989293e-01
7.678481051386220058e-01
7.971151412666246383e-01
9.012096357423325932e-01
9.099031085474139635e-01
8.137615749273694465e-01
7.644026350810705361e-01
8.778197304866354189e-01
9.024994691308222405e-01
8.422988310733704465e-01
9.543227548288863993e-01
8.008974231782479691e-01
1.091937033107510002e+00
9.792758808559743899e-01
8.035971490893318858e-01
9.842294929720465380e-01
7.922637291316626529e-01
7.368196500313530795e-01
9.293922253449266035e-01
8.713489374684548761e-01
8.462853918358603789e-01
9.063334206684350303e-01
8.117367699736621756e-01
9.288661843214064406e-01
8.752751926529365178e-01
7.622844765681913159e-01
8.667005568576608976e-01
8.539271481119028451e-01
9.417306929811714022e-01
8.584223867144515907e-01
8.220351632220823657e-01
9.596078465357749110e-01
9.175631341069155900e-01
9.040329776332700629e-01
8.976587785443681522e-01
9.400394713625075394e-01
9.282314778899045660e-01
9.494257862088466560e-01
8.957120817091661635e-01
8.850122731604738169e-01
8.969052771574487215e-01
1.006864916474175420e+00
1.083607012935912994e+00
9.619069364072059258e-01
9.688036064689015125e-01
8.903165532899869339e-01
9.981000158783817078e-01
8.428872044443269651e-01
8.240824813999688692e-01
8.122582222762191329e-01
1.062758525625144612e+00
8.550606684795806212e-01
9.367146318315451303e-01
8.397085662486082347e-01
7.870661443641748800e-01
8.672719482552683212e-01
7.883136748140598948e-01
9.143231417971113828e-01
9.068932860895126957e-01
1.094323669773808350e+00
1.043984708903197944e+00
1.006059328783116102e+00
1.112283511179876783e+00
9.363777939192136079e-01
1.029016696703055622e+00
8.488863868285591030e-01
8.649998128553622045e-01
8.517095914818251234e-01
8.835327558932920544e-01
9.810700160323655439e-01
1.069798661322720834e+00
1.045533780743942209e+00
9.406911719921056125e-01
9.477497933162123411e-01
1.021162937127348735e+00
9.234113269991088835e-01
9.704095396660252781e-01
8.513591922623575670e-01
7.684241810719674159e-01
9.518111154429965692e-01
7.930288677042451884e-01
9.544728858075516298e-01
1.075959654206831928e+00
9.012451130303718028e-01
1.037939214955208245e+00
9.381767150559500168e-01
1.041586650862977859e+00
1.027261038280273153e+00
9.900015701555336944e-01
1.078737963284678969e+00
1.015248071627124826e+00
9.595156843579575323e-01
1.095345237676973671e+00
9.742280450047030582e-01
9.722320804707481612e-01
1.002687573646694474e+00
8.704881528751415853e-01
1.101690313219624739e+00
1.081103955143916995e+00
1.016450638743614077e+00
