-8.546025557381128346e-01
-1.100550801268205037e+00
-9.445700787994399938e-01
-1.022491863056919970e+00
-9.550725018352338447e-01
-9.742700856319145286e-01
-9.764765163322353114e-01
-9.760805745224325758e-01
-9.345314957794882416e-01
-9.908862160162243971e-01
-1.006654621531991811e+00
-9.864530953266469337e-01
-9.804660410880983168e-01
-7.258876471466549907e-01
-9.097768628255378243e-01
-7.368853986621782814e-01
-1.030764189578046386e+00
-9.727905565767905882e-01
-1.016268671721467065e+00
-1.117434913079797809e+00
-8.848760570453775287e-01
-1.010160450576435887e+00
-1.028712213342247273e+00
-8.198641766078625936e-01
-9.541343674000303254e-01
-9.097741964065828579e-01
-8.910596878708627600e-01
-8.866118197553108926e-01
-9.844879864818306681e-01
-1.071170419398996598e+00
-1.016947479891336048e+00
-9.491468297825126355e-01
-9.633584520244555804e-01
-1.017960277526120949e+00
-8.891003833484155683e-01
-8.663183544033528083e-01
-9.052901927105467816e-01
-9.739946728468406034e-01
-8.784672186216677670e-01
-9.685361309331717017e-01
-9.688613056450186001e-01
-8.814742610876432627e-01
-8.558302780726427805e-01
-9.283274498181279810e-01
-7.252873557543000338e-01
-8.633948578119997608e-01
-8.971129863006644944e-01
-8.950532712694638793e-01
-8.439977925924847524e-01
-7.748001009175805587e-01
-9.056535328943334795e-01
-9.293323043457875077e-01
-9.833843190801545564e-01
-8.822663959582180970e-01
-1.046578270667010369e+00
-9.921782253101465443e-01
-1.098052952516785252e+00
-9.248827499844346489e-01
-1.013537781348139433e+00
-8.609930594665118342e-01
-8.605020239365759327e-01
-9.714280645993198515e-01
-9.907733662141281483e-01
-8.401205165653999885e-01
-9.624541551510396031e-01
-7.937464613451178375e-01
-8.545922964946348621e-01
-8.735786686911943821e-01
-8.125194354771041461e-01
-9.576912692260011184e-01
-8.766329358678123240e-01
-6.903903057260847298e-01
-8.234649597002438037e-01
-8.141741571747249662e-01
-9.092293452782359564e-01
-8.350849519005159038e-01
-9.276706216396802818e-01
-8.651322775520364772e-01
-8.158294257351297318e-01
-8.355068475462370525e-01
-7.549702385786565273e-01
-8.268913550021601555e-01
-7.939021568970954235e-01
-8.133531207113245953e-01
-1.025102878136175955e+00
-9.434151536683649253e-01
-8.043300764275425063e-01
-7.915837196661285047e-01
-7.849618893502183781e-01
-9.180550821374670045e-01
-7.537034442923649102e-01
-9.018179058994373332e-01
-8.985555549022009592e-01
-7.656634133942834541e-01
-8.501079114998474351e-01
-7.946921032270334306e-01
-7.622767829907856063e-01
-7.502456113500047818e-01
-9.363874411290951105e-01
-8.421178051239532891e-01
-8.376975960571794166e-01
-7.396030189683245881e-01
-9.327813395634144689e-01
-7.031551955510159102e-01
-7.834855252432555428e-01
-7.316975002232716241e-01
-5.857506318987982796e-01
-7.940381390268416162e-01
-8.578033055819674901e-01
-6.822662231054624771e-01
-7.663730373319563860e-01
-8.305218515046176586e-01
-8.406146004585023368e-01
-8.490183039345445826e-01
-6.272655772376076744e-01
-7.228405955654945148e-01
-9.263081252902618523e-01
-6.688494654180299204e-01
-7.444839093862087864e-01
-9.120985106588649360e-01
-6.877925114220103664e-01
-9.945203439229077791e-01
-7.548309817955233259e-01
-7.807383807875245552e-01
-7.041749567694318701e-01
-8.563664252183009751e-01
-7.536735381043790927e-01
-7.858143868204320315e-01
-6.334842494993175865e-01
-7.501303365043597848e-01
-6.150971794681172611e-01
-7.036401181128016935e-01
-8.147801896157454982e-01
-8.184285168564328083e-01
-9.670797971864221187e-01
-7.243708555673030736e-01
-9.299529995301367702e-01
-6.811146410192950862e-01
-7.222862756278237706e-01
-4.627028077148127583e-01
-7.408733744142614874e-01
-7.027081409327394779e-01
-6.610547765480015991e-01
-8.392137770401302266e-01
-7.054450941873713354e-01
-6.800245493766374771e-01
-6.548439280637430304e-01
-7.361223561734135945e-01
-5.272642341344836447e-01
-8.311669430020346416e-01
-7.717993544876906586e-01
-5.608274806407963498e-01
-5.632100848307648455e-01
-7.555868328357321362e-01
-8.290908570981865289e-01
-7.186972246597187475e-01
-6.477759504462365925e-01
-6.063184277178927939e-01
-7.152459332438206863e-01
-6.118429850423876548e-01
-4.790378058549419893e-01
-6.618317228782354400e-01
-6.392598848882962148e-01
-6.980720381177344391e-01
-6.687109715453768422e-01
-6.899579107899467267e-01
-6.944079849919422287e-01
-6.307398173545402109e-01
-5.541465130957835550e-01
-6.877680799678392853e-01
-6.215167053882728609e-01
-5.966133479944789597e-01
-7.631125827878504353e-01
-6.607063191712171379e-01
-6.949325329133317908e-01
-5.749250725212601276e-01
-5.919358485931772718e-01
-5.748422076908651368e-01
-7.084314431143295954e-01
-7.690317997874329681e-01
-6.307143304540632212e-01
-7.245589965753309603e-01
-6.419870550165693857e-01
-5.394004465305235474e-01
-6.014287525629693487e-01
-5.463324723364687552e-01
-5.584176172746707634e-01
-6.374683327606971428e-01
-5.888762694930785857e-01
-4.734843225247492571e-01
-7.277763924696888376e-01
-6.403398092719740919e-01
-6.362126194590509431e-01
-6.079809072961450678e-01
-6.218089890159590460e-01
-5.288745556672550530e-01
-6.528185742926350121e-01
-4.002753513716945655e-01
-5.839181587499387982e-01
-6.219173242043010141e-01
-6.409339152732917988e-01
-6.824838313999695982e-01
-7.324518962226299612e-01
-5.634926579976674565e-01
-4.373356261808512002e-01
-6.431075534153101181e-01
-4.858312540717069639e-01
-6.583992479611491255e-01
-7.997663758255776356e-01
-5.119494809641426114e-01
-6.848825603514675509e-01
-5.693917850436529537e-01
-5.793932298249826474e-01
-5.065488483550231180e-01
-5.806449639547327513e-01
-5.300497762699156734e-01
-4.984936864950304525e-01
-4.872340691339616114e-01
-5.575188477072310356e-01
-5.328752435964072554e-01
-5.589685440480739453e-01
-5.421530610166855890e-01
-5.890184790078936139e-01
-5.660775377884386117e-01
-5.038046573608573331e-01
-3.926219624456120938e-01
-6.379442277596407695e-01
-3.081793275922242725e-01
-6.693771104022547824e-01
-4.680164015302309410e-01
-5.845568517808353848e-01
-4.974811235738643145e-01
-6.821671108883560208e-01
-4.890529612378956004e-01
-4.770251897543598685e-01
-4.867114557952323950e-01
-4.713013984187187089e-01
-6.719901260079415017e-01
-5.506871355988256500e-01
-6.280431798145050815e-01
-5.066443652207942572e-01
-5.529121012836402116e-01
-5.930597489122271249e-01
-4.404627084696468575e-01
-4.034186585939413261e-01
-5.150797331441893112e-01
-6.679013948738445894e-01
-4.963099448841142847e-01
-5.046638282723350244e-01
-5.541650905641021252e-01
-4.510170848895244666e-01
-4.006222425822986155e-01
-4.678053008713660699e-01
-4.834609450664707486e-01
-4.348978058553402137e-01
-3.828919882520547269e-01
-5.168524250548173216e-01
-4.297898485072297881e-01
-4.762729008998905500e-01
-6.004131957261770181e-01
-4.713906478041988146e-01
-5.611317950112305608e-01
-4.820058846112649786e-01
-5.794867994547234780e-01
-4.034009080849912388e-01
-4.429635135285485137e-01
-5.280362562879116206e-01
-3.688560220769642184e-01
-2.986677097540620385e-01
-3.432973532456572441e-01
-5.035323812637465535e-01
-5.105904514842829478e-01
-2.935320244219395969e-01
-3.939957918754281585e-01
-3.898732755493616864e-01
-4.525873408632234418e-01
-3.826464723949402624e-01
-4.530561400164833663e-01
-4.308614851542600377e-01
-5.593285687620541680e-01
-3.468094296943288191e-01
-3.602543194605365429e-01
-4.555852662783156926e-01
-3.159666511372287157e-01
-3.129197628824653132e-01
-4.162967488537409055e-01
-3.990226061172811312e-01
-3.097346317909113189e-01
-6.260975978165632672e-01
-4.455857034703477049e-01
-3.397453926883262088e-01
-2.716555945559500085e-01
-2.951986929556524863e-01
-4.531832139815699656e-01
-3.950701418462334025e-01
-3.982603278974492511e-01
-2.187136527373509387e-01
-4.416079589219781276e-01
-4.223254618277539341e-01
-3.845517347115010032e-01
-3.806883779224257136e-01
-3.287081863108949897e-01
-4.401503984009140225e-01
-4.645313843297670386e-01
-3.866671272445929564e-01
-3.597728821140017130e-01
-4.220170593271093118e-01
-2.671180756335601592e-01
-4.651171388947880070e-01
-4.737930632241850182e-01
-4.258609553525665725e-01
-3.445143367486531716e-01
-2.895259059592647510e-01
-5.241828369705101576e-01
-3.571082972992424831e-01
-3.460209802959441916e-01
-2.710082401314027889e-01
-3.836589705738092104e-01
-3.803314334623428827e-01
-3.458249849914621366e-01
-2.837632894861863986e-01
-3.608415634839124975e-01
-3.451792661364528891e-01
-2.049609821120532971e-01
-4.344449817189109941e-01
-5.003352387327396622e-01
-3.888717063493681292e-01
-3.540922446029952098e-01
-3.217538337231332646e-01
-4.178376821877408664e-01
-4.237419777357879780e-01
-2.155025617869824051e-01
-2.870367814621759273e-01
-3.919716481294316379e-01
-2.791542964581693043e-01
-5.074999262743915551e-01
-3.647327093246222063e-01
-4.535774272793298145e-01
-2.464376351124032138e-01
-2.187142118089246134e-01
-4.685093823556755188e-01
-3.841403450614747639e-01
-3.566334846403493852e-01
-5.062850473092060932e-01
-2.668487119972954846e-01
-3.196589155427437268e-01
-2.626657144563420698e-01
-2.864058045655419327e-01
-3.437192945353629847e-01
-2.728578752513054484e-01
-2.730819681985128811e-01
-4.208961704464055931e-01
-2.217857176208536674e-01
-1.482730556849825576e-01
-2.598479549342126993e-01
-2.782127852775115873e-01
-2.171135200049226222e-01
-3.853341238962714188e-01
-1.959104048659959518e-01
-3.001448837641028655e-01
-2.002759362822520983e-01
-2.227299503618927756e-01
-3.719179721078367806e-01
-2.174604330661227825e-01
-3.329522713191388483e-01
-3.695406305885747256e-01
-1.831966284293930214e-01
-2.690991447857015162e-01
-2.539153561315067864e-01
-2.962676387368201048e-01
-3.603792324195572716e-01
-2.863477926636238680e-01
-2.899447733480613465e-01
-2.941670172963967156e-01
-2.673066660739569222e-01
-1.772366176454641395e-01
-1.230595581852487602e-01
-2.532015654595448639e-01
-2.944451423802575407e-01
-3.279711631151374096e-01
-2.389342251494311342e-01
-2.267173076063453419e-01
-4.087528685452617577e-02
-2.815358759364058883e-01
-2.202229792137545827e-01
-2.989086331718350253e-01
-3.265094163180744524e-01
-1.963228954299386375e-01
-5.693329083143671560e-02
-1.808232978734109486e-01
-1.539254740366189089e-01
-1.651150061249690992e-01
-2.114827586772027590e-01
-1.639172485327332895e-01
-1.680713399872689195e-01
-1.879617021737546578e-01
-1.366286339408151473e-01
-2.642753339645566579e-01
-1.445282943856697755e-01
-2.226692570860644149e-01
-2.403216666526633571e-01
-2.527709660131650105e-01
-2.130136445517964994e-01
-2.304882610199654736e-01
1.711702124926631902e-02
-3.334161452970352824e-01
-2.654415210285596682e-01
-5.611312230985208288e-02
-8.189953176416867042e-02
-1.800798058750242014e-01
-1.943474782519653554e-01
-2.126006762228180302e-01
-1.937268896316997335e-01
-1.482749539499259306e-01
-5.219317370824850394e-02
-3.182382468951463483e-01
-8.067627395368340282e-02
-1.605885259896165373e-01
-2.040753319888742590e-01
-2.624005018033609971e-01
-1.045462548076550452e-01
-2.211041250904090538e-01
-1.084889359370201645e-01
-1.114108084720837333e-01
-1.419898771220775777e-02
-1.688009379152908829e-01
-1.614487667005798099e-01
-2.680250546920501242e-01
-1.422819028329233570e-01
-1.988573135352005861e-01
-2.221021178644444760e-01
-2.183035525080976869e-01
-1.696280105608120592e-01
-1.691810698944921643e-01
-1.190077546008530135e-01
-8.549955500355534144e-02
-1.312402822923018075e-01
-5.002314972224241457e-02
-1.031466678432214346e-01
-1.332703439028614656e-01
-1.247235984133360231e-01
-1.521264965916910850e-01
-2.592779917147247648e-01
-1.803587305906744764e-01
-1.754380197979798772e-01
-1.488587931064323522e-01
3.956831985754121622e-02
-1.541201736617210660e-01
-1.026404063192006555e-01
-2.283675960598557098e-01
5.930944049071752017e-02
-3.348423901031950117e-02
-8.581404451451102311e-02
-4.553127169857717343e-02
-1.668396954415373723e-01
-3.040046154895599817e-01
-1.113451386977691998e-01
-2.003449099122272814e-01
-1.189833454708842109e-01
-1.372756364743427382e-01
-2.108033201253408095e-01
-1.572943305452661755e-01
2.055809435803494789e-02
-1.338792611114777813e-02
-8.548467681685611996e-02
-4.466154399661684260e-02
-4.064777170437229754e-03
-1.835023921004331482e-01
3.213307566962458894e-02
-7.528995687215636091e-03
-2.170537737795763186e-02
-1.668121112408622320e-01
-2.793572919982971817e-02
-6.578417136447284319e-02
-6.797588677929521095e-02
-7.290290670234048087e-02
-2.218703531072377944e-01
-2.367047361395191105e-02
-4.509776760242859006e-02
-2.744193322763421872e-02
-7.764877704839469319e-02
-5.574282720451900069e-02
5.165384169890237936e-02
-4.930383949473715610e-02
-1.545732336574558718e-01
2.738459789619986096e-02
6.427153080803338359e-02
-1.474194893733547507e-01
-5.531419602162406662e-02
-2.713662414420120114e-03
2.395590992291728866e-02
1.315342166542050016e-02
-5.220391969409404059e-02
-2.766817722034504295e-02
7.215555350450024441e-02
-7.230849842053459209e-02
1.592280027261634423e-01
-1.050249976506819477e-02
-8.338282873540572154e-03
-1.144893344805870683e-01
-7.556446578334113928e-02
8.545539552351558155e-02
-4.280541402594535000e-02
1.113156813297819514e-01
4.243976216782360811e-02
1.371691754102492312e-02
2.680334354148614096e-02
4.138443799408743351e-02
5.877583948611405165e-03
6.718077068973487762e-03
1.099676844831268957e-01
6.181556396088136625e-03
-9.635578773144920506e-02
1.338780081522982120e-02
5.338802324872466559e-02
-7.394134147234734944e-02
2.590458959400826836e-02
6.995021326194046651e-02
1.009555869106279480e-01
6.615455433238998095e-02
-2.688233178017913616e-01
-2.017849217417247154e-01
9.944695926132782193e-02
9.819046057850722153e-02
3.266162594643802486e-02
4.958377346232552968e-02
1.338262226098199149e-02
-4.624997227700575197e-02
8.466662536071195566e-02
4.012164674881920495e-02
4.356119395315011245e-02
1.468510306950639444e-01
1.855895374477572746e-01
8.632504061307801069e-02
-9.994161740312160203e-03
9.281515107130709763e-02
-3.197820983260965793e-03
1.188024620588429697e-01
1.457592443048778275e-01
-4.541244803708135991e-02
3.730517134835258097e-02
1.988010231396802052e-01
9.842224131059803746e-03
-7.311859237226474295e-02
1.151574646363704851e-01
1.615335849739970020e-01
2.054002072593761816e-02
1.538995073778274825e-01
-8.681615163503787758e-02
1.153718837294653576e-01
1.652222258416514294e-02
1.261410779538560401e-01
1.539747360956469358e-01
1.750327656904294427e-01
-8.570108601994133601e-02
7.125278770113094295e-02
9.610286365463177605e-02
1.202012494256591013e-01
7.741816021938714709e-02
4.309300439593313770e-02
1.981337303362482871e-01
1.094553137678881821e-01
1.821798415526933168e-01
8.806715411111715186e-02
2.873472881219292230e-01
2.164739150737511886e-01
7.533747274685366480e-02
2.423450438351618455e-02
1.711456432225618440e-01
2.527986648402451575e-01
2.166246645609561650e-01
1.356222158473708306e-01
-3.264063192376605999e-02
4.215115243520727722e-02
2.130892380580273748e-01
5.769805861504160444e-02
8.092142818962695661e-02
1.330454195746645363e-01
1.773958403664068761e-01
2.369538833974391689e-01
5.141980126961975123e-02
3.143151841752749309e-01
1.382845354890422096e-01
2.225216183495926925e-01
-5.523777688098327476e-02
2.170407544688076062e-01
9.275754812871361832e-02
3.027071260362830807e-01
2.724479575731586500e-01
2.092201899797615505e-01
2.426168169317900747e-01
8.262044973231758016e-02
9.742447101035227319e-02
1.284350481529148436e-01
1.290189563054122412e-01
2.382480331159435305e-01
2.981686216314361482e-01
7.736405056666162405e-02
2.755947695914203743e-01
1.815192404898059997e-01
1.582020865086005423e-01
2.196988142510182818e-01
7.599052101543775362e-02
3.645594088058356497e-01
2.921711158859308100e-01
6.374836161446766590e-03
1.017877373939835989e-01
1.715357660681060270e-01
9.160305541166395560e-02
2.330627944301172649e-01
1.108166265838626402e-01
2.164103772158190164e-01
2.677920362834018131e-01
2.720892377210604174e-01
2.998337392921164857e-01
2.819277402305044311e-01
3.317225443724015621e-01
3.113471714844538996e-01
1.625679023052481464e-01
1.581887461014082619e-01
2.412004921358298082e-01
3.370570786183835765e-01
3.095529553153641977e-01
1.720292477317778013e-01
2.259134633414554005e-01
2.588120461369955438e-01
2.765680732662030294e-01
2.768961522841495437e-01
2.855772578969841824e-01
1.125839458085038103e-01
2.983002437377620941e-01
2.226077293271480628e-01
3.400308125230535605e-01
3.737456867386194093e-01
2.930224886022594344e-01
1.408711964479951451e-01
2.906850210303667525e-01
2.012309503626927842e-01
2.568543417352530112e-01
4.087307557249162948e-01
4.363998631663298933e-01
3.147081977678714559e-01
3.981242348782221829e-01
3.091087546263344144e-01
2.001567898499984066e-01
4.643194029160672143e-01
1.770085501315238619e-01
2.901082567744848184e-01
3.813935468719498734e-01
3.273709674385630874e-01
4.050331435123846746e-01
2.468786186081222689e-01
2.479911339066625531e-01
2.899202349820288460e-01
2.946765956335749004e-01
3.038784249850848274e-01
2.883825061379153287e-01
3.914137924469922036e-01
3.817496831965894177e-01
4.143014895659152264e-01
4.863011401688481228e-01
3.561983050876625367e-01
4.173460629022935353e-01
2.534209384538330112e-01
2.675096503910894263e-01
2.434252370655063391e-01
3.021255676661932510e-01
2.962736538915250462e-01
4.051145964524097698e-01
4.700310085639956559e-01
3.268235821325057300e-01
4.477505518714749999e-01
2.557606201113925559e-01
3.817197191317399652e-01
3.469140062147338388e-01
3.678040437696051823e-01
3.584443233678037966e-01
4.903145073192014536e-01
3.242962587270484809e-01
2.707231199573044145e-01
4.997685825892067002e-01
3.474506247509865919e-01
3.553130649907793037e-01
2.369466273392042688e-01
4.891970326575622030e-01
4.222281398085774851e-01
4.398872908815519844e-01
5.008525262548587653e-01
1.783742389844353016e-01
3.029782328973429362e-01
3.480662804769328877e-01
1.585745208865109446e-01
3.255315824894284837e-01
3.561542041076825593e-01
4.201481175802175838e-01
3.211992495566622918e-01
4.712521423117077557e-01
5.162155701283477338e-01
4.936801758854398869e-01
3.705758374602580174e-01
2.695522411860932777e-01
3.456538202897548318e-01
3.315462126160402812e-01
2.869553598615088852e-01
3.195609553931963442e-01
4.574103689879318035e-01
4.951254508002553845e-01
4.876207846856213113e-01
4.827475491817984632e-01
3.490898153853259078e-01
3.753855867071962393e-01
4.783671190510862536e-01
3.981042234453296969e-01
5.772585365088204190e-01
4.711944569705810992e-01
5.074493686751134769e-01
3.968638293697694386e-01
4.262644700528631092e-01
4.587621000075143285e-01
4.498847417970328055e-01
3.994778445263621469e-01
5.247802608166607374e-01
4.224386485251035439e-01
4.030519858393167842e-01
4.302928521309989374e-01
3.654409255694429093e-01
3.789018157834489475e-01
4.096787453810035173e-01
3.875165530481144427e-01
5.222634930224697714e-01
3.739193196871899993e-01
3.453659039123623264e-01
4.672916672912623692e-01
3.361184072206269691e-01
3.490613551417959259e-01
4.256875083016595784e-01
6.329147248957673888e-01
4.022461395891320790e-01
2.787782746627562314e-01
6.695794652936282176e-01
4.075490858568734942e-01
6.403915695463024971e-01
5.875585232637424715e-01
4.988795279136840066e-01
4.539754263060481465e-01
4.844261276033551833e-01
4.502193074429104436e-01
4.307235061640147245e-01
7.769336879038959420e-01
6.085054732913314224e-01
5.996768295156061912e-01
5.691368891809360786e-01
5.545603780502665892e-01
4.490735905494925850e-01
5.586880869002732730e-01
4.970763198836662955e-01
4.824986320581658994e-01
5.483406942366572112e-01
3.664742484884842000e-01
3.232277095868103522e-01
6.851259611909737979e-01
5.090510896305797672e-01
5.888890492483308536e-01
5.521435036208895974e-01
5.592122362391702683e-01
5.146957708989170488e-01
5.475117286108175385e-01
5.837440405382289255e-01
3.133849590938960206e-01
5.664213566761246987e-01
5.805115762377723865e-01
6.362839886663539390e-01
6.229240143854255507e-01
6.675069709186253197e-01
5.855264684649150730e-01
5.659890112869246925e-01
5.968370190039632428e-01
5.676469114106851288e-01
5.569607475777577088e-01
6.154565504671871690e-01
5.099663322662443266e-01
6.251456330721473220e-01
5.016549942202390699e-01
6.595715060872672231e-01
5.446459787435368183e-01
5.976330892576209308e-01
6.572417767536112843e-01
6.404673414895455386e-01
5.469914018633127428e-01
6.822347785731709413e-01
6.137300034564827644e-01
5.392067175240331522e-01
6.285561982881842091e-01
5.596465455768462327e-01
5.980105065335229453e-01
5.629485263388253058e-01
6.750625357406999649e-01
5.909032564115613839e-01
6.040709775963559736e-01
7.088464759120384207e-01
6.015534637883204194e-01
4.413856472819535082e-01
6.247111230710618024e-01
6.141405044925216661e-01
7.259513558432236779e-01
5.252925049678088820e-01
4.446090490398230677e-01
6.781760254763954388e-01
5.125291321709967152e-01
7.131449117842176832e-01
6.403375650878871950e-01
5.363881105428509599e-01
4.878256626827742748e-01
5.324017110636911632e-01
5.721409536634776138e-01
6.557566918446604554e-01
6.191992719887094987e-01
8.095180935633015107e-01
7.593637445973606681e-01
6.470841058131810986e-01
6.269951002275241381e-01
6.461220991231506616e-01
6.342108840565421346e-01
7.242581227658223542e-01
5.799390153690220373e-01
7.356666146701792419e-01
6.686359385946426537e-01
6.658582930120394705e-01
5.282359663317367504e-01
5.668233779583846665e-01
7.677367310064664441e-01
7.160931523579358027e-01
6.829419119535616867e-01
6.742119562223933826e-01
6.696784182999920843e-01
7.287303832128014802e-01
4.556942059032720316e-01
7.764258017662005740e-01
6.920609052940620565e-01
5.671560948516790601e-01
7.816323676850435165e-01
7.256021729759430938e-01
7.295317523092269552e-01
6.580983638569575245e-01
7.677170171789764463e-01
7.292581582894849257e-01
6.101605713982072299e-01
7.085816838954488439e-01
6.288046102962679962e-01
7.768658319339502016e-01
7.154568452300046344e-01
7.303600493696854601e-01
5.696457340385958634e-01
6.629802218213196596e-01
9.495674980697516032e-01
6.003478034444630351e-01
5.726844506767141407e-01
6.985003829162639288e-01
6.291107439795809997e-01
8.771679330953742193e-01
6.763165569958039525e-01
6.461044940307933970e-01
4.940672666905406851e-01
6.323694667403968461e-01
6.393838907785638348e-01
6.751059659361607901e-01
6.275194417156580995e-01
8.266442528189741346e-01
7.554986446030667047e-01
7.213906304719440721e-01
6.838247679377643662e-01
7.942913405609243194e-01
7.412020618847697806e-01
7.843577556644893978e-01
6.800266850693348353e-01
7.061873567156247145e-01
7.878008224020914829e-01
7.093691591368079807e-01
8.337702822656193336e-01
6.371536725377713317e-01
8.188209035879886466e-01
8.422129492430785458e-01
7.364168070880688921e-01
8.314205917249294364e-01
7.103187154082434285e-01
7.962912457042994330e-01
7.152281958331562217e-01
6.813632645346063832e-01
7.519579438070157495e-01
7.794632097151242833e-01
6.579424265757536361e-01
8.744028816668172333e-01
7.814992182067559412e-01
7.442927418375899773e-01
7.768384671896177984e-01
8.393745545891513338e-01
7.481153333834773544e-01
9.134248503266928498e-01
8.055482396879579676e-01
9.987465164374421667e-01
7.976400945374072515e-01
7.496570523924174223e-01
6.898924771038197346e-01
7.827270182611478777e-01
7.224498130204217716e-01
8.433871281554303767e-01
6.940939509857834144e-01
9.176591436145785652e-01
7.647415393232340763e-01
7.858828639083266232e-01
8.783940340367455413e-01
8.138857166779399632e-01
8.664867662681302596e-01
7.973729122042914064e-01
9.352312362798332890e-01
8.729754588743743327e-01
6.211122838501017540e-01
8.182339227985022667e-01
8.733051674323092373e-01
9.998027260432514884e-01
8.725538326343188489e-01
8.846280830588180155e-01
8.994381156617335948e-01
9.279726399547355564e-01
6.641161214463703333e-01
1.036016904891067458e+00
7.017569038373184798e-01
9.485217623398374265e-01
7.690658374470608072e-01
8.706923454426250819e-01
9.722226894169920808e-01
9.812177088834618255e-01
8.045384976414089451e-01
6.805954746467093308e-01
8.698590293519183891e-01
8.674143029688397011e-01
8.609203791070281220e-01
8.009126191573193720e-01
8.356792077422664500e-01
8.832215925430798587e-01
9.258505381638343357e-01
9.467592827738042782e-01
9.810676888785929695e-01
8.859280885740236089e-01
8.633549667339508460e-01
8.320552024269191049e-01
8.662666866963705248e-01
8.149504882227721625e-01
7.925161003894046763e-01
1.079237791595833551e+00
1.001351167833456568e+00
8.835381041635357313e-01
8.710210808685437955e-01
8.087154194838134247e-01
8.937575083817388411e-01
9.222554446839378306e-01
8.361241212101877540e-01
8.838917030965492971e-01
7.503770103279864268e-01
9.646785127637504953e-01
9.911941834038549004e-01
8.657797968636142816e-01
9.312287698001325831e-01
9.167329347667085848e-01
8.812747236879705515e-01
9.615813997201163588e-01
8.636971244504687562e-01
8.527327285947040592e-01
8.745168374616394402e-01
9.929822253339189997e-01
9.298757039862833862e-01
8.733216453998788875e-01
9.056643832614149625e-01
8.272092771927538335e-01
1.048814861469934190e+00
9.252066505405991403e-01
9.061942066287780317e-01
8.956650280863762692e-01
9.440410437579105363e-01
8.539438086525124039e-01
9.050372882050831125e-01
9.835902046912424757e-01
1.040213518900068079e+00
9.061985280199431614e-01
1.018899474676602912e+00
1.106705821585099780e+00
9.627418782939657360e-01
9.718778124433644638e-01
9.739054944774587774e-01
9.429333350685756843e-01
9.957521642590816402e-01
1.057121147784482851e+00
1.145758707345855498e+00
1.018953342290427111e+00
9.006694328087038182e-01
8.729834235473884485e-01
1.185116451311531538e+00
9.518884027386472768e-01
8.653103385933841318e-01
1.057991091509238757e+00
