-8.458198327358736890e-01
-1.009333882634227741e+00
-1.153884327063128046e+00
-9.674672090108755729e-01
-9.887077790738970640e-01
-1.103653317315528737e+00
-8.189087249875065533e-01
-9.621177583267860323e-01
-9.123103962773843056e-01
-8.136691511863427539e-01
-1.014682628935678510e+00
-8.744754806146569637e-01
-8.357581151404734898e-01
-1.014980383413417897e+00
-9.170452245057947316e-01
-8.713107408416473909e-01
-9.013581015327712942e-01
-8.987334368517363448e-01
-9.349175987155641243e-01
-9.767549158571380286e-01
-7.739651146489702205e-01
-9.287461403972668839e-01
-9.719900122174273127e-01
-1.012002134786337271e+00
-9.398245367977093867e-01
-9.620771203359818058e-01
-1.038707506581493023e+00
-7.986646580238229154e-01
-9.074043983120606560e-01
-1.012746245434740011e+00
-1.073930595408515876e+00
-9.704541134783523093e-01
-9.795200319445150905e-01
-8.177060423668621736e-01
-1.062068849587893160e+00
-9.190589866160810972e-01
-8.093728579485273134e-01
-9.102711568312997770e-01
-9.349590387491777399e-01
-6.525671225784245300e-01
-9.943810912889728959e-01
-8.907773543905243008e-01
-9.066409355822870886e-01
-9.235478024694407928e-01
-8.936605172426050903e-01
-9.051946726458295345e-01
-9.839123504753736205e-01
-9.360084908956252114e-01
-9.803145962478830855e-01
-9.575493840671392975e-01
-9.653436512130421088e-01
-9.500093124730202288e-01
-7.451242293698908670e-01
-8.992124279066959769e-01
-8.997857990125283090e-01
-9.909266892532240245e-01
-1.045959661194615142e+00
-7.446625348242073006e-01
-9.122522327980072676e-01
-9.158431082326714545e-01
-9.193885866259974282e-01
-9.012816500128785213e-01
-8.813298243033775847e-01
-7.520104015837156819e-01
-1.028119578590766636e+00
-9.444347151990790667e-01
-9.030916777602512324e-01
-8.860192361093822688e-01
-8.493209209907899293e-01
-6.384288392135060164e-01
-8.122272056638640825e-01
-7.424707089010862404e-01
-8.462453122679074458e-01
-8.405392865847129968e-01
-7.646117004822104990e-01
-8.371160045394282490e-01
-9.911078702277887897e-01
-7.246836728157274310e-01
-8.532437866571754848e-01
-6.784756405489063003e-01
-8.498565590059549146e-01
-8.145261129218950291e-01
-7.426829441224688244e-01
-8.584252842474607847e-01
-9.165211765366038099e-01
-5.734093300593668951e-01
-8.945551025374297582e-01
-7.554555205471503720e-01
-8.366134173299786259e-01
-6.668813306562989540e-01
-8.524864275441733641e-01
-7.444368654184935208e-01
-7.461346460835147631e-01
-7.044441596536968886e-01
-7.727393733795919761e-01
-7.652767130195308187e-01
-8.703579276517432461e-01
-8.419963530861410694e-01
-8.284318583240906086e-01
-7.092171962621794945e-01
-9.018332314963541929e-01
-7.790268656857025631e-01
-8.523915944541036183e-01
-8.900104510692073978e-01
-6.713871808193745405e-01
-8.192194971065422937e-01
-8.026490554454073223e-01
-6.510417756817541424e-01
-5.757603353370095434e-01
-8.780919567468591369e-01
-9.039493790136333695e-01
-6.871235594954447912e-01
-7.964458069013296004e-01
-6.898954553575540327e-01
-6.643387432829118699e-01
-8.136353107134876028e-01
-7.271592626824064931e-01
-7.367366878875842851e-01
-6.403341530567429052e-01
-6.825803004925141693e-01
-7.617532500558098496e-01
-8.289892420773673498e-01
-7.817337235873342838e-01
-6.778937427075933941e-01
-8.250234710015962314e-01
-8.609855993772873584e-01
-6.858504605324347025e-01
-8.071954190778559690e-01
-8.895155903398715980e-01
-7.329668645843667729e-01
-7.953148818251353225e-01
-7.184920471688557297e-01
-6.518536188432713097e-01
-5.935720572624035851e-01
-6.167085054452119408e-01
-6.946835672628318692e-01
-8.229133371470828129e-01
-6.487643312438780008e-01
-6.980693690825532371e-01
-6.876022697166552788e-01
-7.263738204803077414e-01
-7.104794131729275097e-01
-7.303463464277676342e-01
-7.402858640958689396e-01
-6.923547814434094505e-01
-6.130892266783204425e-01
-6.965385889923803031e-01
-6.798583946142294776e-01
-6.872082453887596865e-01
-6.134987151072054390e-01
-6.555463901316874731e-01
-6.356289799467634838e-01
-7.937191268624543827e-01
-7.418146398737021086e-01
-7.243547985223215413e-01
-5.591861272121795290e-01
-6.241906346054719723e-01
-6.882277271398754559e-01
-6.797898773164897657e-01
-8.812608323769922647e-01
-6.281667513067439312e-01
-6.684268533377979438e-01
-6.312368060153001892e-01
-6.242375582788645128e-01
-6.574538500598613444e-01
-6.278255813031482502e-01
-6.338375658340019703e-01
-5.845783650536535703e-01
-6.908719496718396247e-01
-6.191595993720113711e-01
-7.759973509266235858e-01
-6.914926453360157321e-01
-8.150321251315729709e-01
-7.423256520543211057e-01
-6.985913013330190546e-01
-7.064400879452772397e-01
-6.662513527112440270e-01
-6.150383986030781847e-01
-6.933275429381311472e-01
-7.520845178480481952e-01
-6.138407626482862423e-01
-5.513296771432846244e-01
-7.196141277863338237e-01
-6.126118693862315778e-01
-7.122224650528576895e-01
-6.213776847686096616e-01
-6.635440200422255685e-01
-6.368953517762231398e-01
-6.875590312196993015e-01
-7.948264354486876959e-01
-6.388385385863872834e-01
-5.469787888333140780e-01
-6.857725912767664855e-01
-5.614070157219280821e-01
-6.920361019501314326e-01
-5.667812479666523018e-01
-7.958710622776816734e-01
-5.334575835763306628e-01
-6.964368289639045750e-01
-7.436876683022681789e-01
-5.632065063036317820e-01
-5.013770876236992580e-01
-6.449247073326603852e-01
-4.851638893783632445e-01
-5.801207220633227690e-01
-6.856295055341806721e-01
-5.418835343915414660e-01
-6.346086288362982053e-01
-5.359819387966541226e-01
-6.495802375148860275e-01
-6.542951645607681943e-01
-6.476665241673578155e-01
-6.679260670900925012e-01
-6.903997458934864051e-01
-6.190324311694890280e-01
-7.444569689503839349e-01
-6.481572680465701453e-01
-4.853163516424914281e-01
-4.611637944117509269e-01
-5.182655740732757810e-01
-6.535891553255328557e-01
-5.780849415948240422e-01
-3.139735034177431605e-01
-6.248210095543058618e-01
-4.581264036773532444e-01
-4.123139413171316714e-01
-6.146778413200263413e-01
-4.813942875777669772e-01
-4.436379309246594183e-01
-6.753957583772207673e-01
-4.805423608282053949e-01
-5.912019261728836961e-01
-4.133385497571158140e-01
-5.515234387469116761e-01
-5.663762439502831869e-01
-4.796054328117541066e-01
-5.143765912817473973e-01
-5.845149618005514025e-01
-4.857138772252085901e-01
-4.807823932555616575e-01
-4.873679246590696956e-01
-5.730225108044640914e-01
-4.329715409040506557e-01
-6.403225578772397952e-01
-7.674076924089423546e-01
-3.805675999740713578e-01
-4.060002299422944549e-01
-5.162899202873285631e-01
-4.085010144342308136e-01
-5.364516632887554870e-01
-5.837116445703804946e-01
-3.860528769460953025e-01
-5.758584173867522527e-01
-4.195657782706312400e-01
-6.215161907457774637e-01
-5.854070650438413237e-01
-4.525734769513320432e-01
-3.772265733501118379e-01
-4.741045424022653498e-01
-5.812120969914364998e-01
-4.138094636938828841e-01
-4.851032824358424977e-01
-4.113308832934282622e-01
-6.242264045024447094e-01
-5.836395320466929437e-01
-4.967035063059024314e-01
-5.563684731986091592e-01
-3.700378881283192256e-01
-6.119862779079117132e-01
-3.879304937833426004e-01
-5.061325123128874726e-01
-4.384790054241873847e-01
-5.167564846551168101e-01
-4.765755808649996816e-01
-3.769931369953931077e-01
-4.801004876175082314e-01
-5.852062509390121292e-01
-4.219306177149390602e-01
-5.154506359699930762e-01
-5.275389686934564004e-01
-3.867605099531579715e-01
-3.568479774298034535e-01
-4.702184664089883448e-01
-6.167161891827278586e-01
-4.354375818296376544e-01
-4.395329717300756056e-01
-5.276502667465394758e-01
-3.855450504306370818e-01
-4.583150591573336707e-01
-4.496079404306728700e-01
-4.199475779152176957e-01
-3.488513553660926303e-01
-5.832859026898121746e-01
-3.662783687131479504e-01
-2.599828384932371672e-01
-3.769929231425213634e-01
-3.844193114509317777e-01
-4.057416934646686513e-01
-4.750224534601882320e-01
-4.493618675694231457e-01
-4.012137469639162068e-01
-3.545464190648217051e-01
-3.879518112553613784e-01
-4.959362957490691670e-01
-4.903417408958584689e-01
-3.259234491201074557e-01
-3.823209233651884142e-01
-3.979171904897206846e-01
-4.918040811688280667e-01
-3.221029471480896800e-01
-4.591896802544435663e-01
-4.047328879666591828e-01
-5.740337716698942216e-01
-3.599771197106534926e-01
-2.042537954695681501e-01
-3.927494164587982395e-01
-3.586621185340828077e-01
-3.364672620989516139e-01
-4.035926791842238681e-01
-2.919173253022105397e-01
-3.385843825456291145e-01
-4.079571754928398297e-01
-2.295126897748290817e-01
-2.137507871691312622e-01
-4.697755563583269067e-01
-4.107459057987619677e-01
-4.622313420052769906e-01
-2.627178260171043611e-01
-4.473804668907629956e-01
-2.508650431800800162e-01
-3.431395956359453714e-01
-5.882595388229221456e-01
-3.209886869134196408e-01
-3.597815252712203704e-01
-1.829707630000068364e-01
-3.804479800445643711e-01
-3.036374432512123356e-01
-3.813329495640759292e-01
-2.284412098671737557e-01
-3.367197959976032107e-01
-2.668292880487981300e-01
-4.495225422008869431e-01
-2.216529293097792563e-01
-3.398944565769857484e-01
-4.538326061213637796e-01
-2.900880035586601569e-01
-2.067299285017069610e-01
-3.876561486811108126e-01
-2.618701225423054058e-01
-4.054772089467140184e-01
-2.553423636413518771e-01
-4.175592924091572344e-01
-3.414762197355976081e-01
-4.182307725718478197e-01
-3.327837328388260629e-01
-2.165753601719833665e-01
-1.934061852086698674e-01
-3.568141180860510686e-01
-3.487706148601406042e-01
-3.813444502470826891e-01
-2.220870074443685172e-01
-2.674030273330023078e-01
-3.433665857130556165e-01
-3.379091356449278050e-01
-1.932500279390165776e-01
-1.184327009163644723e-01
-3.403712993347572935e-01
-3.003049221288379700e-01
-2.925773750884662072e-01
-2.957715304212948371e-01
-3.754811805269366726e-02
-2.683288231017926240e-01
-2.305278479135426939e-01
-1.238032846740517029e-01
-2.103120449927630975e-01
-1.355401200719279498e-01
-3.005603674887519783e-01
-2.525660619813155372e-01
-1.345070220632721969e-01
-1.980328509651694824e-01
-2.394678417277533167e-01
-3.836483920862255870e-01
-1.921200345679239530e-01
-1.502817619860957465e-01
-2.070660156115808337e-01
-1.669081615930358142e-01
-2.412333093684199958e-01
-2.397066277406497137e-01
-1.689928079457940213e-01
-2.534407503323420907e-01
-1.778040902633451492e-01
-2.408573703402874244e-01
-4.976705008524918289e-02
-3.566239367955810202e-01
-2.712019926787423985e-01
-3.394081592157138227e-01
-7.263199736563374920e-02
-1.853300276065848184e-01
-2.816947275777952342e-01
-1.230443890230933368e-01
-3.145861330124789523e-01
-1.133202196370221432e-01
-3.001238613361799645e-01
-1.283649862067438030e-01
-2.034856370989307217e-01
-2.796397902029624238e-01
-3.131460185377172856e-01
-1.978116769052611634e-01
-8.569936804158347771e-03
1.025080715345550175e-01
-2.824497975445326992e-01
-2.297100038606716133e-01
-2.205824619771775685e-01
-1.248183301587154209e-01
-2.021894427870331856e-01
-2.109996586418074471e-01
-1.653162017304533882e-01
-1.122515849371705232e-01
-1.344677210687736102e-01
-1.622556049297674274e-01
-1.757599815308128754e-01
-8.987361111965795277e-03
-1.933868613005215731e-01
-5.483228904189087899e-02
-1.389502570369227641e-01
-1.984675936368456017e-01
-1.315882363146339031e-02
-2.109698868416988449e-01
-2.007896591171914602e-01
-2.029033433662722485e-01
-2.517203229946122223e-01
-1.340076757200205949e-02
-2.361551202775088454e-01
-1.084448023994070559e-01
-7.846643024264397803e-02
-1.541398549143088714e-01
-1.322534615824911275e-01
-1.807732375797347357e-01
-6.806430996841772441e-02
3.571660305093134896e-02
-1.053789660984144200e-01
-7.792453595403855959e-02
-5.956505657637425205e-02
-2.367188454696000921e-01
-1.963535461007822058e-01
-2.197720936148513660e-01
-1.334025145744003049e-01
-1.139877548242820698e-01
-2.888766167037395971e-02
-9.874097502463001497e-02
-2.264368003248255073e-02
-1.038866938354717218e-01
-5.137861218257157650e-03
-2.261897835742609775e-01
-1.196361894276771615e-01
-1.844255272874733009e-01
-2.260733061461924487e-01
6.679866302164842728e-02
-1.448613209518098410e-01
-9.918851592928498717e-02
-2.310261967961546592e-02
-5.280996594085188983e-02
-2.562808659489382301e-02
-6.187463562898009445e-02
-5.828885425524200914e-02
-8.116949320226979347e-02
-5.584786362351037287e-02
-1.133025503215167196e-03
1.361891154118175136e-02
3.054797800572059754e-02
-3.939832439441924572e-02
-9.929251779776346321e-02
-1.001557568394075143e-01
-2.092641486509757842e-01
-2.091656198731999539e-01
-7.061457438421137045e-02
4.021747828625301530e-02
-5.324293823254875463e-02
4.218999011437043339e-02
-1.701252879416872144e-01
4.607754610553699975e-02
7.296566468870667455e-02
-2.262803348556330918e-01
1.631508605604001516e-01
-8.084680656969517321e-02
1.295408217597257897e-02
-7.828495975506058469e-02
-3.276900290975138380e-02
2.128895504303286636e-03
-2.793023617891414803e-02
-2.550809597349251376e-02
-3.556317591316186799e-02
-7.359725433875044520e-02
-8.902243441677139268e-02
-2.977588940941713544e-02
2.013373733658490802e-02
-1.796650289222057884e-01
4.253558344016224180e-02
-4.851532517036611508e-02
-5.233417422539809322e-03
3.420878720048815824e-02
1.349652574939247673e-01
4.595285690937723350e-02
-2.885237890888606854e-02
-3.533509423138860017e-02
-5.938363292871406268e-02
-4.842998682056738613e-02
2.460030577317266071e-02
4.717337037125170218e-02
2.423978789040412765e-02
1.636945247269593062e-01
-6.834415131335863647e-02
-4.503490715769856655e-04
2.563344747104363483e-02
-3.623536679715404912e-02
1.540745933569038773e-01
-8.075151681618084054e-03
-1.541283060252097124e-02
-5.486653387081103644e-02
3.421742611576065150e-03
-7.329895356102394954e-02
-8.500542634797448802e-03
9.728725069440170847e-02
8.391762576120297829e-03
-3.233026211914157705e-02
5.606512424256207550e-02
6.100090677389737731e-02
4.906282968228509178e-02
1.556348765153804103e-01
9.365113263646487884e-02
9.379190680490563647e-02
1.309536932997953929e-01
-7.844118855144117941e-02
1.869435420222781419e-01
1.860472300268199430e-01
1.527063516779510466e-01
5.508874756530365846e-02
-1.275098915005325462e-01
6.430987296535048414e-02
4.542832360999670555e-02
-4.034049600791619894e-02
7.551345843602791374e-02
2.303456671845763304e-02
9.653932062937746472e-02
9.064238120422674072e-02
-4.947137821066523861e-02
2.154460411407324583e-01
1.248014167640854877e-01
4.116157117180795078e-02
7.552475818254161810e-02
6.602668878610731817e-02
1.804882459029687192e-01
2.883907937292722323e-01
7.857232525185670058e-02
7.834893895725109428e-03
1.601958591106465435e-01
1.482960714779132105e-01
1.334794236935478162e-01
1.592100478983310974e-01
2.626249886822579205e-01
1.513231018184201249e-01
4.499881916904849982e-02
1.562072868998591324e-01
1.074019034990914556e-01
2.171774046122958504e-02
1.706343566325007888e-01
1.914575988425173125e-01
1.578444280555219292e-01
1.701112900631056024e-01
1.144027201086459666e-01
1.627858421619030049e-01
1.486844782906537044e-01
2.030088525305965286e-01
1.820945741380081695e-01
1.765480717294985735e-01
1.474803226803618472e-01
1.624939310147814342e-01
7.451939446443221760e-02
2.363414294863124820e-01
2.864946777376624065e-01
9.491870345023085964e-02
1.735221468858645644e-01
1.262858582206507763e-01
1.277237230103474286e-01
6.595682278344176808e-02
1.787799498969328271e-01
1.134173931212603681e-01
2.879459983253350175e-01
1.915279678492431137e-01
3.050338255275534052e-02
2.332735882593412191e-01
2.561874615666359656e-01
1.600038157622898638e-01
2.951650029678545839e-01
9.095478784925728477e-02
2.232975079192720536e-01
6.347755595273930906e-02
1.326268029324864928e-01
4.371675805754916128e-02
1.119703211570770574e-01
1.768802878745360241e-01
1.428807190249609116e-01
2.669670465581696628e-01
8.219780183593132505e-02
3.531680738452531720e-01
3.518277971540030302e-01
6.823929497994610238e-02
3.940024621439423141e-02
1.863746207334981420e-01
1.397334221718553593e-01
1.974533079367996324e-01
1.565247573930260427e-01
1.243598977439820813e-01
1.923010712554599211e-01
2.921167010459686519e-01
2.221130755688911218e-01
1.190913318673450100e-01
2.182780309809471408e-01
3.492866756168425679e-01
1.707661676840729337e-01
1.057345602615368668e-01
2.550993760573073144e-01
2.262119553283487294e-01
1.343905985390387581e-01
3.397418234640994794e-01
2.745925878216708971e-01
2.758296387315970488e-01
3.060282609452444347e-01
3.939801880247397747e-01
2.614821672448239820e-01
2.276584365528953602e-01
2.473634114559784547e-01
2.145054441075730234e-01
1.717202039753150944e-01
3.636683671378862504e-01
3.426771800068342116e-02
2.487060296812393934e-01
1.006470928037364460e-01
1.350629933774886160e-01
1.278815485766582327e-01
3.710567877077687315e-01
1.640046810883563078e-01
4.913254222484054745e-01
3.371431355877053671e-01
2.982798320765447930e-01
4.374551086848377790e-01
1.498264769303066513e-01
2.981683068430602268e-01
3.483960879748009276e-01
2.435162130519739343e-01
2.413100625153468404e-01
3.158663011150270039e-01
2.994762683919369173e-01
3.109243932895034979e-01
3.337185594210759221e-01
3.768975283634324325e-01
3.130790985202789867e-01
3.428974522049185181e-01
3.016667394197137808e-01
3.529763771969164354e-01
5.637024900395668642e-02
3.203510250761442135e-01
4.314481015166160005e-01
3.923942154093897350e-01
4.034788021531621194e-01
4.674405149035713025e-01
4.117751454852017212e-01
4.403976270849586094e-01
3.521536767438292470e-01
2.114544181657184996e-01
4.121934359666836190e-01
3.067043066715896549e-01
2.993986004447155569e-01
2.697388319135641255e-01
4.081782796498105159e-01
3.932435338366581101e-01
3.836490412542024053e-01
3.457278040480368797e-01
3.915179997457283179e-01
2.976136817981603344e-01
3.736560490659624478e-01
3.006581775656017586e-01
3.489148211244060827e-01
4.502037059631605054e-01
3.350785163370101349e-01
4.867627632775184954e-01
3.845688854355359676e-01
2.936884188608580026e-01
3.781323438534741066e-01
5.172548017167571954e-01
3.615504134520181045e-01
3.072219273021306596e-01
4.137892637628461934e-01
2.875155240812941049e-01
4.794592441486728029e-01
4.721188959880689984e-01
2.875567079603755238e-01
3.076123694601050618e-01
3.217129540673223098e-01
3.238835343024571434e-01
2.803246037068995999e-01
4.320167804913900289e-01
1.922148474438657162e-01
4.186272903113277266e-01
2.422538832543271736e-01
2.801039518487704050e-01
4.004951472982301031e-01
5.027243716887971337e-01
1.954287379931140822e-01
3.723237998313377872e-01
5.101925592705898183e-01
5.277938930782684057e-01
3.651211579322879430e-01
3.400410850776295346e-01
4.338613482454354853e-01
4.865208952401422482e-01
4.677452734169973425e-01
4.175831292328119337e-01
3.550472772343694072e-01
4.157252976614700946e-01
4.579716386417534979e-01
3.774824331132521915e-01
4.255258894944008441e-01
3.036277925926039178e-01
5.678701128669523257e-01
4.119645419445526757e-01
6.364584705577943646e-01
3.210966646398278890e-01
5.221214462757992614e-01
6.715021575312710711e-01
4.308275491750256370e-01
3.812422593890775757e-01
5.066842507815710883e-01
3.086910406457513689e-01
4.574575780868850861e-01
6.086186231681861569e-01
4.004204969102311829e-01
4.891604018302673218e-01
4.394555174158450983e-01
4.518289582955856698e-01
6.159650411397582515e-01
5.430378707528193960e-01
5.143652267572872416e-01
3.927505527339907321e-01
4.497721353646458864e-01
4.387439677487689482e-01
4.870967304203064896e-01
4.421471034694476887e-01
5.109796327836536589e-01
4.274080322690138600e-01
6.312211973920175412e-01
5.386578037300240318e-01
6.226556874052436852e-01
5.725267998838829975e-01
3.511914027894839641e-01
4.768082793308039968e-01
5.190345270623850649e-01
6.844389803213987156e-01
7.042612219838023657e-01
5.780656549412287459e-01
7.260837188603129766e-01
7.141867242350078415e-01
5.483471628922979013e-01
3.578165823977847992e-01
3.230821513567873060e-01
5.561796684404326507e-01
4.716785266619067940e-01
4.134855301192916222e-01
4.870347612230792045e-01
5.086321685222338074e-01
4.055450151361240652e-01
6.395343681741868513e-01
4.986268950486168472e-01
6.030660948546449074e-01
5.389555129202994177e-01
4.538468519257449207e-01
4.894585400051859603e-01
4.739971720657962795e-01
6.264840299862999284e-01
5.321315863645523780e-01
4.650071072758605317e-01
7.689829443670117559e-01
6.110860066353954734e-01
5.939400298557742097e-01
5.665459794643332714e-01
6.139115159368798702e-01
6.367513953613700428e-01
5.454088314974933072e-01
6.281857504438427275e-01
5.173984537804834360e-01
6.294697199513281660e-01
4.722645216244950039e-01
5.147518589523029098e-01
6.785997590306372951e-01
4.997618954138199898e-01
4.370340406635442321e-01
5.549622998982647326e-01
4.594099724924631256e-01
6.052025068528512630e-01
7.088554556534298889e-01
4.588758914275057887e-01
6.704807169005998491e-01
6.047602850361862847e-01
5.783102851382497800e-01
5.440874897243700437e-01
7.288218688415966096e-01
6.587871621048281279e-01
5.383027255277270662e-01
5.703053706079188601e-01
6.310156808413206475e-01
6.320076541084235222e-01
5.473356633509015579e-01
6.128111486892527937e-01
5.964296635127530610e-01
6.280630114495319161e-01
6.857041200070297382e-01
6.772450262633683549e-01
5.813023583652973114e-01
6.384694058515424375e-01
5.683312362916416172e-01
4.312448365815228501e-01
7.015644407210337441e-01
6.096254128573380671e-01
7.068735729070280138e-01
5.954419671418512694e-01
6.524689522095624694e-01
6.012412060344035636e-01
6.294377933875365816e-01
6.257073135559417798e-01
6.345490335930294989e-01
5.947851760585204373e-01
5.924151421741435941e-01
5.816329217453364286e-01
5.679089001684466398e-01
5.259711732943864737e-01
6.411442299393345090e-01
6.564450108912345261e-01
7.674515881927508332e-01
5.496411232343185738e-01
6.480869378208767850e-01
6.584713296439781427e-01
7.288524433276984960e-01
8.486017713708461363e-01
7.304293428218301409e-01
6.074799314889863799e-01
7.798062418873489277e-01
4.516163559608434297e-01
7.187165976742231344e-01
7.391032621292213944e-01
6.898402819826172649e-01
7.959460395861602811e-01
8.425140641602916203e-01
6.447557778613723922e-01
7.048731060800781378e-01
6.986634885659602778e-01
6.016996064479819273e-01
8.463860830895938436e-01
1.084278445683892755e+00
7.517301766121354811e-01
7.090370419509272049e-01
7.832135985840187331e-01
8.644066488346063837e-01
7.274297928257767998e-01
6.744001573707877339e-01
7.414151872452764414e-01
6.722999704809762278e-01
7.181933697322956389e-01
7.736279313924517842e-01
6.655768713839348427e-01
6.679101535504984311e-01
7.353379856241144541e-01
7.626163494991374803e-01
6.412006848549804960e-01
8.634424692125799439e-01
7.511198365200506544e-01
7.185126666637566828e-01
7.075642833567575840e-01
6.628214972560351192e-01
8.499194343318124956e-01
8.499862499283659112e-01
8.277242412825311924e-01
7.463768629448955805e-01
7.297429616290662668e-01
6.864188258702197398e-01
6.630465251804029680e-01
6.677396870686468366e-01
8.502570363900705530e-01
7.194762252191970742e-01
7.193783960481192619e-01
8.863380302356655971e-01
6.457814077553966081e-01
9.244806659984783348e-01
7.155850758614423768e-01
6.576295598306510781e-01
7.561134933190574170e-01
8.059388922217548545e-01
8.246139095677960107e-01
7.678409953934203225e-01
6.563621777607987484e-01
9.039613474538643612e-01
8.347239940462415353e-01
8.852216625955009466e-01
8.324239550023102563e-01
7.395942681074332281e-01
8.053146033791773739e-01
8.028144024822349012e-01
7.992698033964236171e-01
7.597135735764184439e-01
7.729484235415204907e-01
7.833706695126220199e-01
8.449970468749303798e-01
7.552430141795545282e-01
7.869215776663855966e-01
6.898189633544439259e-01
9.125201872328728703e-01
8.534120548194511491e-01
7.606466789504839898e-01
7.014321326179642213e-01
7.971479261638307889e-01
8.089082430637710708e-01
7.788420266770905709e-01
1.063268341310365184e+00
8.163888528051975735e-01
8.420364128480797294e-01
8.566545870365775972e-01
8.366007943025528526e-01
9.258450151210075862e-01
8.484219836034372353e-01
8.615006791484118853e-01
9.498279851131201657e-01
8.327347393355527538e-01
7.890318862648152409e-01
8.162424518591712141e-01
8.559062884677306471e-01
8.154816068141401697e-01
9.680447044669008294e-01
8.461738105861367210e-01
8.671155864452755324e-01
9.230917894982009209e-01
8.055431081278346950e-01
8.858256424704039622e-01
8.184219201541761413e-01
8.385870643312469674e-01
9.583395985806522077e-01
9.003464079484919669e-01
8.629598371861898487e-01
9.362298407368682129e-01
9.042293524834106311e-01
8.952435255337167774e-01
9.493862207767147510e-01
8.636363081614922832e-01
8.225427672672221968e-01
8.825084432709692228e-01
9.337589235647082431e-01
8.432032934595231621e-01
7.653650592135580188e-01
8.244077131750220389e-01
9.486728319067264659e-01
8.000125496534182812e-01
1.056690139738292844e+00
8.830392143072187672e-01
9.141382177403734044e-01
6.860881916344788722e-01
9.516836451757976212e-01
1.071775543953764398e+00
8.109542864574478260e-01
8.967590895548680496e-01
9.242482336444042268e-01
1.016556414910013251e+00
9.508827707431993792e-01
7.757063359033755656e-01
8.883346741216988640e-01
9.044338724351536074e-01
9.128764570642978748e-01
1.018974978478352611e+00
7.626718558143091853e-01
9.178898135547978177e-01
8.997349701296081248e-01
9.921222246478076379e-01
8.848552930312132414e-01
9.813324022698767246e-01
1.017506472616035662e+00
9.317960526674411437e-01
9.009464768833598258e-01
1.011039593235391720e+00
9.647847423077507978e-01
9.030247824438230042e-01
1.005507267523457315e+00
1.087247328278070135e+00
1.179572398664238131e+00
9.326998636714173285e-01
1.013419490898391340e+00
1.082823836914259097e+00
1.039502539349680399e+00
8.980087233206260899e-01
1.034861481145410211e+00
9.795026303933859202e-01
1.145955358661428169e+00
1.082828003172554343e+00
9.478777112449502384e-01
