-1.054613319063194332e+00
-9.730072150101780615e-01
-1.028889767276603751e+00
-1.046845935033076103e+00
-1.063116140563753920e+00
-9.956215688582954471e-01
-1.206406084378845334e+00
-1.000681914739850242e+00
-1.057608160137169628e+00
-9.762417162804699622e-01
-1.015946457883441179e+00
-1.000916576208659592e+00
-1.059742100847784751e+00
-9.407488690984272539e-01
-1.140331612952002693e+00
-9.944837788378783072e-01
-9.151043029097015724e-01
-9.950820132258202388e-01
-8.802208020693936819e-01
-1.050435237690614754e+00
-1.167071380297784566e+00
-9.750159438465001438e-01
-9.392907922818642952e-01
-1.053150167723701180e+00
-8.641495733224980880e-01
-9.500950275055629612e-01
-9.752426687170409059e-01
-1.026541595688632791e+00
-7.723685520682760375e-01
-9.179937214314825011e-01
-9.854903979587505969e-01
-9.475067000494930003e-01
-8.838954301358120658e-01
-1.036780087628733638e+00
-9.558249381467386341e-01
-9.325015603520657725e-01
-9.890302983636993783e-01
-9.071225693319403538e-01
-8.190982006094545964e-01
-8.030934496483488338e-01
-9.633646632754783168e-01
-9.802191510236375471e-01
-8.196962050142668765e-01
-8.190629609578518044e-01
-7.961219723870258669e-01
-8.795048459470133917e-01
-1.042379031805328538e+00
-9.064406596164868990e-01
-8.586060394842047749e-01
-8.805889068715867518e-01
-9.278159120666836790e-01
-9.975396422494342552e-01
-7.669836883557161755e-01
-1.017947282171455026e+00
-8.872063003330328268e-01
-9.143452797850672997e-01
-9.502068837369115339e-01
-8.220399215950809912e-01
-7.714909063741001161e-01
-8.457645396865114407e-01
-9.171591351584271745e-01
-8.299140722091686850e-01
-9.114481707870127902e-01
-8.632941359259971303e-01
-9.243058084975438460e-01
-9.141266113866582943e-01
-9.167400237675970009e-01
-9.388753497141386628e-01
-7.694602580417730930e-01
-9.436237397356885825e-01
-8.710423939799458726e-01
-8.440919655441778691e-01
-8.843008320518001009e-01
-8.855365330403806023e-01
-8.171451204187526463e-01
-9.195109161632930572e-01
-8.345501390368971206e-01
-8.690065234970169028e-01
-8.532998246217358140e-01
-8.755096353138559495e-01
-7.155121218211825118e-01
-9.999927104587338356e-01
-7.213809319098362094e-01
-8.719420885650367437e-01
-8.212727531405056292e-01
-8.395434847515776955e-01
-7.976373402501861776e-01
-9.373995972561105505e-01
-7.119771769656417781e-01
-8.733757202114615925e-01
-6.038661262389025675e-01
-6.781385824615688840e-01
-9.203020975735741738e-01
-9.205808123572821744e-01
-8.507558707214433191e-01
-7.357627746188303286e-01
-8.440253232367517233e-01
-8.430482690635699994e-01
-8.926604863154758984e-01
-6.806009470986050802e-01
-8.808271403195836458e-01
-8.671575280904786354e-01
-8.612579276838603359e-01
-8.031728452823321263e-01
-8.121483992570804888e-01
-6.800708998949236417e-01
-1.039282168925238725e+00
-8.728095384369406462e-01
-6.784554773678284079e-01
-7.654316823955188420e-01
-8.576863903744635920e-01
-6.702389190936830499e-01
-7.096771603809115536e-01
-7.837390548236569110e-01
-7.949259700052042632e-01
-8.313112822801288493e-01
-7.527823646754002729e-01
-7.624482111180908017e-01
-8.673409999962409245e-01
-6.481332277747722248e-01
-7.321406166920787495e-01
-7.435155979357415124e-01
-8.073463498825812490e-01
-7.319270675634764745e-01
-6.172784687864365516e-01
-6.858574533115902039e-01
-7.324258977038186069e-01
-6.383751359245282142e-01
-8.311173952460629843e-01
-6.587510595009063996e-01
-7.509780486404264987e-01
-6.814026385154027254e-01
-6.493090304583700734e-01
-8.368216563508715788e-01
-6.567425199825439597e-01
-7.903304370942703105e-01
-6.165766384525279697e-01
-6.340472937698184985e-01
-5.168842689098097631e-01
-8.187472941118802972e-01
-8.071219338273644128e-01
-7.673295667911246287e-01
-7.255730750626890879e-01
-7.135058665492511887e-01
-7.006439842380968175e-01
-5.985964924217357375e-01
-7.884168858283130410e-01
-7.570338358560897429e-01
-7.343650869591301644e-01
-6.274591434218194097e-01
-7.768302913643991836e-01
-7.197664083986238248e-01
-6.800594327553375340e-01
-6.086116351985023654e-01
-7.269058628748625850e-01
-5.601953143232651922e-01
-5.036107698285612333e-01
-6.765844661389526227e-01
-7.172001986426430609e-01
-6.995413543026679504e-01
-6.953909091065589854e-01
-7.284847707336145062e-01
-7.362075196120115850e-01
-7.328716343425037971e-01
-6.687478544014793247e-01
-6.720010632031695463e-01
-6.531934051608170311e-01
-6.952877962971528714e-01
-6.634630885406439527e-01
-7.475213172964709774e-01
-6.937119362490774543e-01
-5.538579554932160365e-01
-6.770678317577100147e-01
-5.576271445182008346e-01
-7.131555232436904701e-01
-5.906176332705271870e-01
-6.393335729693333525e-01
-6.474293344762167557e-01
-8.121686479677449055e-01
-5.892544779867779914e-01
-7.133364130700433625e-01
-5.084297817801539665e-01
-5.966854517671130731e-01
-4.960238003605563217e-01
-5.024324541210047901e-01
-7.589038598133873714e-01
-5.712238727810019512e-01
-6.355984347249342692e-01
-6.243438969390389115e-01
-5.398278182089758515e-01
-5.896801553158470544e-01
-5.337190722637012996e-01
-4.852393429694575877e-01
-7.098930881547761418e-01
-5.564352736731801308e-01
-4.231198864588757158e-01
-5.303943467502270082e-01
-5.964696920718935980e-01
-4.973461331269286578e-01
-5.186939983844324198e-01
-5.679244219824420847e-01
-7.353429035559245763e-01
-5.842225902354385436e-01
-6.797165596862387860e-01
-5.716412699330218894e-01
-5.614151740602184582e-01
-5.847343031096414734e-01
-3.703261166423369444e-01
-4.844937366268390888e-01
-6.506630195621840862e-01
-6.384518608454529121e-01
-6.174095076769697821e-01
-5.908532145416890424e-01
-5.870148698210344573e-01
-7.658909944873411035e-01
-6.509849442603984349e-01
-5.664027263327704453e-01
-6.779557989420242903e-01
-6.584964538664900280e-01
-5.828929814531405018e-01
-5.446463420564426894e-01
-4.116732971386843354e-01
-6.198264758068120495e-01
-4.588734213306912002e-01
-6.131672895291261360e-01
-5.898613787784983131e-01
-5.855473544808517117e-01
-5.269702210032426448e-01
-4.669142051825921347e-01
-4.906715723029515530e-01
-5.492583924571593501e-01
-5.976048561069133847e-01
-6.154569342689053535e-01
-5.788312808714455304e-01
-5.486386105349246867e-01
-5.177361844898478171e-01
-4.052136066696244154e-01
-5.413893002787071307e-01
-5.406873636608859890e-01
-6.117783917418526674e-01
-5.693463957699832489e-01
-5.544197401158318383e-01
-4.261360222494718353e-01
-5.924813335103903400e-01
-4.011162689475000764e-01
-4.936351655702332919e-01
-4.109497217448287443e-01
-5.588205380280965029e-01
-3.632828464553274350e-01
-5.431892069710343440e-01
-5.422613156092712661e-01
-4.608388061934657332e-01
-2.824612739071100664e-01
-4.867076562712187027e-01
-4.443486518041748767e-01
-5.594477566289645099e-01
-4.501218670903071595e-01
-5.060576476522150591e-01
-5.168395396797280661e-01
-5.054547917000267176e-01
-4.102032667606364535e-01
-3.125037224186137941e-01
-5.502985196266663159e-01
-5.164560156401978297e-01
-4.031708095979360529e-01
-3.934867447040924504e-01
-6.765584513613750461e-01
-3.669110347471284950e-01
-4.834642931927437548e-01
-3.907787593088117850e-01
-4.899512860211284737e-01
-4.024103223381682026e-01
-3.945919403840612016e-01
-3.622046276965549261e-01
-4.234273733014545793e-01
-4.667453051993302182e-01
-6.172619781806836237e-01
-4.039992443132373601e-01
-3.986509392198119284e-01
-3.488148501159552550e-01
-3.185466240652535252e-01
-6.285114738065762374e-01
-2.718026296565505540e-01
-3.630579171678761652e-01
-4.163645645622303659e-01
-3.572831743493212753e-01
-4.766260626754897367e-01
-2.420680387029772451e-01
-5.232031251803689331e-01
-3.399598663813139243e-01
-6.534100907235780298e-01
-5.255058730766762887e-01
-5.315541078038356071e-01
-3.552517536269741982e-01
-4.641990789825301555e-01
-4.364368941062595209e-01
-3.995675244513309798e-01
-4.469421182305977625e-01
-4.745180714975612557e-01
-4.306576620647965536e-01
-2.868405434664767495e-01
-4.268004103192716281e-01
-4.042302433254023053e-01
-4.281819286437889005e-01
-6.115700286021635845e-01
-3.781483526088598723e-01
-3.805175191723918493e-01
-4.877501244635809030e-01
-2.457004493793821520e-01
-3.219610723728170143e-01
-4.301337210889147333e-01
-2.927960647929055416e-01
-3.697370540579773546e-01
-3.974489675976081160e-01
-3.052090455791989232e-01
-3.029618351635690043e-01
-3.525747683377385422e-01
-3.800227997833781068e-01
-2.445732300281101557e-01
-3.640806062272721744e-01
-3.332033714308921812e-01
-3.497684090783088617e-01
-3.886248908223756127e-01
-3.712093406428564335e-01
-4.227072427338839367e-01
-5.287192887053875356e-01
-3.788417215915317882e-01
-3.452590636801847190e-01
-3.294933894773652838e-01
-3.382150552547900646e-01
-4.327366753908820085e-01
-3.836205992294964839e-01
-3.084293932638167424e-01
-4.162624673428247934e-01
-2.356850511499000433e-01
-3.297201863688480339e-01
-3.443936938170570339e-01
-3.667068340473944588e-01
-3.734073911690122816e-01
-3.287349772739763809e-01
-2.334309152924150810e-01
-2.379335761764292678e-01
-2.659994897113249768e-01
-4.692593409759140965e-01
-2.611776923457622690e-01
-1.778826140386164101e-01
-3.555298943721700855e-01
-4.246948915313705775e-01
-4.039444538156993225e-01
-3.045981116578838077e-01
-2.796158268675956182e-01
-3.056887482419299307e-01
-2.156346518860934036e-01
-1.557107938877357600e-01
-3.731841492170411834e-01
-2.332161083512351851e-01
-3.148363696779726828e-01
-2.008590304313843389e-01
-2.822383310695605885e-01
-4.160790034331271481e-01
-3.540849304957173760e-01
-1.751022901185951552e-01
-9.595025998331141448e-02
-3.811137598946547911e-01
-4.193808779723201541e-01
-3.419278277330581317e-01
-3.617159377067129533e-01
-2.871190449431003100e-01
-2.728520698073342854e-01
-2.222393611221988585e-01
-2.001502236094863663e-01
-2.626449444032045166e-01
-3.081830634381598766e-01
-3.915487208108844180e-02
-3.107628478894416957e-01
-2.137199823271203059e-01
-2.686025438080703598e-01
-1.782916130356347328e-01
-3.088656513755182464e-01
-3.363625800305226621e-01
-1.206084865732934136e-01
-3.213650480910373308e-01
-3.667654598429647694e-01
-4.659305638520743753e-01
-3.177985276642645296e-01
-2.503812290145860930e-01
-2.251367502845649515e-01
-1.767994569962920703e-01
-2.699822426596491520e-01
-2.587725392830610427e-01
-1.812537947607017197e-01
-2.533762074088813376e-01
-2.253078662120490405e-01
-1.509272818599950994e-01
-9.913694947054171869e-02
-5.286640310862541353e-02
-1.759847457109192936e-01
-1.840804213280482771e-01
-5.199761048200660096e-02
-1.934761077646504346e-01
-9.684295924942934453e-02
-2.212405803408582505e-01
-1.860582513668961047e-01
-1.999340577278306830e-01
-3.055267190470203342e-01
-2.948138568384821023e-01
-1.970455236255148207e-02
-1.884450860051293530e-01
-2.452263981807930870e-01
-1.511087571807352425e-01
-1.250064907356334409e-01
-6.206560173561227051e-02
-2.954041538037130987e-01
-1.293075373592554589e-01
-1.405005636602905950e-01
-1.883192832429153862e-01
-2.560100300471093160e-01
-7.859233091507292213e-02
-3.406826724829238873e-01
-2.031547955487792434e-01
-2.351575960797397946e-01
-5.406130486433882720e-02
-1.525856605081814532e-01
-2.065337481937661035e-01
-1.089708543555010650e-01
-2.442138065099139221e-01
-9.012776091565512238e-02
-1.311781143961895935e-01
-1.219991325442116720e-01
-1.504828689659573893e-01
-1.459295075013288812e-01
-5.786071984435573259e-03
-5.230826446379713973e-02
-1.907533079793198860e-01
-3.756778103414984155e-03
-1.641568827747646175e-01
-1.527735836345671672e-01
-1.676518698037249844e-01
-1.417236425811394251e-01
-1.313832051436387705e-01
-1.383848299909197777e-01
-1.314864339183624553e-01
-3.224836872228084572e-02
-7.095834544339156558e-02
-1.895236477647516682e-01
-3.036399688923956952e-01
3.706918540572301892e-04
-1.743703412840882649e-01
-1.104482470938272232e-01
-1.549970781853821367e-01
-6.418083765021580234e-02
1.047662738688738375e-02
-2.056994863563134379e-01
-8.494906787919136171e-02
-6.258987954332319303e-02
7.598414649089614906e-03
-2.870115388174582782e-01
-1.223166658734433643e-01
-7.136608184505072172e-02
-1.157765339664252047e-01
-1.310740054307349134e-01
2.577729983949181292e-02
-2.184003763347509147e-02
-1.151126608541111485e-01
-2.107543533501109179e-01
-9.168552364838084001e-02
-1.100583313517073392e-01
-8.310812985830005883e-02
-1.092290414666851339e-01
4.517208344478146342e-02
-7.142755984288212678e-02
-9.547411209457050407e-02
-2.227353912787605195e-02
-5.761975758672872872e-02
-8.761451549782492410e-02
-4.890597342957703902e-02
-2.033837287936131055e-01
5.537585311634093260e-02
4.601797290389765538e-02
-9.159079473955089243e-03
3.253406024754216391e-02
6.668738413850935909e-02
-1.078883891697094560e-02
-8.479073861973419890e-02
-1.762930389689443267e-01
6.930513022632943387e-02
-3.597637289946512690e-02
-1.008535116343537916e-02
-5.417355034462066621e-02
5.539441509784032158e-02
-4.866290024716247997e-02
1.560364594211393480e-03
-1.213781616983815488e-02
-7.853440062898002505e-02
-1.755120079218857460e-02
-1.503579920766294209e-01
-1.016977566848025621e-01
9.537279671756047905e-02
-2.164608934947080676e-02
1.980031452051813634e-01
-2.618769899781503430e-02
3.959763472656199074e-02
6.323470112270725141e-02
8.444264135570259816e-03
1.282494682209636694e-01
9.094404402071794291e-02
-1.984949408083526781e-02
4.932782581738837102e-02
1.130124551090921081e-01
-8.278659004032985769e-02
1.913350973333667951e-02
-8.866828806176517419e-02
6.381146260425021866e-02
7.715820115256954992e-02
3.683266242713309491e-02
-1.490747596167802357e-02
9.045305213157174562e-02
-8.701339904711520579e-02
-1.930899705653567333e-02
-1.183084530499861620e-02
6.601592865224252538e-02
1.189886762339621568e-01
1.662393257257675783e-01
2.934877252331777320e-02
-6.358782548357526376e-02
7.914209242096106878e-02
-2.829628106748238031e-02
2.118673671476230258e-01
6.097378454581321716e-02
2.059249114541731873e-01
6.850283105166879438e-02
-5.660701524317827971e-02
2.545122383012923383e-03
7.653882827726607441e-02
1.261748430624047568e-01
1.044297408951738310e-01
2.044833948727274586e-02
1.325037676090856376e-01
1.001065423872780219e-01
1.583783117590082945e-01
6.483210969537632484e-02
1.579455348494310518e-01
8.514160717841336157e-02
1.202155676548063434e-01
-6.206831561939332720e-02
1.496915163014812533e-01
-8.872658864527552258e-02
6.016957599318178973e-02
2.207337957216287394e-01
1.075098071472269240e-01
1.187083790980537901e-01
1.272690974348543169e-01
9.311238286370515649e-02
-2.619610414656086986e-05
2.239617384010524070e-01
1.805304053863453911e-02
4.599535357859706186e-02
2.765875937744902147e-01
1.224758671907910657e-01
9.853707916481223295e-02
1.089424993873172320e-01
1.919332632061671595e-01
5.948070090022932604e-02
1.346783254795733686e-01
1.558251243404676356e-01
2.101981429617862940e-01
4.685181493789825069e-02
9.981836426242376992e-02
1.645573431652059548e-01
1.417085882969157384e-01
1.352515603411892642e-01
1.254676978316923153e-01
1.958999721960638651e-01
-1.757503562992786261e-02
4.428335193330860953e-02
6.641510751627725806e-02
7.349428941778225755e-02
2.740117872665895904e-01
2.590215187246057149e-01
2.413941750197125952e-02
2.127131770360851382e-01
1.296374895031909003e-01
4.892735631133351970e-02
-1.414899714855304483e-02
2.158502728442416030e-01
2.306643855269839838e-01
2.806966010185178440e-01
4.558540932028955911e-02
5.413280194379216370e-02
1.699032423838470751e-01
1.186278703450227012e-01
1.579581241254702784e-01
2.456419458983128967e-01
1.202627547872432284e-01
1.656599209046752952e-01
1.632312401464048046e-01
2.473053974414481104e-01
2.454998231913048945e-01
1.999447131606320316e-01
2.068795613045092407e-01
2.452850001766973820e-01
1.130259824295874044e-01
1.779080576504809830e-01
1.808520201391692617e-01
1.624370910917889987e-01
2.763038874372383269e-01
1.877608165282731167e-01
2.399710188476900374e-01
2.953174336716636872e-01
2.874230251909169476e-01
3.411035578626167020e-01
2.001890964053058275e-01
3.925218543100643387e-02
1.559620454926911037e-01
2.251084054366442044e-01
2.626454208305258886e-01
1.041967774371919536e-01
4.411551786185005652e-01
2.508358368349323797e-01
1.937190631581514333e-01
2.282310080139130504e-01
1.979115797285322942e-01
3.134092849439557016e-01
3.031101775900815753e-01
1.898858936825924271e-01
3.075135041872886776e-01
3.171632768644568334e-01
3.326616954365785306e-01
2.029494618600507228e-01
1.390564641294189385e-01
1.435239959105937546e-01
3.782251381952472791e-01
3.033289026075156603e-01
2.790829130138995917e-01
3.978096561042356316e-01
3.746314258043648149e-01
2.289124352561565379e-01
3.061886362518282945e-01
3.399873471214145959e-01
2.386297141703226654e-01
2.919875784179591371e-01
2.176682250430008736e-01
2.902650459350433199e-01
3.456776532936771118e-01
2.479397031532679929e-01
2.992886471004863047e-01
2.291913010730338429e-01
3.129978391583566055e-01
2.583765001025907782e-01
2.155463011564040798e-01
2.434382372245946502e-01
1.830062376318510875e-01
2.255119999850158929e-01
2.466132705491135280e-01
3.424921428429348880e-01
3.605478250186192057e-01
1.792374403773752400e-01
3.828612063478650240e-01
4.214416261019939824e-01
1.875738903618466291e-01
3.504013474143639617e-01
4.841289760663960995e-01
3.664198750437486218e-01
4.577575739928148035e-01
3.997979047639222960e-01
3.682037820318952992e-01
1.776019052902885476e-01
3.525322702627196603e-01
3.196902358004810041e-01
3.744271957189883593e-01
3.409668500319641415e-01
1.962581202604775366e-01
2.423287174384911868e-01
4.394243608452936267e-01
3.178823167031897823e-01
3.902587182133978594e-01
3.184575837974736867e-01
3.217454321180325261e-01
2.781374520851681020e-01
4.333625244134118315e-01
4.648364456821818536e-01
3.653791047659150637e-01
4.056158846412720731e-01
1.469350887996356547e-01
3.748678387954838542e-01
4.547689962380513928e-01
3.262443957388900806e-01
3.734256404807161367e-01
3.916981548216076359e-01
4.702000695548384512e-01
4.083188801114409072e-01
3.954377418265488942e-01
3.874864935607396643e-01
4.153044342406811973e-01
2.890848856566242131e-01
2.444567128650471377e-01
2.916552383296941997e-01
4.979998946528654269e-01
4.659653440017123560e-01
2.914550923120691750e-01
3.927317524230835577e-01
4.874498896276177606e-01
4.467016329710666867e-01
5.291104523109623203e-01
4.379468926359569858e-01
4.194555361208961441e-01
4.497251504098529473e-01
3.856661822353539826e-01
3.236871904864360716e-01
6.045912288779068389e-01
3.648953238109475250e-01
3.715342929271127081e-01
3.333645040023523465e-01
4.811476535571833080e-01
3.405320773372951804e-01
4.899670782859636420e-01
5.175047680583388932e-01
5.088371605357173699e-01
4.944462963652616616e-01
5.588259017691323827e-01
3.792627113368721714e-01
3.665988366515632868e-01
4.842865201778464024e-01
5.617959200440437728e-01
3.702923224908717392e-01
3.100089874457833683e-01
4.388427166190342898e-01
4.121701869476318003e-01
4.923358143691968225e-01
3.764442196106831395e-01
4.589064760665278464e-01
5.894258364568880637e-01
3.672546091932771817e-01
4.521235462002723970e-01
4.264964483688589714e-01
5.529376193513181326e-01
4.763286785693101599e-01
3.583784767914869329e-01
4.287767293270045577e-01
4.691742988479776222e-01
4.816799110941047402e-01
4.740100564781715708e-01
4.606155913249121436e-01
5.088195166437551320e-01
4.990028750684901149e-01
2.901465986990866552e-01
3.331701024386975463e-01
5.763586484102806162e-01
5.355149943058195028e-01
5.313735006452193765e-01
4.206353433753217130e-01
5.401641449821551477e-01
5.005049704986329617e-01
4.303676143617152228e-01
5.877155307513606264e-01
5.662265007444627907e-01
5.486448622468250713e-01
4.980950512973543742e-01
5.301820596379155370e-01
6.378345915841668878e-01
4.806630573603613010e-01
4.661633717111369757e-01
6.698652719482842688e-01
4.356256447694591416e-01
5.090026999684537090e-01
7.026890170924563472e-01
4.810620816155329327e-01
6.304116057163211551e-01
4.716461707920479585e-01
5.270355541508520147e-01
5.038772718810596851e-01
6.734304171897016467e-01
4.392949257551693742e-01
5.256213165048239100e-01
6.579412587079496166e-01
5.344379087471413659e-01
5.732801551414099528e-01
4.625380332374401937e-01
4.501474826951495922e-01
6.278463293394779265e-01
5.994988354539044773e-01
5.958980119847374635e-01
5.637525698172481947e-01
6.277262404143627572e-01
5.544130120859079858e-01
4.588738273902080445e-01
4.552758374259843199e-01
4.690670372883750106e-01
6.104482074192844054e-01
5.840854255216327839e-01
6.704807002715774678e-01
5.158849510298051388e-01
5.008024527153395189e-01
4.720164580278991551e-01
5.280547131098871638e-01
4.235465391443731242e-01
5.567874266177844644e-01
6.055673559118672777e-01
6.339245414167802295e-01
6.672761620650285996e-01
6.060833414521447082e-01
6.745854576635206268e-01
7.355077813741828230e-01
5.557544312465653169e-01
4.049089408406655877e-01
5.828745703746930351e-01
6.047581705748195091e-01
4.756926004558453269e-01
6.253831858213084738e-01
7.801672710694271817e-01
4.905273759165492131e-01
6.427462010354180189e-01
5.559177293863902802e-01
7.176335246503682264e-01
5.295739886936562391e-01
5.643196955709134377e-01
8.024007270565927108e-01
5.325565739178689251e-01
5.664727867139434103e-01
6.948289227073202179e-01
6.019649825588571090e-01
7.299249635984254025e-01
7.869921272288138425e-01
6.098309076304978538e-01
6.161729493011270931e-01
6.816150433740922887e-01
5.177405880179091202e-01
8.450020576797092620e-01
6.825468371296838921e-01
6.159373241704080293e-01
5.880563261427672606e-01
6.368020999723115194e-01
5.373166647774276772e-01
8.151581576341844215e-01
6.098891300321664932e-01
6.841811599662614984e-01
5.311157114735847173e-01
6.314177245671757088e-01
7.429129207745862606e-01
6.113011101855329033e-01
6.633837452768209797e-01
7.145436160065624653e-01
6.824645976108686396e-01
7.698183504071217653e-01
4.818616585141518027e-01
6.332972650707929807e-01
4.652087010363372133e-01
6.140456925859619774e-01
6.723914385195369769e-01
6.058376230455164713e-01
7.160848101996026838e-01
7.615837063625355841e-01
7.789564971990884379e-01
8.135551066805911669e-01
8.207279420632594968e-01
6.451248028821182645e-01
6.705755702167678356e-01
7.479147734660817060e-01
6.161231567822108568e-01
6.280590060817057285e-01
8.280833918098310376e-01
7.430015996825614089e-01
8.155829380410016816e-01
6.227481490010546850e-01
8.523596954153433991e-01
7.212040768689060855e-01
8.643072745626623199e-01
6.202772964712939263e-01
7.698643299425256270e-01
7.023512741556695582e-01
9.120922717358405096e-01
7.713052233737633934e-01
8.568625801801623698e-01
6.792146225145843097e-01
8.663489243804947115e-01
7.700266656992525993e-01
7.280021676550784138e-01
7.235423147037475244e-01
6.893959245329563945e-01
6.318485758694221133e-01
6.208890755599022482e-01
7.393782943133407892e-01
9.476972856864914752e-01
6.839748325824573927e-01
8.075470599036855823e-01
8.428985196207700037e-01
7.120793607870679054e-01
8.893317866869062671e-01
7.724749788644055259e-01
8.415747294806972256e-01
6.979009821365925736e-01
7.311677556525002508e-01
7.638654143978523825e-01
7.628236004683565108e-01
8.483875388614388058e-01
7.258523387725210885e-01
7.828223506041583901e-01
8.293850135816284164e-01
7.060286741663613919e-01
8.477532634571262049e-01
7.869485148122086215e-01
7.781458324449737063e-01
7.407304245481577398e-01
7.324443290236569704e-01
7.214192356352822078e-01
8.666278002580058981e-01
7.290337161903850394e-01
8.079022363460418577e-01
9.017436174794634107e-01
7.933290204927060385e-01
8.133770499387226183e-01
7.394412605124782711e-01
9.064338271125402802e-01
7.356675162868114848e-01
7.867252590966092862e-01
6.712394132913156453e-01
8.016281338946886770e-01
6.763574181722699086e-01
8.187920065131282232e-01
7.490506205146716390e-01
7.367468569916189036e-01
8.147625722381591773e-01
7.667555548979461122e-01
8.164549808626186955e-01
8.770226036008957893e-01
7.369300332206734083e-01
8.344964465545128274e-01
8.198744982796691838e-01
7.467068303991181155e-01
8.718694551838211959e-01
7.421938573241181336e-01
8.833816702036650925e-01
8.675137847744526232e-01
8.123564322504144286e-01
9.377620048060163471e-01
8.141874135829423320e-01
9.544629624069340679e-01
1.003753753529425419e+00
8.922228275861925351e-01
7.950683974508440111e-01
9.313873741461736744e-01
9.309591802521253179e-01
9.345441985180752420e-01
8.973188330762246201e-01
8.987654363472337149e-01
8.545913803932754238e-01
9.973935527249677691e-01
9.123602713250044127e-01
8.451165136310384574e-01
7.968848986299158499e-01
1.064059088545317167e+00
9.695225969192254878e-01
1.073038603187809192e+00
9.469157889563390995e-01
9.969022613151331536e-01
8.486890293333522184e-01
1.006617293627581011e+00
9.774260589586007963e-01
8.519526582490546396e-01
1.000747814685502002e+00
9.360715799532419723e-01
1.033776429246893835e+00
9.068031257489833630e-01
9.986981941088226566e-01
8.290904018509277495e-01
8.717284116962493723e-01
9.166718900222299293e-01
9.301434589815879006e-01
8.760975995556811169e-01
9.825577200424066016e-01
9.432443328538558935e-01
1.001534947936894238e+00
1.113110056111990875e+00
9.260107220476150314e-01
7.694410353042044903e-01
8.040067593281956526e-01
9.768419589303453110e-01
9.108865637556846639e-01
1.084775143474814962e+00
1.018255459311974143e+00
8.584194658655254218e-01
9.604910151595681400e-01
9.010554643343605674e-01
9.644532103886602759e-01
1.065782152295648766e+00
9.859825443213050544e-01
8.963333846542841377e-01
1.016127879927355648e+00
8.258867024197085183e-01
9.484391652534134298e-01
9.511364186906552387e-01
1.051116394060971126e+00
9.231693108839430506e-01
9.806501711894078932e-01
9.524091252104897043e-01
1.108165262912869764e+00
1.023811068432680438e+00
1.080712013581966557e+00
9.669568050100023626e-01
1.058041331863562640e+00
