-8.745750045119268234e-01
-1.110548578938086450e+00
-9.440114837225759281e-01
-1.033172346526498364e+00
-9.576722558427468446e-01
-9.956209144321432891e-01
-9.412420144832667201e-01
-9.939015447823755789e-01
-9.754786262145896947e-01
-9.734074372208653125e-01
-9.524380470683369015e-01
-9.808757484848916741e-01
-9.827939995072885182e-01
-7.215046887508210771e-01
-9.196783172209541668e-01
-7.216454194536232603e-01
-1.029963279207111615e+00
-9.415478479196582873e-01
-9.933828270093257862e-01
-1.129215782779910970e+00
-8.752366090349735783e-01
-1.009469669344549070e+00
-1.024971400408216882e+00
-8.008039069692748368e-01
-9.417078523554091030e-01
-8.900991747932861520e-01
-8.784235563609821273e-01
-8.910605147921782931e-01
-9.928062001681842164e-01
-1.061025652317209023e+00
-1.023094562776014183e+00
-9.444993369715711795e-01
-9.307864251542085077e-01
-9.984019759363074176e-01
-8.770708959368074265e-01
-8.815384297949070413e-01
-9.117917086752554967e-01
-9.885306548751711109e-01
-8.741480395293318439e-01
-9.736674499602903099e-01
-9.656222869610642245e-01
-8.773411943548795611e-01
-8.673991012960994285e-01
-9.350892052341818195e-01
-7.230035133950155624e-01
-8.535961586941352985e-01
-8.987122140732434206e-01
-8.943415135122844140e-01
-8.385508142949810173e-01
-7.591142088046743952e-01
-8.810480463138938845e-01
-9.138635494612104004e-01
-9.943724552256150151e-01
-8.931415552681505332e-01
-1.026240273376842094e+00
-9.819894434349607515e-01
-1.091177275668095970e+00
-9.154317287167751394e-01
-9.965067717669251479e-01
-8.501178668886580914e-01
-8.426316048902112721e-01
-9.669288101959820914e-01
-9.933565427279872351e-01
-8.458371855884924129e-01
-9.767620041323660240e-01
-8.014254091905649302e-01
-8.331945017541040333e-01
-8.420333091222441668e-01
-8.309223259050154686e-01
-9.515300171370708604e-01
-8.704732115190154662e-01
-7.131218761251610916e-01
-8.381238564267828872e-01
-7.912176390718775876e-01
-9.159922845623093002e-01
-8.251322403650718229e-01
-9.224045089733581282e-01
-8.669856508077239399e-01
-8.240354446484136064e-01
-8.290925961386007570e-01
-7.659192455171832670e-01
-8.389789300785227555e-01
-8.177709479206035637e-01
-8.344875062881096373e-01
-1.016557235252365521e+00
-9.273187453308417982e-01
-7.773929544150371962e-01
-8.099921649391700340e-01
-7.971305168152811316e-01
-9.327418344309315046e-01
-7.179731807738406468e-01
-9.020306308739565182e-01
-8.780031113685805577e-01
-7.398356862733481698e-01
-8.206065403731364061e-01
-7.686525527794280110e-01
-7.612409133042007392e-01
-7.451511712073951577e-01
-9.226030954326531752e-01
-8.405093402553143189e-01
-8.466277935673401922e-01
-7.406094679344573661e-01
-9.347280803103477087e-01
-6.935870927652884044e-01
-7.723807969594983502e-01
-7.431012908695868724e-01
-5.915201759708552665e-01
-7.720515994820857930e-01
-8.754720118785962457e-01
-6.832734564255048548e-01
-7.772480660467997460e-01
-7.914318930181803990e-01
-8.482392137740122351e-01
-8.867628758182763971e-01
-6.385392424596469940e-01
-7.227391166312210347e-01
-9.380710391106222845e-01
-6.838873008043202528e-01
-7.280967382113036068e-01
-9.035315154974342677e-01
-6.879469664050540390e-01
-1.001666542509337843e+00
-7.555945025851296126e-01
-7.818009182986064287e-01
-7.031657975002759686e-01
-8.543758676174665334e-01
-7.664111732147154132e-01
-7.925765954442064443e-01
-6.535991501869451437e-01
-7.737813701860545290e-01
-6.340053507066754079e-01
-7.171179451041068686e-01
-8.294773923120983827e-01
-8.240794540104596777e-01
-9.596246307139021381e-01
-7.416972277659549251e-01
-9.320575483388978677e-01
-7.198026096140603958e-01
-7.166011650644001918e-01
-4.541148969793232792e-01
-7.184161622159562777e-01
-7.330432495758225642e-01
-6.457544229613160214e-01
-8.129166890182762950e-01
-6.853682289226680213e-01
-6.600893175725917050e-01
-6.282642646890763682e-01
-7.382538524907565902e-01
-5.259972814755256021e-01
-8.356266774872292968e-01
-7.519514980212007593e-01
-5.450312020386195444e-01
-5.620160101449718226e-01
-7.486223113173231525e-01
-8.084963969692962049e-01
-7.229286587500964867e-01
-6.392802664694720027e-01
-6.333468069268711753e-01
-7.031890719330097239e-01
-6.430327054196492975e-01
-4.697219654913341036e-01
-6.807425110717225669e-01
-6.602136881967891613e-01
-7.082551182981418059e-01
-6.704413111729000674e-01
-6.906240225612115813e-01
-6.859783541534957285e-01
-6.330580951719967375e-01
-5.711806645240714575e-01
-6.968193996893141673e-01
-6.336329633902636482e-01
-6.114998997488777510e-01
-7.686423753912402512e-01
-6.824037537918916652e-01
-7.092659225130142353e-01
-5.718309031812621734e-01
-5.948274557259229933e-01
-5.834898463070634644e-01
-7.143780401320115603e-01
-7.702751602177508872e-01
-6.520334961114695460e-01
-7.352777639717844593e-01
-6.193243125440814900e-01
-5.070658956233425885e-01
-5.800061309285754474e-01
-5.604202728074493267e-01
-5.643048089875433160e-01
-6.448645814764141226e-01
-5.982603885260364684e-01
-4.800076365119859134e-01
-7.377513438420234548e-01
-6.581404322831478915e-01
-6.124061011888007888e-01
-6.043681841774289909e-01
-6.108001948509871326e-01
-5.402538966407760546e-01
-6.591257890047589330e-01
-3.711020063975483674e-01
-5.829942258848797021e-01
-6.104791380517019528e-01
-6.645708259193549017e-01
-6.946730835164026674e-01
-7.304436566079938187e-01
-5.603945433091698236e-01
-4.208665051380621192e-01
-6.460383209151266959e-01
-4.569269906155109529e-01
-6.389181460822226377e-01
-7.859723685338825261e-01
-5.069336502847439085e-01
-6.696327243144094554e-01
-5.793258181313531985e-01
-5.826565265889290801e-01
-5.156289269043844437e-01
-5.870418781067155978e-01
-5.443218553342525912e-01
-5.157272009630020637e-01
-4.893358315012671378e-01
-5.452024026207893392e-01
-5.257803429048052424e-01
-5.674087966023976248e-01
-5.488769566838216374e-01
-5.741337677982136789e-01
-5.688658523109676457e-01
-4.899307530874223993e-01
-3.920986142853110645e-01
-6.736491641156260313e-01
-3.052793647720057346e-01
-6.927766804306318971e-01
-4.617742756723564601e-01
-5.668289584746383225e-01
-5.087271601455194414e-01
-6.938878295919722605e-01
-5.147818405662034635e-01
-5.080168207891807564e-01
-4.873885475751251750e-01
-4.675078281943635394e-01
-6.571342891045540702e-01
-5.368384623589667060e-01
-6.085158876651181048e-01
-4.927629523199307249e-01
-5.405740950196054051e-01
-5.784766276851815991e-01
-4.422462033745508947e-01
-3.940762269121555472e-01
-4.975778361283902385e-01
-6.468663066810577122e-01
-4.904971424320682116e-01
-4.987045358493142344e-01
-5.418753594093004278e-01
-4.529828054163600459e-01
-4.050353365726989119e-01
-4.573959908231170490e-01
-4.899803141279673868e-01
-4.330167737573398790e-01
-3.739443120154860578e-01
-5.277906205287562491e-01
-4.353462714221784657e-01
-4.780141145833591843e-01
-6.082773693677459015e-01
-4.547731085905066806e-01
-5.677720434105065772e-01
-4.717135874248163385e-01
-5.726812790669548736e-01
-4.189333483302667416e-01
-4.544442895608968302e-01
-5.376498172028000289e-01
-3.398430394616752115e-01
-3.057491827925475913e-01
-3.704570690731970317e-01
-5.005361181095352441e-01
-5.155366783343626746e-01
-2.850387175117106708e-01
-4.103458097693170048e-01
-3.874185419147320175e-01
-4.387434065682078166e-01
-3.671768228473906714e-01
-4.461116566158329633e-01
-4.447109128060445227e-01
-5.428487914631542344e-01
-3.354797730706513548e-01
-3.421393805278928335e-01
-4.520752028505625186e-01
-3.445489471846350238e-01
-3.022908660801335023e-01
-4.232563720533510931e-01
-4.084871926887099214e-01
-2.994468579596826219e-01
-6.295816566164681438e-01
-4.547653797818652643e-01
-3.046320209016247227e-01
-3.046428436715692967e-01
-2.955340944374309498e-01
-4.678744448185070404e-01
-3.709780361820314010e-01
-4.110801640018644232e-01
-2.245892405107877687e-01
-4.268768077885520817e-01
-4.465192887246297593e-01
-3.964235644980415585e-01
-3.630654563810406521e-01
-3.056111419445541322e-01
-4.218218313889214310e-01
-4.702268156769221497e-01
-3.832780924780662679e-01
-3.499034627185065305e-01
-4.224417611028883357e-01
-2.600117564747096432e-01
-4.632892058231937726e-01
-4.539603716966001401e-01
-4.113646958248621255e-01
-3.422646109129232062e-01
-2.722023132501147913e-01
-5.208704532262201647e-01
-3.327284693284601191e-01
-3.605350766313015765e-01
-2.904202664156149694e-01
-3.496032126160513731e-01
-4.035778729375182894e-01
-3.472547641289526754e-01
-3.006906109417119000e-01
-3.601737778539225721e-01
-3.452005234376095411e-01
-1.997563056925599489e-01
-4.595166378574008781e-01
-4.795345137972956140e-01
-3.927214862040474541e-01
-3.445418541574807869e-01
-3.157051904663943920e-01
-4.329083377393178611e-01
-4.267560552065767787e-01
-2.162600697916264025e-01
-2.782273366464027564e-01
-3.787138721025772869e-01
-2.755113928095254128e-01
-5.092643399159837436e-01
-3.795622565984704266e-01
-4.673864567306010853e-01
-2.405073775521733015e-01
-2.096460102814160231e-01
-4.684613786305817928e-01
-3.743722239499743254e-01
-3.359762028174922976e-01
-5.243499600030251395e-01
-2.649296917472074853e-01
-3.455131578236936285e-01
-2.895835812558002487e-01
-3.153729512289760728e-01
-3.382260917508310150e-01
-2.963159372416137582e-01
-2.640410944806503846e-01
-4.191561142175082022e-01
-2.089742005262980318e-01
-1.749411544839298005e-01
-2.747854061834727468e-01
-2.734457504531815908e-01
-2.116810507320544266e-01
-3.513467028862168884e-01
-1.952200864593364449e-01
-2.903533551335035767e-01
-2.069160978411641594e-01
-2.351635395671030915e-01
-3.798972384657948731e-01
-2.325292116910590012e-01
-3.160439893753894669e-01
-3.850107135261064406e-01
-1.961816557940039008e-01
-2.416049264368717864e-01
-2.422299377112579755e-01
-3.078479819946742246e-01
-3.271827529273854118e-01
-3.047536372356060563e-01
-2.548319094388813988e-01
-2.732242710645981787e-01
-2.593618092161292799e-01
-1.776485026683334023e-01
-1.317844742563596683e-01
-2.608711226530536775e-01
-3.040586367704475323e-01
-3.215666099910749476e-01
-2.576113343987575521e-01
-2.110431852955737819e-01
-3.019546929625028728e-02
-2.726034720400829503e-01
-2.098505431204591987e-01
-2.929829741948623556e-01
-3.279312474715970760e-01
-1.850311900420532341e-01
-6.399292213773856430e-02
-1.855573351559991202e-01
-1.828722313124784837e-01
-1.855686003734105249e-01
-1.987900188122405376e-01
-1.381339095901977232e-01
-1.614851103754159078e-01
-1.947011422424326788e-01
-1.330815910199284746e-01
-2.482937962291396627e-01
-1.650224658193151506e-01
-2.108691437169722405e-01
-2.312494727421540441e-01
-2.648333365687449703e-01
-2.078692374251943642e-01
-2.428350911938258749e-01
-8.165981795363400899e-04
-3.282739737695059556e-01
-2.729337288847285548e-01
-7.405725159028005156e-02
-8.003627991400863451e-02
-1.779383548910448143e-01
-2.115941981636810520e-01
-1.965622430725978975e-01
-2.029674219201928476e-01
-1.148478276813444804e-01
-6.273881404618288082e-02
-3.483770815248833919e-01
-6.217938330673885433e-02
-1.583742026244634171e-01
-1.942951367589702827e-01
-2.425515601278551980e-01
-1.095740802592255758e-01
-2.453455242495129751e-01
-1.036170462063140951e-01
-1.244065801815111838e-01
-5.095177499915420904e-03
-1.849393315408947303e-01
-1.770107846481570324e-01
-2.621963453493106888e-01
-1.264995537986200458e-01
-1.900292075940242797e-01
-2.126087941498675526e-01
-2.036054834575699302e-01
-1.543755070903873872e-01
-1.562614144518692516e-01
-1.154663962530916438e-01
-9.166053488034592300e-02
-1.283402437810883812e-01
-5.496184720005835994e-02
-8.658334094253608559e-02
-1.293494605060123148e-01
-1.134943895532852937e-01
-1.553646465310200564e-01
-2.632418035277378499e-01
-1.990633560177463846e-01
-1.436859717838809281e-01
-1.520230928652889779e-01
1.790166502462699552e-02
-1.390068011448016005e-01
-1.198793114820716349e-01
-2.376543000193402644e-01
3.438518579565944672e-02
-3.881814916725403325e-02
-7.172764296480832469e-02
-4.590737137832104353e-02
-1.831602062824483068e-01
-2.923736668710278375e-01
-1.432320944541622398e-01
-2.046199494863474300e-01
-8.632141136855951691e-02
-1.474413217421378652e-01
-2.199823592504891456e-01
-1.636979717974671455e-01
-1.052590215615772581e-02
1.465869557916436427e-03
-6.947231819012533727e-02
-4.571565496834115866e-02
-8.733395385236023337e-03
-1.903170862164804689e-01
1.917823290324039559e-02
-5.740242199405054535e-03
-1.318178327265612931e-02
-1.352146869926321993e-01
-2.429023300031795882e-02
-5.924159504481726901e-02
-4.369391814471584173e-02
-6.135901719603929078e-02
-2.266543654243816375e-01
-2.667537638645064990e-02
-3.185561683427307750e-02
-2.167678638437808836e-02
-3.273208173965976714e-02
-5.033880850966658549e-02
4.725200837397970643e-02
-5.796038438051158426e-02
-1.580675825547857294e-01
2.694548679532295793e-02
8.371589939932155833e-02
-1.350609396945435248e-01
-2.380631259569612052e-02
1.280212158839181928e-02
5.636220234534441986e-02
3.099833965647146635e-03
-4.972429672236030468e-02
-5.620986383183118607e-02
6.267349834173678580e-02
-5.331736815171661537e-02
1.781867208554131776e-01
-1.227019394568607327e-02
-1.912976265267387482e-02
-1.046340647602137242e-01
-6.861019972730035554e-02
9.001886552707125122e-02
-3.549171310297762061e-02
1.067879156081188441e-01
4.695811246243187381e-02
3.951709799143052204e-02
3.115400172370510340e-02
4.508446053924645980e-02
-2.169393121333762497e-02
-1.036247379926500019e-02
1.206672929628362922e-01
1.085450751192627329e-02
-9.123594845449047031e-02
2.248631281736451770e-02
2.795907191404393283e-02
-5.320210525568998261e-02
-8.010681506126665283e-03
5.594363188581267382e-02
1.028800507809548570e-01
6.057761795804400551e-02
-3.000683061775204497e-01
-1.823551695599996691e-01
6.530370432509229051e-02
9.305197369814534325e-02
3.883826006289707589e-02
5.058788166493637800e-02
2.051930830111697857e-02
-2.625867669121700540e-02
7.967030439368028016e-02
3.451705595629896151e-02
2.965072193522796246e-02
1.453634781917465257e-01
1.889074277374127864e-01
7.827418529960471216e-02
-2.199617524041772021e-02
9.286692380132249847e-02
-1.178749554842016024e-02
1.029937628028786273e-01
1.482609814627332268e-01
-4.402332092526575757e-02
2.723959170467634208e-02
1.868675113146177347e-01
8.435744622145417010e-03
-5.656537304867324117e-02
8.882269628954284069e-02
1.328055707703237054e-01
2.610165981677086203e-02
1.549642657000827040e-01
-9.142241294670025442e-02
9.132018823505995420e-02
1.077676855693791153e-02
1.196796027808161994e-01
1.512475634633074217e-01
1.527609430070088481e-01
-5.904178416419632314e-02
9.985362940284109312e-02
1.211136231574569955e-01
1.232495106522881329e-01
6.760933219608843137e-02
4.484796554678918690e-02
1.780879830232226235e-01
1.215828494921342845e-01
1.760878188998896976e-01
8.990233562927257838e-02
3.007896599645126789e-01
1.929611549392313552e-01
9.489248194145170900e-02
2.669461240248331008e-02
1.632994906567782067e-01
2.550125815856433276e-01
1.998631266948055485e-01
1.209058990229781860e-01
-4.394167045099123259e-02
4.356181589258702885e-02
2.062955791757611901e-01
7.538940185250572745e-02
6.711120930253279548e-02
1.415501390000321602e-01
1.616331308244963738e-01
2.258277511653966063e-01
3.548361939761593420e-02
2.969471865411850708e-01
1.417217869678186470e-01
2.216038282306108942e-01
-3.293155551837056300e-02
2.135210818693200341e-01
7.858025553884162573e-02
3.086918835605628186e-01
2.718066825948642351e-01
2.286611141690394755e-01
2.548571020602076742e-01
8.232689487809354001e-02
9.955753366549512096e-02
1.378178811133861092e-01
1.133701195975378440e-01
2.088411041836251425e-01
2.758512769500492401e-01
8.293468086977577591e-02
2.946951413775634743e-01
1.922833920873178448e-01
1.401878905102201256e-01
2.434200807198969863e-01
9.334827611077302356e-02
3.626839691639548446e-01
2.783813892153246816e-01
-1.034628965254784198e-02
8.303322048295544433e-02
2.092613619132467628e-01
9.686100609017359031e-02
2.343080624943782719e-01
1.097083532749674600e-01
2.349252920204891182e-01
2.573995677677110017e-01
2.401035599236437668e-01
2.938627199187654471e-01
2.641566920882520431e-01
3.541398392372938075e-01
2.975063615868150380e-01
1.674113280859873265e-01
1.779797535503285233e-01
2.519320944514637506e-01
3.315597592681314709e-01
3.093499098654566293e-01
1.782134367522542617e-01
1.950705283465422601e-01
2.375765636116740354e-01
2.657310767650440386e-01
2.732836131680430602e-01
2.940450979634648410e-01
1.417654173784525795e-01
3.147590796881317710e-01
2.119287904170297221e-01
3.218741820187902558e-01
3.679154731015029101e-01
3.035411502105215820e-01
1.418460647039149758e-01
2.735563546785699796e-01
2.090919253158426139e-01
2.541474166121298062e-01
4.156892689061801871e-01
4.224232898598958008e-01
3.052655649453227538e-01
4.077985298065908149e-01
3.089651009016155525e-01
2.126691460912957243e-01
4.446510834002250223e-01
1.727055420076312464e-01
3.014374044684094422e-01
3.855423267516602248e-01
3.425328675870162876e-01
3.730628621203485595e-01
2.640933645079693859e-01
2.350352238309411923e-01
2.805894185947645503e-01
2.619920325065148159e-01
3.114518993017241222e-01
2.977246730089365134e-01
3.857385298546722741e-01
4.181506460175667961e-01
4.170585218474785472e-01
4.813100603815934631e-01
3.687891125146374738e-01
4.342003147226021209e-01
2.536189596073847308e-01
2.665469211363078461e-01
2.512114356727175313e-01
3.028558785332169934e-01
3.049486845921627332e-01
4.191425024272403266e-01
4.737727505021017138e-01
3.143218640732055036e-01
4.362464782392604934e-01
2.649432356353096374e-01
3.729645764043427736e-01
3.520102283383833019e-01
3.575019016989603449e-01
3.557742654738167420e-01
4.908013333907045306e-01
3.491214024060770305e-01
2.595150278395244037e-01
4.828120526044231142e-01
3.627074321315987282e-01
3.460622109302565197e-01
2.322302519925794340e-01
5.006701045732482314e-01
4.312146127104388160e-01
4.516123565723225708e-01
5.222782402241659128e-01
1.773069556835454585e-01
2.922681066762642388e-01
3.466472031280475874e-01
1.729001277901482392e-01
3.260689469955467268e-01
3.315546957904919045e-01
3.980082238847463261e-01
3.094691074555104837e-01
4.828046975756724035e-01
5.143744159697710705e-01
4.943868575347733496e-01
3.644972855662699796e-01
2.950821691733271357e-01
3.372217739232426514e-01
3.099449163012157893e-01
3.060463746740137436e-01
3.296412875598306869e-01
4.321564391197688093e-01
4.951150188921449868e-01
4.878406630209596861e-01
4.738654005666613211e-01
3.317992421875279874e-01
3.673936300314269987e-01
4.874439260942947660e-01
4.029109734600468395e-01
5.950194851119962047e-01
5.015651856515505047e-01
4.851590686104046424e-01
4.123888938066692100e-01
4.080264580374254879e-01
4.655293471559383556e-01
4.623165840916567126e-01
4.100421294376662140e-01
5.298048207554576505e-01
4.079732772192452561e-01
3.802760967013703586e-01
4.315853365887328263e-01
3.662082306503030016e-01
3.669265951929482350e-01
3.904175411253164030e-01
3.879189455022301058e-01
5.057071042285653517e-01
3.730098416255010485e-01
3.604268816377470541e-01
4.829430829366928579e-01
3.308388317294035930e-01
3.498904899060115703e-01
4.077245839044490450e-01
6.113941987220810059e-01
3.979382647180629284e-01
2.792171482896012580e-01
6.687835387245608665e-01
4.124364292813625377e-01
6.363015501876542190e-01
6.013699754563510691e-01
5.028271642719476242e-01
4.595851222584610984e-01
4.740397535016325770e-01
4.497335504482494750e-01
4.065709258697924322e-01
7.590046131809646823e-01
5.881289603068523553e-01
6.012164231518661861e-01
5.547138709659252820e-01
5.646975062753016861e-01
4.643625239193955867e-01
5.921473540871383667e-01
4.851497354614690005e-01
4.721399120775651159e-01
5.428264314681150449e-01
3.592836461726455211e-01
3.412455513598320334e-01
6.794666437173577656e-01
4.890117486877213482e-01
5.908647926296634045e-01
5.687078195434355221e-01
5.690235144042397053e-01
5.040372797503580582e-01
5.419307482782976804e-01
5.828943648390342291e-01
3.272925907886402586e-01
5.620964943460633467e-01
5.807805210356506986e-01
6.314577841783561851e-01
6.103479300433906074e-01
6.537233038808015761e-01
5.792261827732623214e-01
5.613370025601014390e-01
6.027022037158428214e-01
5.609460611597285595e-01
5.578125311616498605e-01
6.139116457721770503e-01
5.163225346577280384e-01
6.471064499314658214e-01
4.901899566629129290e-01
6.737633562515031871e-01
5.438730174238365356e-01
5.891334776096693870e-01
6.499900325517465882e-01
6.413253861541233780e-01
5.511437039690731954e-01
6.816228366131126259e-01
5.974292929418911768e-01
5.411296035897095180e-01
6.381955309494306006e-01
5.623704247672892675e-01
6.147671378735034553e-01
5.383312011285206200e-01
6.798189433347813226e-01
5.853514667142475369e-01
5.884294289226774666e-01
7.052138265057752431e-01
5.813343248197062607e-01
4.471953508683375045e-01
6.145618701565274122e-01
5.902244076126604844e-01
7.160418337457299387e-01
5.373761327727879511e-01
4.505934625795265935e-01
6.617633955448191108e-01
5.029165290343909911e-01
6.970327237710451929e-01
6.587963704392020281e-01
5.182252661504661573e-01
4.772546212882516348e-01
5.421678186018735746e-01
5.883685962753041343e-01
6.806282182467594533e-01
6.127098144953126990e-01
8.082355870808181075e-01
7.627462470519941196e-01
6.376987057529569514e-01
6.453029738551594452e-01
6.549786825448393746e-01
6.405523262057899458e-01
7.212456130670391596e-01
5.696059679045778479e-01
7.295454802219007995e-01
6.537411438726919988e-01
6.677217997222751888e-01
5.295349345207016611e-01
5.408232490969325790e-01
7.658865033188565485e-01
7.278497916717110439e-01
6.840753629640616840e-01
6.673311753640619459e-01
6.825366475745042738e-01
7.231540177340444187e-01
4.544452874197075776e-01
7.613547175897752428e-01
6.940746039724977612e-01
5.554783314124653870e-01
7.891805136021285971e-01
7.266976632800448144e-01
7.105598187384657427e-01
6.543209222746971809e-01
7.831086665823171478e-01
7.321706250382701286e-01
5.933691653337148653e-01
7.125696262607400522e-01
6.229523750372971680e-01
7.878222501317846405e-01
7.163490117328483731e-01
7.299700570115643661e-01
5.658414309485412241e-01
6.929689527060353127e-01
9.297830338192020205e-01
6.098489463914075204e-01
5.817058947135744784e-01
6.931726211452808872e-01
6.127292517043955167e-01
8.646866589574048190e-01
6.959982647000132472e-01
6.770656130932746208e-01
5.016106365113687238e-01
6.511873262076834923e-01
6.441457663092313712e-01
6.625708689101705851e-01
6.336108363096616403e-01
8.377664092128215279e-01
7.632044566858986467e-01
7.515762877414494669e-01
6.861131686269615892e-01
8.048259771710303268e-01
7.318210662733026783e-01
7.664355479750563083e-01
6.907905036750057182e-01
6.641124654730748977e-01
8.032953500108100942e-01
7.125259929079803545e-01
8.235044337198291764e-01
6.140872489614810359e-01
8.248103621690278109e-01
8.329771162569084009e-01
7.580808188602047304e-01
8.134806528516290713e-01
7.052433596792907489e-01
7.971785971615487076e-01
7.153037199418902370e-01
6.505010741842356392e-01
7.550593258794777718e-01
7.901779344438368824e-01
6.484236752934778858e-01
8.794578575703071444e-01
7.823502263931471079e-01
7.615522997409399641e-01
7.662593571756397548e-01
8.468867077382982167e-01
7.581897732958007285e-01
9.258895189965423711e-01
7.955754485540512677e-01
9.976974331338847035e-01
8.223101249898580045e-01
7.587934568767811250e-01
6.703741029259429052e-01
8.160031833312568761e-01
7.148438223316402329e-01
8.079612727224270152e-01
7.065352258730197565e-01
8.714364919366512918e-01
7.858702921345561698e-01
8.008855562630272651e-01
8.876754606513517221e-01
8.100633615958280354e-01
8.671329138710315299e-01
7.888999728776416864e-01
9.314176909986104924e-01
8.625245167415485081e-01
6.288534423407189378e-01
8.161651789489459130e-01
8.557249277031591106e-01
1.010848805834560604e+00
8.753885807789342222e-01
8.802212614972964033e-01
8.953478923456149596e-01
9.227024558926836262e-01
6.604474567426447118e-01
1.075034718116107513e+00
6.973781469829410939e-01
9.418456370160549485e-01
7.670128120962378393e-01
8.577061844717985828e-01
9.700422996929159991e-01
9.730819120884047768e-01
8.181062829783797286e-01
6.724391883037157402e-01
8.864879484194834180e-01
8.796737660411084736e-01
8.526024594085587216e-01
8.297791948094602743e-01
8.387017486917178744e-01
8.909614545965756083e-01
9.091493758736751696e-01
9.394781966070920864e-01
9.672736939409738444e-01
9.154932464574565554e-01
8.796239283468737513e-01
8.339992231492336927e-01
8.643939694552712494e-01
8.344447032434265665e-01
8.157066134602397600e-01
1.080339739960642476e+00
9.895460109557492334e-01
8.844322550642872427e-01
8.940814143025010985e-01
8.137582128955823668e-01
8.953749397139967314e-01
9.299884017350296128e-01
8.538799873246284422e-01
8.618588772605784154e-01
7.916868084241112102e-01
9.757346690494534958e-01
9.862312966570478956e-01
8.714551097526338497e-01
9.187965973236275063e-01
9.008680301810123581e-01
9.056675510955133346e-01
9.746861235654807887e-01
8.622404734887662014e-01
8.486264817113478021e-01
8.797659239407735754e-01
1.016782041364474365e+00
9.299313459870917065e-01
8.837303072523505776e-01
9.160527437425086683e-01
8.251572881550346406e-01
1.062166601948746791e+00
9.342413551865890176e-01
8.882471135804849149e-01
9.168258847263428546e-01
9.454832334853807696e-01
8.314675241500582015e-01
8.993861729777602454e-01
9.770833777527869746e-01
1.023089780935145132e+00
8.931852865466108904e-01
1.035678993613596610e+00
1.103562622785991598e+00
9.967269341037614527e-01
9.713148873649988246e-01
9.521117451020130185e-01
9.660318369811886630e-01
9.796148646480681288e-01
1.030422459132593449e+00
1.155171244813927078e+00
1.001103650393960320e+00
8.966956556538498990e-01
8.532405017703120764e-01
1.187854936530119421e+00
9.345776973073787186e-01
8.497397140393823101e-01
1.052947571860023190e+00
