-9.914251537130880365e-01
-1.013875051758637458e+00
-1.042341134699996008e+00
-1.121280045165617745e+00
-9.947726686817247588e-01
-9.371364445459205994e-01
-9.023836408016793209e-01
-1.064225715955531948e+00
-9.841392889085397444e-01
-7.995160968960212111e-01
-9.980264822094723209e-01
-9.444305446761522838e-01
-1.027898173281003302e+00
-9.201927535366086763e-01
-1.045667987956830025e+00
-8.798575476704524334e-01
-1.039392751870779064e+00
-1.002421259829506583e+00
-9.184205391257833639e-01
-9.649537160738559383e-01
-8.979715787398236948e-01
-1.042095978647056498e+00
-1.089114122247919703e+00
-9.883092559541659661e-01
-9.122010808856814146e-01
-1.024759461618840017e+00
-1.004945461144634011e+00
-9.789213006749044599e-01
-1.123404842323061592e+00
-1.028406378367938023e+00
-8.658511439393908882e-01
-9.050921808116907386e-01
-9.022026000516267796e-01
-9.879114448740556886e-01
-8.919833230655601630e-01
-8.723530429430764732e-01
-8.889683011412080615e-01
-8.263603713229061842e-01
-7.529468223528303916e-01
-8.911390750375191017e-01
-9.247415086479428004e-01
-9.541311248780985910e-01
-8.096726428022669175e-01
-9.612914198463212712e-01
-9.333150136968261235e-01
-7.535461163862031686e-01
-1.186269469627754480e+00
-1.081252668115512350e+00
-9.484644120003018486e-01
-8.775354222576662311e-01
-7.625107583922796639e-01
-8.998651967683251041e-01
-9.622760910639838183e-01
-8.162853843466065795e-01
-9.002654955250033453e-01
-1.038042827728404394e+00
-8.503162790920575365e-01
-8.984138000022111603e-01
-8.236185330312373321e-01
-7.953580391670604932e-01
-1.056688511426661981e+00
-8.035275798631260624e-01
-9.665410130896153751e-01
-8.834663945808997054e-01
-8.230715681877798229e-01
-9.229906626608765929e-01
-8.012968541248151055e-01
-9.378406900139616420e-01
-8.873034514995065125e-01
-8.725602402360609355e-01
-9.284400697379870948e-01
-9.545563809815620360e-01
-8.368024838470560223e-01
-7.886343675030195177e-01
-7.782530730267506192e-01
-7.157514875338183424e-01
-9.024888200106145897e-01
-9.006453783564305482e-01
-8.367035087368915880e-01
-7.872733715453430481e-01
-6.996926216210516136e-01
-8.196769241493728764e-01
-8.488123432081093878e-01
-8.067059625809783752e-01
-8.427979186010779999e-01
-6.836433634735439302e-01
-7.205426591304345818e-01
-9.550257020568965194e-01
-8.725784082014563792e-01
-9.303708921583260238e-01
-8.896297781284049355e-01
-7.427427565609651117e-01
-7.237483700354234717e-01
-7.593444509407095699e-01
-6.716925899946002421e-01
-8.660156947001529382e-01
-8.562114429096083779e-01
-8.417001013839178203e-01
-9.007733684535458307e-01
-7.831679021072963653e-01
-9.121871464012438757e-01
-7.540614951293814761e-01
-7.823418190934005034e-01
-8.475641264908619910e-01
-8.933892731581389857e-01
-8.218903130506264310e-01
-7.782641987178777754e-01
-8.342856162274738807e-01
-8.742701292915174838e-01
-7.764252570181446877e-01
-8.808105597766378025e-01
-8.102095351167487580e-01
-8.139708967456028565e-01
-9.327308527231182866e-01
-8.911000565124207462e-01
-7.930295790742893924e-01
-6.871388953406749600e-01
-7.206856811997480738e-01
-8.045235295348730498e-01
-8.074901929022261227e-01
-7.851890071295447582e-01
-7.460428963048393314e-01
-7.780157108007157429e-01
-7.417140830487903846e-01
-7.732140112397684062e-01
-8.639392797617850839e-01
-7.565488613280612062e-01
-7.496384807590631416e-01
-6.794262059438624934e-01
-7.576704133373901584e-01
-7.962679657091875640e-01
-9.839402091558817620e-01
-7.490403457459567926e-01
-8.705313986223990330e-01
-7.898878518496871282e-01
-7.578206117404148179e-01
-7.536604066026507676e-01
-6.021405979742344705e-01
-8.082072840151400817e-01
-5.537102363529782245e-01
-8.044620334246407323e-01
-5.718120350436630694e-01
-7.222042984697996104e-01
-7.459955032659441043e-01
-7.898579935836050891e-01
-6.655766034459202896e-01
-5.624125888569712073e-01
-6.325199207329892381e-01
-7.664778315293626632e-01
-8.048600994030969957e-01
-6.219766844326349853e-01
-7.643975906777578100e-01
-7.655134611412667267e-01
-7.151242493443278336e-01
-6.305500288788951080e-01
-6.950830211869311048e-01
-6.920662767280070238e-01
-8.965488629787484731e-01
-5.253688698343621510e-01
-7.537958327719141982e-01
-7.670932164727161107e-01
-5.555405805098725391e-01
-6.100747636440148058e-01
-7.265686263105638476e-01
-7.127104101036820794e-01
-7.460276186651854102e-01
-6.385680588587869799e-01
-7.420107659978246728e-01
-7.210945169479439087e-01
-6.441222798217485224e-01
-6.255458328479063246e-01
-5.792354199636016165e-01
-6.652653804305191931e-01
-5.965789786351884949e-01
-5.523036584492445611e-01
-5.092965564049704019e-01
-6.424401666422401291e-01
-5.802422688317199206e-01
-6.469236468574884880e-01
-6.132021947590375888e-01
-6.652690066281774506e-01
-6.350501343609856741e-01
-6.183478226998565530e-01
-5.733635851617753243e-01
-7.122899951405887720e-01
-6.565591601557733137e-01
-5.790142686888343215e-01
-5.962756843630772075e-01
-6.077731380845288189e-01
-7.586862431650333027e-01
-6.789619226349795644e-01
-4.617026612005601383e-01
-6.198384869611202053e-01
-6.238457776043364600e-01
-6.313796420107694596e-01
-7.805575181191408696e-01
-7.230792804553829445e-01
-5.335754006644964909e-01
-5.555359187913512242e-01
-5.461393451747159622e-01
-6.136106587813930924e-01
-6.024969411505323169e-01
-6.144709486315800273e-01
-4.266825873577015371e-01
-5.737663603189755435e-01
-7.295351005865738925e-01
-6.756085448551735206e-01
-4.975205463407119111e-01
-6.605874794978437992e-01
-5.754228096492333133e-01
-6.253989592339922465e-01
-7.055262985021520938e-01
-4.967574381840110798e-01
-6.050949229363243864e-01
-5.989267553699877400e-01
-7.034613981120805271e-01
-5.881933942687223027e-01
-5.179836950045195731e-01
-6.027666661856815322e-01
-5.592598537710715689e-01
-6.445618873093885703e-01
-5.937169725206818960e-01
-6.703480400563240904e-01
-4.754177859344954626e-01
-5.579614397703818174e-01
-7.388728238266417669e-01
-6.909940944279885366e-01
-6.286039694566901703e-01
-5.793883750620685280e-01
-6.380525769694349592e-01
-5.224055255475258397e-01
-6.433272793432764924e-01
-4.953148522015325961e-01
-3.798389360505972645e-01
-6.783889181718683048e-01
-4.901405764699890977e-01
-3.680144621723108189e-01
-5.056384605601615956e-01
-4.712838096787641540e-01
-5.572558445597526333e-01
-4.612626059777113485e-01
-6.617104901831598607e-01
-4.136490540264955440e-01
-4.762695498716630893e-01
-6.017231266863289907e-01
-4.689827800176638029e-01
-4.210523252786882442e-01
-3.974931254089664745e-01
-4.787650671677230463e-01
-5.203428121170539100e-01
-4.963176544595941930e-01
-4.206480198239865853e-01
-4.507819977567809611e-01
-5.230600097119000313e-01
-4.268522330543492727e-01
-5.927633582114302246e-01
-5.499350246488449168e-01
-5.538356110274341715e-01
-6.972811235430707022e-01
-4.056635569330703239e-01
-4.212585757880606963e-01
-4.073766388958641738e-01
-5.520346619478176953e-01
-5.142553462398226083e-01
-5.241185285224274626e-01
-4.638681834687610750e-01
-4.598467203981894680e-01
-4.697136786259478169e-01
-4.719602683550647160e-01
-4.653323426608190760e-01
-5.792273465915107611e-01
-3.835595715909744241e-01
-3.971075877151980515e-01
-5.103344586947077266e-01
-4.410108380105132730e-01
-3.782337287902021172e-01
-4.015996132488136583e-01
-4.939461054020156117e-01
-3.291443525440355122e-01
-4.144597387932364430e-01
-5.240037768812596530e-01
-3.176557493445578140e-01
-4.852367016862785820e-01
-4.726192024235946754e-01
-5.020891527358672946e-01
-4.400430559862423263e-01
-4.143090517318330779e-01
-2.672527651020164541e-01
-4.112682178397235044e-01
-4.904256288889224935e-01
-4.523269322873653131e-01
-4.713934873159040806e-01
-4.067159326653614349e-01
-3.669871784295813399e-01
-3.883748078387794789e-01
-4.698215803430755844e-01
-4.489581486326681414e-01
-3.805364722574150482e-01
-4.467283434382806617e-01
-3.730671627836741333e-01
-3.475441228231140323e-01
-2.604788938075896509e-01
-4.955693574287994840e-01
-4.512430484749462289e-01
-4.170954072283052927e-01
-4.117999935894490204e-01
-5.484819251694975639e-01
-5.840243808783922574e-01
-4.126118468080636759e-01
-2.374012265146566159e-01
-4.039984993976432071e-01
-5.579757713839004207e-01
-4.205680957514935092e-01
-2.837397490679666734e-01
-3.137688015080408732e-01
-3.734458078121324354e-01
-3.503488830323935321e-01
-2.812648096759012284e-01
-4.667542848056865923e-01
-4.194376343569765075e-01
-3.141608930293960378e-01
-3.284248572179307990e-01
-3.729651397829790715e-01
-4.332881842287262253e-01
-2.741649034832807641e-01
-3.524539275585164000e-01
-4.625191492924908832e-01
-3.705248007789413434e-01
-2.563390080084456679e-01
-4.065198978848821865e-01
-3.927369331214623505e-01
-2.677352997042758420e-01
-5.188020408015573404e-01
-3.548925652661817920e-01
-2.647133510085930008e-01
-2.998153443404957263e-01
-2.804457417800970132e-01
-2.750643060392157779e-01
-2.858602472600504374e-01
-2.515383361969245612e-01
-2.171196740406625691e-01
-4.496816414206475931e-01
-2.390556430805304555e-01
-1.099116719859307839e-01
-4.625283269623517435e-01
-2.226947512180068589e-01
-1.909332138735152784e-01
-3.163638940276221612e-01
-1.934329669984971578e-01
-3.756779777836760092e-01
-2.587430477522044137e-01
-2.960091800362006365e-01
-2.303080307610592126e-01
-2.856739742727937847e-01
-3.747332395916788128e-01
-2.048017729302649137e-01
-1.930842072610010063e-01
-2.152859206062098518e-01
-2.874248080540995898e-01
-1.317219832204207519e-01
-2.369095532222940670e-01
-1.733172050573737188e-01
-3.116172859046083543e-01
-2.781172093484083341e-01
-1.941079160804685122e-01
-3.856391876385893425e-01
-2.789012696742574904e-01
-3.989418619414731304e-01
-4.102264472947108054e-01
-3.463243033904379042e-01
-2.211449521456549383e-01
-1.868583445936498055e-01
-3.392340737892449165e-01
-1.596498449687251686e-01
-2.115990219089957658e-01
-1.392704483001887261e-01
-3.150962654483697722e-01
-2.694069387494213430e-01
-3.122335240492383202e-01
-3.757648482091181519e-01
-4.461896747725946910e-01
-1.910695550705381052e-01
-2.292582972319454626e-01
-2.536144039427091212e-01
-9.992125826878037187e-02
-2.067911818459758633e-01
-2.615137793020631540e-01
-1.896469411838747066e-01
-1.926935209091254209e-01
-2.902393257243666147e-01
-2.434061718296691157e-01
-1.732586506276886373e-01
-2.189462359864163266e-01
-2.216163618814069036e-01
-5.103362227721604770e-03
-5.280111455722446417e-02
-1.650519812062249958e-01
-1.015741668259673991e-01
-2.120746834475580045e-01
-3.001322206592245134e-01
-4.726814397185247207e-02
-1.299670512637629838e-01
-1.764704570543523809e-02
-3.149816119331046993e-01
-1.008087928925360116e-01
-1.779384068915813022e-01
-7.076137730984492780e-02
-1.085720745434446827e-01
-1.700790282803315567e-01
-1.389117810971065292e-01
-3.078385221814045059e-01
-2.215570929722434912e-01
-1.538079782583713917e-01
-2.979224487758953543e-01
-2.410294570581156259e-01
-2.395235889382542338e-01
-1.362318689060440235e-01
-1.446949324344162791e-01
-1.678875941902010227e-01
-3.691201231962007445e-01
-2.405141190782442151e-01
-2.398605661381498222e-01
-6.964210268681771121e-02
-1.658007165274354155e-01
-1.396844389675832299e-01
-6.339434370356927806e-02
-1.110092068653660835e-01
-2.099040249746905173e-01
2.154506308739305778e-02
3.831008458040616876e-02
-7.344387676911855178e-02
-1.042125660449789021e-01
-3.013514420304059804e-01
-2.464756652272633020e-02
3.807620107972948392e-02
-1.966903522873530152e-01
1.170638907692942180e-03
-1.247717581059460956e-01
-1.076292320976220684e-01
3.683122647652371795e-02
-1.235767752070467268e-01
-7.542662352952676785e-02
-1.264555195993969927e-01
-2.351103292222377072e-01
-1.535249103564953477e-01
-1.182004333092609299e-01
-9.246793758835517019e-02
6.146473401976225263e-03
-1.364910384760915640e-01
-1.832516793427991508e-01
-1.948423139206346272e-02
-6.331720731900999932e-02
-9.517693048191881722e-02
-8.411961355603753132e-02
4.070225066757655885e-02
-3.807911503785381402e-02
-1.769482926111876422e-02
-1.378915147916363326e-01
7.359820525054310350e-03
-3.939765742446508373e-02
-4.700672877322432247e-02
-2.064597529992122371e-01
-4.403306269228270814e-02
-1.070303214176432788e-01
-1.670262905454545366e-01
3.351277967383513995e-02
-2.466566224920791750e-01
-4.937866483564856517e-03
-3.163305322510187589e-01
-2.362434038640608830e-02
-1.642376945929715226e-01
6.010882798725368514e-02
-1.342540875300708425e-01
-5.592444390625536665e-02
-3.025895913814387328e-02
-1.366854296052057438e-01
3.168000842177590148e-02
-2.134716779196889694e-02
6.567117487069096260e-02
7.139840082630855012e-02
-2.004564165062063252e-01
2.867279779251636490e-02
-2.259691143310578465e-01
-1.051470039401304624e-01
2.481482777240512317e-04
-2.743224902753848768e-02
1.713223456947226067e-02
7.765147067638845935e-03
-1.603391584658480154e-02
-3.621829612268769039e-02
2.541386637503981888e-02
-1.416408269229818828e-01
-2.820671581687178228e-02
-1.262176229850307807e-01
7.336302666407254480e-02
-1.799210345973756842e-01
1.085943254324351487e-01
-3.640354951398305783e-02
-6.166081582226887181e-02
-7.458415002414703343e-02
-8.601512449826083373e-02
1.410202706761178593e-01
-1.477843551329056648e-01
3.115873563331585799e-02
8.494349933786543572e-02
1.462813997039717588e-02
-3.188655205383976454e-02
-7.488983737128356022e-02
6.832018680986030879e-02
-1.039426432956199464e-01
3.031644366660955076e-02
1.477998344422755961e-01
1.731092136685253580e-01
-2.826736998539994966e-02
1.103695311761224290e-01
7.266479089870596375e-02
1.546404268173760810e-01
8.272268292474663220e-02
-6.535360688406201268e-02
-6.986016000646343149e-02
1.197154665408154683e-01
-1.416249134546344358e-02
-6.725409822078703840e-04
6.716588462414524452e-02
1.896653790999252853e-01
-3.077761712358727600e-03
1.060332417379994119e-01
-8.190040548558115419e-02
8.221209974145946009e-02
7.248205344137305384e-02
9.181968091705830504e-02
9.071868299120003365e-02
-2.510585168117651297e-02
9.064762957127044107e-02
9.218959389337967603e-02
1.865315287883002882e-01
1.665104990469618018e-01
1.835484149910062979e-01
6.951543987983911654e-02
8.859912124633943786e-02
1.131562980070655727e-01
1.921264103566336368e-02
-3.216335265078351484e-03
1.054466327059758873e-01
1.369082124202432305e-01
1.842837664582324397e-01
1.860928044054183383e-01
5.066456745608236695e-02
1.805266596146674202e-02
1.266566810391249742e-01
7.538888609094070159e-02
3.110114359729574188e-02
2.581461380472153122e-01
-1.292836502067116686e-02
1.905970873039060098e-01
1.787724370760478687e-01
5.478221494035631634e-02
1.419275421207130961e-01
1.213249491871317698e-01
-1.848178955444640045e-02
5.371944175845638769e-02
3.176322937562933713e-02
2.434780268975524631e-01
2.162389303288487497e-01
9.951834982456175815e-02
1.993221892408037488e-01
2.020533082181630857e-01
1.124582091937654377e-01
5.919884847669153183e-02
2.163411371054904109e-01
5.275801933175906788e-02
1.488797883936193167e-01
2.251718509780163968e-01
1.946596173715209876e-01
2.520941647461128615e-02
2.249930297730940165e-01
2.780900611837362479e-01
9.952840709229061888e-02
1.899418406431058470e-01
1.056850674060210715e-01
2.298059741766854402e-01
1.864403094269411199e-01
1.444162425577070197e-01
1.569811533257016445e-01
2.506387619945734113e-01
-9.694830060963935403e-02
4.283615541488781930e-02
1.536380339113655735e-01
1.019311967329777080e-01
1.433221090750205207e-01
2.016333631390521131e-01
2.541029234542028781e-01
1.047837651266020631e-01
2.949012197872888930e-01
1.398867930707449470e-01
6.157567682997010239e-02
2.194694675294902031e-01
3.797383513124735210e-01
1.703993929112812555e-01
2.272112134062911348e-01
1.327596126460705572e-01
1.808860927650305372e-01
1.578969496934252981e-01
2.535405927356347844e-01
2.171271864249926797e-01
1.995479222429181465e-01
2.154649464162532169e-01
2.825543372789321439e-01
1.950353425982603583e-01
2.676064589246501257e-01
1.507356501394193915e-01
2.688267329252149174e-01
3.490133859999016153e-01
2.982346405733358186e-01
1.565443577413214160e-01
1.596828374609660095e-01
2.579410659978921272e-01
2.323445477656040370e-01
2.551760933973825085e-01
3.845618766458213655e-01
1.587153226829620123e-01
2.977062045791171313e-02
2.690189545458759879e-01
2.669948263940959410e-01
2.484516473988533647e-01
2.388474827158308111e-01
2.756640582844459564e-01
4.422115289013652806e-01
2.985662329962392447e-01
2.142281399588784330e-01
4.560148976391644737e-01
2.124323147311422966e-01
2.949819163285161139e-01
3.153463302266115154e-01
2.821423349233284084e-01
3.851853503559660719e-01
1.976048326227783092e-01
2.107982618910757000e-01
2.148391511417059030e-01
3.253293520313999543e-01
3.096179673062856574e-01
1.950317437264023068e-01
2.822810894981950813e-01
1.586389934035353777e-01
3.203069726608145928e-01
2.574826506824833827e-01
2.327295959838397710e-01
4.436562087917860775e-01
3.398187030093842709e-01
2.324071724345014023e-01
3.004273526107278242e-02
3.343994038290285520e-01
3.084100274452016288e-01
4.159163846368684747e-01
3.983051294457559677e-01
2.605380646812338052e-01
3.520779601295768169e-01
2.245600164150052258e-01
3.461280678889147033e-01
3.761215720807201124e-01
3.208916916767077243e-01
2.776669563416506170e-01
4.136925263110924345e-01
5.058045659465201238e-01
2.488929524755484346e-01
1.902700413480406527e-01
4.128271616676566502e-01
3.895501379884811488e-01
3.025710124175968185e-01
2.805413754331053111e-01
4.059000252342297999e-01
2.972019263832874070e-01
4.958180293399968019e-01
3.423543236701299119e-01
3.750937479461881052e-01
3.644082469931634871e-01
3.142314689965819974e-01
3.784119611483754975e-01
3.752480735663272782e-01
3.532519719352696375e-01
2.960702365336025932e-01
1.595319206732087047e-01
3.146197483433516018e-01
4.262165822959856354e-01
2.470057115709092810e-01
4.807207251545185800e-01
3.904676432786548523e-01
4.692693396133202910e-01
3.911526763758854663e-01
4.611041591767107706e-01
4.528772174422304175e-01
2.915291458478889153e-01
3.894076145623423524e-01
5.138527868092835904e-01
4.529251757186385507e-01
4.719578959287061837e-01
4.138389082958371379e-01
4.204764303434934125e-01
3.981769545833204749e-01
3.605287654990136370e-01
5.227366159899869968e-01
2.867485198302812122e-01
4.586128664394779064e-01
2.525025245361812720e-01
3.339082016545688036e-01
3.534477879942793943e-01
3.901921826664335735e-01
4.485062045857018953e-01
5.770214528518065045e-01
3.788095600725381318e-01
3.721472760466298380e-01
5.268504947069997391e-01
4.564631172189176356e-01
4.790256610433047402e-01
4.622576867226346753e-01
3.667491218281889176e-01
3.346557202594560021e-01
4.449139243773364005e-01
4.920573280597279053e-01
3.267268613856022519e-01
4.731978202165268432e-01
3.248291569457287253e-01
4.461252518285421798e-01
4.796236840931554779e-01
5.705700276590213171e-01
4.623402718180109061e-01
4.140692584809517185e-01
5.170016622831052899e-01
5.386189388863173999e-01
4.832895798140011134e-01
4.999328206787491125e-01
4.382313444141110459e-01
4.722163148412041322e-01
4.670093666356940898e-01
4.017661923693781612e-01
4.196726314732789342e-01
5.719816143252294260e-01
3.582589329002889289e-01
4.126387336896119584e-01
5.071996627193634533e-01
6.062015124461590521e-01
5.791909887784397748e-01
4.795837353395349667e-01
5.551648114274823076e-01
6.028135344780339855e-01
5.673014029781984213e-01
5.602513469949231828e-01
3.912529581358508146e-01
4.399175995633839986e-01
5.889717939698072557e-01
5.540455193663489375e-01
5.359342091388235030e-01
5.263908213720730478e-01
4.694583834414245982e-01
7.577812333443821879e-01
5.120427835715579690e-01
5.218709685834407308e-01
4.418149505341357752e-01
4.611608534867085440e-01
3.520830356950861439e-01
5.416545977885580676e-01
6.287453758943931659e-01
4.499084984849270885e-01
5.822892322780867103e-01
5.258183193913331666e-01
4.255775754053144899e-01
5.388250056267660515e-01
4.926244241305342553e-01
5.331269863611288740e-01
5.305293621201807586e-01
5.648721329489357901e-01
6.531340346963865340e-01
5.450238825539361898e-01
5.196718424429557226e-01
5.932514258516266015e-01
5.975608815523301143e-01
6.144483747281476171e-01
5.733128361373175386e-01
6.967133642977024754e-01
5.983109311568143296e-01
5.790205769689734661e-01
5.535022989137349247e-01
6.780904183108942274e-01
4.672665124985773688e-01
7.137162629176632134e-01
5.580822641148985852e-01
5.827047432520960912e-01
6.512696031094256099e-01
4.874238887404987453e-01
7.189390155303568841e-01
5.386722378430987002e-01
5.065384751546462283e-01
5.799904606961729936e-01
4.909675499866418824e-01
6.215121323264112263e-01
6.845824027319664662e-01
5.229603817071328820e-01
6.280248116242189704e-01
6.663600362727957194e-01
7.205860416012611624e-01
6.538870034520490870e-01
5.838814504377142223e-01
5.873064021654303968e-01
6.049365995219798675e-01
6.138591274307430012e-01
8.233037844085712154e-01
6.312960856324997261e-01
5.867521201560969013e-01
5.828757944079944187e-01
5.751662420294449962e-01
6.833031159637082963e-01
6.104870760665509488e-01
5.787323104372237292e-01
5.282640925521269182e-01
3.971770320124928810e-01
6.247993772859953276e-01
5.665813315317239640e-01
4.781871725337732970e-01
7.244105458352384508e-01
7.977160335955834070e-01
6.119186265716644035e-01
5.826200607570365397e-01
6.763843021545347112e-01
6.421695119410825159e-01
6.169299276336803750e-01
6.063652251900388812e-01
6.802937733110974161e-01
4.761642562339225004e-01
6.633344413845090326e-01
8.432116676237435549e-01
5.566894129013084669e-01
7.881301084983264316e-01
7.327471759932755457e-01
7.438341842482568689e-01
6.890317126150947713e-01
7.779426704710835638e-01
5.863486304740636035e-01
8.417541241192706414e-01
7.008990573025449811e-01
6.426728669074843747e-01
6.013542494089960666e-01
6.483105580060658513e-01
6.639692558580037041e-01
6.977868366911730291e-01
7.351253935283567076e-01
8.786020133127481202e-01
8.384221287117578081e-01
7.951198099359474414e-01
7.400412388929027419e-01
6.957112252893001836e-01
7.111297539499044085e-01
7.193787629566187336e-01
6.977101047987070981e-01
7.199962418334464598e-01
6.564366033020253566e-01
7.666796619375180200e-01
6.431497137608118697e-01
6.576337990031914105e-01
6.594519450954197115e-01
6.904731606511735897e-01
7.895177788935462404e-01
5.784791315974938675e-01
6.942404817446556908e-01
5.517790419330446117e-01
5.897755721065207624e-01
6.768473079091698041e-01
7.926149030957106989e-01
6.326208522097606091e-01
8.386639913548669112e-01
8.744330553906971559e-01
6.931761382025934948e-01
7.218510588933905181e-01
8.065266443150621578e-01
6.690548585207232168e-01
8.265708072524435845e-01
7.224139530079335403e-01
7.539997161943609028e-01
6.143189642108759507e-01
6.765728045369988619e-01
7.631833234351383943e-01
7.287303347490444727e-01
7.040866350172854116e-01
7.429235899055731673e-01
7.801192166902196634e-01
7.995004488448985702e-01
7.116161757538989052e-01
9.248634142896124954e-01
7.419481287846281248e-01
9.070796547648114494e-01
6.122470532376996788e-01
7.250490248532825976e-01
7.526120406785675732e-01
7.548139900465843377e-01
9.274734309774528285e-01
8.581153866482781334e-01
8.167940406198928027e-01
6.981438815250617935e-01
8.835638650113780690e-01
8.252095437900418551e-01
7.382854867946981869e-01
7.748540668142879229e-01
6.903701429462340000e-01
8.202390319171335431e-01
8.857835593454015388e-01
8.733405165399320547e-01
8.676503298965000388e-01
7.675877699157591660e-01
8.233640287297571136e-01
8.523290640576518529e-01
9.348715256676732865e-01
1.032854479826359917e+00
7.417557930450172643e-01
8.323128043182886904e-01
9.293535067191388555e-01
8.250447841372056113e-01
6.637838221407238448e-01
7.242475708180713401e-01
9.023475531970459595e-01
8.550425199300063506e-01
8.631365576071384771e-01
7.791277201083407489e-01
7.598859416516284826e-01
8.731305540040341651e-01
7.862580065618055558e-01
8.606281283251548953e-01
8.499821973940479003e-01
8.270861577019880118e-01
8.633079890057956396e-01
9.437433284810479162e-01
8.701272322560861250e-01
8.569024388989215923e-01
8.250067190849692533e-01
7.793686382996526385e-01
7.500296650654011410e-01
8.482516709727261350e-01
9.236098219927626474e-01
9.796521657521779503e-01
9.165538343396372190e-01
9.309220847590635728e-01
9.959879471760441083e-01
9.060830420263101814e-01
9.085860688151911058e-01
8.425859617052311457e-01
5.927412703755023937e-01
9.101052925910745328e-01
9.592510772147097020e-01
8.778441204097708894e-01
7.894841940686510018e-01
9.156044005435494126e-01
9.193180395450673004e-01
1.000153914097480667e+00
9.723916779202346206e-01
9.277083035038117265e-01
8.591502360873599642e-01
8.499004366867500826e-01
7.225913781834658600e-01
9.981038058334253948e-01
1.069790213623352582e+00
9.805164847584935117e-01
9.341438721022542468e-01
8.194841547741270604e-01
9.097779862943355944e-01
9.962345956407591130e-01
9.571475760801364530e-01
9.436499737114626418e-01
8.746221843768802184e-01
9.719658698777972061e-01
1.099358370903347426e+00
8.548165778657447200e-01
9.344730744010281143e-01
9.708652152343451025e-01
9.980951344752581056e-01
8.624349367003493194e-01
8.210841183451655922e-01
9.637002377017930277e-01
9.588951468749524754e-01
8.982078309274407202e-01
8.853701285319883763e-01
8.872811116422959499e-01
9.771099589971462551e-01
9.960359197265482578e-01
9.847456619952584811e-01
9.949833278272115500e-01
9.434028167414667543e-01
9.793033080997182172e-01
9.503164256164245982e-01
8.779896478933492121e-01
8.833440597697427288e-01
1.009752951172098845e+00
1.002454755740141978e+00
1.027191012495368039e+00
9.844646242275857384e-01
9.668157458778231517e-01
1.007506978499491890e+00
8.451858684297559599e-01
9.466921096199774066e-01
7.660396338184364273e-01
1.016610896938016761e+00
9.485815651225427692e-01
9.706334224610912997e-01
