-1.054550748701186036e+00
-9.734507469103540478e-01
-1.019328182479723122e+00
-1.054274606275595660e+00
-1.068426826780696892e+00
-9.798406968779906911e-01
-1.223915650717869008e+00
-9.851509335474412099e-01
-1.065021257434070723e+00
-9.711737904483288553e-01
-1.030160556312482045e+00
-9.899962218433958627e-01
-1.037944250581416261e+00
-9.275160402770356027e-01
-1.139922502414110861e+00
-9.737253137115582380e-01
-9.277605909897852499e-01
-9.746731746576079436e-01
-8.701947480937166635e-01
-1.078965539629150205e+00
-1.140655026785086568e+00
-9.639998582246116499e-01
-9.311365068368722131e-01
-1.072335554148218240e+00
-8.664342506482594075e-01
-9.407765589107351945e-01
-9.728560264387223766e-01
-1.042773307376964942e+00
-7.899913323961572642e-01
-8.841863561786116321e-01
-9.811983904377148402e-01
-9.456280285464818691e-01
-9.024208179403723218e-01
-1.040479468021177523e+00
-9.634346525186825438e-01
-9.471016136944566677e-01
-9.932522832546614167e-01
-8.880083804699627770e-01
-7.949596570199041201e-01
-8.126452428608316181e-01
-9.667874907814675289e-01
-9.939436731657235180e-01
-7.949240705616571478e-01
-8.150424689569104597e-01
-7.881521555479140684e-01
-8.875851031134257552e-01
-1.038834929720033440e+00
-9.114180221967173035e-01
-8.517076310098122827e-01
-8.762560632809147654e-01
-9.440265577551643084e-01
-1.019473492553103267e+00
-7.679752557854749861e-01
-1.022662021605501792e+00
-8.842632036932748241e-01
-9.040874866176653590e-01
-9.521675424375958263e-01
-8.400424280458487214e-01
-7.678653116037229553e-01
-8.544641405815648350e-01
-8.978610646214405522e-01
-8.419918822271608150e-01
-9.116352042203290651e-01
-8.651732035444666957e-01
-8.841128336359598272e-01
-9.338569612049409940e-01
-8.951277035972849960e-01
-9.666816606689138114e-01
-7.858119093359496876e-01
-9.383005674957402009e-01
-8.956122299334535741e-01
-8.505517132398957569e-01
-8.492931949642072986e-01
-8.868216029040779658e-01
-8.186395440385111355e-01
-9.397864707954126651e-01
-8.281037468710635840e-01
-8.663978844416896363e-01
-8.554133404375289240e-01
-8.706804355021813269e-01
-6.957826469141887848e-01
-9.986622712414944258e-01
-7.359577960434970922e-01
-8.744170792732516295e-01
-8.159098616488393851e-01
-8.583520175556951237e-01
-8.061501903069066000e-01
-9.204393555188068454e-01
-6.866052390922756654e-01
-8.584171900359311991e-01
-6.094565020259882226e-01
-6.764468390557697441e-01
-8.954088120777160542e-01
-9.183881118376029384e-01
-8.477949329657247235e-01
-7.355958561423219244e-01
-8.272895928088008777e-01
-8.418734523511998136e-01
-9.006180990029252209e-01
-7.142352151197474130e-01
-8.839501197972683411e-01
-8.397771985831686825e-01
-8.629320605168961933e-01
-7.890657258077278247e-01
-7.991180017434935667e-01
-6.698531201594769557e-01
-1.028697701010624410e+00
-8.881646042183642953e-01
-7.006231705587353531e-01
-7.787463246975336872e-01
-8.476183815745643724e-01
-6.441618477421813260e-01
-6.868398954556802494e-01
-7.811321465446716683e-01
-7.922015622733534768e-01
-8.283016370370516190e-01
-7.609557845500276585e-01
-7.693265521899682602e-01
-8.483986694273009110e-01
-6.340722492960547685e-01
-7.037667963752125555e-01
-7.526250223494931335e-01
-7.810864394360520491e-01
-7.178558102611439784e-01
-6.085918585878742348e-01
-6.676142084721419234e-01
-7.299332931822813952e-01
-6.527631293593015860e-01
-8.335074834664244481e-01
-6.806082853756858508e-01
-7.440967958601131249e-01
-6.847512616382618322e-01
-6.613034459206975635e-01
-8.282351738945342712e-01
-6.581892134726324839e-01
-7.946389353623551921e-01
-5.986395379550458751e-01
-6.198285772331084686e-01
-5.330134114563915837e-01
-8.176620591938106308e-01
-8.442694005159462334e-01
-7.753351524170205566e-01
-7.187742076116468981e-01
-6.833884895172301910e-01
-6.894833827436134266e-01
-6.002587611644515375e-01
-7.628279562533629710e-01
-7.726040289465756494e-01
-7.289957233516636270e-01
-6.323417769475461192e-01
-7.750912082667347214e-01
-7.548838257048391398e-01
-6.961639196953581799e-01
-5.899698077310320254e-01
-7.201425764698442533e-01
-5.852160023897658991e-01
-5.157817010388257017e-01
-6.663019297365014859e-01
-7.007922342950821948e-01
-6.893451753203481136e-01
-6.922374450852197825e-01
-7.382259083557324297e-01
-7.245116203823579459e-01
-7.571427620039087314e-01
-6.561788115507560804e-01
-6.505669448057920246e-01
-6.809801766444719684e-01
-6.950274448055322463e-01
-6.496894831069234266e-01
-7.642346570915456994e-01
-6.859982685960365201e-01
-5.672691627855896979e-01
-6.895362066954965341e-01
-5.538513744733373212e-01
-6.808079319142404939e-01
-5.980604000501799078e-01
-6.312743457796514690e-01
-6.504898458223156155e-01
-7.849748148069241038e-01
-5.818722501540500858e-01
-7.194066399377702092e-01
-5.288072984812539623e-01
-6.051436504964862184e-01
-4.831718523527034348e-01
-5.208745721000612727e-01
-7.594675334528869781e-01
-5.750099449981487254e-01
-6.539304145822544267e-01
-6.245361223795266037e-01
-5.325672420041897004e-01
-5.753415268728991894e-01
-5.382426350892193234e-01
-4.969550651858457013e-01
-7.038257077749617840e-01
-5.500799193468043358e-01
-4.173889644578215874e-01
-5.203703623586585225e-01
-6.109630932249573432e-01
-5.080718831672342839e-01
-5.014000110308648450e-01
-5.463433654161045094e-01
-7.377183823049230371e-01
-6.047897230584268202e-01
-6.844308051218552791e-01
-5.828704038297538581e-01
-5.634794114362845496e-01
-5.917925257431084773e-01
-3.710236591689463626e-01
-4.871586979813327112e-01
-6.671233140938335193e-01
-6.474823125599192819e-01
-6.167682236921002703e-01
-5.787519929866294932e-01
-5.871372585688000578e-01
-7.877796971690731453e-01
-6.477947052203374412e-01
-5.535671351269980667e-01
-6.904827389165889562e-01
-6.589112973499120507e-01
-5.832572086755116736e-01
-5.513714099138399272e-01
-4.089051085831430510e-01
-6.161870458320499733e-01
-4.906733252140160761e-01
-5.948460612739222553e-01
-5.740405854167660582e-01
-5.957059577651035998e-01
-5.324139463847942233e-01
-4.762736335601596704e-01
-4.851605861289078336e-01
-5.373827601148469801e-01
-5.858062063377899031e-01
-6.361858576367417362e-01
-5.628797885274703372e-01
-5.503541745470958979e-01
-5.108014476420104089e-01
-4.054079254024968715e-01
-5.557654188378952087e-01
-5.507457741385786143e-01
-6.032832975329522895e-01
-5.561131510583323667e-01
-5.667708438954059957e-01
-4.341826355848062424e-01
-5.772449981037991451e-01
-4.185780034645080749e-01
-5.055744455298151196e-01
-4.056717184615848404e-01
-5.371858756827010417e-01
-3.700994960795263022e-01
-5.306308371307407734e-01
-5.616726541784207161e-01
-4.723932181934729635e-01
-2.790501787830867997e-01
-4.665638767316086510e-01
-4.548130980070780871e-01
-5.533173143865026677e-01
-4.667697917280531072e-01
-5.219206407035779094e-01
-4.912974564126230126e-01
-4.898997427412549732e-01
-4.126357510189206934e-01
-2.863684730305535719e-01
-5.202250227936516813e-01
-5.382895687368518534e-01
-4.034086640053272110e-01
-3.712084340721900078e-01
-6.857152950022897819e-01
-3.145472199348350872e-01
-4.505847747937928860e-01
-4.084318522962843145e-01
-4.862160866093300227e-01
-3.936670175668471883e-01
-4.029756316297362084e-01
-3.649137354627654539e-01
-4.249462343695293853e-01
-4.798941827457495757e-01
-6.253527189846338485e-01
-4.167148375633169533e-01
-3.989829507720233370e-01
-3.138154702256586437e-01
-3.154927051665018523e-01
-6.086607073679051183e-01
-2.510450458009552133e-01
-3.882485190403473507e-01
-3.841247141707617718e-01
-3.978000409372762780e-01
-4.714492972780054969e-01
-2.221009881919985551e-01
-4.967766035743895192e-01
-3.281975361985680073e-01
-6.563465368644192388e-01
-5.280552454877708302e-01
-5.065478312725176790e-01
-3.728536836583422054e-01
-4.168776865998791714e-01
-4.243739783273726696e-01
-4.077673132508516374e-01
-4.282950549178069499e-01
-4.479334262306126080e-01
-4.265609325393792672e-01
-2.991252772494317758e-01
-4.342613229955066267e-01
-3.927781636579291691e-01
-4.365698252731841089e-01
-6.345889594867845096e-01
-3.842727892112373089e-01
-3.739241660993413152e-01
-4.633337400399446526e-01
-2.429467353184406875e-01
-3.303010497499901388e-01
-4.180078342001357639e-01
-3.014332864469180251e-01
-3.455474054740177992e-01
-3.783559709393282122e-01
-2.950843827386380180e-01
-2.935897033317118043e-01
-3.782103005712666999e-01
-3.856088869603988001e-01
-2.223453869396193883e-01
-3.683303412517306974e-01
-3.410971479245445415e-01
-3.324230500904916674e-01
-4.017555296543452448e-01
-3.771565580232943971e-01
-4.261287933703095665e-01
-5.095724685033037327e-01
-3.854000941523439971e-01
-3.661855533974133214e-01
-3.406050434251036707e-01
-3.375806720357486523e-01
-4.001195726072540593e-01
-3.817505541722674978e-01
-3.170773213801567070e-01
-4.163204460628521231e-01
-2.317710491085904767e-01
-3.475329630904974154e-01
-3.635459983250612925e-01
-3.470541803371670619e-01
-3.541983109794815676e-01
-3.335310350200881291e-01
-2.389053703015782959e-01
-2.530702301286040790e-01
-2.784551200098355772e-01
-4.492918882786291479e-01
-2.707015081613388663e-01
-1.739516742441347130e-01
-3.433132600525953815e-01
-4.435583387077782214e-01
-3.741093936957924360e-01
-3.067834616608619003e-01
-2.917844971880638738e-01
-2.887643446668629599e-01
-2.173605893866651928e-01
-1.660474133252148321e-01
-3.653099160186391581e-01
-2.286168885910395132e-01
-3.130478816213152493e-01
-1.985783174346232305e-01
-3.012532249892940217e-01
-4.058727040352117510e-01
-3.387678562280349581e-01
-1.598520346226349476e-01
-9.927207503977722447e-02
-3.796405790275831360e-01
-4.155790243855960187e-01
-3.532953002320942115e-01
-3.705045896198084776e-01
-2.643021110506295068e-01
-2.590512887023478372e-01
-2.171944816550544499e-01
-2.168170020147068833e-01
-2.774833262554416979e-01
-2.942856188597116063e-01
-3.014310142602126194e-02
-3.208374131853466427e-01
-2.215458343527007545e-01
-2.587002289683069112e-01
-1.701514355275247359e-01
-3.123541731296109458e-01
-3.466453741828079971e-01
-1.053316323434554391e-01
-2.999632852445563991e-01
-3.587477190725377740e-01
-4.462049972828682765e-01
-3.206361424710335584e-01
-2.748081635624242125e-01
-2.291303344688749022e-01
-1.662340010931823708e-01
-2.491457018210504470e-01
-2.455336113676508947e-01
-1.787526991776205998e-01
-2.490781930408052514e-01
-2.295019139957594767e-01
-1.482048807259796208e-01
-1.111655912918387001e-01
-5.040524032630964990e-02
-1.731069181115795774e-01
-1.607180553087843022e-01
-3.306385092802227588e-02
-1.809673653303247309e-01
-1.114913435251923129e-01
-2.304067759408477967e-01
-1.857855817577011015e-01
-1.813278002962686042e-01
-3.231425869251101646e-01
-3.066293748071502456e-01
-2.298349852927175987e-02
-1.791382035071074907e-01
-2.279683709495551325e-01
-1.609004381676165940e-01
-1.012728917980602189e-01
-5.740587259093250100e-02
-3.084594759076105253e-01
-1.300316560660192411e-01
-1.200079525531293489e-01
-1.799450575481246484e-01
-2.754231978011174586e-01
-7.610019829182264328e-02
-3.222291273207538720e-01
-1.884245180446351142e-01
-2.359076489797264364e-01
-3.468897512110643427e-02
-1.551883282181684143e-01
-1.939727730859783505e-01
-1.437511067163513290e-01
-2.442821652203402416e-01
-1.046331629008796227e-01
-1.269832988212867275e-01
-1.303548507911194698e-01
-1.497544204896431863e-01
-1.527748095661721761e-01
-9.846236905292632055e-03
-3.598799003768771154e-02
-2.101552114178292519e-01
-4.298367361977409838e-03
-1.496671065059023698e-01
-1.325846232181511486e-01
-1.715297341422698518e-01
-1.503347761853404685e-01
-1.181506530866336807e-01
-1.357808283897410373e-01
-1.132962809709329582e-01
-5.530938519090061734e-02
-6.960707776764268884e-02
-1.907092035799488605e-01
-2.939669910169077083e-01
1.823991989379713033e-02
-1.847797374720419883e-01
-1.022231225183053011e-01
-1.349207185562174838e-01
-4.536661841667638528e-02
-2.420826536840245489e-03
-2.205424244393290045e-01
-8.829681954777650332e-02
-7.874240916285672742e-02
8.978009233943423997e-03
-2.631916929686866635e-01
-1.415280614284532557e-01
-7.898852078001476762e-02
-1.152959275803045192e-01
-1.138233192352772344e-01
9.325832023758367714e-03
-2.258253871036165067e-02
-1.211277691920854965e-01
-1.768421424964714272e-01
-1.062567079389318270e-01
-1.260798091861663750e-01
-5.856553148446159290e-02
-1.184976799526924196e-01
1.517923223243294699e-02
-8.590922119807369028e-02
-8.408705023696412539e-02
-5.140125065116957215e-02
-4.984875987789689350e-02
-6.232010965978666134e-02
-5.443080758521823964e-02
-2.071449435818332463e-01
5.081800945078080584e-02
6.626281456115780399e-02
2.306843719330364199e-03
3.238308707130023445e-02
5.048119956933991292e-02
-1.966925639360491557e-02
-8.688603998789144744e-02
-1.935125662526923640e-01
5.476162911435780711e-02
-1.369258684341255472e-02
-9.838413597236828415e-03
-4.061683927612524253e-02
6.960490239989230998e-02
-3.318343965109901011e-02
-3.744626469918616030e-02
-3.793836166382700409e-02
-8.476956532055221483e-02
-7.300979620216420732e-03
-1.776578298082999718e-01
-1.182822491146123950e-01
7.173308161446885489e-02
-1.133049213745864793e-02
1.851840575985237158e-01
-3.508099057983309066e-02
5.650434197663516123e-02
5.406527509506694334e-02
2.425983987086067009e-02
1.290978305365181045e-01
8.084933668660268524e-02
-5.194129925645865967e-03
4.833368593488923670e-02
1.243481646732857993e-01
-5.903474392423390532e-02
3.929653273626666776e-02
-5.545789320730218352e-02
3.705263165021165095e-02
5.574719773758558122e-02
7.147497511185447322e-03
-1.785351226133627053e-02
8.557302393880143743e-02
-1.013792837479264575e-01
-3.049381159219604395e-03
-8.559927175838489763e-03
8.674890903077130122e-02
1.054198198625356658e-01
1.667388433106047618e-01
2.951413756531287222e-02
-3.427215261698168119e-02
7.552703507452786236e-02
-2.416746262646165405e-02
2.065353515058732103e-01
7.380229385802818121e-02
1.839705604543874773e-01
5.968702723604138449e-02
-7.292848519231813487e-02
1.100067430744394508e-03
6.242443147299231443e-02
1.504746595960715638e-01
1.113968326851444424e-01
7.324172189778370423e-03
1.420652733810209012e-01
1.133851134987351461e-01
1.478028942708012605e-01
6.607710034490804629e-02
1.458157197714128883e-01
6.644193026081984810e-02
1.147331091454811131e-01
-5.535555111224352287e-02
1.767505245152307947e-01
-8.971409031061766681e-02
6.890727402193774775e-02
2.286367967910523380e-01
1.241659935100221102e-01
1.236686234062852330e-01
1.493246279963806877e-01
6.816199042483735149e-02
1.199656807608259768e-02
2.227440395887811952e-01
2.155113302885232687e-02
5.422966260355022161e-02
2.804251485703537217e-01
1.053035884320854126e-01
9.471977244578300148e-02
1.069937250584917926e-01
1.823754034666076884e-01
6.050374078396598965e-02
1.587170690051463162e-01
1.503404598914466761e-01
2.178783550791905110e-01
4.376713934410653151e-02
1.127848989009776481e-01
1.799867124075952285e-01
1.168154012457220114e-01
1.422143948475560749e-01
1.162409827182677297e-01
2.139300657407470496e-01
-1.892234984590871263e-02
5.368043091851987941e-02
6.353450135891272610e-02
5.655179899557861295e-02
2.483070298487262129e-01
2.533331466639804908e-01
2.876667534537600407e-02
2.277273971993326596e-01
1.225940121665002047e-01
3.668355828055432089e-02
1.193854539313890344e-02
2.194165077874110081e-01
2.296525372805595377e-01
2.873374836264664944e-01
3.430538527173317837e-02
3.928584750216138066e-02
1.782553426089733273e-01
1.587016427716088640e-01
1.692803647896168051e-01
2.553706835259136887e-01
1.172336213252596765e-01
1.553624794700812495e-01
1.478893974572205450e-01
2.360128300793661316e-01
2.379026509575895842e-01
2.233477772040434184e-01
2.272989395033335747e-01
2.637008423387549594e-01
1.228583731425678255e-01
1.633012659077544837e-01
1.959812950285132749e-01
1.782696127253508567e-01
2.769213936204698023e-01
1.959100720618552893e-01
2.572790520996873775e-01
2.906070331931357442e-01
2.919138875440753789e-01
3.276851492895731521e-01
2.029719644074909346e-01
3.325700907555284580e-02
1.658437097980715313e-01
2.320209084437040159e-01
2.500207548058465679e-01
1.171036212358509826e-01
4.488707090987953396e-01
2.469660188617099073e-01
2.194221818089175380e-01
1.994546771589816858e-01
2.314000568063334373e-01
3.172245807918442351e-01
2.978722291181347681e-01
1.901433135160904564e-01
2.970464893800865980e-01
3.251770306238196961e-01
3.262112285605178186e-01
2.133805975261380827e-01
1.336130974833596718e-01
1.595896032553843769e-01
4.099546196066898296e-01
3.192459406901491104e-01
2.773153879528139631e-01
4.005746613680760126e-01
3.756244235590491254e-01
2.482085387334465876e-01
2.984903131179109104e-01
3.570313147882328009e-01
2.444804496705045571e-01
2.783846647533516627e-01
2.007316896470683065e-01
3.072374356518374761e-01
3.272148902571377915e-01
2.714738291141624571e-01
3.143560195434035309e-01
2.557874703971531605e-01
2.941890639631355442e-01
2.394097354942260891e-01
2.014351431722546659e-01
2.385941886263472367e-01
2.086251233030148033e-01
2.202476015376091667e-01
2.620387502391068324e-01
3.350491924049341375e-01
3.653228961450920020e-01
2.172067834626296989e-01
3.928552362351370175e-01
3.989189000351267556e-01
1.578729862966943009e-01
3.571330401596355397e-01
4.896158860332483487e-01
3.467150581832517675e-01
4.462263378087982790e-01
3.858488994886765111e-01
3.591285304073094653e-01
1.936492646270439322e-01
3.643721811609132999e-01
3.112800725438603644e-01
3.751733001335810225e-01
3.388868808606230743e-01
1.972517627318939037e-01
2.271756758595125381e-01
4.574632330086855769e-01
3.014080562754200554e-01
4.136978805266344761e-01
3.046106464328260932e-01
3.066929095275932049e-01
2.497289952521988821e-01
4.303640941669834574e-01
4.385466036097562803e-01
3.755126351643446325e-01
3.916413533301214556e-01
1.595184583096762587e-01
3.610442807853899150e-01
4.706704324903708270e-01
3.365888954639554842e-01
3.797950708488732063e-01
3.623811729589880293e-01
4.882786576332202033e-01
4.224998767964621149e-01
3.986386982282370539e-01
3.832963622464848341e-01
4.434651225253812279e-01
2.982930895860241849e-01
2.597793705324571989e-01
3.122050586453692933e-01
4.978989988909328090e-01
4.809311865118941487e-01
3.107572248669294157e-01
4.255279107727023002e-01
4.644597348113601587e-01
4.392615187225291096e-01
5.114688748930261708e-01
4.543043032628168998e-01
4.229227295805523812e-01
4.483678781480561759e-01
3.957951248792677679e-01
3.485004352771852720e-01
5.791540882965743320e-01
3.737422223951148981e-01
3.621649966784454278e-01
3.215428824689726683e-01
4.846000917671623998e-01
3.266207499501276312e-01
4.928609488284342866e-01
5.221369905174196857e-01
4.835268854131726801e-01
4.985922424832671118e-01
5.535760126960185268e-01
4.009177798792520342e-01
3.793135286372545378e-01
4.825200244337496946e-01
5.577544408061546610e-01
3.495502166020438284e-01
3.195857728344103643e-01
4.457113007423469386e-01
4.452462590884381788e-01
5.005411332041962424e-01
3.786547745061119574e-01
4.460189400248955605e-01
6.049824459394319565e-01
3.584902934583691358e-01
4.448741555905959544e-01
4.495270990731975447e-01
5.555588720142119463e-01
4.709165063476161706e-01
3.719544994294309848e-01
4.300948057455248330e-01
4.750340432360612986e-01
4.738566738274242462e-01
4.788098399124954829e-01
4.675647941111576444e-01
4.892669684615993386e-01
4.802243225366592538e-01
2.852790279448521038e-01
3.454153766594412200e-01
5.519879568987778873e-01
5.499843962877111192e-01
5.385465508257685219e-01
4.075585986478355571e-01
5.331556662989606066e-01
4.968538847030768424e-01
4.519222223724576049e-01
5.854286622111571914e-01
5.853288040450733698e-01
5.492432916986381697e-01
4.744359046570005289e-01
5.310005647164107723e-01
6.152881067899429457e-01
4.894084946707032424e-01
4.939785496185847280e-01
6.924423933290793087e-01
4.350038433168477159e-01
5.068251929639102649e-01
7.087311844493020541e-01
4.897073492461505584e-01
6.156005626873777281e-01
4.654150736258608756e-01
5.219576918591463111e-01
5.177172093715491918e-01
6.252931100931186092e-01
4.449494832027383051e-01
5.202355381403621637e-01
6.882738876780406523e-01
5.271485447195793927e-01
5.722607345340054996e-01
4.552951048691367686e-01
4.592819098040292203e-01
6.414005818776656875e-01
5.927718230279933609e-01
5.965969360509276731e-01
5.807655377946033814e-01
6.537348637129017925e-01
5.631225726431265954e-01
4.619040926057969010e-01
4.647167831274217620e-01
4.423495631479521517e-01
6.312463187929050479e-01
5.745035238136804168e-01
6.676293306319384113e-01
5.130094454932027093e-01
5.049363850556661815e-01
4.644645352742352573e-01
5.180509624336371299e-01
4.368717498371765262e-01
5.462463725726321995e-01
6.023379774890725846e-01
6.151236568049178732e-01
6.561729324734102420e-01
6.121386491849166722e-01
6.467335253288969410e-01
7.157397279834813997e-01
5.535480666208801859e-01
4.120326110451746349e-01
6.079355743673444668e-01
5.942569224553799767e-01
4.743138372443616579e-01
6.155198000369839217e-01
7.556434765194173231e-01
4.964139513088424160e-01
6.226670835233315549e-01
5.453008557221036279e-01
6.911107375793541507e-01
5.079427527019525490e-01
5.683619519720343183e-01
7.783472476872597134e-01
5.469645928150803638e-01
5.659523116677585008e-01
6.807179098827895736e-01
6.052807834178576263e-01
7.024578554276275089e-01
8.043581518514305584e-01
6.500119073578771722e-01
6.267851747906231230e-01
6.861825581785547801e-01
5.273023384817783210e-01
8.454509837534307515e-01
6.901058652810269090e-01
6.213958766853010518e-01
5.875698531142051761e-01
6.457708076700876543e-01
5.355751928761985914e-01
7.880366309513094913e-01
6.073357363432799749e-01
6.674819306295993737e-01
5.390122471533040915e-01
6.270021394984326424e-01
7.180041454934024125e-01
5.945035804417750924e-01
6.639199365269399244e-01
7.211811249366367749e-01
7.045029590407824172e-01
7.555979304341923219e-01
4.830750893724237716e-01
6.551375250833789687e-01
4.760121243919908096e-01
6.081866012446346392e-01
6.672344600999221553e-01
6.216574602947203543e-01
7.261301101253382351e-01
7.413149211071694555e-01
7.642213118456681054e-01
8.007542262018414458e-01
8.372799092898267626e-01
6.517785957115810325e-01
6.808235384879345320e-01
7.741254553375820358e-01
6.137750297534532162e-01
6.157638510831403567e-01
8.513391486453901758e-01
7.266152474926250715e-01
8.035678555099364795e-01
6.497358396742761721e-01
8.298209857392024880e-01
7.210785021927851313e-01
8.551155552246529901e-01
6.169957666673429042e-01
7.605902914057481867e-01
6.904110425630740622e-01
9.257635804688559844e-01
7.584595229096221525e-01
8.532808368782693886e-01
6.829021986640393393e-01
8.844403026033105242e-01
7.675225464255847063e-01
7.355223349819274281e-01
7.155933547914750115e-01
6.920115697891943141e-01
6.241943118452657480e-01
6.551277951039766734e-01
7.389812620614580885e-01
9.392194840156168345e-01
6.730169994025692048e-01
8.122647541681398131e-01
8.160563412839411113e-01
7.074697033330944462e-01
8.644033043634158364e-01
7.817371200369739315e-01
8.590935270133689405e-01
6.748887565039495273e-01
7.037383257529533642e-01
7.668689101143930653e-01
7.591220327137787605e-01
8.453727364274217226e-01
7.259105694305282297e-01
7.958183010296693283e-01
8.394608601441205797e-01
7.153738842926065100e-01
8.603858125026744297e-01
7.816948488045251109e-01
8.034092227290788868e-01
7.461574963228201351e-01
7.398710340939953500e-01
7.220647728767259910e-01
8.597842563236404168e-01
7.349906012562023028e-01
7.908168336903603768e-01
9.458689640789267328e-01
7.812144207336992885e-01
8.180781870472112471e-01
7.466032574272198907e-01
9.007871866698111685e-01
7.102956946800890181e-01
7.842764321035866626e-01
6.677477555538803289e-01
7.992269848324994319e-01
6.692480987238310641e-01
8.103841150118281655e-01
7.408999304809948949e-01
7.466013846440434643e-01
8.096919046435013811e-01
7.904424692192048019e-01
8.115859529854649868e-01
8.945270001182195063e-01
7.513500420826764170e-01
8.499423750409644818e-01
8.409463272301223036e-01
7.436542993106664001e-01
8.665586342121494035e-01
7.351026280223577070e-01
8.890677477580072319e-01
8.552414443705527169e-01
8.229471544807637207e-01
9.156108596442396053e-01
8.077596456972611083e-01
9.680916647226419647e-01
1.003172874875563947e+00
8.734247039059265250e-01
7.983541751809988263e-01
9.272877534833654511e-01
9.331343420980310333e-01
9.163006647954949901e-01
8.981182510524495788e-01
8.928149339988847855e-01
8.524423507700868985e-01
9.887065086510339329e-01
9.286266878818369985e-01
8.196918997454173406e-01
8.016923778900064690e-01
1.077018983954106446e+00
9.713204957584233856e-01
1.082301805030856157e+00
9.615285995232253358e-01
9.816375309919789238e-01
8.745524418328767258e-01
9.871282055128122179e-01
9.704611276305457057e-01
8.658106495198697461e-01
9.812254337951772376e-01
9.275502610425021555e-01
1.030739350091385287e+00
9.156876866385808000e-01
9.714368528456824858e-01
8.145372257273663097e-01
8.555278055412123273e-01
9.371068831948030642e-01
9.289846165761562746e-01
8.721334690570259340e-01
9.777535980152622930e-01
9.478597939580155618e-01
1.004726155544080735e+00
1.106461671312521267e+00
9.364954994955062562e-01
7.711159630088358918e-01
8.031995184054143699e-01
1.005409348442658723e+00
9.228063356359622604e-01
1.099134415227065231e+00
1.037718351502977976e+00
8.545407114766350176e-01
9.593285444768026027e-01
8.876612253472940806e-01
9.920267365899267942e-01
1.070187994017753441e+00
9.731281033516256951e-01
8.983478795397685790e-01
1.015095289977165249e+00
8.358576227630754030e-01
9.351310023904491064e-01
9.454210674984196983e-01
1.056137722268532642e+00
9.516973391862897369e-01
9.448787669442094694e-01
9.544850360917055410e-01
1.101138417081351850e+00
1.046033480348379507e+00
1.072252152484049592e+00
9.652412757671950949e-01
1.090773441945988020e+00
