-1.010905764097749460e+00
-9.603718220244301662e-01
-1.177471200128478612e+00
-7.499123349338808753e-01
-8.331047446259356448e-01
-1.109673805358979859e+00
-1.095444710637727859e+00
-1.196043017345327808e+00
-1.106608617893586555e+00
-8.822404573628792601e-01
-9.963828052305319094e-01
-1.009944644035791317e+00
-8.783092294029901659e-01
-8.647466160425627546e-01
-1.113214173574981647e+00
-9.395691620208475037e-01
-9.690661529621483750e-01
-9.765496049102336817e-01
-1.093688651759964658e+00
-9.176604304298897619e-01
-9.027671216363356566e-01
-8.864509950551408002e-01
-1.035778448537767016e+00
-8.628788544426518881e-01
-1.067041655438020209e+00
-9.481178220019773617e-01
-8.777932844736473506e-01
-1.053427939002590019e+00
-9.500498667322508917e-01
-9.659840774024230914e-01
-1.014352529128539127e+00
-1.015847744959886390e+00
-7.905099870455871702e-01
-9.054343434132489099e-01
-8.535478472319336651e-01
-7.967769329068159490e-01
-8.067587927283800253e-01
-9.076369662693598572e-01
-8.124084443597517913e-01
-9.205549389241198810e-01
-9.118288695826060053e-01
-1.062487617332920076e+00
-9.120124374751169549e-01
-1.030449318620146659e+00
-9.594621932314595369e-01
-9.905913399518672113e-01
-1.037507708880180290e+00
-7.116682125652028512e-01
-8.754018955590809892e-01
-1.017799572348785375e+00
-9.934161949592739127e-01
-9.735158244573683950e-01
-7.857614873967077029e-01
-8.673356137457335358e-01
-9.789037717322482957e-01
-9.653767900453760209e-01
-9.451375920455618029e-01
-8.890478406868318473e-01
-8.638185535633620127e-01
-9.590575094872283435e-01
-8.078786852758863546e-01
-9.379985920373703490e-01
-8.660231830609237402e-01
-8.461367235717172086e-01
-8.626473077500047548e-01
-9.985252327601249478e-01
-7.002509953908798712e-01
-9.178345030717326436e-01
-9.869913211711449641e-01
-7.506175591294245164e-01
-8.588568232115294521e-01
-8.578306403037222472e-01
-7.236275339293763986e-01
-8.419982614714258684e-01
-7.443511190608871342e-01
-8.043992824267607311e-01
-9.141870148733204360e-01
-8.457118857724507111e-01
-8.832335732140159656e-01
-9.072111316773372458e-01
-9.297263455685678135e-01
-9.178353290308800538e-01
-8.268407410965267212e-01
-7.561982482495834823e-01
-8.134520404303163810e-01
-9.153386230740135909e-01
-8.267069356071367059e-01
-1.035746600121887573e+00
-8.655783605231275324e-01
-9.132746121878855261e-01
-9.437130255352534913e-01
-8.752285288220144066e-01
-7.906020696125525271e-01
-9.968403531228839931e-01
-7.449743360387447444e-01
-7.522386651244850064e-01
-9.292531179417721221e-01
-8.026315808596578005e-01
-7.208436034526698455e-01
-9.655684897634738695e-01
-8.056973902756452421e-01
-8.395715576758698839e-01
-8.123557204207249027e-01
-8.034727691560124008e-01
-8.537162228565849942e-01
-7.409887486234869591e-01
-7.488287068814958314e-01
-7.049780972110377686e-01
-8.865870091814809228e-01
-7.611363771490182728e-01
-7.890288125791929952e-01
-6.822503435730905563e-01
-6.944762238128314724e-01
-7.419934111580097635e-01
-7.940430320065093861e-01
-8.552669683453104632e-01
-8.105098213902515170e-01
-8.224423045346788141e-01
-8.352619679561992250e-01
-7.024944797284640163e-01
-7.109177892393724330e-01
-8.211647775018746653e-01
-6.677109244271143274e-01
-6.156234488562348783e-01
-6.892546490435426110e-01
-6.993850339850105069e-01
-7.382526172714543033e-01
-5.850380463950224375e-01
-6.667919987731478759e-01
-5.661390397558614396e-01
-7.189310951890587331e-01
-5.816005540726951750e-01
-6.529553392768037146e-01
-7.953668412444644398e-01
-6.977647913715996353e-01
-7.526934295043909984e-01
-7.152569928716049352e-01
-6.770678131557047452e-01
-6.993357345366016942e-01
-7.309665995996175170e-01
-6.692999652386336651e-01
-8.725438680998280905e-01
-7.755609569301783468e-01
-7.509307073064406257e-01
-6.931308830360758400e-01
-6.427665744108678192e-01
-6.452347625228729289e-01
-6.821165205116203056e-01
-7.484548729580574600e-01
-8.415067853903326345e-01
-7.424071498548227011e-01
-6.832130048677705902e-01
-6.500829902393082671e-01
-8.154688392356453930e-01
-6.450097811166274342e-01
-5.264466687816806711e-01
-6.839995974710100235e-01
-6.442860827889577147e-01
-5.191910415455514016e-01
-7.606553901529142792e-01
-6.095841560482024857e-01
-5.852309151622430150e-01
-5.351149674485025098e-01
-7.895012320130079253e-01
-6.966710643305735751e-01
-5.687761010353609148e-01
-6.664952122434438797e-01
-6.855494602559398798e-01
-6.872994227978853621e-01
-5.947158717077628554e-01
-5.523708430485549936e-01
-6.034806638709034887e-01
-7.676989051160528765e-01
-6.352794333209483835e-01
-6.935712409754725138e-01
-6.351163337175232959e-01
-5.249704981292053763e-01
-6.495101277307008258e-01
-7.105878094704602965e-01
-6.221777335596350156e-01
-6.405358389137871811e-01
-7.021427505836514982e-01
-6.427526444242758208e-01
-7.021405709088032188e-01
-4.242480042172309673e-01
-5.373194165850668780e-01
-5.555814559630388727e-01
-8.026967496603398811e-01
-7.473315401498229482e-01
-6.381197469344026540e-01
-6.414482687058560284e-01
-7.288845839396398407e-01
-5.408143171546643257e-01
-7.256194753623904647e-01
-5.541363847484739313e-01
-6.912423619915450956e-01
-5.798906382091884026e-01
-6.571820527927497713e-01
-7.336781628106722186e-01
-5.220215359876692052e-01
-6.560893345401233034e-01
-5.313811212172104836e-01
-5.401580609608246375e-01
-6.223865315389258690e-01
-5.722596512996517282e-01
-6.976623312043058744e-01
-6.570370720737029879e-01
-7.059003007683301023e-01
-5.800514787761509305e-01
-7.185184473051003939e-01
-6.179659141666269395e-01
-4.433966881128090787e-01
-6.936302233448138344e-01
-5.489027760663773847e-01
-6.422419058671111625e-01
-3.970500679797880905e-01
-6.749647693706068985e-01
-6.014011680710865670e-01
-5.315522821413394272e-01
-6.440008265132022292e-01
-5.912105447889085541e-01
-5.133134324388902714e-01
-5.990729620637164077e-01
-5.745965249087121585e-01
-5.064677213797277311e-01
-4.778752834875520938e-01
-5.579499135125136622e-01
-5.747839351423751353e-01
-4.331004073913768959e-01
-5.728097028838634586e-01
-6.652489983415091901e-01
-3.710521910528983835e-01
-4.734558713647529227e-01
-7.161823525325609063e-01
-5.948538626640684779e-01
-5.786697037322068304e-01
-6.125245749544027118e-01
-5.326178228114261115e-01
-4.960776745807080612e-01
-4.236519172944374079e-01
-3.995329630473856142e-01
-3.122588404053395217e-01
-5.427758327368625846e-01
-4.603931483184918738e-01
-4.488543846352766598e-01
-5.417085269786950930e-01
-5.100183803328205423e-01
-4.481136775989034704e-01
-3.910531475112267730e-01
-6.305364562996018662e-01
-3.811579436432240842e-01
-4.692438168582895863e-01
-4.845436902461773832e-01
-4.916089451411893019e-01
-5.393637681727408983e-01
-5.703471680092602192e-01
-6.103331647721355058e-01
-4.646538793306627668e-01
-3.461215719140588454e-01
-5.253640582242412593e-01
-3.926658934820843605e-01
-3.843400366314511651e-01
-6.487077868926645063e-01
-3.910751020151707613e-01
-4.342470315639012091e-01
-3.950622857284803446e-01
-5.059560014566767405e-01
-4.516727296209722131e-01
-4.209257148126174797e-01
-4.990443546040642664e-01
-3.674951589360934689e-01
-4.379980541676330441e-01
-3.052350545204740029e-01
-5.336930652736774361e-01
-4.285088725469569648e-01
-4.071824626453993679e-01
-3.465758325949554464e-01
-4.664013500660176836e-01
-4.229393708297090604e-01
-4.322504099130560773e-01
-3.756419463213540588e-01
-4.303079051678609379e-01
-4.990786527842758225e-01
-4.295209012656155401e-01
-4.235291046779057211e-01
-3.819483545746373832e-01
-2.676482920668737386e-01
-3.050485899942088075e-01
-3.419511938160263442e-01
-4.542935447359875423e-01
-3.475495333778227391e-01
-4.307335630593138731e-01
-3.332828498203922463e-01
-5.468251542973524559e-01
-4.204782083060125131e-01
-3.776232473241944998e-01
-4.091641784425705253e-01
-2.343993549986033709e-01
-2.923882471026973406e-01
-4.774100631654209503e-01
-5.201207903333627813e-01
-3.021174795775106725e-01
-5.019680933634881326e-01
-4.732681053502722501e-01
-3.364575965370274480e-01
-4.198145164677466457e-01
-2.998926750053054757e-01
-4.164887992628860114e-01
-5.577754429536110337e-01
-3.587428858283692179e-01
-3.598162418352584546e-01
-3.246459886498334613e-01
-2.701431164993414180e-01
-3.340460309093755686e-01
-3.867553644153660652e-01
-4.021562121469438034e-01
-5.060504073980764961e-01
-3.356288198355804053e-01
-2.140755488782676574e-01
-4.197310801061038821e-01
-4.335729893202838747e-01
-2.396600332601798999e-01
-4.343426423017365812e-01
-3.849132495757967565e-01
-3.350762811304476840e-01
-5.994821263533893774e-01
-4.220978698019703379e-01
-3.392282580501114198e-01
-3.718032689154772141e-01
-2.506061852104705112e-01
-3.567657745346428655e-01
-2.865812745029902575e-01
-3.254886201159903902e-01
-3.819769371354723164e-01
-2.400501252349755421e-01
-2.046450814210337421e-01
-2.552920045369489604e-02
-5.262967427847300428e-01
-1.925742093141280253e-01
-3.272017314159168522e-01
-2.912708627009848450e-01
-2.199543166015771600e-01
-2.884525640092467924e-01
-3.791676554383305864e-01
-4.756180040019514221e-01
-4.064740921542046581e-01
-4.102730095089357487e-01
-3.877578186798851800e-01
-2.664215472305071497e-01
-3.032330394120694161e-01
-4.053242502531470004e-01
-2.805384915447351468e-01
-3.084523334872611988e-01
-2.495573481717538178e-01
-2.897756053398254927e-01
-2.194367852334430935e-01
-4.553056295992727320e-01
-1.759131361309857200e-01
-2.479636697921911159e-01
-3.417470957363232253e-01
-3.927505365442919283e-01
-3.137204317914569773e-01
-2.076051892737529603e-01
-4.923010308844756322e-01
-1.482168115870880487e-01
-1.820507313430551333e-01
-2.994143824654314431e-02
-3.338879838193622440e-01
-1.775553670670417250e-01
-2.883054115982677801e-01
-1.874437982678618386e-01
-3.228259700402195120e-01
-3.004462252226797192e-01
-2.171827204554249158e-01
-3.230789745732852158e-01
-3.432239645598889055e-01
-3.411319118553753360e-01
-1.469962206178508646e-01
-3.087748403366208372e-01
-2.217953264774827904e-01
-3.400965967345585539e-01
-3.163490199517739465e-01
-1.689136242102945717e-01
-2.555548137882202031e-01
-1.925983661672613645e-01
-2.626844112838178646e-01
-7.932968003846749272e-02
-2.725557430169159301e-01
-3.128242749447470716e-01
-1.196181098460235570e-01
-7.861463154272510523e-02
-4.031388106886842349e-01
-2.424108927660565127e-01
-3.931462283787411915e-01
-9.925041925845103086e-02
-1.967408481515672547e-01
-2.725595001071302037e-01
-2.350036817062893246e-01
-1.835337550123603279e-01
-1.661721803305912792e-01
-1.060757048700007033e-01
-2.834897705967501236e-01
-2.937078513279920977e-01
-2.208351196420834384e-01
-1.761302748138852958e-01
-2.037287455445070949e-01
-2.222470007091250366e-01
-2.659833641040120211e-01
-2.079188744235685726e-01
-2.132954526407910556e-01
-2.210168488131520337e-01
-1.905555145022746477e-01
-1.669003654916848267e-01
-2.261598830320149522e-01
-2.422211692853274145e-01
-1.287672603374123981e-01
-1.722507981082067319e-01
-2.863543267156160588e-01
-3.437645955619729743e-01
-2.553564711129708842e-01
-2.728380688156474276e-01
-1.132706420763637534e-01
-8.467654819016319501e-02
-2.950385254062915519e-01
-1.184748982792466210e-01
-1.598440950830488927e-01
-1.012807875191322343e-01
-1.139703534719390121e-01
-1.231750374468033177e-01
-1.093365169367257472e-01
-1.653344033884028841e-01
-2.686923977985042900e-01
-3.440141254796829640e-01
-2.215423514525792781e-01
-1.119077668558233901e-01
-2.286723703093551663e-01
-3.066524687480312594e-01
-2.706718982078042401e-01
-1.648398378746921966e-01
-2.161999820616926915e-01
-1.213200595214285332e-01
-1.341282454061314133e-01
-1.807584441933496877e-01
-1.847173797726665290e-01
-3.566706174722092393e-02
1.074037728610294506e-01
-1.616967951788008118e-01
-1.106482966876439350e-01
-1.520341161574557676e-01
-1.217376908467274060e-01
-2.778028375887302559e-01
-3.672260899844962539e-02
-2.402770439787214191e-02
-1.970924553712643801e-01
-1.866276768854580881e-01
-1.287728237601735992e-01
-6.975439592279346346e-02
-2.761984886412657131e-02
-3.398564121348888328e-02
-1.666760396365443986e-01
-1.041366858687983558e-02
5.327799166379823537e-02
-2.257105108211635847e-01
-4.682432843289773688e-02
-5.871353224155380357e-02
5.634372801042861895e-02
4.759007248842730964e-02
-7.065186231989946386e-02
-6.312747886669699271e-02
-9.808339055189374545e-02
-8.319691267721469278e-04
-7.078246813304843454e-02
-8.476070856124971742e-02
-4.737324127808507229e-02
-1.757808000192955800e-01
-8.722123424593403174e-02
-1.822105691674425279e-02
-1.685850416772679758e-02
-1.314432091533862257e-01
1.202741904587158010e-02
-1.468174303008906723e-01
1.610969994563101609e-02
-3.772723468968038757e-02
-1.001094218370254287e-02
7.039055259530990760e-02
3.475745885355967929e-02
-6.770321007200337526e-02
5.922298180035266701e-02
1.054483811513129837e-01
3.656340627852851938e-02
-4.116448244288563318e-02
2.051613891227634101e-02
1.005250863539921824e-01
-1.542345125494287983e-01
9.697283817062143929e-02
2.858786706267911482e-02
-6.932561597413464116e-02
-5.226820957091489472e-03
-1.260608198772032729e-01
-2.080611063473711622e-02
-1.156396574920295350e-01
-7.057020137497758971e-02
4.683653412359540386e-02
-6.956898211882280025e-02
-8.787347658792619975e-02
7.968518578148968759e-03
1.307329089441339187e-01
-1.072148960604514360e-02
1.843112743336531301e-01
9.888022778922510303e-02
-3.025815128110417081e-03
-4.533480154018128261e-02
8.137499219129874783e-02
-2.175860929799839499e-02
-2.970229556488002297e-05
-1.064156615320373811e-01
-3.393977896329437166e-02
-2.936483072096073704e-02
-2.593823525438288674e-02
2.298960799399098198e-01
-1.736753923324128868e-02
-1.119253607333922096e-01
1.071658756225888492e-02
2.820261872951295573e-02
4.359537422627789843e-02
7.146435389351507572e-02
-1.612826271894037683e-02
1.542443983326100831e-01
-4.535752537293834957e-02
1.244250811625730729e-01
8.024378824059286153e-02
1.075592984855300582e-01
5.451128283338133734e-02
2.269351756146151811e-01
2.170040110195566863e-01
-2.442105698990151147e-02
1.062134478255435388e-01
8.923760850466330719e-02
-4.992967103762910308e-02
9.653075364589956686e-02
1.725810493530724465e-01
1.129585059680186104e-01
6.587480324258429554e-02
1.717128288998810981e-01
1.816521166958944278e-01
2.182412076898394560e-01
1.521675810136051132e-01
1.615786153225280686e-01
1.242808308281764251e-01
8.862877064874723210e-02
1.218124938056066031e-01
2.106223682884879669e-02
-5.928063768634177222e-02
1.370601940361864668e-01
6.566816173211689756e-02
1.723119855394970590e-01
2.304915438180218656e-01
8.829347413613714002e-02
2.030450455493928719e-01
3.889199607094123018e-02
4.117155251891491119e-02
7.401132804782364905e-02
1.457717526672910324e-01
2.557685475154389265e-01
1.392682172798632712e-01
5.551228632493372672e-02
-3.821663433134136340e-02
1.374493157350924755e-01
1.130671868125286555e-01
1.504890677526045106e-01
-6.144972048905301965e-02
1.904484074481569145e-01
1.088648455476227545e-01
1.538859506438749192e-01
1.279159248876189647e-01
1.872157408923156297e-01
1.831492461452902676e-01
7.623140872213494956e-02
1.828822934912470166e-01
2.682581119738913222e-01
1.122786024506641639e-01
2.360188250522062547e-01
1.569010585351162113e-01
2.296823805919941397e-01
1.565223877264427244e-01
1.070325204720222884e-01
2.240195152703619019e-01
1.491540785209403419e-01
2.463467225977386543e-01
1.060084170788948288e-01
2.124062984163755385e-01
1.769817782391296390e-01
2.943183152855525231e-01
3.013489013806012751e-01
5.600590503763716588e-02
1.607125074239600659e-01
2.614015949680350004e-01
2.786102879871177884e-01
3.311484510883591081e-01
5.583932777411296927e-02
1.864339252961706439e-01
1.693366816657246865e-01
2.128284813671051656e-01
2.990575173310026091e-01
2.843133932134143116e-01
1.955212789994977829e-01
1.045242588448908883e-01
3.358134869231956809e-01
7.829827743375053495e-02
2.746178072944621684e-01
9.143405129358352090e-02
2.127355608541799947e-01
5.600255784544252297e-02
1.736121729742626518e-01
2.089836504554107854e-01
3.032766803332331840e-01
1.894056133753356519e-01
1.190665821622933496e-01
6.007352116568252798e-02
2.817388184986387989e-01
1.477881534093571925e-01
2.481371024863412711e-01
2.552013198440893360e-01
2.333613089323683942e-01
2.860984321966235089e-01
3.855693117794899427e-01
3.162112580301210674e-01
2.644324436604083561e-01
2.785677762183055295e-01
2.072339263080066329e-01
2.624950053636443958e-01
2.060428557090050738e-01
2.939416626997580217e-01
3.746276204424326961e-01
2.215698912547709454e-01
1.044202991680317077e-01
3.828923668144123549e-01
2.102152925808189743e-01
1.751778512681337330e-01
1.604805188075973388e-01
3.619941572526099716e-01
4.563365497332381726e-01
2.730834304537909651e-01
1.057228429411449094e-01
2.915897287926709214e-01
3.222032395477990585e-01
2.293441888214753921e-01
2.338177163405299464e-01
2.383706247298758574e-01
4.468617328352703644e-01
3.150788198660757211e-01
3.244834682854175756e-01
1.307966800880279723e-01
3.953618813693864364e-01
3.002358495609012690e-01
2.802864895338414430e-01
3.326924786531776923e-01
1.727105387359444411e-01
3.212025913080140960e-01
2.504867234652023988e-01
3.243823933357435907e-01
2.448439931825843463e-01
2.290843498105746834e-01
4.764884596331735445e-01
3.176134368897208238e-01
2.348783449665766965e-01
3.581891732480291246e-01
2.673679370198944194e-01
2.783821189276737273e-01
2.430328459160671362e-01
2.659933596523382238e-01
2.260585155424917059e-01
3.871093578753048159e-01
3.807162314343586207e-01
4.935595138485305844e-01
4.545344608401440389e-01
4.270204799835312648e-01
3.170872006209563554e-01
3.801117277495839608e-01
4.424089046429937611e-01
3.074108157420795129e-01
3.497645016776820825e-01
3.755962095486871100e-01
3.750772132297157668e-01
4.489301215056009653e-01
3.338858734916076432e-01
3.411129119472539051e-01
1.358299640471029579e-01
3.948719444573365878e-01
3.857353384056220746e-01
4.514136408792505106e-01
2.680926960438406170e-01
4.866613529339943733e-01
4.087386907204356712e-01
3.887036229998987458e-01
3.740331462204266044e-01
3.737784872563154615e-01
3.182077920233628565e-01
3.218040584439037510e-01
2.423052136351973307e-01
5.713267631168083005e-01
3.060898590268016362e-01
4.843051928252424809e-01
3.443213901395654752e-01
3.330776072263504362e-01
3.750271780606665439e-01
4.723075882672009840e-01
2.932037324349113239e-01
5.202608271933969464e-01
4.108394173606360611e-01
3.326684995636395303e-01
3.783466367853128287e-01
4.928040409904978492e-01
3.819128742353603556e-01
3.303035987341720880e-01
4.985793718489535120e-01
4.913690557157366356e-01
4.289154841255057860e-01
3.223024261241276833e-01
4.815152160825957317e-01
4.471685580155769779e-01
3.483580051064473770e-01
3.429592496599770390e-01
3.981585914015429162e-01
4.593269406073797190e-01
3.951564504488713214e-01
3.461948918810742182e-01
2.990670567728275220e-01
5.502301784145315899e-01
5.123577164135287854e-01
4.694827868441687757e-01
5.312912757950216669e-01
4.313757280714715092e-01
4.510630202040787906e-01
4.713529939029963423e-01
4.601325381900493450e-01
5.301025679935456036e-01
5.716182219760869154e-01
3.484955043431905430e-01
5.103232570705079629e-01
4.755586264679517172e-01
5.482158254928005681e-01
4.582696993638760707e-01
4.102628683634648166e-01
3.872758652181946815e-01
4.560537491854962933e-01
4.108702261290806401e-01
4.059632319002275391e-01
4.648032657301632287e-01
5.508287924487058618e-01
5.769576429819526231e-01
6.115563908990482300e-01
5.908314842516720899e-01
4.796844528617688064e-01
4.673586576508108048e-01
4.991053820088812709e-01
5.357493108354595135e-01
5.221767046340448637e-01
4.559615900891448304e-01
5.772895244731791609e-01
5.517297030352832365e-01
5.574483116139317129e-01
5.926710702060381530e-01
6.457007664857938867e-01
6.578810391364739996e-01
6.490558335874991869e-01
5.102357541314994638e-01
5.250718858948711931e-01
5.315899703378199614e-01
5.972842789152126297e-01
5.501078924742617282e-01
5.095610717861327466e-01
4.227644269654396436e-01
5.571138085716118571e-01
6.008053656664582576e-01
5.356812721955693801e-01
4.603624050091205677e-01
5.609558696246141896e-01
4.002147656562236033e-01
5.517808412701650234e-01
6.026971705173166383e-01
5.318713937535356484e-01
5.888857899987259836e-01
5.071581515743047719e-01
4.645040777436930113e-01
7.110108314001939434e-01
5.409371933776810915e-01
5.250129927458858647e-01
5.573504358959665561e-01
7.854885824441687481e-01
4.193196856427972574e-01
6.733222925059887398e-01
5.985561200221868328e-01
5.486907391124946631e-01
6.088197104763707346e-01
5.730975057915190796e-01
4.999497623128489887e-01
5.428973468031803584e-01
6.005709227626404578e-01
6.496842188553096920e-01
6.365913314800113465e-01
6.699765099470782470e-01
6.623799456579041456e-01
5.110368699316311103e-01
5.059634720773515948e-01
5.922983024987054090e-01
7.116547024625301532e-01
5.171365746328818735e-01
8.078965732279967948e-01
6.070963199059401516e-01
5.427351399100697193e-01
6.618292298722718847e-01
7.282335763958668329e-01
7.471748129412081330e-01
6.333422548510926342e-01
5.572332648514290998e-01
7.799045817845006168e-01
5.781855300677584131e-01
5.788674035643359694e-01
6.734702889931318825e-01
5.552470061444778615e-01
4.562581037739416590e-01
5.741397945779127543e-01
6.117066018576621245e-01
6.230128102754367569e-01
7.414041987916109022e-01
5.635835178687935709e-01
4.908548097159097789e-01
7.110427749853873713e-01
6.600782769709819808e-01
6.274023023025896428e-01
7.320760603320002335e-01
7.045612791495362570e-01
7.021893498214353269e-01
7.350470812778144847e-01
6.541206275202746667e-01
6.380687551531517565e-01
6.701229461317508296e-01
6.673960964840369714e-01
7.308412843705844875e-01
7.241258426490292388e-01
7.352990460527401018e-01
7.635534035973743361e-01
6.133258206971199389e-01
7.321375805690579774e-01
7.254637932766585529e-01
6.652552568328559124e-01
6.848688039060247812e-01
7.168226545301857877e-01
7.765110627637213936e-01
7.497441300982048418e-01
8.818857552316272663e-01
5.325105836178599672e-01
6.637935983095745174e-01
7.336040415962343797e-01
7.110658999951773307e-01
7.130446368224631071e-01
7.192895026225171184e-01
5.375721961548394212e-01
6.957045716571003124e-01
8.080842979651412517e-01
7.784372054010284536e-01
7.025861626464584564e-01
6.998417106650355324e-01
7.555555461076932655e-01
6.190798258364962336e-01
7.068757542935614202e-01
7.478358264594833216e-01
7.443648431598979265e-01
6.013831098935380481e-01
7.439479312650585374e-01
7.134904001311279664e-01
7.109525501184501550e-01
8.752424247901646748e-01
7.551371152998793690e-01
6.482482552929080821e-01
7.941364688619657608e-01
8.597237923822805827e-01
8.471179823426422395e-01
6.818536098862171269e-01
8.766342769299767523e-01
8.431155699066578135e-01
7.734307553652929323e-01
7.127307066449569684e-01
6.204562174352902248e-01
7.563043039018576552e-01
7.156217739171022441e-01
7.737857203184110855e-01
7.923619896726773471e-01
7.587441837259782940e-01
6.618534241728848411e-01
8.466802832829327663e-01
7.922611890955424396e-01
9.012180000968996740e-01
8.159003258989866447e-01
7.286514194280443446e-01
7.350596020360653515e-01
7.944373804293292096e-01
8.176184842080175263e-01
7.314027733075639803e-01
8.788673620887492710e-01
7.688209079042800376e-01
8.097374536799305522e-01
8.917387833803758213e-01
9.133139888765878789e-01
8.422167688109752914e-01
7.243195080021519461e-01
8.592931562733575612e-01
9.008917780178878898e-01
8.489007234770212795e-01
9.681983383311503211e-01
8.046297090290481790e-01
1.100450334843656508e+00
9.952393328928986760e-01
8.294985290153433777e-01
9.922145404855234885e-01
7.813187829344073743e-01
7.405481505485024263e-01
9.133259675188256654e-01
8.543510535986872378e-01
8.438460697391569898e-01
9.349133437075454189e-01
8.103547417610051928e-01
9.122041605759262373e-01
8.869618193925257188e-01
7.667494560930064873e-01
8.585256813654450481e-01
8.685675445369928083e-01
9.201007432005021691e-01
8.442048943764159930e-01
8.181386777986764391e-01
9.726816891556555600e-01
8.987468490297354506e-01
9.007837607703818028e-01
9.111953886323694851e-01
9.453603283674921753e-01
9.254540131349696663e-01
9.266727300170691795e-01
8.704159056961242591e-01
9.184211105916164630e-01
9.109042496122337074e-01
1.000636833710458529e+00
1.074732179489316763e+00
9.589445871465178683e-01
9.897104571108035209e-01
8.689163573691268683e-01
1.010048065929360472e+00
8.377504935093981198e-01
8.203789839372725989e-01
8.070382828956159660e-01
1.052019622586859215e+00
8.563521272578623611e-01
9.112279737177675365e-01
8.600872943167887641e-01
7.385981735971258733e-01
8.740250525746975363e-01
7.995421458233559209e-01
9.320321237807699388e-01
9.134176938328274487e-01
1.092657910523139986e+00
1.031051421836155724e+00
1.019361240302045779e+00
1.103583022148987736e+00
9.253361899573721017e-01
1.039062080648374797e+00
8.601128302564293726e-01
8.607557229993429981e-01
8.535910221941335196e-01
8.855100804782249924e-01
9.806357086828212388e-01
1.067453810960456551e+00
1.058411005915896208e+00
9.402262420456228842e-01
9.607708171567194144e-01
1.009782081013465227e+00
9.124260985173969773e-01
9.799023344509520950e-01
8.435242007440719725e-01
7.747952882793615048e-01
9.947000885153040040e-01
8.045985440516322251e-01
9.605944915835503695e-01
1.068962001073243684e+00
8.899474854185970285e-01
1.056481165167250991e+00
9.504093943744554851e-01
1.046324941408165232e+00
1.037528743824979616e+00
9.725558573497014025e-01
1.077594617271264932e+00
1.006645777510340567e+00
9.666943969596840658e-01
1.099352870070825716e+00
9.817888936724805671e-01
9.592120762380259569e-01
1.007636897338770821e+00
8.564595756184444353e-01
1.105573299263113096e+00
1.072660674810538284e+00
9.988310889028936268e-01
