-1.065966171791404404e+00
-9.749348495485636867e-01
-1.051258438383334326e+00
-1.062694111560407606e+00
-1.051143670476196723e+00
-9.829613187960960508e-01
-1.220327824319653365e+00
-9.874822699849398200e-01
-1.086650998812459301e+00
-9.692474635507087877e-01
-1.011724923497282713e+00
-9.987244478693226846e-01
-1.029543026971182496e+00
-9.406846377838872231e-01
-1.161134191016000683e+00
-9.970475222172916485e-01
-9.278498300343946958e-01
-9.707020341041479039e-01
-8.549267598708795157e-01
-1.046599731885716755e+00
-1.141908929428137709e+00
-9.685284256080287646e-01
-9.349224048032355183e-01
-1.051371784574969048e+00
-8.696957964238126726e-01
-9.262477677329357117e-01
-9.531873034913533882e-01
-1.033103836050240254e+00
-7.806608104010873683e-01
-8.953543038023911160e-01
-9.730111884603652728e-01
-9.472695340137569087e-01
-9.020184626894097724e-01
-1.040012339690932430e+00
-9.515911775580034870e-01
-9.447544917575915191e-01
-9.966107832166433145e-01
-9.249099776763098912e-01
-8.237646521005640432e-01
-8.154084950437924251e-01
-9.647287090210470151e-01
-9.737473439468129488e-01
-7.988800091520151803e-01
-8.201247699543989800e-01
-8.070208584447045030e-01
-8.721433293717965052e-01
-1.050729748643564054e+00
-9.176116042314675925e-01
-8.713335028543436334e-01
-8.717630118103625314e-01
-9.307579184468476319e-01
-9.981552839520179132e-01
-7.582199540073162325e-01
-1.016624170821744499e+00
-8.769732049831824305e-01
-9.055621958119843828e-01
-9.277535836336945341e-01
-8.042439357586362858e-01
-7.966248471721685265e-01
-8.475089822410738494e-01
-9.058952358268018701e-01
-8.330151062484434377e-01
-9.079071044497845078e-01
-8.695270083059107868e-01
-9.206467378841638460e-01
-9.431392025067502072e-01
-9.197415105959123593e-01
-9.495177963218819350e-01
-7.874514101222850337e-01
-9.299401640914075617e-01
-8.477059897469356731e-01
-8.357886415748512210e-01
-8.639294640458952124e-01
-8.693986835673057634e-01
-8.341509917059186652e-01
-9.270470062564436509e-01
-8.286287030390516728e-01
-8.703448256065544619e-01
-8.426962390348380350e-01
-8.710814455627139408e-01
-7.053699199665919295e-01
-9.975382327289487039e-01
-7.458532801260544520e-01
-8.699158485993351286e-01
-8.156303330054541778e-01
-8.314042135954611279e-01
-8.109884650185149590e-01
-9.250735637595285388e-01
-7.048798150437357579e-01
-8.877200584496601765e-01
-6.141968898566100288e-01
-6.695126878091005596e-01
-9.078602916977509540e-01
-9.236431855356599385e-01
-8.538226955299651477e-01
-7.402584257107145405e-01
-8.271787931548272299e-01
-8.350041765867751709e-01
-9.058880200096769419e-01
-6.879791614153258905e-01
-8.900748398391121752e-01
-8.605727673434532266e-01
-8.589346628473494283e-01
-7.949389567948988988e-01
-8.429255655468823605e-01
-6.639187813051037335e-01
-1.036379755156942029e+00
-8.760051338334591264e-01
-6.868518535056631347e-01
-7.716777995538794954e-01
-8.607442945155076020e-01
-6.663863439158100865e-01
-6.951556910816418799e-01
-7.677062775150379492e-01
-7.768024037182322816e-01
-8.369046686511983912e-01
-7.625522372617655753e-01
-7.522824117105586517e-01
-8.659181115052629885e-01
-6.507532216387242885e-01
-6.983499364700018752e-01
-7.531628035667519150e-01
-7.926482197254697271e-01
-7.166255129925540590e-01
-6.066890682184271633e-01
-6.720180993820092930e-01
-7.139935289503692717e-01
-6.364343337757996100e-01
-8.329351096562045420e-01
-6.834987459781066699e-01
-7.546458178738482125e-01
-6.884833023341874192e-01
-6.542143140278370295e-01
-8.185814477208543938e-01
-6.513601288368680020e-01
-7.973585484518951327e-01
-6.219966264239227272e-01
-6.240799153907078400e-01
-5.188678137307365379e-01
-8.279015147001022035e-01
-8.068644278517255186e-01
-7.773783991819116501e-01
-7.038326994837025286e-01
-7.051405669694399414e-01
-6.870498307003487515e-01
-6.190906489331560181e-01
-7.542132326217343419e-01
-7.430087721488319863e-01
-7.373967371798902937e-01
-6.144046593755955188e-01
-7.673100798456727878e-01
-7.532039927944924607e-01
-6.931123018822366033e-01
-5.890963651165300741e-01
-7.297254363265454069e-01
-5.787275989388315223e-01
-5.166732486362825005e-01
-6.609477455967630588e-01
-6.943964705077309008e-01
-6.816830388422364662e-01
-6.908086282478800300e-01
-7.379374296750983442e-01
-7.361390081763208304e-01
-7.413037397704659304e-01
-6.510698267803037842e-01
-6.351155420993128686e-01
-6.425387512684888058e-01
-6.778579795765603544e-01
-6.351043845528221432e-01
-7.489405189828642895e-01
-6.807207645843630361e-01
-5.499064087445164617e-01
-7.075785179808274927e-01
-5.638069280710723552e-01
-6.927998590339845553e-01
-5.991526020431781063e-01
-6.449462302463134789e-01
-6.489144208417735316e-01
-7.889493533458475927e-01
-5.908661086082610536e-01
-7.233917953174311410e-01
-5.169412274973080867e-01
-6.133672196766365436e-01
-4.888742777010050000e-01
-5.090021068707932805e-01
-7.524174849490066208e-01
-5.733211663507600253e-01
-6.710108836271961863e-01
-6.354870742134741679e-01
-5.589713851763026264e-01
-5.794881570854389929e-01
-5.306488722420452664e-01
-5.029713650105424039e-01
-7.053056426653606659e-01
-5.411843577611545886e-01
-4.111483392861273733e-01
-5.374508541711334741e-01
-5.984023066729167173e-01
-4.858057390202207282e-01
-5.005094644493905953e-01
-5.620453704124724892e-01
-7.276761150325367078e-01
-6.223848790698136568e-01
-6.708056136614922726e-01
-5.855493937547157079e-01
-5.372138201385449063e-01
-5.732931066229620676e-01
-3.768534942524167652e-01
-4.929654998092477536e-01
-6.466924287025731521e-01
-6.609400803360311327e-01
-6.306617467929035437e-01
-5.735292160222772440e-01
-5.907222153689277722e-01
-7.855230080331522258e-01
-6.416973804547180249e-01
-5.623380306423099162e-01
-6.762987115168346275e-01
-6.485596332572901579e-01
-5.788321426154976468e-01
-5.462212624619252610e-01
-3.984460322914027408e-01
-6.204226512240414992e-01
-4.750194929377772879e-01
-6.231632444015678951e-01
-5.647569691807452497e-01
-5.918802835595857736e-01
-5.434052215185155577e-01
-4.599185567002623820e-01
-5.071229073628955586e-01
-5.286957185381141455e-01
-6.058076004043069229e-01
-6.247928050437115965e-01
-5.738318719219634989e-01
-5.380301607690513022e-01
-5.199884589262804280e-01
-3.782821533430429373e-01
-5.697493706121464774e-01
-5.261188868067199209e-01
-6.246508334920591876e-01
-5.443910325232456104e-01
-5.839115025933259151e-01
-4.125169673373489942e-01
-5.615258143297332527e-01
-4.263922663403622582e-01
-4.938063223419651981e-01
-3.881866133543493413e-01
-5.444452550079460496e-01
-3.707766499754187595e-01
-5.447485959687755619e-01
-5.675674826712225896e-01
-4.806476649076613650e-01
-2.990838089648095721e-01
-4.664030889243697686e-01
-4.603931779909420929e-01
-5.291808352740050569e-01
-4.675972720865345100e-01
-4.992866147766472085e-01
-5.103201731640196748e-01
-5.106835269291941648e-01
-4.294314178188841646e-01
-2.890843344332839071e-01
-5.366710286792996110e-01
-5.534160196423344447e-01
-3.955867733078732296e-01
-3.604504486556815990e-01
-6.553082913939333176e-01
-3.584227009599175728e-01
-4.832506985726718884e-01
-3.941167282454287046e-01
-4.921651138852396468e-01
-3.888325109509994659e-01
-3.807109430555233875e-01
-3.579885950480141688e-01
-4.311204770809332065e-01
-4.567685346258218426e-01
-6.327848310663739539e-01
-3.968877074098079993e-01
-3.986682310590577427e-01
-3.527962777974146258e-01
-3.422697503329427682e-01
-5.996808988669651841e-01
-2.464274724712908482e-01
-3.540963158304470948e-01
-4.120724340161775467e-01
-4.018150410029281971e-01
-4.879008689899725915e-01
-2.185388289483279067e-01
-5.045197894272746009e-01
-3.197623151775634831e-01
-6.582522137076654012e-01
-5.295741318628798266e-01
-5.141669763965328599e-01
-3.756068596036800100e-01
-4.356418201767053855e-01
-4.222422803807893699e-01
-4.152278544919261183e-01
-4.380378884721960464e-01
-4.825696448113534487e-01
-4.193895103495267063e-01
-2.941318645512456809e-01
-4.095489991823754727e-01
-3.841669273637570159e-01
-4.218713104305261141e-01
-6.223007710036237983e-01
-3.802222522330465648e-01
-3.729441277500724072e-01
-4.682911198904850525e-01
-2.552633575339393057e-01
-3.149841667041741178e-01
-4.168374985568589208e-01
-3.240591796569115002e-01
-3.664120070869124057e-01
-3.687847293682027794e-01
-3.184777774446302390e-01
-3.031579775172728031e-01
-3.696313319694732868e-01
-3.933433099370514663e-01
-2.249303268360189900e-01
-3.862478628196498454e-01
-3.318588896191814186e-01
-3.448219008227675353e-01
-4.016866202410618869e-01
-3.857596564379016657e-01
-4.474100239498621789e-01
-5.214706489686939950e-01
-3.634907354153625314e-01
-3.572162658065045626e-01
-3.237682961665203640e-01
-3.506121640817694840e-01
-4.231660033197012227e-01
-3.868395836499138318e-01
-3.196930395642740286e-01
-4.033945172101801591e-01
-2.543213194396624077e-01
-3.468447286529924289e-01
-3.426352013619459735e-01
-3.571323987379147469e-01
-3.847478017632782188e-01
-3.200050735095936738e-01
-2.484417795367626081e-01
-2.568385811894361992e-01
-2.640381082987363071e-01
-4.544499883064831991e-01
-2.808087794531282100e-01
-1.855709193646364608e-01
-3.454272431363503704e-01
-4.361338848824615755e-01
-4.069662754677027539e-01
-3.076694477101448166e-01
-2.966759075730277528e-01
-2.936024062211826102e-01
-2.098845231568303715e-01
-1.454889554853881772e-01
-3.613813311634810899e-01
-2.444129711686410522e-01
-3.185736324408102171e-01
-2.221399075015173807e-01
-2.902412074102433959e-01
-4.237186522271684241e-01
-3.428731966694256172e-01
-1.527342813175637803e-01
-9.598774958782067823e-02
-3.764507250949181705e-01
-4.155958914113498381e-01
-3.464545420181395774e-01
-3.737334330053919684e-01
-2.762663652700023120e-01
-2.652184863091325284e-01
-1.935996485576523540e-01
-1.974689033905079882e-01
-2.653572646618613806e-01
-2.969202277540751722e-01
-6.627083910708816972e-02
-3.173011094877523086e-01
-2.280796940179102283e-01
-2.707916106068532502e-01
-1.820571676452875376e-01
-2.975355493836501219e-01
-3.384714582790357418e-01
-8.932145479376629726e-02
-3.196745566034249753e-01
-3.683281497059843757e-01
-4.552058630957019347e-01
-3.277696382573193068e-01
-2.703442770734585943e-01
-2.343759189257120790e-01
-1.724586454690638093e-01
-2.803454192348321938e-01
-2.790507746178640391e-01
-2.007551178307924178e-01
-2.379475328137340973e-01
-2.310910201396695618e-01
-1.394353793688632992e-01
-1.201443558883677487e-01
-5.794909260010148999e-02
-1.882254397192928974e-01
-1.866202567418922820e-01
-2.793367207729267193e-02
-1.748043218675446875e-01
-1.119604390348651890e-01
-2.330606674942841960e-01
-1.870203820232283765e-01
-2.249326349758728194e-01
-3.198556825342038779e-01
-2.897761601392185304e-01
-1.354447634811727259e-02
-1.647587389826133120e-01
-2.358728581180881134e-01
-1.406206542046591901e-01
-9.881612813934312345e-02
-6.970046213112672528e-02
-3.002750702697284391e-01
-1.354577842618821526e-01
-1.282033253491782765e-01
-1.903326141160284202e-01
-2.634790176628991065e-01
-7.998914704051789115e-02
-3.338332948634938346e-01
-2.236668473209157681e-01
-2.240125884248304611e-01
-3.450972225144263716e-02
-1.546801978285938517e-01
-2.009387615656463844e-01
-1.413229888880616070e-01
-2.269447175093814717e-01
-8.968424713330394593e-02
-1.399925901766757297e-01
-1.194752926823150346e-01
-1.711083782949994747e-01
-1.491017060925103610e-01
-1.035057581785420698e-02
-7.005472020079485385e-02
-1.894863630348277983e-01
-7.636493659797417496e-03
-1.414980711038978656e-01
-1.363346955713065634e-01
-1.698181042519477102e-01
-1.381182958797660398e-01
-1.170909592159920243e-01
-1.316276312707106988e-01
-1.425714445054911961e-01
-5.580964624212274294e-02
-6.334224243950109523e-02
-1.814394381543195378e-01
-3.160071992654702733e-01
-7.342799468823980186e-04
-1.593546082179765622e-01
-7.487119372789353966e-02
-1.527439530798362088e-01
-7.029582103144293992e-02
1.089565738881198391e-02
-2.261410047603783502e-01
-8.950350523813843662e-02
-8.847028260788725174e-02
-1.657869162703666521e-02
-2.766455025064029627e-01
-1.322011219646249958e-01
-7.740359101349696125e-02
-1.275171253627595536e-01
-1.166921852274840354e-01
2.484339535611783389e-02
-4.219836610695800599e-02
-1.219037162418491332e-01
-1.926774676805810826e-01
-9.178691286999353383e-02
-1.108830950198115284e-01
-6.847310019669648751e-02
-1.160643616687454388e-01
1.918502502234417650e-02
-8.978367553531137191e-02
-9.923123114827667179e-02
-4.274658405393445826e-02
-4.219367963798114490e-02
-8.207381889530014629e-02
-6.851399521761580846e-02
-2.073463269529691733e-01
6.246294445484077557e-02
4.938979030259572911e-02
-2.475116212417933712e-02
3.745959216391051699e-02
5.912960043763129669e-02
-1.277750532151375462e-02
-9.407334472699255268e-02
-1.947809855360454756e-01
6.801019022714224760e-02
-2.188156364480224256e-02
-1.203911694830580963e-02
-6.599042593349739583e-02
7.242151602032111113e-02
-4.875395726206396829e-02
-1.890603372485847450e-02
-1.370580859749467514e-02
-1.049254826413123926e-01
-8.479053908062004347e-03
-1.556059561671814251e-01
-9.896039343700699376e-02
7.294865200655310800e-02
-2.023074496002074882e-02
1.840121099249297509e-01
-2.085501388864739042e-02
4.226397833985854474e-02
6.005167425753254323e-02
4.167897173972104352e-02
1.491621860800090849e-01
1.028472615997486767e-01
-2.755324063310166105e-03
3.514793996467972109e-02
1.418823247455308356e-01
-8.340413607938589047e-02
2.638033577885968636e-02
-8.030469104656036416e-02
6.146957731154987364e-02
7.057448594185143642e-02
5.544129945490481985e-03
1.156301516304445408e-02
7.414431912888339027e-02
-7.240362996542192009e-02
-9.383499749074144733e-03
-2.540781906908934698e-02
7.734842845724392013e-02
1.172923446224665017e-01
1.724441688323938293e-01
3.746736440558283421e-02
-5.606781487322127361e-02
8.033093916690514646e-02
-1.333435981395392385e-02
2.249507246595321974e-01
6.149717626486977257e-02
2.245978327870474245e-01
6.754417533330749068e-02
-4.744667880242778996e-02
1.256134410843008122e-02
8.871570235349379718e-02
1.371268222744581877e-01
9.529967707814886169e-02
1.625984770477078081e-02
1.235165725866935599e-01
1.153226562694005392e-01
1.558233746434703471e-01
4.859250499485565089e-02
1.495462948426816430e-01
8.445624686815543514e-02
1.284515646147900980e-01
-2.965636572221883732e-02
1.705724063520553668e-01
-8.148942254535979091e-02
5.428791156887775166e-02
2.091990822379170556e-01
9.804584215028122607e-02
1.163762147162970551e-01
1.396234908059483248e-01
7.476399018688573150e-02
-1.644210007662407283e-03
2.378009129708562874e-01
-3.038339210476739913e-03
6.071888931197409744e-02
2.948804521292229253e-01
9.519603816382539441e-02
9.468399188904520758e-02
1.248098555756210204e-01
1.694134855072716439e-01
6.898967518667488419e-02
1.355385705162132914e-01
1.376794456001885492e-01
2.235212911602125208e-01
5.704585000151832230e-02
1.190807058606654367e-01
1.828589437852705391e-01
1.044302941400543361e-01
1.363093900830448513e-01
1.140870061735208135e-01
1.893121996360002945e-01
-3.617183422912446239e-02
6.006067517040299120e-02
4.594982562653924379e-02
9.498117438062361750e-02
2.616694029851062697e-01
2.774018707568200459e-01
2.992270623831287321e-02
2.202043631997424866e-01
1.356592645195356661e-01
3.989248553381936901e-02
6.080428890036687281e-03
2.174354491926728805e-01
2.375179382901797531e-01
2.887486397017933193e-01
5.706161271504826132e-02
4.583496284267335463e-02
1.678846588273948948e-01
1.657140928602539864e-01
1.709852328500666152e-01
2.437214820578040841e-01
1.239065511204212877e-01
1.684682294544875558e-01
1.588430927193289488e-01
2.515294222008696012e-01
2.565295164412504936e-01
2.087013021985341110e-01
2.022208965507751588e-01
2.463658890344885277e-01
1.215759432054738104e-01
1.761738051915009706e-01
1.828888602909145844e-01
1.792892650261467824e-01
2.678699722946562001e-01
1.781655932236683448e-01
2.703477354333404525e-01
3.006015444536068171e-01
2.790002872863576178e-01
3.372294048079439999e-01
1.967193128773102873e-01
4.568395321610844301e-02
1.478640620474062917e-01
2.299682829031335918e-01
2.567294115789381936e-01
9.840532923628089734e-02
4.430038281839299708e-01
2.399779386079448629e-01
2.144292566524568233e-01
2.309001535290388651e-01
2.055687971844085971e-01
3.144108956276127631e-01
2.967934051965619990e-01
1.799479744199963260e-01
2.881166630943494122e-01
3.361395352637113199e-01
3.115801461301173636e-01
2.144838654416966195e-01
1.325672378411595076e-01
1.880152354420263350e-01
3.716467363850611272e-01
2.980135431738564766e-01
2.781820381542040588e-01
4.107248786812336405e-01
3.804325284258655571e-01
2.623357684018246538e-01
3.068843526074909178e-01
3.560202121480499082e-01
2.568786518010673925e-01
2.626723738491006932e-01
2.137376480146482849e-01
3.102625246510525847e-01
3.465116637778885567e-01
2.580053437497603630e-01
2.854765424935196694e-01
2.412168454269178475e-01
3.081004169082693367e-01
2.473677468250999045e-01
2.174691593283908375e-01
2.451369930725862123e-01
1.988880386389828558e-01
2.331066041752566653e-01
2.561900221727574922e-01
3.466047967823699394e-01
3.522357591426063528e-01
1.913827371640236252e-01
3.916720145719555513e-01
4.023307883104038640e-01
1.776581580165169649e-01
3.619536025339989971e-01
4.738694135307883193e-01
3.355950835613635830e-01
4.510187633687107733e-01
3.785856890516717810e-01
3.650997589233088148e-01
1.888158204763814574e-01
3.386459125245938617e-01
3.115684636695174592e-01
4.040041431095518498e-01
3.243791163758339979e-01
1.932590985800283767e-01
2.174787732956336428e-01
4.386933204972885414e-01
3.175685708162980236e-01
3.851958282341285678e-01
3.314509500096108341e-01
3.219068187692802896e-01
2.653279604131099645e-01
4.485425918005735424e-01
4.523838944588458588e-01
3.696713968009194828e-01
3.995077365490061205e-01
1.687425584837980164e-01
3.631334915134727392e-01
4.571516257494692703e-01
3.268059006156175950e-01
3.702942155487317089e-01
3.794955179881435714e-01
4.720392581069611238e-01
4.135231501465900239e-01
3.931943520305272166e-01
3.822754388553209481e-01
4.520098506548732575e-01
2.876551045911493465e-01
2.521535806298649818e-01
3.124991581074516023e-01
4.887091707133693896e-01
4.560402785020668537e-01
3.058566496954641112e-01
4.182908262260580656e-01
4.726182926502247028e-01
4.385022373607362911e-01
5.460755521917813882e-01
4.197228492280746792e-01
4.217552053739678231e-01
4.612744679469035769e-01
3.979221932148176988e-01
3.547608114738680096e-01
5.853328765408571943e-01
4.070001222658758966e-01
3.782606032573655463e-01
3.172933627029160819e-01
4.865692116229883291e-01
3.290825040484933184e-01
5.199070109035840437e-01
5.012286030651200708e-01
5.072794723053778432e-01
5.075388200910682102e-01
5.812359124614734363e-01
4.019800754969595769e-01
3.646691297833641321e-01
5.055259902251059145e-01
5.740343291069072151e-01
3.530934577609998737e-01
3.149355519012722038e-01
4.257867931669425676e-01
4.227558055919752866e-01
5.007724784057371314e-01
3.767206594353795235e-01
4.305198265527100943e-01
5.876364025619157383e-01
3.576437507209583866e-01
4.587575827198526746e-01
4.375095208284712212e-01
5.579197266581606973e-01
4.730517594188561881e-01
3.660674346994520767e-01
4.227308862439922432e-01
4.776697558991276349e-01
4.838747231046257036e-01
4.626809675330349481e-01
4.760384429807538176e-01
5.190714039581351136e-01
4.898270504922428437e-01
2.855355591655346914e-01
3.188015851495241693e-01
5.577138879484743184e-01
5.444422541476332533e-01
5.214303147982279896e-01
4.059803758588829137e-01
5.376531471900088954e-01
5.171510178046897499e-01
4.209383351520323835e-01
5.690462580508562906e-01
5.948149643404356812e-01
5.521181185675204661e-01
4.702867200302221495e-01
5.650917575754466071e-01
6.423581125114031787e-01
4.690130343690088188e-01
4.841180396311565715e-01
6.653948946490346739e-01
4.587616785953484433e-01
5.218281432283774501e-01
7.138922572207390127e-01
4.729679488898128059e-01
6.262944061229929194e-01
4.739964726946055973e-01
5.137629707071016405e-01
5.146732967864401376e-01
6.479462966952982406e-01
4.489983579597632835e-01
5.201188257297021389e-01
6.928639019529676535e-01
5.355437307783358358e-01
5.640216688924971633e-01
4.503925385715482621e-01
4.741058177385563677e-01
6.406893809471815304e-01
6.002572903069585131e-01
6.077457782229724881e-01
5.805908865362781057e-01
6.362371005647281530e-01
5.671307785179701133e-01
4.474316256457153140e-01
4.555175254055626732e-01
4.499770514195097215e-01
6.280484341559697814e-01
5.837362861575647877e-01
6.532937629216930553e-01
5.210304911140030137e-01
4.948602513102756673e-01
4.484585111821657866e-01
5.273718405797445108e-01
4.436819044087821351e-01
5.492970528593500434e-01
6.052121826171027452e-01
6.310876850996762766e-01
6.633874944769222459e-01
6.255054647095360520e-01
6.501701724201669474e-01
7.284170188977426852e-01
5.564435454626692756e-01
4.401454621573137604e-01
6.191633915458023552e-01
6.079325627645121299e-01
4.731409114721850662e-01
6.011579674738470880e-01
7.755864394364783143e-01
4.964443814760977070e-01
6.416406330259638580e-01
5.764511513349794836e-01
6.940943291990682162e-01
5.289598844024047120e-01
5.782814006046927968e-01
7.949490495475355356e-01
5.507909956647761840e-01
5.517426243410503695e-01
6.843358249484033928e-01
6.160765926933968739e-01
7.109776050251763735e-01
8.110633700598458562e-01
6.234245543718038851e-01
6.035198514001364201e-01
6.807724045185057360e-01
5.231048039074686073e-01
8.499882175743820323e-01
6.827862496771651690e-01
6.131722352674084942e-01
6.075878698825364355e-01
6.541565538412046354e-01
5.314138717483923857e-01
8.089594061437653805e-01
6.140440365330642747e-01
6.826210253182388721e-01
5.483238426314975822e-01
6.225202786572400226e-01
7.363259003802885561e-01
6.122533720973267757e-01
6.519781478157932186e-01
7.391611879553408038e-01
6.921201373822221115e-01
7.821094820919645141e-01
4.668882378525900378e-01
6.363961760658949363e-01
4.747909174893317208e-01
6.023593392505132149e-01
6.742924721754267603e-01
6.118172969758901569e-01
7.034218983950893955e-01
7.719013601265448665e-01
7.572443661193408726e-01
8.148159341154094237e-01
8.173824191437309983e-01
6.692379964072051601e-01
6.640021096633964559e-01
7.389131601819961537e-01
6.197213199278007734e-01
6.202968121403654722e-01
7.883210516421202962e-01
7.294535542251910920e-01
8.175010914044325006e-01
6.306186515127859549e-01
8.569428472114041240e-01
7.278318132064098833e-01
8.566783391263743663e-01
6.100098897358953165e-01
7.661319003126872973e-01
6.915051396682541096e-01
8.928364592444285597e-01
7.580854209923131304e-01
8.432549399508466603e-01
6.727435128903016537e-01
9.082351840366774676e-01
7.572335005158449261e-01
7.221713825627927852e-01
7.463442458480675779e-01
6.772100412499280075e-01
6.318752577608407472e-01
6.423727575409169388e-01
7.437619423062965529e-01
9.438721150818885075e-01
6.900053456848620481e-01
8.024161083544579798e-01
8.266186288503121204e-01
7.155458867805197798e-01
8.831644185564448968e-01
7.877305189534299368e-01
8.386301246837474244e-01
6.765945343011717794e-01
7.325327643400674216e-01
7.407478156802945746e-01
7.724926312705091558e-01
8.426187998678558166e-01
7.332902737823074890e-01
7.898559618667551074e-01
8.501143394139709653e-01
7.017391892964115474e-01
8.638448254418465977e-01
7.740836214864108555e-01
7.989061688843077658e-01
7.471314646243258917e-01
7.130410687257295876e-01
7.110312812911199210e-01
8.542429368123196642e-01
7.140448828137211379e-01
7.845422226844637192e-01
9.238192655792569763e-01
7.910518960999087801e-01
8.056764098397812823e-01
7.386901542690226252e-01
8.907445433286856895e-01
7.183671174077058685e-01
7.987836286243826800e-01
6.830976693918476839e-01
7.856334504695807741e-01
6.766776728289772835e-01
8.160430184005541543e-01
7.449051872362408844e-01
7.470425888882112897e-01
8.198494051981621844e-01
7.766061787844792397e-01
8.072142244246626186e-01
8.986673872154266052e-01
7.503198647381844610e-01
8.535712855344496086e-01
8.228263737798771071e-01
7.312484646316256276e-01
8.751817692585807107e-01
7.544930196148034174e-01
8.885931089450123110e-01
8.785519515996608186e-01
8.128250315587235431e-01
9.143285159459456635e-01
8.074096469798078823e-01
9.462947941915073047e-01
9.931907233492158760e-01
8.720860918209974999e-01
8.228405174112043419e-01
9.306187327518595787e-01
9.080393035462037687e-01
9.147524632466375039e-01
9.023215719490926823e-01
8.655447817706829472e-01
8.521024150394660435e-01
9.994237339378019280e-01
8.971273061212493571e-01
8.394446431317208468e-01
8.045144742938696858e-01
1.057613277767610382e+00
9.676141316303589202e-01
1.087411669342963849e+00
9.658297300892637605e-01
9.912777202004635635e-01
8.760345311002716295e-01
1.003617441582627112e+00
9.707329667703936682e-01
8.637068426036139668e-01
9.789627126564830473e-01
9.142295274053311438e-01
1.009477681438855079e+00
9.137336035757860353e-01
1.000022222693642826e+00
8.298931996171686754e-01
8.644081578913510588e-01
9.159722746089777878e-01
9.322178742739227753e-01
8.897113830667997547e-01
9.755867919114864506e-01
9.362187590437042184e-01
1.016025599159866566e+00
1.117928859224355476e+00
9.154949087102332017e-01
7.678993402018896575e-01
7.997442345147630638e-01
1.001970576289769932e+00
9.130787354338893991e-01
1.096307519389855045e+00
1.019996310906581272e+00
8.578215039962558963e-01
9.571309915535736179e-01
8.781342392639452932e-01
9.784472883988816205e-01
1.066064133917933976e+00
9.677121322954790328e-01
9.058489935156207595e-01
1.032143571625459000e+00
8.052572426575171916e-01
9.393969070411579692e-01
9.568869145260713305e-01
1.059561034673685231e+00
9.334423508356682886e-01
9.383115987187308216e-01
9.537482791266490567e-01
1.111423644405174826e+00
1.043360506535890408e+00
1.083840340272212766e+00
9.658721678120787413e-01
1.068950003055045395e+00
