-8.599796977429876588e-01
-1.114785156440389446e+00
-9.546026120641190049e-01
-1.025105842315275684e+00
-9.567760735391668270e-01
-9.922138222075762570e-01
-9.286610406840208887e-01
-9.845343524419458703e-01
-9.460446528890942286e-01
-1.008862237078261614e+00
-9.765675485910019216e-01
-9.632842202955619326e-01
-9.981332242474296734e-01
-7.230451916806794888e-01
-9.017742498244377680e-01
-7.326765301177584622e-01
-1.044241572902094850e+00
-9.714583186480104660e-01
-1.018327587816927560e+00
-1.107314477309773393e+00
-8.910037996303394880e-01
-1.021764697596271310e+00
-1.024087667144331748e+00
-8.205425876453870115e-01
-9.400070204878377966e-01
-8.949224910234943042e-01
-9.127424329237241452e-01
-8.939274337343093846e-01
-9.913771528139098121e-01
-1.050399550275306737e+00
-1.009241425466506969e+00
-9.606766526927476013e-01
-9.573058339513712545e-01
-9.987324099244802023e-01
-8.843177379758045964e-01
-8.762856424398486332e-01
-9.115436158735814587e-01
-9.819256867183677739e-01
-8.757115338748536759e-01
-9.594058843015474958e-01
-9.732642150764693190e-01
-8.831530908406222125e-01
-8.617754368178770497e-01
-9.294971682483645914e-01
-7.115812788573585568e-01
-8.628993861894136419e-01
-8.767751662200640173e-01
-8.916765731830266217e-01
-8.687361009753675756e-01
-7.724160566633740954e-01
-8.807132000952186957e-01
-9.207191320419350067e-01
-1.000491630422705835e+00
-8.872684616422078507e-01
-1.025742690051203443e+00
-9.746426291952567933e-01
-1.089849674658914580e+00
-9.307530127309842083e-01
-9.847754848028190677e-01
-8.472144396541301248e-01
-8.431553400081035488e-01
-9.691860784670589535e-01
-9.853704657319493077e-01
-8.432574832237078599e-01
-9.737466408205481816e-01
-8.073486948385883988e-01
-8.348456493098589393e-01
-8.602662147966212425e-01
-8.289070582975287538e-01
-9.520116448649013075e-01
-8.731808241435745632e-01
-6.841648500834391911e-01
-8.407598738945017969e-01
-7.881840288224430946e-01
-9.209281391345345291e-01
-8.503861407061298339e-01
-9.510634670924277279e-01
-8.615206660871467248e-01
-8.436768668128632465e-01
-8.260650339654634911e-01
-7.548493302834062835e-01
-8.204413858616561583e-01
-8.178439697886006332e-01
-8.217474483223320414e-01
-9.987834794999227439e-01
-9.561313272085156800e-01
-7.861006125491164509e-01
-7.939024658243586385e-01
-7.809999578866825276e-01
-9.211285910539913635e-01
-7.475782891437641187e-01
-9.012108297038324833e-01
-8.750929893353917022e-01
-7.446481968467243417e-01
-8.170248666106227908e-01
-7.806886508663595237e-01
-7.691360731184806454e-01
-7.406727277148036359e-01
-9.034236994405399068e-01
-8.571904409127324431e-01
-8.434675455165502322e-01
-7.516914689962614915e-01
-9.000565239533785400e-01
-6.997144078896755381e-01
-7.887652508235836191e-01
-7.140990992057540954e-01
-5.801504797712397909e-01
-7.963177629944609981e-01
-8.806001210419708292e-01
-6.841240942509606571e-01
-7.936690827381827074e-01
-8.151756761898035775e-01
-8.550915609743745538e-01
-8.588596778048973590e-01
-6.441898026908754460e-01
-7.374119567166370626e-01
-9.345226089082269150e-01
-6.903538932766549729e-01
-7.119097808037168074e-01
-9.030044416733028489e-01
-6.792741961813262286e-01
-1.008554234670718586e+00
-7.648843334422077422e-01
-7.749264741431194370e-01
-6.945021264108321990e-01
-8.573668975760762034e-01
-7.503479319741203080e-01
-7.799721020786734016e-01
-6.598960561132224401e-01
-7.407140634020951131e-01
-6.261068542473459120e-01
-6.795166546171104160e-01
-8.293855699753985844e-01
-8.141855149109673562e-01
-9.477368232312318730e-01
-7.312215269216690849e-01
-9.145718596738072748e-01
-7.050042841778997316e-01
-7.172223305574110253e-01
-4.609159455978400488e-01
-6.821773298559101750e-01
-7.192563259118540664e-01
-6.537153607676616796e-01
-8.334899531159727371e-01
-6.924707033480510532e-01
-6.539827992124892519e-01
-6.403803098368124891e-01
-7.256926484308819925e-01
-5.225711303182529743e-01
-8.157003643233067258e-01
-7.656271594220929178e-01
-5.370122090882163413e-01
-5.596072788336051707e-01
-7.522655301008700501e-01
-8.029330030203570834e-01
-7.063165213339804849e-01
-6.557225388509018149e-01
-6.116270068996829679e-01
-6.918041001925727684e-01
-6.208209067981619311e-01
-4.673170027328292231e-01
-6.544242643505426837e-01
-6.545549871934063235e-01
-6.893595852343415986e-01
-6.877129847054547218e-01
-7.195861971502283128e-01
-6.799710545813734131e-01
-6.090456401766812800e-01
-5.664762724428212826e-01
-6.988169168486739746e-01
-6.289360412872866402e-01
-5.995455892098963124e-01
-7.744395489555605527e-01
-6.588455208379326855e-01
-7.187307403177893850e-01
-5.882983424942679340e-01
-5.798149440300842672e-01
-5.900951429956777794e-01
-7.168429256128054927e-01
-7.599288385439879612e-01
-6.287818646177957271e-01
-7.439984460779104358e-01
-6.370869013194584429e-01
-5.386871391985241786e-01
-5.906304023759236799e-01
-5.386120953802608913e-01
-5.534247764859210328e-01
-6.458440788233631435e-01
-5.921915383580493852e-01
-4.787904406696059101e-01
-7.326128568392192841e-01
-6.593162127275610240e-01
-6.213154045293259875e-01
-6.098093844981115064e-01
-5.983493361042614422e-01
-5.391210765077054656e-01
-6.889379271361714130e-01
-3.981482963080823501e-01
-5.784824927275200590e-01
-6.140245276827169807e-01
-6.449309331493358055e-01
-6.870228630442790640e-01
-7.420190012336789209e-01
-5.585939340975812906e-01
-4.197026393329996719e-01
-6.569469848362061715e-01
-4.721612514004670524e-01
-6.325281353429363929e-01
-8.088881737288292628e-01
-5.035851289748174420e-01
-6.952615736849648842e-01
-5.749551900294439521e-01
-5.799470617485834589e-01
-5.022116284832603972e-01
-5.745163730544035063e-01
-5.349051771435000546e-01
-5.007025123217252460e-01
-4.867977160799933367e-01
-5.552617446007087620e-01
-5.062553968806584592e-01
-5.444467742330449944e-01
-5.413478089707182139e-01
-6.027459092635829574e-01
-5.695173668286931390e-01
-5.158042519226839762e-01
-3.732687134464262035e-01
-6.661547105521177237e-01
-2.986974480945520094e-01
-6.722181935918256634e-01
-4.649372428500440080e-01
-5.672204546434894690e-01
-4.999321214070013841e-01
-6.804329672221152148e-01
-5.010957196707046535e-01
-4.877139996876433403e-01
-4.918659615307689470e-01
-4.689413596030699294e-01
-6.591056480555860242e-01
-5.677030206578210780e-01
-6.159192838477949294e-01
-5.269400842474671887e-01
-5.511815530311753308e-01
-5.787457657075378847e-01
-4.367864148237146082e-01
-4.194658948684912847e-01
-4.895607531139878899e-01
-6.333446014233582444e-01
-4.747482171440486898e-01
-4.779193781590843071e-01
-5.573795257196777486e-01
-4.700067753223003963e-01
-4.035161303090768481e-01
-4.621557227930621625e-01
-4.925530758516978302e-01
-4.420600774212069539e-01
-3.927912507931624608e-01
-5.267751606543934484e-01
-4.389175308393871711e-01
-4.792469090475550697e-01
-6.034292117853796711e-01
-4.557655102290756322e-01
-5.502820554180462009e-01
-4.917090208983740385e-01
-5.784089104122995817e-01
-3.972071482926238795e-01
-4.420614194807167552e-01
-5.209248142207389964e-01
-3.499224799576501344e-01
-2.929921446720276657e-01
-3.750122022869490923e-01
-4.835158773456690318e-01
-4.960281976806665827e-01
-2.998262091640765958e-01
-3.926015215638468669e-01
-3.832532609091945930e-01
-4.427757894620751866e-01
-3.715407507352718741e-01
-4.529375685012019814e-01
-4.119686892400595823e-01
-5.806409926015327905e-01
-3.234226640278011766e-01
-3.667272960229718826e-01
-4.677012654514258738e-01
-3.391178827645516813e-01
-3.046925716156899666e-01
-4.422712477550113097e-01
-4.257771674681047891e-01
-3.012792530538287994e-01
-6.388818851364234108e-01
-4.376153698787206836e-01
-3.133753976888455361e-01
-2.892017726930782295e-01
-3.118496109103986447e-01
-4.422936707795643296e-01
-3.890628640286009077e-01
-4.009206762788268819e-01
-2.125218463408805880e-01
-4.356012426681655780e-01
-4.242695829009120456e-01
-3.984462958188157988e-01
-3.702019704983096626e-01
-3.187833337655845978e-01
-4.184485875057946669e-01
-4.595428068684418443e-01
-3.889990887852563528e-01
-3.352575518949576505e-01
-4.139332385193262298e-01
-2.664933603932247985e-01
-4.715447163372458173e-01
-4.519949289652567259e-01
-4.026583547036224342e-01
-3.419925543379637167e-01
-2.797232454749210007e-01
-5.192281786965575741e-01
-3.372904755100116780e-01
-3.314747609789104876e-01
-2.782303998237209419e-01
-3.784508839825757587e-01
-3.954614728577632299e-01
-3.699189811905271297e-01
-2.794970551070074527e-01
-3.506373633870583095e-01
-3.356773480391225251e-01
-2.047187525660227880e-01
-4.568438406584465761e-01
-4.683506994660919798e-01
-3.982234514690173310e-01
-3.585808866166554920e-01
-3.155710043414203247e-01
-4.166847564715832064e-01
-4.280565782988474677e-01
-2.117796405890543243e-01
-2.831462531646323777e-01
-3.944118119662081701e-01
-2.795208483874547234e-01
-5.049092150476237606e-01
-3.764611915423308197e-01
-4.477411511984888959e-01
-2.307544305984569333e-01
-2.292039247806451352e-01
-4.427359278918635010e-01
-3.759359451771666083e-01
-3.431934590352110903e-01
-5.318815900123715634e-01
-2.485568536478918455e-01
-3.430376750868375790e-01
-2.727530897012626632e-01
-3.137252425182594506e-01
-3.409450276184873840e-01
-2.860211171556834575e-01
-2.712058065855049716e-01
-3.913072951445448200e-01
-2.382399724127692575e-01
-1.559106672571981267e-01
-2.644727431327655864e-01
-2.686845993393513488e-01
-2.049013826318405451e-01
-3.570383840467867276e-01
-1.957107359929122214e-01
-2.953601086951161414e-01
-2.291309171431901437e-01
-2.257621248460882635e-01
-3.707263382241778871e-01
-2.286526412266787489e-01
-3.385090105261069349e-01
-3.782780354059346317e-01
-2.208289078168309549e-01
-2.677636722293718630e-01
-2.531080621093613203e-01
-3.084224769108349085e-01
-3.275970719188611158e-01
-3.080305451682872064e-01
-2.806462845865900224e-01
-2.847840180601025062e-01
-2.508445664701814959e-01
-1.779997351658957061e-01
-1.379358888296871866e-01
-2.415491420650055232e-01
-2.959398899120809778e-01
-3.487728193749951022e-01
-2.486587875584018448e-01
-2.056929318232904313e-01
-3.171950301128253352e-02
-2.831444363743847448e-01
-2.116187600178105199e-01
-3.051817922221406465e-01
-3.440868795743050046e-01
-2.100898419352088264e-01
-4.794726733467945951e-02
-1.869538226770944833e-01
-1.919603988286517349e-01
-1.736403939193414681e-01
-1.853047880610049769e-01
-1.527236335813324519e-01
-1.623615593528369982e-01
-1.670855325513306011e-01
-1.400660736075265700e-01
-2.780979440848811435e-01
-1.718669236692591251e-01
-2.175874703952059286e-01
-2.286967676651444625e-01
-2.624130794053598503e-01
-2.273351503589430278e-01
-2.570724192924898066e-01
1.754840253267755251e-02
-3.539014451188263188e-01
-2.626419479700101700e-01
-8.707377074760107305e-02
-8.038707902521310955e-02
-1.628893535803859483e-01
-2.023067307761541589e-01
-1.694041195409670686e-01
-2.122919329222479612e-01
-1.468531267238653570e-01
-7.888380607993128457e-02
-3.319237057965924165e-01
-5.345719188839657965e-02
-1.689584589049719365e-01
-1.841165562931177946e-01
-2.519876984738609327e-01
-1.076769468263397561e-01
-2.312919347067733389e-01
-1.225354727588174875e-01
-1.117437306120400015e-01
-2.610368175572129381e-03
-1.912488677349766242e-01
-1.648463913579823192e-01
-2.767249666943765174e-01
-1.321735224126756036e-01
-2.081358701574479164e-01
-2.178559527116455952e-01
-1.948449525094505530e-01
-1.644311706908409554e-01
-1.733389109845949738e-01
-1.087268325458624202e-01
-8.103571862664278591e-02
-1.416160497588730971e-01
-6.030128025956493082e-02
-9.275412121718508429e-02
-1.494700154954864968e-01
-1.105304815099072135e-01
-1.517684049153101566e-01
-2.752155334131388686e-01
-1.665555203521112415e-01
-1.466207688483749660e-01
-1.392198862464689157e-01
2.523523494889785140e-02
-1.315166980671267083e-01
-1.226077554256366914e-01
-2.124376813611426607e-01
-2.961123147776864931e-03
-3.209613703454187311e-02
-6.747206359358609573e-02
-3.168748027916259979e-02
-1.711054534702593777e-01
-2.855447201974765647e-01
-1.224847099724123978e-01
-2.013887440786312488e-01
-9.609518214656166679e-02
-1.241280717912625897e-01
-2.140161981585685103e-01
-1.759664894487293907e-01
4.926587565564746578e-03
9.657516449246903237e-03
-7.606716700683768817e-02
-4.667444568312765357e-02
1.505742929696073443e-02
-2.086536734269976157e-01
2.540414409801512730e-02
2.754165879147225005e-04
5.123748446490248437e-03
-1.723269425937645483e-01
-2.967457831350549594e-02
-7.711964792926533085e-02
-9.107367199373052336e-02
-7.506949476048184466e-02
-1.983660812220592040e-01
-2.731459446152126325e-02
-4.786928829854152079e-02
2.470176325725460852e-04
-5.948594081104153358e-02
-6.597338707334217400e-02
5.280175344793230918e-02
-4.564102500978081678e-02
-1.481067115319469885e-01
3.421210746711078436e-03
5.956395864670634838e-02
-1.622988396358594487e-01
-5.105448670008518736e-02
-1.702047054184472816e-03
6.676938609559603111e-02
1.102906413594281591e-02
-2.959421833373050009e-02
-2.412523213413588635e-02
6.072736428677104337e-02
-6.828485992803377813e-02
1.718663070053437769e-01
5.460914942319461916e-03
-2.442896847284024148e-02
-1.228057038400391793e-01
-9.622480409409271684e-02
8.863262244532826850e-02
-4.450209130083154080e-02
7.063321853881690537e-02
4.866644092368469648e-02
-1.170606111192961122e-03
9.983677413023007985e-03
2.612837682862815744e-02
-9.250189421900815306e-03
-2.507295128324256699e-03
1.323994865777059216e-01
3.029313841872447594e-02
-1.178190158073545157e-01
2.112998097743669021e-02
3.780935287736128525e-02
-4.021560944579619795e-02
-6.692668305293535819e-03
6.152835021915640384e-02
9.031209973683920755e-02
5.469033810964532560e-02
-2.821527342636659386e-01
-2.114424773023590165e-01
8.849691174455383280e-02
1.055949031845524744e-01
2.773782210412529051e-02
2.537626380165767040e-02
2.603986115526975981e-02
-1.258359024405095346e-02
9.481632618391472311e-02
3.254105133925719318e-02
6.217433050400134054e-02
1.543244552656169721e-01
1.868348606700938053e-01
9.028579328619613931e-02
-1.126978179443738348e-02
8.103339441328744064e-02
-9.894492367634537787e-04
1.006431849082063401e-01
1.314649841903556549e-01
-4.679494208814082706e-02
3.301821915333986307e-02
1.828924823369006969e-01
1.690647444570218469e-02
-6.403132482487773613e-02
1.017707085850180077e-01
1.792361076047087054e-01
2.366728146532460705e-02
1.340880277442118851e-01
-1.004135712343977305e-01
1.377935073678917821e-01
2.203214991162075892e-02
1.342740494359318804e-01
1.778658530288269313e-01
1.596839844309638212e-01
-8.217593954969586167e-02
8.492654895717299812e-02
1.071209049521307383e-01
1.271722509954626434e-01
6.675074355733238984e-02
4.058565611246119087e-02
1.768117956374930799e-01
1.160021634083727854e-01
1.685664338848346655e-01
9.419141957954592359e-02
3.085098963075371126e-01
2.030110481098555131e-01
8.266831364128286730e-02
3.469224487245553545e-02
1.605353620602144593e-01
2.696147289463649566e-01
2.058979379140530586e-01
1.143383888329122938e-01
-2.434653914157950197e-02
4.327398764040064905e-02
2.059928441515912201e-01
7.071107236041333788e-02
7.362280195060402765e-02
1.581683146567583187e-01
1.494872245597817229e-01
2.308217837009132190e-01
5.300095614990011500e-02
2.954494943192328416e-01
1.388725662595789723e-01
2.032552823602032377e-01
-5.951162730123846223e-02
2.095913157278025685e-01
8.262733255092079288e-02
2.968553332102487619e-01
2.662566164644412092e-01
2.336279841155067538e-01
2.382380844628615435e-01
9.214624648933932016e-02
1.042377824419486732e-01
1.257351683555913979e-01
1.310432032904723654e-01
2.105301366445408162e-01
2.920215681754453341e-01
7.511835048874997145e-02
2.759022403557360170e-01
1.801157900651304544e-01
1.188084223644289145e-01
2.365060599414622045e-01
9.440845356663998822e-02
3.438688937524447264e-01
2.868684249543938525e-01
-2.282560525055508244e-02
8.995838386808992226e-02
1.728513633709297115e-01
8.986714705746470799e-02
2.487566529942152327e-01
1.131384356253179735e-01
2.263987002932723314e-01
2.474301705296467480e-01
2.675265812676686505e-01
2.924360910408667635e-01
2.538853150031672445e-01
3.474095881027821631e-01
2.828868622238183694e-01
1.727798141504571228e-01
1.686134415291198063e-01
2.585302652969609372e-01
3.155993150960872962e-01
3.087640355579612250e-01
1.653299800780250184e-01
2.244309100206166863e-01
2.487919779989733182e-01
2.792754564097332803e-01
2.830078523378799504e-01
2.992806237281213644e-01
1.184600229480942818e-01
3.109445461986685144e-01
2.127023895964963440e-01
3.215833223767830540e-01
3.829393016549437756e-01
3.185781597366001416e-01
1.517695845697470125e-01
2.606895947787293832e-01
2.027486983556586742e-01
2.709367103182867553e-01
4.011400516405233541e-01
4.457136801607500809e-01
3.344297195604609141e-01
4.047140146951060391e-01
3.125216551136740795e-01
1.866213103659598305e-01
4.537470067450837252e-01
1.719097738710234913e-01
2.839633979483149329e-01
3.718959737351240080e-01
3.189718719938633429e-01
3.924111295297292856e-01
2.469572973966403240e-01
2.417283572450499851e-01
2.853853830916718848e-01
2.808388511530605647e-01
2.687165912937831136e-01
2.728436905451105399e-01
3.971569082170384735e-01
3.799807653496112825e-01
4.072785644869320598e-01
4.947819302838228350e-01
3.740640374000896995e-01
4.061214558678241660e-01
2.552863561619019839e-01
2.669798701497655968e-01
2.367782148410425280e-01
3.112079287325617560e-01
3.206909089830006221e-01
4.370928333082503281e-01
4.577157104786754860e-01
3.056125540884404579e-01
4.386765484635866130e-01
2.658599558296476095e-01
3.827021306430039016e-01
3.513567461394802027e-01
3.415266039949551580e-01
3.512558958420221034e-01
4.862124929266515294e-01
3.212894919686808404e-01
2.599326585809897949e-01
4.800461644325211275e-01
3.481576228100253800e-01
3.717852059751981519e-01
2.614943570388715832e-01
5.091246611618777118e-01
4.151682456114891839e-01
4.620462529477043501e-01
5.342602577846025103e-01
2.042146064330798150e-01
3.130365284310928642e-01
3.432674876356632820e-01
1.675069011443243439e-01
3.096880307030351331e-01
3.522273930583529333e-01
4.286204821594908343e-01
3.346356370489806387e-01
4.837510384270180541e-01
5.385419248191488650e-01
4.972607598031492104e-01
3.796835357353371965e-01
2.698482850824836521e-01
3.592959505094557859e-01
3.248217079515445249e-01
3.161226432405468967e-01
3.351454942374392232e-01
4.503488421721448809e-01
4.952222006448131486e-01
4.774456711726917102e-01
4.674282932153265291e-01
3.436330067535544597e-01
3.674576494545575556e-01
4.956070267101050919e-01
4.041363305875776413e-01
5.962175610811834003e-01
5.069513120837056963e-01
5.073364791934168450e-01
3.940823952177318623e-01
4.136904598804472810e-01
4.431244934026699611e-01
4.681495983909286784e-01
4.020412638566694952e-01
5.080410104566199792e-01
4.034327297236075527e-01
3.946246153358980990e-01
4.402581808850815626e-01
3.702342164538375835e-01
3.641070841605965613e-01
4.028339877696182070e-01
3.805457924845621620e-01
4.936647020869530667e-01
3.619297862625250883e-01
3.618166694976533426e-01
4.852137946804144231e-01
3.456879444463852313e-01
3.406815554324244544e-01
4.192195948523821936e-01
6.266950122644955323e-01
3.965607322343436270e-01
2.789372100792956166e-01
6.654433710467549945e-01
3.899381008778097790e-01
6.439534637004727946e-01
5.900824950156878801e-01
5.197851106388757803e-01
4.485522429800777866e-01
4.625992713683776403e-01
4.445216012111743442e-01
4.007435065584888378e-01
7.723024773968351075e-01
5.995377033287995205e-01
5.970181002524205249e-01
5.707693362005058502e-01
5.453199733131429694e-01
4.432744620053761242e-01
6.055135825830438856e-01
4.805031838010729861e-01
4.551059006189957512e-01
5.303079417366491910e-01
3.601308503585123333e-01
3.224319739518660133e-01
6.936506201061546362e-01
4.943921916972426889e-01
5.815990974276106229e-01
5.781729062381505413e-01
5.882952881390880462e-01
5.077193009239452381e-01
5.443801073354321840e-01
5.845711964270917660e-01
3.312714016029747466e-01
5.807709191764007794e-01
5.892812953584065649e-01
6.200222547379353744e-01
6.288523714029548017e-01
6.610464136491439602e-01
5.720693010394467537e-01
5.694930399331543658e-01
6.157370893186836502e-01
5.485383989439520658e-01
5.713963030909497975e-01
6.096610516941042279e-01
5.079201645720403668e-01
6.463674761932328705e-01
4.602069955032652149e-01
6.801845337629000010e-01
5.477839329294387216e-01
5.811810607986769295e-01
6.277484739825109905e-01
6.510324669657229224e-01
5.465446064313462804e-01
6.659989473126242121e-01
5.845661121633071167e-01
5.531590475610058677e-01
6.273188414906117893e-01
5.910265540646219007e-01
6.022251076874284292e-01
5.515150392861798423e-01
6.812730677788840783e-01
5.906134228878640036e-01
6.105591756006994997e-01
7.024152431051643442e-01
5.979151424511734980e-01
4.264189637177895897e-01
6.156624974181118537e-01
5.949262329375994973e-01
7.199145898798933185e-01
5.306095433007860240e-01
4.488428099714008024e-01
6.671177927480177461e-01
5.197167708182713897e-01
7.135577217868710465e-01
6.461514486830131077e-01
5.309465917911406763e-01
4.898182055675510127e-01
5.133306289245332943e-01
5.771184917247413892e-01
6.740980912253886626e-01
6.044897586730366701e-01
8.065551884516356518e-01
7.598236490954953792e-01
6.777697518753141859e-01
6.430210133660662075e-01
6.630831172674158669e-01
6.496846886355801542e-01
7.176789140647957810e-01
5.527713712220815312e-01
7.426701878944644841e-01
6.577357026573914522e-01
6.661637048215451884e-01
5.260950481078002783e-01
5.378014616854042140e-01
7.883626731586310665e-01
7.311677862976395659e-01
6.758128638998477378e-01
6.683484192395728885e-01
6.695860990572475302e-01
7.297973519042769697e-01
4.689986792850931452e-01
7.811259598479833866e-01
6.687730914513082547e-01
5.818992646137817193e-01
7.744910623413098216e-01
7.208053572842081369e-01
7.092472355424408459e-01
6.645538170317044635e-01
7.661628940935698573e-01
7.147887944661358572e-01
5.985607423727619114e-01
6.920033853413010139e-01
6.311351778446426808e-01
7.847685931820462812e-01
7.208100817759333090e-01
7.177571932463169269e-01
5.592204821901863854e-01
6.632906252313347517e-01
9.215600221930932978e-01
6.244811814855657506e-01
5.777545453438207579e-01
7.023881641354574601e-01
6.127411237781302811e-01
8.801730034718167062e-01
6.960714163039668501e-01
6.681058694418210431e-01
4.822286192011113748e-01
6.224883229972234533e-01
6.392657635688829831e-01
6.678880360229193514e-01
6.451829509623658865e-01
8.257011820987451012e-01
7.660535306792126686e-01
7.435312712840844718e-01
6.947354764998542320e-01
8.069069800661232694e-01
7.440818531816127956e-01
7.725689380707190246e-01
6.836101193656699548e-01
6.650274803190127093e-01
7.989633657557626556e-01
7.028926036463979399e-01
8.129222315613097161e-01
6.369754902652422501e-01
8.191628698771856731e-01
8.372705848896468961e-01
7.659462121850253435e-01
8.160326114181559731e-01
7.065989280657491989e-01
7.730308824926539479e-01
7.049929768792269069e-01
6.806582736420628832e-01
7.731474774935039873e-01
7.903440795546853304e-01
6.515084746326665899e-01
8.817303610470790254e-01
7.843508100781888537e-01
7.434261014392703482e-01
7.794340413185484318e-01
8.497607366371431326e-01
7.262235764238464952e-01
9.063665291828084669e-01
8.085562722302287453e-01
9.857405858929860765e-01
8.037079403893636620e-01
7.463726728353990980e-01
6.879141983438817887e-01
7.728096794168359818e-01
7.205724590919893036e-01
8.572154938371339128e-01
7.181070452228955903e-01
8.964063297488346072e-01
7.690055464691337717e-01
7.960936263939274449e-01
8.768465909348064358e-01
8.316355220734246156e-01
8.730185115305686416e-01
8.156923331958206846e-01
9.432042199205281641e-01
8.703069577891421327e-01
6.349929465690019592e-01
8.120357158575690626e-01
8.758118782849854123e-01
1.009330179853070053e+00
8.768433909452529873e-01
8.977486722062166802e-01
8.907517088203779076e-01
9.231343177188433557e-01
6.594727330883108918e-01
1.074665795895889397e+00
6.920137295478302475e-01
9.612241341524742078e-01
7.522517796047540894e-01
8.666638711119509786e-01
9.876874345611326156e-01
9.735245344946223955e-01
8.127320890590408187e-01
6.741847603597368455e-01
8.683776603673097894e-01
8.663132773891590865e-01
8.663002252093682243e-01
8.239505828313831159e-01
8.305747789278050686e-01
9.145770174529633811e-01
9.255588011142524829e-01
9.352798878792953907e-01
9.735680318968448210e-01
9.103453788048125883e-01
8.649193551544205327e-01
8.295903705770710790e-01
8.511187930718934203e-01
8.122487541124427946e-01
8.268559455992883223e-01
1.078727940519052186e+00
9.959651742901999283e-01
8.921520071688491260e-01
8.686498733273395612e-01
8.340757527154065709e-01
8.864416146529912055e-01
9.481468725327115710e-01
8.321742043780642195e-01
8.684769780545252837e-01
7.612300829422351534e-01
9.588088672040336879e-01
9.638686998449547128e-01
8.600137349361764993e-01
9.255217596733540386e-01
9.060861658443926103e-01
9.005426960180665796e-01
9.658976389548481478e-01
8.491810306536514696e-01
8.640191808500065074e-01
8.584094067356178304e-01
1.009035206321002631e+00
9.182166151224360195e-01
8.734957248635192295e-01
8.954002112297440030e-01
8.162035684654604939e-01
1.072464262698380688e+00
9.156330658211697671e-01
8.912201445990260984e-01
9.097847523601426678e-01
9.437382631746712436e-01
8.523315418494161744e-01
8.802449566252843471e-01
9.736351121525473884e-01
1.014229133879794409e+00
8.948159875361972881e-01
1.024261880886107479e+00
1.099566242135048943e+00
9.420782767364519472e-01
1.002620780733540329e+00
9.652823199717631697e-01
9.692553885318659912e-01
9.842186207475585036e-01
1.026997198461509164e+00
1.164993429583758733e+00
1.029720901621238305e+00
8.929853639726480496e-01
8.530304588536136157e-01
1.202735335406573070e+00
9.461665955592083455e-01
8.811579245181812015e-01
1.058153561639710638e+00
