-1.013954799534988682e+00
-9.584236845248974568e-01
-1.172211084207688492e+00
-7.658762439430578661e-01
-8.204587414504297405e-01
-1.102167901822327600e+00
-1.096983587650851799e+00
-1.178939248029610365e+00
-1.110461744810666618e+00
-8.870786804094802358e-01
-9.841599254984821910e-01
-1.007906808571742863e+00
-8.728996897501021257e-01
-8.761785499766441276e-01
-1.119839103993282903e+00
-9.350367276564741648e-01
-9.635134358568386848e-01
-9.774392772605179358e-01
-1.099858551378278371e+00
-9.094936884378956865e-01
-8.828361289209539775e-01
-8.929624698794120796e-01
-1.058855197134557002e+00
-8.622574309928504599e-01
-1.071731087849285613e+00
-9.469832462106922977e-01
-8.859460619294639017e-01
-1.058268057942461260e+00
-9.410909803568583420e-01
-9.577456403672115481e-01
-1.020930672439930742e+00
-1.017791908798139078e+00
-7.992181935491369238e-01
-9.089611763892364582e-01
-8.720755006552476374e-01
-8.044219117520241547e-01
-8.115293425178956577e-01
-9.110474175291952692e-01
-7.929112674092922974e-01
-9.232529837087513069e-01
-9.216577195392845478e-01
-1.077119010869262095e+00
-9.280714689623182911e-01
-1.046833635186107614e+00
-9.377502446204613040e-01
-9.783609315919399307e-01
-1.042445868490067706e+00
-7.209331379044796595e-01
-8.732797753982297628e-01
-1.027769527166794816e+00
-9.879673942622954064e-01
-9.607643528250303655e-01
-7.903801146075043471e-01
-8.581994566013797510e-01
-9.604816760158346733e-01
-9.629375948213998448e-01
-9.651410889819205252e-01
-9.018234047682959220e-01
-8.576789794098341746e-01
-9.537784244841434056e-01
-7.831183838532644881e-01
-9.207166844045080456e-01
-8.746919512059517787e-01
-8.560136933068704934e-01
-8.385828937827597418e-01
-1.002981350112480685e+00
-7.087283301982897354e-01
-9.028396022444762359e-01
-9.736450441858576221e-01
-7.530279486253966814e-01
-8.736436778825696914e-01
-8.780331743362356223e-01
-7.281452298258552780e-01
-8.192353931652471832e-01
-7.545574831609745958e-01
-8.106043240343541179e-01
-9.271769633544014733e-01
-8.445335539014432458e-01
-8.551101462216474935e-01
-8.848678207589053546e-01
-9.346649557214963266e-01
-9.132769328609234849e-01
-8.203668468132377933e-01
-7.606983910605401578e-01
-7.863039378365757059e-01
-9.310928025364021421e-01
-8.276712141776407794e-01
-1.020937551776833985e+00
-8.549950752069931381e-01
-9.384338779894524363e-01
-9.395290059447971576e-01
-8.609001994673838309e-01
-8.131235818091553380e-01
-9.889294770589488470e-01
-7.684163082870779649e-01
-7.483471614898317137e-01
-9.159639183829511033e-01
-8.021400203054315226e-01
-7.359466129386492694e-01
-9.582577508892541340e-01
-8.330689027481963382e-01
-8.315385286168319734e-01
-8.346179195825756958e-01
-8.058393534861484353e-01
-8.588209699325702884e-01
-7.417969569397666607e-01
-7.446838683978180828e-01
-7.008276028581194028e-01
-8.687054030823062600e-01
-7.648698893366943086e-01
-7.971944946870569426e-01
-6.830272607592408063e-01
-6.948390281222669440e-01
-7.433651815006067087e-01
-8.016009909963988100e-01
-8.272822490946915019e-01
-7.812462623721466715e-01
-8.296261800507911399e-01
-8.446018219029208796e-01
-6.954119964135654364e-01
-7.340162829565811675e-01
-8.137038705356849366e-01
-6.750215949403106652e-01
-6.182541878039486960e-01
-6.755832511950425889e-01
-6.722384096568458922e-01
-7.119057277028850717e-01
-6.040279845955357496e-01
-6.571965592925003152e-01
-5.539478637999142308e-01
-7.455911628159195281e-01
-5.987096942521302756e-01
-6.486490820859747153e-01
-7.894521016148424719e-01
-6.826364332927034040e-01
-7.276348021476300998e-01
-7.107051946487706884e-01
-6.773595918843586805e-01
-7.205920988697320784e-01
-7.300888513989959305e-01
-6.541227751878256891e-01
-8.804485484554727126e-01
-7.852312907257821273e-01
-7.444090998030096218e-01
-6.695615821485836339e-01
-6.409809843879302749e-01
-6.319199473031646974e-01
-7.094455779028766562e-01
-7.673456182854386798e-01
-8.480749705945734851e-01
-7.303829868732963915e-01
-6.878007358829735240e-01
-6.509700963506006577e-01
-8.065513647862823099e-01
-6.457199537024096436e-01
-5.168596137221451725e-01
-6.973545107947550781e-01
-6.448289141421140735e-01
-5.345257545563255608e-01
-7.390291183896344762e-01
-6.017548319576370153e-01
-5.831705423175008729e-01
-5.243990788492197685e-01
-8.044556383077531292e-01
-6.982088064177478515e-01
-5.646369330615947923e-01
-6.848483711919993722e-01
-6.781873611505335742e-01
-6.731856190630789438e-01
-6.276921785659381747e-01
-5.524411693090196529e-01
-5.924682278177810790e-01
-7.756331467736259366e-01
-6.375971408787214356e-01
-6.995894696775278865e-01
-6.274654097295175870e-01
-5.075771445731820375e-01
-6.436116538858711600e-01
-7.084263051719067450e-01
-5.765049448061674298e-01
-6.500158168369819522e-01
-7.026496230238783447e-01
-6.448635052887844443e-01
-7.210291724748137954e-01
-4.252384366054953735e-01
-5.674624317320878797e-01
-5.551757047642452703e-01
-7.702518679710067540e-01
-7.575379546057274815e-01
-6.219998765275469577e-01
-6.157723907552046239e-01
-7.207496510430473347e-01
-5.720559516556538160e-01
-7.128430515882775431e-01
-5.669040134744712800e-01
-6.814753694612987189e-01
-6.134091913033299370e-01
-6.541482960686155756e-01
-7.173261745706520642e-01
-5.253660419836502227e-01
-6.696474728690389178e-01
-5.645071908874974564e-01
-5.323530424834812536e-01
-6.225485396589514053e-01
-5.385387905940121067e-01
-7.247174419513364718e-01
-6.516214174597455555e-01
-6.930582776461960970e-01
-5.666010485178719636e-01
-7.018837271021305391e-01
-6.248929666070037747e-01
-4.626614580499574525e-01
-6.842220002609539220e-01
-5.092881559704012240e-01
-6.497350458640023252e-01
-3.717515374519116400e-01
-6.669397740953981746e-01
-6.106654989443934811e-01
-5.289909716083804891e-01
-6.619170951792566759e-01
-5.720562478657978955e-01
-5.141597149349586005e-01
-6.090107869521729222e-01
-5.771398164327410374e-01
-4.903393652014251813e-01
-4.798682799427352319e-01
-5.471004043188981703e-01
-5.735376634708583277e-01
-4.209743862614306886e-01
-5.883905331593559662e-01
-6.809466158227902577e-01
-3.660518379228828167e-01
-4.445050578462174107e-01
-7.152034833145302084e-01
-5.974225920525235711e-01
-5.712744094837522990e-01
-6.272534286749193999e-01
-5.292279537521478172e-01
-5.107356908576373700e-01
-4.237276387330970451e-01
-3.793346603209137857e-01
-3.200132576038522969e-01
-5.521526980465067957e-01
-4.568377896518285297e-01
-4.603098135984280415e-01
-5.717163850874024122e-01
-4.945764569571328706e-01
-4.264507839473336559e-01
-4.062935027161438950e-01
-6.372481991310214866e-01
-3.995185340933664064e-01
-4.772137184337252869e-01
-4.991769829497847977e-01
-5.023969866438244836e-01
-5.175591036051798710e-01
-5.676109651696769065e-01
-6.227373175441215380e-01
-4.619004276668794429e-01
-3.337009182656380801e-01
-5.135193241735441783e-01
-4.070606808474194760e-01
-3.780337500123093220e-01
-6.367772794095478694e-01
-3.870952315283235912e-01
-4.238287414019890065e-01
-4.077948520443399616e-01
-5.129248952450344845e-01
-4.400068068967444290e-01
-4.248365761224183190e-01
-5.035275316650843491e-01
-3.839352663559850165e-01
-4.307888481638896261e-01
-2.987296946076395954e-01
-5.029198907343640501e-01
-4.325020531849028682e-01
-4.225827225444344082e-01
-3.248607855825784707e-01
-4.670356671181312147e-01
-4.367633700967864518e-01
-4.297516628457421217e-01
-3.879205934927382748e-01
-4.602834239391267457e-01
-4.868681404086191988e-01
-4.190540383344382724e-01
-4.044274302301392177e-01
-3.929546711352701061e-01
-2.960221341958265140e-01
-3.010188254422950793e-01
-3.296386355493533538e-01
-4.424740751504036562e-01
-3.582071057290777127e-01
-4.255713417932533993e-01
-3.103762724607934675e-01
-5.241842397712651591e-01
-4.335215131494982166e-01
-3.589484455520323136e-01
-3.864301309301050869e-01
-2.262093083996305765e-01
-3.018782078990565054e-01
-4.651301049040232338e-01
-5.151958441253113863e-01
-2.961371599739861527e-01
-4.826668394953995689e-01
-4.800657919821167408e-01
-3.355805469687307974e-01
-4.369936523523901273e-01
-3.155455757529547212e-01
-4.181884311332297322e-01
-5.590710239817092697e-01
-3.457875247277210073e-01
-3.952353318000453308e-01
-3.111192811971345007e-01
-2.918874026532152777e-01
-3.278711789433371160e-01
-3.808121815482864991e-01
-4.096010862305403122e-01
-4.839842799653135685e-01
-3.206459888174568174e-01
-2.226023150889405444e-01
-4.169709213935124392e-01
-4.437004957604091526e-01
-2.452961316707379658e-01
-4.493077652946802503e-01
-3.809624649930781759e-01
-3.283855959447457562e-01
-5.752731963927264491e-01
-3.890369272962965752e-01
-3.179538922190449646e-01
-3.675804316303115660e-01
-2.596830972545355332e-01
-3.395569932705117533e-01
-2.977841658092475474e-01
-3.368390580786718713e-01
-3.725354738035679958e-01
-2.641715952045610161e-01
-1.912068941747970263e-01
-6.102882685174055438e-02
-5.163595014162385421e-01
-1.747412037601002721e-01
-3.349852651980592122e-01
-2.887664459897675284e-01
-2.355299061159655816e-01
-2.958471858747807604e-01
-3.602461480188945964e-01
-4.822762764299350913e-01
-4.139818804441634525e-01
-3.974698280400484895e-01
-4.091697974869334953e-01
-2.399102113442396489e-01
-3.176402733475942597e-01
-4.000771695297580810e-01
-2.769278426751650701e-01
-2.885043202807649476e-01
-2.540362698205984593e-01
-2.854646313434437421e-01
-2.207981412028832968e-01
-4.978722082718712860e-01
-1.743344826255781577e-01
-2.318426936600867516e-01
-3.543465669520763361e-01
-4.122987451805201209e-01
-3.260242099111149150e-01
-2.079589206481625152e-01
-4.931663384707752340e-01
-1.565333242666308577e-01
-1.984191636453839780e-01
-3.476741035135380575e-02
-3.362492605024992032e-01
-1.795311884047630369e-01
-2.807162834531439222e-01
-1.896451138937558789e-01
-3.387265414272798147e-01
-3.233441825356768162e-01
-2.174106541388133307e-01
-3.452235322131186890e-01
-3.379705817055384531e-01
-3.596396473397112103e-01
-1.565545394021977121e-01
-3.127751027498841818e-01
-2.268300617940113839e-01
-3.187102872844156387e-01
-3.079619714667866659e-01
-1.866592515931382312e-01
-2.649635480599253912e-01
-1.942254740675236346e-01
-2.644187140752635723e-01
-1.062734170186619143e-01
-2.540588272360548849e-01
-3.014166730388340154e-01
-1.258329109955013958e-01
-9.568189531528437097e-02
-3.857110905753703967e-01
-2.353958824792053983e-01
-3.836669023558867964e-01
-7.832154362551320415e-02
-1.933494175095368806e-01
-2.783283226961334456e-01
-2.143629131216821804e-01
-1.704009965459122034e-01
-1.512229328676031881e-01
-1.051530163102612631e-01
-2.781514354074199336e-01
-3.344217606454190639e-01
-2.360888252413090305e-01
-1.971278419883089050e-01
-2.054337431834877270e-01
-2.074478910265089293e-01
-2.768685788597424202e-01
-2.077506193846614113e-01
-1.966249138278374220e-01
-2.136044931711643113e-01
-1.902715792342735412e-01
-1.732849962038807701e-01
-2.094633893071095043e-01
-2.197334938919439373e-01
-1.264381553762726762e-01
-1.759614180707459452e-01
-2.738345461493715272e-01
-3.215280655841339374e-01
-2.415802099129668867e-01
-2.480573558185721617e-01
-1.377375378537278594e-01
-9.521785011522411468e-02
-3.083571521999124432e-01
-1.363619181349854936e-01
-1.579572499167787303e-01
-1.176295126491476439e-01
-8.928619102070937952e-02
-1.372312894464428890e-01
-1.213430560404828856e-01
-1.910039324109429615e-01
-2.514112098799826112e-01
-3.373265660907966423e-01
-1.959556328123297775e-01
-1.144788206918841145e-01
-2.299749453344429040e-01
-2.741401283129775712e-01
-2.666441865196397809e-01
-1.571070885813565798e-01
-2.411193584881166918e-01
-1.257297716357710926e-01
-1.516192494337587349e-01
-1.964930470579265009e-01
-1.804951876587257420e-01
-3.719098568756562528e-02
8.430928366095914728e-02
-1.788653192026044836e-01
-1.161404473806579712e-01
-1.439234037787466836e-01
-8.692174931318072395e-02
-2.759205047015091394e-01
-2.391675664199741438e-02
-3.478156509473925156e-02
-1.765665721946271527e-01
-1.824148790931184316e-01
-1.433540314884093059e-01
-4.657931765050157130e-02
-5.109887312077181221e-02
-4.211738063199897686e-02
-1.411230606046498526e-01
-2.871775191767865845e-02
3.747114320259090775e-02
-2.017242937742655673e-01
-6.331517164107863804e-02
-4.890348431888263264e-02
5.711141488473116951e-02
6.508144224462551752e-02
-8.487813549793520040e-02
-4.757288344905497707e-02
-7.467444279697305065e-02
-1.217439011642407719e-02
-7.553639891592350830e-02
-8.559354098831914448e-02
-3.999281846639742705e-02
-1.744431611679843896e-01
-8.137356716817760460e-02
-2.053621751401041653e-02
-7.555521383990279616e-03
-1.395779849626819780e-01
1.191007450063755711e-02
-1.632978819131461479e-01
1.130634514209608900e-02
-4.229539611278570338e-02
1.011975112435828210e-02
8.400724076326863965e-02
3.269519529283056170e-02
-6.944464975201333767e-02
1.617109330532121025e-02
8.999732843952516770e-02
4.141874600945658069e-02
-5.016841275661497457e-02
-1.373152810710359835e-02
1.180387140624163944e-01
-1.643496439317355118e-01
9.684816878068397417e-02
3.719112190512759847e-02
-3.344978913374486301e-02
7.247572573008509433e-03
-1.329980506233856830e-01
-4.073614343570696600e-02
-1.071974428644023730e-01
-8.514033229002118675e-02
2.873945651571974472e-02
-6.082698416565902877e-02
-9.501969125210897593e-02
2.026543204426780632e-04
1.149124387634306993e-01
1.771854600229655699e-02
1.758256156639271817e-01
9.560866299807292690e-02
-3.976917622585227248e-03
-2.519588474862896957e-02
6.417607192630413182e-02
-2.641051822619572276e-02
3.772579546618678569e-03
-1.115764636527271647e-01
-3.166022160775051886e-02
-1.588640224814134860e-02
-1.435977809842011767e-02
2.427740441728808707e-01
9.492111564353714059e-03
-8.779726495298995070e-02
-1.435102672906697109e-02
2.725339314491748155e-02
4.499457413080713147e-02
9.099969119306425269e-02
-7.844937119159730438e-03
1.533140354503952918e-01
-5.875893049595453527e-02
1.231551446324820331e-01
7.605582593539884917e-02
1.091395723773644633e-01
6.902444134180985014e-02
2.313964123082681290e-01
2.483633680504672148e-01
-1.050042326895875636e-02
1.148389658077903774e-01
1.006975414695203963e-01
-5.087710066068862336e-02
1.088000394241574187e-01
1.662685717716601286e-01
1.269385873724569735e-01
6.780271205112431421e-02
1.618652390695615728e-01
1.787633671036014116e-01
2.139920938702346564e-01
1.357729561731998158e-01
1.614094060608321501e-01
1.144390459201064109e-01
1.016748169645651234e-01
1.095900497616927038e-01
2.341745085034066878e-02
-5.947608983132533084e-02
1.397656875492813977e-01
5.441239790875306709e-02
1.475679755826741490e-01
2.410527735488833811e-01
8.986277595349963232e-02
2.015322334863660081e-01
3.818770278184338562e-02
3.842188685883333316e-02
8.480539332636839733e-02
1.440701428481024893e-01
2.418632638134124158e-01
1.564056865349989778e-01
5.075231803061715924e-02
-2.078413298229329562e-02
1.382431651497433023e-01
1.390734796876865187e-01
1.392982031740920557e-01
-3.467611991939203997e-02
1.906430617173514863e-01
1.148788063780786656e-01
1.206944627613426996e-01
1.408486126324481336e-01
1.675932256204964999e-01
1.804297822029264087e-01
7.307042670202545942e-02
1.831391096441774557e-01
2.622272547006114785e-01
1.455730442379535305e-01
2.311017202483628130e-01
1.650229029911023937e-01
2.045688449209457083e-01
1.613782746726230288e-01
1.214064428280092062e-01
2.406919577578096603e-01
1.477286736466137396e-01
2.453514525040817740e-01
9.736439548615867523e-02
2.063904049717784905e-01
1.740096510696292065e-01
2.882872019913350070e-01
3.184204432865955225e-01
4.833989388201932053e-02
1.671302600031583374e-01
2.766091757600322998e-01
3.103934073638706104e-01
3.457921211690180852e-01
5.916392263914224681e-02
2.015912514546154277e-01
1.681991336622810640e-01
2.037785003823678054e-01
3.144160302188095946e-01
2.778084978341310851e-01
2.098232547981993545e-01
9.876353519908924461e-02
3.289972706060032559e-01
7.241281662618122283e-02
2.623664401448443928e-01
9.807387409604439998e-02
2.119605470591122975e-01
6.446469178580283010e-02
1.730805051739109646e-01
1.865563422436242458e-01
2.989624858961754117e-01
1.869223387551851856e-01
1.255359198648349217e-01
8.515067356113335817e-02
3.080936258915910053e-01
1.560094473653597102e-01
2.652846255206017800e-01
2.664005486344211970e-01
2.427759481601602098e-01
2.975663623906519284e-01
3.722435723301787402e-01
3.098390658933098951e-01
2.448927474834679263e-01
2.823145636049143592e-01
2.471107021310140484e-01
2.643430166978091855e-01
1.912892639625324021e-01
2.700398470775185467e-01
3.531784599567523997e-01
2.212025172690399721e-01
1.217996946460700725e-01
3.896290572809539832e-01
2.034368337086319700e-01
1.694647272295548568e-01
1.629506270953785529e-01
3.422352080465196345e-01
4.827440330971087268e-01
2.697265879493365159e-01
1.009942634199552519e-01
2.941614073117236328e-01
3.217655387905195563e-01
2.043592141334790169e-01
2.262127920389972735e-01
2.337763181013413349e-01
4.567176828997642213e-01
3.145607012210556719e-01
3.137207718850787419e-01
1.645103018270115403e-01
4.013564954869413004e-01
3.148469444960092511e-01
2.814209195017229881e-01
3.018359201287323934e-01
1.856144445227976003e-01
3.255723126049633875e-01
2.763577962244693764e-01
3.141453349981089826e-01
2.416225572438886471e-01
2.037669468861615374e-01
4.708786028181645711e-01
3.467682770933666059e-01
2.174475380357302756e-01
3.470175032973073503e-01
2.604339848446530770e-01
2.682528308358390623e-01
2.424870467677379404e-01
2.806726103831085894e-01
2.430040136420741348e-01
3.878240717607700505e-01
3.643437904580006936e-01
4.903364063237801718e-01
4.470941000306412061e-01
4.240015655857951038e-01
3.146026583438154556e-01
3.858817359124933066e-01
4.329354316458411955e-01
3.240643141097731550e-01
3.727694991437000560e-01
3.902787089151505961e-01
3.533446111838910997e-01
4.342822651149304547e-01
3.363141248423962559e-01
3.450035506498298488e-01
1.348117577167062819e-01
3.907522868241489200e-01
3.978805465532732621e-01
4.602623433443973067e-01
2.782031445243191570e-01
4.964913670424452863e-01
3.904799702885271562e-01
4.016825345409880121e-01
3.676438719789632548e-01
3.867631380432077215e-01
3.515377298831554587e-01
3.403367417866021150e-01
2.419032963527242286e-01
5.713322725887618470e-01
3.199245631000214307e-01
4.693170707520984974e-01
3.314533306116249078e-01
3.418949761089551953e-01
3.651687844178487241e-01
4.908067116381464867e-01
2.877996996411289476e-01
5.168044936414311064e-01
3.957201460402764992e-01
3.267443995427489201e-01
3.751088576153309151e-01
4.920258368218866640e-01
3.790095899302129978e-01
3.484622229488624767e-01
5.093448312234144515e-01
4.915757584619848686e-01
4.365321780392845685e-01
3.098565325880494048e-01
4.508427162907475139e-01
4.518603518053288526e-01
3.449765076724880530e-01
3.630545837367926132e-01
4.219275176770744262e-01
4.790630515545657997e-01
3.946212110636635462e-01
3.493165241822524525e-01
2.778250254891855286e-01
5.788679878991214167e-01
4.999441712706398366e-01
4.556167028296980170e-01
5.437545548144050445e-01
4.434250014526809891e-01
4.154114917120851902e-01
4.575595606108989188e-01
4.885277778949078109e-01
5.143922143654349188e-01
5.836564187325485875e-01
3.448137140101089626e-01
5.287503586355026819e-01
4.730142446060300321e-01
5.739688199116208533e-01
4.484852957637015525e-01
4.182703592823284744e-01
3.862380860536864247e-01
4.779159188622029153e-01
4.175028367970577414e-01
3.916431526263229324e-01
4.589721278590112030e-01
5.439018993600868157e-01
5.416108720878720639e-01
6.035451595721085249e-01
6.057630352231239135e-01
4.825987285696161089e-01
4.782366133324513213e-01
5.049589430989935845e-01
5.277976539089096475e-01
5.391899073586114977e-01
4.383360395308174007e-01
5.670452190285525385e-01
5.534283142662933530e-01
5.751153956618643148e-01
5.803631972034326569e-01
6.377871739261561368e-01
6.419363159513441497e-01
6.401300484735312768e-01
4.937893602550520455e-01
5.011050551456025515e-01
5.511655477598502717e-01
5.910191978010143066e-01
5.716699965369679282e-01
5.069515033121725356e-01
4.143712228366835393e-01
5.538649638292130195e-01
6.067841105486783126e-01
5.495275130966625898e-01
4.876042846415820087e-01
5.401606410383719137e-01
3.952811345851208746e-01
5.363467474739995744e-01
6.130795161546678251e-01
5.170005660607112086e-01
5.902929686191464853e-01
4.876821901977135276e-01
4.374438212620046507e-01
7.214575614217169086e-01
5.587201399482112363e-01
5.244111798286463788e-01
5.487815247084841808e-01
7.620105821641061095e-01
4.188371704246725558e-01
6.783480503960326313e-01
6.139663931394619967e-01
5.429736335947744630e-01
6.154317595488459913e-01
5.893853410510476731e-01
4.920450531853008402e-01
5.259516264434196398e-01
6.004244005602286105e-01
6.325834819149861454e-01
6.282365831333911466e-01
6.458864609454665340e-01
6.701927179806307366e-01
5.034249807319716163e-01
4.755097079676952609e-01
5.913856743562431184e-01
6.878580637662091712e-01
5.210629441216821922e-01
7.812623488780560121e-01
6.149807917463903095e-01
5.613936126502685475e-01
6.665534585088318531e-01
7.220317135405049935e-01
7.376160123264865476e-01
6.326017158596767276e-01
5.514116345372589434e-01
7.862770413965362026e-01
5.746732056367201968e-01
5.942065533360938456e-01
6.494249481170559779e-01
5.390792201867872224e-01
4.868281759895785044e-01
5.740854256027526636e-01
6.073641916338957669e-01
6.406507881295491202e-01
7.307947235024523369e-01
5.422420853165794696e-01
4.951655960748865826e-01
6.963384459430191908e-01
6.628633259877314554e-01
6.200877377678519764e-01
7.453482144553194022e-01
7.143551308151078194e-01
7.283599644630640579e-01
7.299640118954322521e-01
6.403311568532021880e-01
6.693371332552771058e-01
6.849329994939128419e-01
6.553903460154076877e-01
7.199690364748810856e-01
7.334154645408712536e-01
7.506855410868907841e-01
7.659354530507419545e-01
6.261490096697659435e-01
7.272727085583138296e-01
7.572657260731789908e-01
6.655415208277259964e-01
6.947208143395636748e-01
7.042464709346613061e-01
8.024994117088112278e-01
7.396490043119193780e-01
8.949318028987630624e-01
5.159982109882352841e-01
6.320447570773732870e-01
7.236794427575496957e-01
7.080665380303711176e-01
7.076567190524749584e-01
7.155716416241413302e-01
5.360526670090652868e-01
7.020948030323963529e-01
8.045041950602680458e-01
7.903678472454965798e-01
6.875477393143144544e-01
7.132901535119841041e-01
7.522478036275407343e-01
6.284351575485692676e-01
7.131537888779176937e-01
7.410620587735248233e-01
7.122663205365576955e-01
6.043931526490107231e-01
7.468037882482738699e-01
6.969576854089354345e-01
7.054649810761750572e-01
8.550716332781008733e-01
7.482722401753929553e-01
6.527678092541336907e-01
8.102430845153781869e-01
8.674144157469212413e-01
8.654171117992309759e-01
6.820860011303329085e-01
8.692708536082893733e-01
8.241090024926757129e-01
7.541844313903975916e-01
7.022829596695041587e-01
6.181895827028587309e-01
7.446469793116962110e-01
7.133781679651985952e-01
7.721682574958431688e-01
8.012332804663238051e-01
7.837026693420268142e-01
6.735583593957686910e-01
8.461553305754667687e-01
7.723163415964259260e-01
9.139623541667304396e-01
8.428457626243088807e-01
7.361355883026581282e-01
7.395223351376014609e-01
7.975933839006015269e-01
8.147944369569146694e-01
7.582819754807177404e-01
8.983056890678209339e-01
7.678926922948171585e-01
7.901489100526215559e-01
8.800679765623672379e-01
9.137609367995606080e-01
8.038340151049265803e-01
7.560083947042091079e-01
8.848412402686227640e-01
8.951726927459240368e-01
8.405216509359224597e-01
9.460614951219589175e-01
7.988071281057886885e-01
1.115773433579442919e+00
9.993855701648306500e-01
8.291881919242395371e-01
9.757055138997452470e-01
8.049925234266371854e-01
7.697029099040315625e-01
9.113413213628516196e-01
8.772715332014782152e-01
8.481716144779216648e-01
9.191606667373877215e-01
8.183661891165293634e-01
9.384872559110828405e-01
8.676180837118623312e-01
7.568067754489493648e-01
8.517379597929425339e-01
8.902171262430317311e-01
9.302535308634083400e-01
8.403426363491139917e-01
8.282244052052795125e-01
9.574857478042058112e-01
9.027503974321672287e-01
8.947209939938380874e-01
9.088210664680785866e-01
9.244527511820356258e-01
9.083801840842696818e-01
9.536130635255690713e-01
8.881812356777344375e-01
8.961744048516023797e-01
9.224629083503499416e-01
9.985289403455364088e-01
1.075496778564074996e+00
9.726348850667223545e-01
9.665009938731916606e-01
8.858850630808754456e-01
1.020464835315337826e+00
8.186659043472479524e-01
8.167273731823521121e-01
8.006497599847988145e-01
1.056895474275565183e+00
8.730744429311598775e-01
9.542369738558620362e-01
8.454630444047446236e-01
7.676742587440443799e-01
8.488393112126250140e-01
8.083683316526510954e-01
9.118018356497648025e-01
8.870505325602398017e-01
1.073881786522205672e+00
1.029024012044922554e+00
1.035583968133850563e+00
1.092186765993999664e+00
9.460600757639068270e-01
1.031069187675616394e+00
8.610039078712685701e-01
8.499996476829093650e-01
8.742249795836819493e-01
8.673143820813898897e-01
9.695852376756645130e-01
1.081768398331053316e+00
1.042727232704631968e+00
9.213821545602128849e-01
9.237261945389283468e-01
1.010412446108367002e+00
9.363004305242572656e-01
9.619638939961905333e-01
8.491786090498263384e-01
7.630597355725385889e-01
9.706308290427535512e-01
8.123639484738730543e-01
9.458971440916833506e-01
1.080284915184378081e+00
8.844497105114884627e-01
1.037173027048779561e+00
9.276758510757683318e-01
1.047619167862830825e+00
1.035399605531601486e+00
9.931142674692668981e-01
1.086043070242607822e+00
1.015100874620973315e+00
9.819458695649377900e-01
1.092895942076183013e+00
9.725633733355155686e-01
9.942921757233544877e-01
9.790897134982442518e-01
8.621305123017311001e-01
1.093781506263385106e+00
1.054688476613123482e+00
1.023381291805542270e+00
