-9.778773799977235059e-01
-9.934737207338386611e-01
-1.037172749009560579e+00
-1.142687162355038755e+00
-9.800543306961758683e-01
-9.346445031077649235e-01
-9.381070142050523808e-01
-1.059709107167500886e+00
-9.864252970835855061e-01
-8.026512137383545742e-01
-1.008859336913499050e+00
-9.370368415187976252e-01
-1.020012660323407205e+00
-9.191106986006064572e-01
-1.033522772679417612e+00
-9.166122790579211976e-01
-1.023984027840135091e+00
-1.004604391155028642e+00
-9.355087558347275900e-01
-9.531908893958733753e-01
-8.962638348489807560e-01
-1.025874039186555509e+00
-1.103105945890970663e+00
-9.550322940359703416e-01
-9.231677801715914011e-01
-1.018888837317034390e+00
-1.018450614844494506e+00
-9.757849609687335724e-01
-1.123150403864427771e+00
-1.040100735491969797e+00
-8.527689830610954980e-01
-8.761210811382921237e-01
-9.044339454931071831e-01
-9.886153204493614011e-01
-9.033961549493649823e-01
-8.930978221761611824e-01
-8.802802034526393538e-01
-8.345758550670341336e-01
-7.565687543129505643e-01
-8.840426601093334114e-01
-9.334716166836974915e-01
-9.705403185900116636e-01
-8.038966249925353358e-01
-9.648354137271862863e-01
-9.160658382939769195e-01
-7.660099855019872894e-01
-1.189012795509214460e+00
-1.084733939624165755e+00
-9.449844866480635597e-01
-8.645457564632653691e-01
-7.418464605118247901e-01
-8.852916422061374302e-01
-9.614579954805484441e-01
-8.322475341151991390e-01
-9.002000617326036958e-01
-9.960001422891719969e-01
-8.539678513915721636e-01
-8.908119073169047386e-01
-8.436140959883526858e-01
-7.993708056121439087e-01
-1.041826955221580642e+00
-8.076370382044730789e-01
-9.874461133008201053e-01
-8.599992706245933594e-01
-8.393694956179453825e-01
-9.114055954660043035e-01
-7.867404493455736336e-01
-9.371291927577264369e-01
-8.831705399867537665e-01
-8.604657576344234560e-01
-9.252694712612778982e-01
-9.405695029357604708e-01
-8.224294566561342057e-01
-7.852559842605268958e-01
-7.716777122064651939e-01
-7.220030093537621596e-01
-9.085508801936732493e-01
-8.902995562583529976e-01
-8.302624349568149542e-01
-7.744921863089604397e-01
-7.277204750340718897e-01
-8.328016523232568691e-01
-8.466014622200073170e-01
-8.167606009472393458e-01
-8.812014133711409958e-01
-6.877324990079848321e-01
-7.131940569362927862e-01
-9.536462060193644508e-01
-8.674534401762825642e-01
-9.311830051648548601e-01
-8.609585157820496271e-01
-7.335564396394793629e-01
-7.172673703673462242e-01
-7.217203175503061896e-01
-6.723716145057599958e-01
-8.512238299700075617e-01
-8.715179299536363056e-01
-8.508756384052870159e-01
-9.111641248805801840e-01
-7.734789562994696110e-01
-9.103658607852915807e-01
-7.407863036239608068e-01
-7.467538628421435121e-01
-8.491024190859568499e-01
-8.961896009488178327e-01
-8.104227903835340419e-01
-7.762789211567449055e-01
-8.310660920603495372e-01
-9.030972266098604706e-01
-7.925857415627811653e-01
-8.935276083584572371e-01
-8.228610451829068140e-01
-8.123342910669638650e-01
-9.137787087297233324e-01
-8.579837348757710647e-01
-8.177807896864627279e-01
-7.069461522859971092e-01
-7.285426215561998653e-01
-8.276528749659407547e-01
-7.703215556598006497e-01
-7.829544882124045424e-01
-7.376523636202253487e-01
-7.718503500874357437e-01
-7.113149504706022253e-01
-7.825663663357191879e-01
-8.665380482480369295e-01
-7.518924205366602775e-01
-7.539754894737265012e-01
-6.765878927659461084e-01
-7.375244684981615562e-01
-8.079774275290467767e-01
-9.953348087676675560e-01
-7.194407069742342342e-01
-8.482862917067319763e-01
-7.981556218657335222e-01
-7.619771248602306146e-01
-7.501068396960274276e-01
-5.928321115332935154e-01
-8.019225198795102427e-01
-5.801201347870359459e-01
-7.796943605474675465e-01
-5.578336217203488934e-01
-7.251600347173954297e-01
-7.494632172501840550e-01
-7.856741531664602762e-01
-6.616073685306727015e-01
-5.654652617262863057e-01
-6.464065388899735698e-01
-7.485736815388913667e-01
-8.333832444770910008e-01
-6.090998050747056247e-01
-7.666686829969875383e-01
-7.596257953964060672e-01
-7.001347992044794077e-01
-6.240530773401014031e-01
-6.838440798890945693e-01
-7.073353553385347547e-01
-8.645787594036696833e-01
-5.244514910343235359e-01
-7.508984550531425661e-01
-7.477909995041552849e-01
-5.571217461823987360e-01
-6.420643919385590204e-01
-7.492147443313774691e-01
-7.205870661319698778e-01
-7.379798126048581208e-01
-6.615828721062535500e-01
-7.471959468871803844e-01
-7.032329313526799464e-01
-6.585904781746195757e-01
-6.009111557147102101e-01
-5.773041216430769840e-01
-6.710159475823563868e-01
-5.761075517776234056e-01
-5.313156215490140166e-01
-5.337330149656688283e-01
-6.260422082409894395e-01
-5.907626122606067787e-01
-6.563394829260145169e-01
-6.201004310840360079e-01
-6.601410726067096224e-01
-6.352593050786383699e-01
-6.246197658843306577e-01
-5.814169948707164082e-01
-7.113402113787749004e-01
-6.388094003631182849e-01
-5.885196147193675342e-01
-6.150304241375413872e-01
-6.011512727043241133e-01
-7.584533359968508304e-01
-6.566774142273943404e-01
-4.270342902340292790e-01
-5.874612723297194528e-01
-6.085319808794970031e-01
-6.304115785543330519e-01
-7.873379779465883299e-01
-7.312943090001383650e-01
-5.434714982147010875e-01
-5.594802267965516274e-01
-5.281042296781408574e-01
-5.967333315010722172e-01
-6.069685891759651897e-01
-6.274378738196714211e-01
-4.445095555960134615e-01
-5.775813286093507415e-01
-7.302050723453860082e-01
-6.810640791350002221e-01
-4.712703051174847446e-01
-6.745572746612191750e-01
-5.933709056150907601e-01
-6.162012999671938607e-01
-7.020530593126332874e-01
-5.188329509629386882e-01
-5.955331346163186268e-01
-6.102622339637430171e-01
-6.888180309087829079e-01
-6.007064305459660636e-01
-5.117400606995456958e-01
-5.989235020029727297e-01
-5.427725565856160728e-01
-6.507925955484167302e-01
-5.990430668866963959e-01
-6.533843907891713210e-01
-4.713958983800983216e-01
-5.851264046818530629e-01
-7.490881317691063801e-01
-6.930732168106953361e-01
-6.300064400650828844e-01
-5.993371297454346269e-01
-6.400694600099201548e-01
-5.211186033598234069e-01
-6.000299960157431389e-01
-5.005985518082326502e-01
-3.707533540002996286e-01
-6.761341478000237881e-01
-4.997298520724346993e-01
-3.955010344321782112e-01
-5.202886862358576670e-01
-4.607335970127468538e-01
-5.570949586893052530e-01
-4.444282614347412896e-01
-6.252957655346169652e-01
-4.282211398405511571e-01
-4.895233134017898946e-01
-5.926688715764623083e-01
-4.849255298452945229e-01
-4.422740501770076604e-01
-4.245306094163845967e-01
-4.710460577674105420e-01
-5.214950575034167368e-01
-4.813406179313662880e-01
-3.982956883352805066e-01
-4.391804973240906462e-01
-5.244785275710178718e-01
-4.147758687767933439e-01
-5.849886431930120256e-01
-5.217039044976503614e-01
-5.635805720346801495e-01
-6.705223343012330917e-01
-4.232733029968665517e-01
-4.221499945536612564e-01
-3.943554702730340811e-01
-5.435695322339455515e-01
-5.009542074275976642e-01
-5.490497798350821856e-01
-4.645127552821053385e-01
-4.404118133727319973e-01
-4.890175057283387416e-01
-4.837221864286844752e-01
-4.416933434608782960e-01
-5.733950418862223675e-01
-4.248116291368826958e-01
-3.868922572813517369e-01
-4.960353642041259170e-01
-4.498602322036200918e-01
-3.959791027300938460e-01
-4.325511358692708530e-01
-4.823325121912643287e-01
-3.344806455142923518e-01
-4.171874690283803311e-01
-5.397659220901604993e-01
-2.947777114963658907e-01
-5.086891466327979616e-01
-4.755959648364400660e-01
-4.920470456889224908e-01
-4.406785989898010514e-01
-4.057999179448316673e-01
-2.698205036958567504e-01
-3.800268669001263255e-01
-4.918378148579139464e-01
-4.341297371645908565e-01
-4.689592047555110055e-01
-3.829880615498861829e-01
-3.589223786993724352e-01
-4.026253991788249498e-01
-4.844072102563312110e-01
-4.404709910716266275e-01
-3.638977832606469232e-01
-4.389603664822697149e-01
-3.673590335436602849e-01
-3.410189119719462814e-01
-2.574177166897622104e-01
-5.097543684549359355e-01
-4.492601428532051466e-01
-4.314217150031465775e-01
-4.374058651542156451e-01
-5.533723101550354073e-01
-5.526508140238868272e-01
-4.132979818320058896e-01
-2.413536813312239238e-01
-4.236669631077805698e-01
-5.553196300664869911e-01
-4.188259374171964811e-01
-3.120251398615966898e-01
-3.135631503713097734e-01
-3.628180055931315429e-01
-3.179562806080046822e-01
-2.838575718371137424e-01
-4.630869466222007902e-01
-4.258579183316201777e-01
-3.114163662048963777e-01
-3.363680691962205871e-01
-3.621925894490743980e-01
-4.491914106590701450e-01
-3.001921767834291321e-01
-3.360169347757402947e-01
-4.495637609906030785e-01
-3.658983176456566122e-01
-2.341903713576167501e-01
-3.945403184376753414e-01
-4.106471398039134857e-01
-2.713900142893258538e-01
-5.140655147127933811e-01
-3.621364815414703786e-01
-2.997375632089732678e-01
-2.986707584042420649e-01
-2.891711111176455962e-01
-2.581542227273719847e-01
-2.899669130930591088e-01
-2.711488088347494552e-01
-2.346020940558856127e-01
-4.500627917265587197e-01
-2.407484474730368362e-01
-1.307883897401496687e-01
-4.585694825735187607e-01
-2.299128803281511035e-01
-2.071945744613956641e-01
-3.279759305140204639e-01
-2.041251876071007998e-01
-3.690884720144220199e-01
-2.763919930751160270e-01
-3.011840353547970417e-01
-2.422207476871314213e-01
-2.999718167741731167e-01
-3.782916992684252633e-01
-2.211413209574426553e-01
-1.960022654144322751e-01
-2.271334093124793285e-01
-2.932107532200363686e-01
-1.312868634955659530e-01
-2.265674085335167287e-01
-1.756645956710822520e-01
-3.202381180005400840e-01
-2.673939635563658546e-01
-1.821241982480428234e-01
-3.782915445636417240e-01
-2.980105841842133341e-01
-3.928454965995956671e-01
-3.882771917437356501e-01
-3.650636095703688189e-01
-2.459837324863695385e-01
-1.985886185428984152e-01
-3.288374385718212389e-01
-1.674233407334971280e-01
-2.180307071240329408e-01
-1.423622446631464256e-01
-2.980537696972335171e-01
-2.840785271076839980e-01
-3.162939434162882479e-01
-3.693857425778236947e-01
-4.352244851270774539e-01
-1.908891815828881455e-01
-2.363840452440676976e-01
-2.280565427134670087e-01
-7.677958870803486269e-02
-2.530403641623576450e-01
-2.636934836326533249e-01
-1.932033391148919865e-01
-1.983644379464661878e-01
-3.017434109434471989e-01
-2.577542761582654607e-01
-1.782033005869041176e-01
-2.137515855342643489e-01
-2.043971212316965658e-01
5.176562441960660781e-03
-6.670097493342087847e-02
-1.530944203159266270e-01
-9.194776531936506292e-02
-1.944343107897089085e-01
-3.123717425866612274e-01
-4.312827269071684705e-02
-1.461336996108212327e-01
-4.990893954175303765e-02
-3.194812886976564625e-01
-1.001758618850750182e-01
-1.739383324045512269e-01
-7.382306072393028662e-02
-1.010756674667774024e-01
-1.713616086810030859e-01
-1.535151751594246716e-01
-3.063497134618679008e-01
-2.456652304609599213e-01
-1.674476202539272318e-01
-3.107686979185129150e-01
-2.264585242759565575e-01
-2.269062051163351357e-01
-1.176946401895306582e-01
-1.353809995723602444e-01
-1.560882605839669646e-01
-3.513354660324564116e-01
-2.165979419153850338e-01
-2.415996546901996445e-01
-7.410666324228060153e-02
-1.877347126792027476e-01
-1.389399492739802344e-01
-6.472010460945565313e-02
-9.043136243197753832e-02
-1.875259355489896085e-01
1.883945638073734191e-03
5.216722849961323571e-02
-8.471040140627959791e-02
-1.029072220311496449e-01
-2.970934353199657929e-01
-4.362245993511566777e-02
3.977163284656588110e-02
-1.945005202946906708e-01
-1.156615574711617779e-02
-1.527113215999659768e-01
-1.068957555445676916e-01
1.839556956227901205e-02
-1.303080130824027238e-01
-8.238953694137048089e-02
-1.250768626740839939e-01
-2.341816661340757055e-01
-1.524484170111815029e-01
-1.267224727894846747e-01
-9.644755357750157965e-02
-1.635796576430590191e-02
-1.255881682902121876e-01
-1.707420524212539537e-01
-2.567940224145414188e-02
-4.849249776262082312e-02
-9.233208777543253087e-02
-9.335320067730019933e-02
5.762261337956677693e-02
-5.357961597708354312e-02
-2.480220851409850255e-02
-1.558557574194323614e-01
3.558705731299673276e-03
-2.677243813401795902e-02
-5.870186170686976512e-02
-1.799619589570536637e-01
-4.940641751248075336e-02
-6.331620513816363371e-02
-1.939343718898681734e-01
2.841319557851568547e-02
-2.473189524777349713e-01
-2.515716125940845038e-02
-2.963613873500876572e-01
-2.737837002042325593e-02
-1.674045207105952782e-01
5.097282241872304331e-02
-1.423770398468284237e-01
-6.617669099857763360e-02
-3.177875902778679040e-02
-1.329180468940817650e-01
6.088932048542920750e-02
-2.637619127502571076e-02
7.759389206487384005e-02
5.731121724969329839e-02
-1.767275011512200733e-01
3.492551231531176165e-02
-2.384830782027926588e-01
-9.773750209353818108e-02
-1.464199748748574482e-02
5.879897617865745794e-03
-3.855749730536271128e-03
-5.427175822630545508e-03
-2.681928764551377506e-02
-3.323440328022813500e-02
2.620587385992293253e-02
-1.586172222477473248e-01
-3.851573137613219927e-02
-1.334603136036667526e-01
7.431468040670445585e-02
-1.440456364156731950e-01
1.180606275504203079e-01
-4.672210598791642217e-02
-5.544454056603504571e-02
-8.570520825434306544e-02
-8.721870904469461450e-02
1.359207517746081895e-01
-1.761460747428638118e-01
4.076737900514130347e-02
9.768991873696056261e-02
4.958833124472852329e-03
-3.736805172838457423e-02
-7.981959694096128766e-02
6.001958845683300764e-02
-1.125907224106495463e-01
1.517243901010022558e-02
1.581914761389939805e-01
1.596730569145867751e-01
-1.243985257135028603e-02
1.075709177365358205e-01
6.589704420987956002e-02
1.899565288959364773e-01
8.465897031533509143e-02
-3.077062131904037198e-02
-7.624630508458866973e-02
1.156797119669651236e-01
-2.494787251052156540e-02
2.764239671024268721e-02
5.033697430093357628e-02
1.586703873168565648e-01
2.577539495922110888e-02
9.425066149704595941e-02
-6.613265138742842331e-02
1.080274046436739827e-01
9.619334853628162818e-02
8.938646355902944707e-02
1.042796341368302515e-01
-2.876285965661410857e-02
9.106517777672619440e-02
1.222490657459291280e-01
1.842077835314913092e-01
1.445358777870563993e-01
1.812182627081808384e-01
6.668090765423502486e-02
9.045100966814623167e-02
1.314450121578881747e-01
1.626453032128456072e-02
-1.156305884168377061e-02
1.050781026491952458e-01
1.564255095081826807e-01
1.835798119259027528e-01
1.965095225248644495e-01
5.991364432489958147e-02
1.836290983107120509e-02
1.111557319373746577e-01
5.911337958920123009e-02
7.161592163500288266e-02
2.572102929727941856e-01
-2.075828259480541962e-02
1.823490922336622189e-01
1.679548810012699289e-01
5.631148593894311910e-02
1.423719525354819881e-01
1.329772453540929988e-01
-3.123257955607519620e-02
5.309070160868765292e-02
2.572015917056598780e-02
2.318841388037411744e-01
2.142567194704542155e-01
8.915639302504523023e-02
2.018993174018542114e-01
2.267782534365139768e-01
9.751451948613529264e-02
4.196174111137464940e-02
2.391346163808154013e-01
4.561288899557938009e-02
1.738335509447355709e-01
2.151004203874981036e-01
1.881387832278635652e-01
-1.705619924794548117e-02
2.209548045539905248e-01
2.740516336597580427e-01
9.840407085936346554e-02
1.817760479955132236e-01
1.147432230183416668e-01
2.329216503752875866e-01
1.801621027512709527e-01
1.212407539595740102e-01
1.619322954034612405e-01
2.454716640353339363e-01
-7.755668675719920580e-02
6.985115892740770271e-02
1.345510098159478918e-01
9.229343744897480772e-02
1.282429973158497882e-01
1.956384700913194330e-01
2.864412896022652255e-01
9.939179893819531653e-02
3.194504101483819358e-01
1.065093988629241401e-01
6.526174713460908272e-02
2.387847092618639588e-01
3.793797239513953534e-01
1.791868004241645995e-01
2.388976411670573619e-01
1.288806602739175078e-01
1.850853229957510615e-01
1.489103989471795286e-01
2.598278785154294890e-01
2.297993861771883972e-01
2.043023985803610609e-01
1.976479323615850936e-01
2.565585263849788356e-01
1.887844728007533890e-01
2.682911264158866493e-01
1.403000408521350162e-01
2.650602559244087386e-01
3.553138444708688892e-01
2.967501242396339278e-01
1.698871982083574594e-01
1.668080074271984792e-01
2.417615590309418194e-01
2.273164501541231342e-01
2.665297674375922132e-01
4.041104835190287292e-01
1.449032780787251617e-01
4.735017567413660894e-02
2.974646920287066787e-01
2.645338298978405778e-01
2.495534198862875142e-01
2.579158307144319151e-01
2.646530256000386716e-01
4.281195005553652955e-01
3.002439654349969289e-01
2.159110971917528876e-01
4.600584437980862473e-01
2.032882845264387395e-01
2.999881375417940976e-01
3.073695217886788789e-01
2.707943003783267466e-01
3.827101236626074265e-01
1.977669264771182156e-01
2.004805821147989942e-01
2.441648362570807418e-01
3.178475515156748976e-01
3.056643038805281209e-01
1.839944365261380055e-01
2.981916865342309486e-01
1.296581527661768429e-01
3.260416375559541113e-01
2.749466273983126596e-01
2.466638338502183669e-01
4.274428018429318743e-01
3.407019211570779249e-01
2.598950063785608888e-01
3.678255482493929251e-02
3.335114341700792240e-01
2.859778546682065214e-01
4.029457247935572806e-01
3.885859971904804810e-01
2.326573402751427322e-01
3.723764994062863098e-01
2.211017543915441141e-01
3.485290017322987821e-01
3.797048528922075117e-01
3.182282474672851191e-01
2.837031562073574764e-01
4.015916827431210145e-01
5.149584524307913025e-01
2.427704096845548221e-01
2.104338743356680141e-01
3.984091613015070532e-01
4.143489107700391583e-01
2.951318044625168557e-01
2.898405025111818745e-01
4.066054915329628816e-01
2.880711171182497310e-01
4.764570555429860077e-01
3.533575277121451252e-01
3.778246571196112735e-01
3.852836224348679672e-01
2.988084460103089257e-01
3.517734145006911617e-01
3.921137797567167405e-01
3.414792198924680999e-01
3.148235430101873344e-01
1.729230766282026099e-01
3.052325873964314429e-01
4.193264423031527466e-01
2.334432743380172592e-01
4.740521738834369003e-01
3.836704861877875405e-01
4.690040923758772573e-01
3.979846129325985138e-01
4.765100477171712035e-01
4.563579923540249661e-01
3.086295467693473960e-01
3.865173302710053216e-01
4.839019208747553091e-01
4.504740953505091405e-01
4.569353305982028490e-01
4.137304531809130603e-01
4.146426568990234651e-01
3.946641552472762160e-01
3.554824690705895573e-01
5.446208129002020337e-01
2.886473768714962196e-01
4.475497320862497630e-01
2.634299409503603751e-01
3.529546863686298663e-01
3.229205572565446158e-01
4.110096891878970427e-01
4.363509079494917176e-01
5.881052611498220895e-01
4.156321220515941661e-01
3.863323678495695912e-01
5.322878862029485347e-01
4.591945296624936890e-01
4.706571616740427011e-01
4.576142414035205275e-01
3.501797191386009089e-01
3.165543887360491859e-01
4.771429319062986951e-01
5.141209474217567355e-01
3.127310690313218067e-01
4.621882801749204739e-01
3.257324958169114937e-01
4.313319092133882093e-01
4.881411623237251751e-01
5.737439410840774467e-01
4.726308822477333083e-01
4.084220113122642992e-01
4.836020917490731486e-01
5.196993044638489323e-01
4.573785838964120054e-01
5.034085382534727593e-01
4.486945476175481229e-01
4.810190907185240561e-01
4.265855957877863758e-01
4.054538112434531438e-01
4.396288633531653112e-01
5.795147493037779984e-01
3.916546957225036096e-01
4.184575297557242002e-01
5.075805401233691727e-01
5.961201250611180003e-01
5.790956609734507765e-01
4.717791682822806698e-01
5.527232430164655819e-01
5.805425288243698523e-01
5.685832866497159133e-01
5.917968185048769758e-01
3.724919647638794684e-01
4.607341723940466816e-01
5.686160710967854692e-01
5.244745484963365678e-01
5.471074724065713157e-01
5.411365226271835915e-01
4.753268124935552952e-01
7.863509445532133046e-01
5.148831966836976415e-01
5.153223295159817807e-01
4.355797943907920855e-01
4.597355363739898948e-01
3.726839955731284237e-01
5.426107780896420874e-01
5.984113460099528270e-01
4.569750103791693219e-01
5.769115715640884545e-01
4.965382817979402952e-01
4.117901481245259121e-01
5.554231283574782019e-01
4.917151452135027356e-01
5.362194682013561309e-01
5.244941795059948619e-01
5.806110271423060576e-01
6.375883527808202667e-01
5.436724751285531010e-01
5.175600491489966704e-01
6.028194258301142749e-01
5.855767831246759814e-01
6.023650541439132811e-01
5.928279431006270306e-01
6.935030642098996001e-01
5.961828808501662413e-01
5.541859433214244568e-01
5.253655428984379538e-01
6.668140830094971827e-01
4.751090734846394326e-01
7.373340674285218110e-01
5.570283940642881682e-01
5.964357246690269454e-01
6.712851457067311456e-01
4.998387594032074333e-01
7.087482577754397051e-01
5.540163734139994522e-01
5.015742113572508876e-01
5.840613375388078454e-01
5.042488654991862385e-01
6.016588598197883941e-01
7.011190568401034495e-01
5.324167925024096970e-01
6.316307976617508979e-01
6.596588460579794200e-01
7.390229272220478762e-01
6.695881150531738379e-01
5.895582563147312438e-01
5.773544987199198397e-01
6.258753595501888034e-01
6.194712346358520749e-01
8.251590912254987975e-01
6.500745272838399647e-01
6.001202908865173047e-01
5.774391958690354709e-01
5.599998466341278291e-01
6.406430523247027553e-01
6.209882406713750358e-01
5.807065188568593106e-01
5.247066418345345262e-01
4.288384785911651398e-01
6.363374676041667621e-01
5.659518939626486667e-01
4.758444190582130640e-01
7.270663488888365888e-01
7.906014254198844293e-01
5.929138604051202854e-01
5.865405050408375454e-01
6.968119271800020664e-01
6.354633085357882516e-01
6.078249715616261817e-01
6.339483169593904677e-01
6.741879923158670129e-01
4.725754140005781756e-01
6.619442269442307181e-01
8.302926935478688319e-01
5.344346796976855440e-01
7.772855601049725172e-01
7.385927440917063880e-01
7.314100687485503016e-01
7.006912895576075107e-01
7.718017681481116332e-01
5.941140969682963124e-01
8.471432302479018350e-01
6.894358394756607833e-01
6.196578725952303079e-01
6.208457849470835344e-01
6.518892136708112073e-01
6.481772719034446517e-01
6.954100969433479884e-01
7.280988865838657897e-01
8.489049094560653375e-01
8.476487148509822545e-01
7.909619987032203703e-01
7.379580298427906859e-01
6.979174536914000138e-01
7.281570894374603808e-01
7.401793342622002836e-01
7.084453892111446383e-01
7.335911418689241570e-01
6.484758865205231260e-01
7.657400908038798359e-01
6.441427403948172259e-01
6.883151823749459330e-01
6.470044710224679418e-01
7.299711986029400190e-01
7.695657921244264399e-01
5.808473609625043332e-01
7.051726543235418143e-01
5.635467874613818706e-01
5.794705807622301252e-01
6.862525780953323551e-01
7.923487488195024575e-01
6.415941856604832072e-01
8.489832552208019800e-01
8.679524410332318807e-01
6.664093684654081029e-01
7.158890926288125067e-01
8.064613850089925595e-01
7.104225134613872950e-01
8.398625833388556616e-01
7.241125267654759945e-01
7.402728726994539654e-01
6.254675541806746786e-01
6.760428303485709334e-01
7.487978429340561570e-01
7.275150783134962662e-01
7.055914214059215706e-01
7.264381400763461061e-01
7.908480127648834790e-01
7.848342360134762385e-01
6.955976817347303554e-01
9.279915352929790640e-01
7.806601947729518987e-01
9.229206990155969237e-01
6.042702464576501509e-01
7.134507870998845203e-01
7.604267460656048971e-01
7.585313363421661847e-01
9.421733568370956879e-01
8.681251195613987059e-01
8.193093603438411643e-01
7.092503464518025158e-01
8.922451582125474623e-01
8.154170971111889266e-01
7.532554337365783281e-01
7.726017355128205200e-01
6.851310581635343677e-01
8.329015043024476928e-01
8.831227208305021392e-01
8.592391157737496732e-01
8.747109863799913398e-01
7.498219257419885819e-01
8.154219100582900115e-01
8.720570705348771323e-01
9.150891108593328660e-01
1.055111760627484241e+00
7.490427400506455280e-01
8.278441916810792556e-01
9.009372551071308521e-01
8.175924954266086120e-01
6.766812525953265212e-01
7.326924294071937016e-01
9.144573146733396829e-01
8.466460290379710374e-01
8.444006985383508690e-01
7.958484625421790026e-01
7.738029250810565252e-01
8.909779301420280850e-01
7.721403766757952702e-01
8.816138946627618544e-01
8.374806476177723003e-01
8.339246303712043451e-01
8.417427370194594527e-01
9.349842585810931306e-01
8.837672403190158787e-01
8.602541923319081407e-01
8.395047269018733882e-01
7.990060394751514750e-01
7.678371438868626386e-01
8.171844981993181545e-01
9.126011141765182355e-01
9.917427749752424360e-01
9.231590637695372692e-01
9.290284441151615002e-01
9.811265289040661530e-01
9.017956111958894683e-01
8.998496044053178045e-01
8.767683882038876941e-01
5.920197089087587683e-01
9.178910357489580285e-01
9.476671981774223985e-01
8.727656787461929300e-01
8.187878077631866036e-01
8.857306930799900835e-01
9.111823737168408543e-01
9.918705996038315043e-01
9.690590785178047062e-01
9.494947920649831063e-01
8.379761142472309521e-01
8.580779132114103591e-01
7.263620033240760776e-01
9.944761737130290991e-01
1.056319312483929185e+00
9.797172119523382960e-01
9.480694581007721444e-01
8.196707021880511590e-01
8.897214377511913908e-01
1.005763075023098363e+00
9.641795149939632603e-01
9.229983955990830324e-01
8.595605775673634819e-01
9.596643768795497520e-01
1.095083343396199282e+00
8.524466989290151453e-01
9.598304694380632718e-01
9.625052834120482181e-01
1.011200400422778589e+00
8.672347148131086536e-01
8.342998288380243377e-01
9.644578469974071089e-01
9.568755347307793535e-01
8.958012605389741312e-01
9.040518358688536260e-01
8.820560036376269286e-01
9.737435176457652775e-01
9.849107094816506036e-01
9.651526917717189180e-01
9.782976241260739059e-01
9.410504443391205509e-01
9.591866264619945959e-01
9.463029662666256892e-01
8.651272600514167133e-01
8.689467036957427837e-01
9.939908164030287763e-01
1.024911938247671461e+00
9.991111604747533459e-01
1.013111910679700189e+00
9.572570785986863617e-01
1.003327060888056232e+00
8.428380256707677098e-01
9.395061016076665661e-01
7.947991223154289298e-01
9.904778621077137135e-01
9.585181431423482890e-01
9.525989433054156130e-01
