-8.737517629308403366e-01
-1.126136180765274331e+00
-9.392238495172742230e-01
-1.013288159277339950e+00
-9.524094879991181761e-01
-9.811844094671002825e-01
-9.645364458934188034e-01
-9.667433448943885121e-01
-9.586672421006178224e-01
-1.004042356151686022e+00
-9.678622950369694111e-01
-9.998315268225008712e-01
-9.948315717934316238e-01
-7.395637455487188427e-01
-8.998877925187227511e-01
-7.550388270792272039e-01
-1.019716162031447659e+00
-9.620770162351466315e-01
-1.008475931116796120e+00
-1.150648260747389351e+00
-8.511725306451630724e-01
-1.012026297873470870e+00
-1.014107027940708061e+00
-8.138009328605083637e-01
-9.504048136769808197e-01
-8.962705437929406882e-01
-8.961684498900335250e-01
-9.058501176778775976e-01
-9.755974203437701719e-01
-1.047883474512192992e+00
-1.008862355676676925e+00
-9.482923089476458234e-01
-9.675011601925898042e-01
-1.005346507222130592e+00
-8.801914138380341202e-01
-8.734410100799472332e-01
-9.017021122467915317e-01
-9.965011728206886188e-01
-8.751943081850911410e-01
-9.598663415827980439e-01
-9.580518469952796767e-01
-8.809406701365547487e-01
-8.763332142007509429e-01
-9.266909721288991708e-01
-7.254239335711647474e-01
-8.573896877855724519e-01
-8.928002385524455020e-01
-8.897317001048221652e-01
-8.540264678250280017e-01
-7.342416226200393359e-01
-8.939238843323430439e-01
-9.254930900214582978e-01
-9.763114622771595918e-01
-8.694770056079897946e-01
-1.038949481819170018e+00
-9.688571241964407665e-01
-1.092935424291890500e+00
-9.237474392739575269e-01
-9.859339666279797187e-01
-8.534427574002132477e-01
-8.328941568495129566e-01
-9.602207662314752312e-01
-1.011310286499714550e+00
-8.360163455061143667e-01
-9.838448492207263474e-01
-7.844365511991439055e-01
-8.493078391975066310e-01
-8.471754799287637416e-01
-8.289080385949634255e-01
-9.593538265600890513e-01
-8.874714351929863243e-01
-6.902351423582685497e-01
-8.176843326265080814e-01
-8.006439224664121390e-01
-9.358442329282435912e-01
-8.350913702456885801e-01
-9.297423956507806508e-01
-8.695909351411390542e-01
-8.267067650941212209e-01
-8.154335183530171394e-01
-7.507770840870235940e-01
-8.170286468749009545e-01
-8.283599950895276232e-01
-8.192212799456904948e-01
-1.006294667918709917e+00
-9.424440976948584847e-01
-7.766572853707616186e-01
-7.899193651928464455e-01
-7.971789351827935910e-01
-9.129510662574934488e-01
-7.275116952573086326e-01
-8.895819721697582061e-01
-8.825547911570619242e-01
-7.456643569620335921e-01
-8.148417445088254052e-01
-7.961548733782596310e-01
-7.629007089585477797e-01
-7.420120254924527092e-01
-9.275776711946160935e-01
-8.412630740362639914e-01
-8.437026610429029239e-01
-7.362564844402774700e-01
-9.188489067610956518e-01
-6.968258173553125712e-01
-7.604193327247732448e-01
-7.230758359875885111e-01
-5.797456604084941789e-01
-7.989598863944727958e-01
-8.705322296579874886e-01
-6.691082408531796588e-01
-7.841756372163752875e-01
-8.112152085193259365e-01
-8.503760925197009213e-01
-8.716032195557613660e-01
-6.295229209854579233e-01
-7.385593470510110059e-01
-9.137857070065908971e-01
-6.770616491517839064e-01
-7.347647604033893387e-01
-8.901885829881578394e-01
-6.653224128510681901e-01
-1.002849966613208688e+00
-7.642121070917788916e-01
-7.928775825963542134e-01
-7.032315121328341911e-01
-8.526029110064353711e-01
-7.552045935826762202e-01
-7.986342087521337563e-01
-6.570713888661766644e-01
-7.493136097061148249e-01
-6.150714493698432594e-01
-7.070729582696891891e-01
-8.327107481603877037e-01
-8.246876269885692334e-01
-9.555898034480696523e-01
-7.470392588509422449e-01
-9.407113644398670260e-01
-7.057152797344665718e-01
-7.232020028310300885e-01
-4.709662204097830873e-01
-6.970587512704684574e-01
-7.315090739247763763e-01
-6.455306593864752474e-01
-8.410606005423250098e-01
-6.867478135108775472e-01
-6.652986640429051635e-01
-6.480792572205584801e-01
-7.400352356435683232e-01
-5.138955458443773550e-01
-8.202740114103731495e-01
-7.637847172273440899e-01
-5.739576843138846085e-01
-5.762944804795462339e-01
-7.497493515806552544e-01
-8.066016287347382852e-01
-7.208113395195725470e-01
-6.528220630393106738e-01
-6.242076698899705622e-01
-7.034817779204493027e-01
-6.089901073755077388e-01
-4.800853210513863489e-01
-6.751454125681722873e-01
-6.460662772249240460e-01
-6.821814452622330105e-01
-6.752628765225936469e-01
-6.962112683761756404e-01
-6.769597985474664625e-01
-6.125312928903723364e-01
-5.530983888577710728e-01
-6.992335304560194364e-01
-6.275458107132091401e-01
-5.873689054600848003e-01
-7.611532035790457007e-01
-6.584162200223606654e-01
-7.062601859867957410e-01
-5.938601123635877110e-01
-5.869978092247277734e-01
-5.824737962811208369e-01
-7.041329236972623251e-01
-7.386653279161652375e-01
-6.444285422036017952e-01
-7.318584097630289609e-01
-6.204806217813149116e-01
-5.339704431926569628e-01
-5.871300699617398866e-01
-5.381535478487118329e-01
-5.736059730430784764e-01
-6.400432856618989419e-01
-6.173464666403026824e-01
-4.729500140274631170e-01
-7.277090760373904343e-01
-6.422707522789029566e-01
-6.356781823902950546e-01
-6.066131293640857347e-01
-6.214822991164187238e-01
-5.308620505609331630e-01
-6.746388468917979830e-01
-3.978595154087092300e-01
-5.969936559093458328e-01
-5.982857006648462095e-01
-6.413715184800642399e-01
-6.775073004581565472e-01
-7.305519744339895594e-01
-5.658274808466784433e-01
-4.246558133848006844e-01
-6.256478718702348507e-01
-4.663820535955063296e-01
-6.426960089888790195e-01
-7.856032497262013248e-01
-5.297343640524854180e-01
-6.923610785446029370e-01
-5.716505022572196948e-01
-5.797321988012937855e-01
-5.016057004030701760e-01
-5.703972548226613482e-01
-5.402442955371815625e-01
-5.058379714281331374e-01
-4.932385893438336333e-01
-5.511782957750342993e-01
-5.041312343658779227e-01
-5.725832627694971144e-01
-5.371885461273339102e-01
-5.769983434776387865e-01
-5.664004030730609429e-01
-4.800526712087712644e-01
-3.781720915160743934e-01
-6.686970669494715080e-01
-3.007714969952745565e-01
-6.941768574111439882e-01
-4.846779821404064714e-01
-5.894553827726700668e-01
-4.903791806684618115e-01
-6.763267099996395082e-01
-4.905282503892605117e-01
-4.992166944755135338e-01
-4.844309158053782260e-01
-4.596697321566819427e-01
-6.616852416532680303e-01
-5.486769730383168620e-01
-6.118210085520062735e-01
-5.077134049496859758e-01
-5.391446523988280282e-01
-6.123604969571607715e-01
-4.243067728320285559e-01
-4.071406270770612235e-01
-5.196316722892584394e-01
-6.447333241028255779e-01
-4.990748569950518854e-01
-4.798113715741195717e-01
-5.646271768359094612e-01
-4.502749191130934747e-01
-3.826434121422135903e-01
-4.706333715509833371e-01
-4.946088401064974160e-01
-4.335835314407536223e-01
-3.837422951454373954e-01
-5.266392585645860436e-01
-4.228885060093443560e-01
-4.831647999474767974e-01
-5.959739982436411676e-01
-4.629761118195009906e-01
-5.603606770489736322e-01
-4.723574514153499604e-01
-5.555727406346816499e-01
-4.032788428314218465e-01
-4.487918327337917512e-01
-5.522840518364819928e-01
-3.705444879534001701e-01
-3.169406077191290194e-01
-3.763192600498952434e-01
-4.857456387455730273e-01
-5.261192951078961233e-01
-2.935082113611427457e-01
-3.898426390225107063e-01
-4.042917807786648998e-01
-4.351788953045692687e-01
-3.714635827804417811e-01
-4.379052381158800022e-01
-4.337138591934372456e-01
-5.558062241655413738e-01
-3.470314428388488470e-01
-3.507901953801579875e-01
-4.411954834144342086e-01
-3.455261999850183230e-01
-2.984430258138893177e-01
-4.418379520959241358e-01
-4.004869379000412510e-01
-2.995654664925506694e-01
-6.179889392664513759e-01
-4.257025087228487603e-01
-3.170894771865224726e-01
-2.945160840323949314e-01
-2.922340036954471643e-01
-4.435412580041199204e-01
-3.765772576241465108e-01
-4.029410040297298767e-01
-2.102418342507446636e-01
-4.309687933459954157e-01
-4.501795950446350614e-01
-3.895551503221594825e-01
-3.771844928567779642e-01
-3.194473267930362237e-01
-4.408061095864560519e-01
-4.788644299902169443e-01
-3.993787290673823653e-01
-3.467922534994937744e-01
-4.429958246090490159e-01
-2.596605886995958512e-01
-4.744469055027280002e-01
-4.646156693719833419e-01
-4.128833563172366050e-01
-3.238193939588261960e-01
-2.981191880992202781e-01
-5.242575586887573413e-01
-3.699898077869355206e-01
-3.498623101753782216e-01
-2.638822096118484395e-01
-3.707719011394302600e-01
-4.051156333111445296e-01
-3.730524174785651570e-01
-2.860742231962058457e-01
-3.610423232053365794e-01
-3.607697801137318971e-01
-2.120527613164024661e-01
-4.620056147975041272e-01
-4.555932215652929163e-01
-3.896834307355273030e-01
-3.510697564845777774e-01
-3.173391666071961881e-01
-4.128983298648572497e-01
-4.211923178634644493e-01
-1.964765219798328411e-01
-2.906608468625760389e-01
-3.881022245967213902e-01
-2.839642711433845723e-01
-4.882515972986323782e-01
-3.949949745601444295e-01
-4.483323145858643111e-01
-2.276183297691181384e-01
-2.352647859363768690e-01
-4.804245126008358513e-01
-3.702754395952789768e-01
-3.382632129958120792e-01
-5.129617814189391112e-01
-2.533484390063540648e-01
-3.312023957309126465e-01
-2.635278650618765317e-01
-3.155995744952915794e-01
-3.424568738441755578e-01
-3.039987014115167474e-01
-2.675154765975609750e-01
-4.069773785294536483e-01
-2.248974785602545212e-01
-1.523601556477949814e-01
-2.713616349320523979e-01
-2.639789029982715363e-01
-1.916404616918137016e-01
-3.543411746296357689e-01
-1.930215987173731218e-01
-2.670795199936136788e-01
-2.319734635791180777e-01
-2.500947580514214508e-01
-3.799674374087926854e-01
-2.076148845721362823e-01
-3.243719455306989241e-01
-3.961827127313110597e-01
-2.068606001054831556e-01
-2.537972459207828990e-01
-2.529882869882749130e-01
-3.120992203563143219e-01
-3.517400172578027395e-01
-3.042021589648328805e-01
-2.917316916734419840e-01
-2.822217977172060133e-01
-2.782628947042652401e-01
-1.952203262680478890e-01
-1.230088705086402334e-01
-2.653369964845406215e-01
-2.833424492118021276e-01
-3.146065148658324095e-01
-2.480432767700268548e-01
-2.121748405402988646e-01
-2.333856919943845185e-02
-2.918686837988877514e-01
-2.180385975097710871e-01
-2.988684769322258461e-01
-3.370454812241290288e-01
-2.075043915376491577e-01
-5.697951618390637712e-02
-2.055787543314774868e-01
-1.795241613588807184e-01
-1.928211663308705970e-01
-1.897353957597443241e-01
-1.535193510178174403e-01
-1.573715206799962130e-01
-1.939603555763047271e-01
-1.563363160025031395e-01
-2.683084125847605694e-01
-1.474733080083801828e-01
-2.202046311908946452e-01
-2.047074912234755351e-01
-2.699155979258238136e-01
-2.104828694672266909e-01
-2.563083723173385509e-01
1.031625256473987784e-02
-3.263593543648354300e-01
-2.673460289998967898e-01
-5.157497460939764605e-02
-7.120199340069072180e-02
-1.889028045686010349e-01
-1.885393155708757207e-01
-2.166049531144441653e-01
-2.098599104227832080e-01
-1.254462335473855161e-01
-5.589278895186892276e-02
-3.220156581018704944e-01
-6.787995047939962556e-02
-1.366855249282427076e-01
-1.811948859950580915e-01
-2.670659064894618240e-01
-1.045165685136019984e-01
-2.330170210819861032e-01
-8.401245073289538567e-02
-1.198333478993670181e-01
-1.018015123270249456e-02
-1.746448617939896086e-01
-1.622115310596137505e-01
-2.442286817985452330e-01
-1.174504195593610856e-01
-2.084151803166743033e-01
-1.836590556342596325e-01
-2.167050507215468047e-01
-1.444926228381976652e-01
-1.756780753432586328e-01
-8.748862766825110659e-02
-7.862512146759477460e-02
-1.516007084876514754e-01
-5.862780151063963496e-02
-9.412616770127299470e-02
-1.356799981585667114e-01
-1.050605195269256747e-01
-1.670183391034570641e-01
-2.547988710018477265e-01
-1.900925124573438763e-01
-1.438242243390385477e-01
-1.165658704962934111e-01
2.935994960426516545e-02
-1.413462734589203962e-01
-1.148826994546389285e-01
-2.373502768766026505e-01
2.828361238952983858e-02
-5.463176695911497321e-02
-6.682216004452001812e-02
-4.593655504245597321e-02
-1.570568526547783672e-01
-2.944278725188961277e-01
-1.552999346296265459e-01
-1.961439108909899254e-01
-8.349226731665380929e-02
-1.238882300676692055e-01
-2.003705489494181369e-01
-1.788329293735818615e-01
2.311333801504483407e-02
-4.824443930514470472e-03
-9.041475843450556826e-02
-3.883894656793294986e-02
1.631633279695541075e-02
-1.917943376913471831e-01
3.679505133346563234e-02
-1.472037398498517169e-02
-7.885510326223375225e-04
-1.706432371415985416e-01
-3.020122219293897362e-02
-5.927003378297463626e-02
-8.451858374617951530e-02
-7.183180123483286217e-02
-2.120527579975872712e-01
1.770662410047119193e-03
-3.223787590868917169e-02
-2.404867665909614025e-02
-6.139040981302373856e-02
-7.449764318923714213e-02
5.631022345141220575e-02
-4.654632651416330119e-02
-1.542353175742478266e-01
2.493266194311500455e-02
9.647991015718752894e-02
-1.435931189246411610e-01
-6.041715068016985379e-02
1.745957119420369144e-02
5.238488093621012504e-02
1.979640105217792337e-02
-2.661894110463506463e-02
-2.858189507004513241e-02
5.769312268296102053e-02
-8.308528109704012288e-02
1.757662090132779131e-01
-1.471423581082759689e-02
-4.179940524911853611e-02
-1.176504207701132704e-01
-8.467189244953317317e-02
9.083484160446710087e-02
-3.535119980950877927e-02
9.823401692184739742e-02
4.727157170374413769e-02
4.527670282555764508e-02
2.206424813699838991e-02
5.351768331632324183e-02
-8.911415264087235374e-03
1.034638373188497863e-02
1.163062196912971191e-01
1.557683556563407845e-02
-1.233284583395451439e-01
1.680775331083814161e-02
5.246182067635592194e-02
-6.765506350589314821e-02
4.014089671864564182e-03
8.463649964255125224e-02
9.567687780374435624e-02
4.433414965225938170e-02
-2.862528244300680536e-01
-1.821104077586776782e-01
9.067768471323725543e-02
9.053291024968034006e-02
4.510980508221442559e-02
4.193322518838611679e-02
2.001260480844317680e-02
-3.155605907339699423e-02
6.163027773459261310e-02
2.236132269026097977e-02
4.830309945471022992e-02
1.504326950393293505e-01
1.851785457151687575e-01
8.305710311606231966e-02
-3.183827383153060853e-02
1.178077079167741126e-01
8.892603426348967208e-03
9.009567169705577638e-02
1.548103889492357943e-01
-4.845480325241905556e-02
3.391910057625963787e-02
1.936645118417320843e-01
1.089237644316760900e-02
-6.553028128888825632e-02
1.162084070971636518e-01
1.747852741001055810e-01
1.910120932743197483e-02
1.693932221771840829e-01
-8.331948158431284890e-02
1.260941982491755320e-01
1.555148082782412643e-02
1.382536343424438929e-01
1.656045665470392558e-01
1.604209031859607781e-01
-8.520033961644003784e-02
8.364264679765970323e-02
1.069375884761870621e-01
1.179600751009855508e-01
5.768108674031834082e-02
4.042464334498666045e-02
1.915112678643690614e-01
1.298348186026389017e-01
1.677353407936235663e-01
8.368934618088680333e-02
3.161174236169382312e-01
2.139721413463585020e-01
8.098276338860112278e-02
1.144865934808295994e-02
1.811377524509548698e-01
2.684163546750827356e-01
2.146399918053150668e-01
1.218443857407165987e-01
-1.247653796188506747e-02
4.892912466890324275e-02
2.045657088897713249e-01
5.221013349342237125e-02
6.636296615876162430e-02
1.180868453599476925e-01
1.581867900811435301e-01
2.401781999006153689e-01
5.857433461866792118e-02
2.996171791675596441e-01
1.713944375393053332e-01
2.322315910628133528e-01
-4.025968512008164246e-02
1.940447231935775729e-01
7.151208381759945054e-02
3.033649863798730251e-01
2.677445333361154756e-01
2.293764247514459009e-01
2.651746616685612956e-01
7.616742215093742774e-02
1.035137603304898540e-01
1.370077008577917366e-01
1.456214892171996955e-01
2.010580680889732519e-01
2.668373254926398319e-01
9.616899243048840362e-02
2.882651321305289005e-01
1.879686036200065857e-01
1.496393478676926181e-01
2.224290078027692519e-01
9.425274482748653704e-02
3.463517482413522863e-01
2.909711776172517195e-01
1.121985698662931498e-02
1.033082150396790189e-01
1.802420904357316112e-01
8.088980674981366414e-02
2.400962144900516682e-01
1.054156252913469455e-01
2.100496038420568146e-01
2.679392645736662915e-01
2.669520845405096710e-01
2.941337891925426828e-01
2.567330000192259987e-01
3.193181002865757012e-01
3.011168141190435632e-01
1.470206165194965497e-01
1.748851921648558738e-01
2.611501826575506890e-01
3.305753411033162115e-01
3.055385022165761355e-01
1.634360594355161178e-01
2.123385606387031554e-01
2.472820178297685245e-01
2.852238082962734733e-01
2.683277399164333832e-01
2.859822144574641345e-01
1.332939896246952138e-01
3.097560023397389339e-01
2.271422503307945484e-01
3.231295566264891228e-01
3.831332968483904255e-01
3.019296332926587056e-01
1.501513555972170677e-01
2.789591674976918956e-01
2.009941109226094924e-01
2.702053779540312117e-01
4.144524294401815134e-01
4.110188929913286549e-01
3.274029654109784082e-01
4.086536187910460582e-01
3.169270512076826640e-01
2.065410793064612893e-01
4.706957385935907623e-01
1.789504226602325609e-01
2.817143807805018718e-01
3.750408355678473415e-01
3.262968271224925276e-01
3.994547449208372680e-01
2.511729299001878579e-01
2.335072614750761388e-01
2.936372630738208200e-01
2.719987090378232497e-01
2.907492033747694493e-01
2.818374444195917428e-01
3.802655751165903153e-01
3.774552995183427240e-01
4.081874535900676948e-01
4.814991526440915437e-01
3.761608441079040133e-01
4.237853135536454041e-01
2.840698085643467152e-01
2.748191247147994121e-01
2.503759195137112425e-01
3.023078666090713296e-01
3.258976818233592088e-01
4.109949177068936699e-01
4.629822180521708797e-01
3.112085565683933575e-01
4.613122025389413960e-01
2.575754310674245873e-01
3.905192346049515262e-01
3.393280521051441623e-01
3.598980587759413319e-01
3.763488086631422980e-01
4.838596373552688790e-01
3.307429266007326230e-01
2.699445878500244533e-01
4.895740357902023110e-01
3.491086430340991087e-01
3.670885318740836900e-01
2.452167957251094321e-01
4.892489668085076571e-01
4.301006212466471079e-01
4.287290312304640749e-01
5.326096326400008296e-01
1.697486368521831379e-01
3.039683792310530763e-01
3.544072247475728021e-01
1.658486744012164227e-01
3.156738038851141792e-01
3.587159425209914265e-01
4.147801346245468812e-01
3.202483811351259368e-01
4.580200697606868765e-01
5.192131258191553522e-01
5.019109447334161311e-01
3.595085871053594895e-01
2.975044578645465454e-01
3.473294167135033694e-01
3.134416899016340685e-01
2.941264515364779841e-01
3.412235761418021540e-01
4.549667272321322731e-01
4.887492626346378599e-01
4.668032581174395013e-01
4.546440718524967783e-01
3.262162922576677393e-01
3.799073041441710652e-01
4.797621706026738431e-01
3.901809207726421591e-01
6.105378811264864369e-01
4.733866299136356703e-01
4.895152484720327046e-01
3.904358229253463430e-01
4.063986002109935547e-01
4.564608454298746953e-01
4.384618396882823954e-01
4.311470823497971505e-01
5.042250743300228377e-01
4.083106600228382788e-01
3.865952053656441234e-01
4.403343691926988601e-01
3.519234108703075403e-01
3.555483309538318704e-01
4.057299682543140107e-01
4.046100006456822551e-01
5.250960320222829436e-01
3.767328904330970452e-01
3.580696532016457434e-01
5.016820491021282136e-01
3.247082002851745530e-01
3.545983380301697130e-01
4.118313100067966803e-01
6.355021209817469652e-01
3.917227090251911847e-01
2.848098938087347820e-01
6.677901728822809302e-01
4.096251376911378417e-01
6.333691109213280823e-01
5.870229119285877983e-01
4.944580281916954867e-01
4.772390031768350416e-01
4.827971491166236362e-01
4.412993814648230040e-01
4.151600226018403728e-01
7.788856658206937400e-01
5.897720530800095728e-01
6.063562013797754169e-01
5.584981543071398935e-01
5.662529662546472720e-01
4.554424576364101696e-01
5.694711202706130848e-01
4.847230154452509820e-01
4.401760026841877171e-01
5.528947900487030109e-01
3.645731411331890048e-01
3.361509031498786659e-01
6.881009845562880978e-01
5.079746123348286568e-01
5.870071149277085176e-01
5.629138222387418677e-01
5.690629039095815855e-01
4.862004747620615186e-01
5.285654052271140380e-01
5.756342284787491215e-01
3.335837310169479930e-01
5.471068468744142432e-01
5.855868324898678701e-01
6.115524938489281803e-01
6.257072482521798262e-01
6.609408510351779675e-01
5.645430046249076961e-01
5.700039178491026481e-01
6.157012656646693172e-01
5.714684478993041772e-01
5.717920156685296629e-01
6.015328889662059364e-01
5.174001392871503402e-01
6.407844020664029694e-01
4.948869823497888398e-01
6.771938039779622498e-01
5.269004571869286835e-01
5.776591011563184663e-01
6.570658056724482110e-01
6.324109500276299256e-01
5.510571194439569664e-01
6.791565119599001221e-01
6.037538348915291175e-01
5.392076411689495918e-01
6.353037972404663725e-01
5.781847821021045553e-01
5.957866643143812091e-01
5.404788146318755260e-01
6.683526241663122480e-01
5.895732278021243999e-01
6.012476319637741762e-01
7.100546481112184338e-01
5.652171959192552331e-01
4.412485017422635436e-01
6.105561415765238253e-01
6.006981264829467371e-01
7.115114925887918718e-01
5.265565048347801147e-01
4.451411250513522821e-01
6.856065364674572837e-01
5.301431479631264487e-01
7.040617912200223261e-01
6.536059542533675382e-01
5.211425495077343095e-01
5.011800581051401027e-01
5.374316866965225259e-01
5.839231703326995815e-01
6.691692714412892373e-01
6.434285085464139797e-01
8.184573593638277966e-01
7.769799371470895721e-01
6.349734206270580827e-01
6.555608326089544802e-01
6.567069096888781266e-01
6.378888172291380387e-01
7.406008585239755027e-01
5.615600376162300789e-01
7.472871864540138187e-01
6.476280904233242541e-01
6.815106237472564610e-01
5.234147769407757611e-01
5.325119556577552205e-01
7.726441462328406118e-01
7.439192744180000982e-01
6.934603130071852473e-01
6.579333489402269253e-01
6.760403386775755141e-01
7.226909421840057579e-01
4.619236315161515671e-01
7.825152456366291087e-01
6.656718401088910220e-01
5.741176353462537074e-01
7.589180224623528481e-01
7.065979299048718021e-01
7.193593555703267084e-01
6.466169004852019286e-01
7.754450976109023008e-01
7.002738479363820323e-01
6.157405856367844654e-01
7.044054699082007431e-01
6.242296673253996397e-01
7.719848566854591310e-01
7.241888136780735286e-01
7.386094618695034919e-01
5.698604320055717931e-01
6.717374734999355113e-01
9.261120805376994447e-01
5.853001323149299440e-01
5.832043667953881183e-01
7.075999355274091851e-01
6.191693797720967396e-01
8.865592718356651858e-01
6.797582577367885515e-01
6.517369784686714018e-01
5.157027729129757265e-01
6.157947501014343628e-01
6.401270453887484280e-01
6.725506290623139982e-01
6.548513624428141666e-01
8.327985975256086970e-01
7.860248069150455041e-01
7.297549393426588926e-01
6.751501806572135500e-01
7.934518876203707771e-01
7.366313857047772640e-01
7.625160017223142628e-01
6.738217964663272275e-01
6.630942180095776850e-01
7.901663838402385176e-01
7.158008648287166320e-01
8.462716750858060299e-01
6.340298787694307325e-01
8.167081000520652889e-01
8.467446742587450004e-01
7.546580931142200521e-01
8.073349209380382696e-01
7.047569735325328599e-01
8.074037951099346522e-01
7.004719585975084373e-01
6.774153408816715460e-01
7.161557897144762430e-01
7.871161121368724922e-01
6.365986793786061471e-01
8.658140707781117884e-01
7.838969825145671866e-01
7.535588918830810057e-01
7.705013826822925127e-01
8.536271697728807784e-01
7.378277963239215920e-01
9.142560574500526727e-01
8.053357775060483448e-01
9.888049172786582686e-01
8.138995154803887466e-01
7.570964185326003459e-01
7.051323514076278665e-01
8.182810989380997491e-01
7.184730265759118328e-01
8.507789661451041763e-01
7.125207744708995650e-01
9.280941946883732863e-01
7.722694832058570880e-01
7.720366235450684123e-01
8.733981150668010951e-01
8.206091968618077770e-01
8.720991534551220115e-01
7.888310355619423397e-01
9.424428882663660190e-01
8.647090932627128357e-01
6.235496837857906760e-01
8.311579513903346594e-01
8.565502612798800985e-01
1.009576979912918393e+00
8.749989956825703352e-01
8.933737720583465602e-01
9.091111171177759243e-01
9.266286717032227171e-01
6.562444007766522480e-01
1.077232343688659277e+00
7.037153072750212957e-01
9.499039055482106919e-01
7.625161157537800882e-01
8.794060992601839821e-01
9.900486487360828924e-01
9.754961765798860762e-01
8.191477137638237815e-01
6.618424441707968509e-01
8.892135276625223739e-01
8.792059940661773876e-01
8.695693755865995245e-01
8.157276718786774516e-01
8.300100147934090788e-01
8.836788948326806947e-01
9.042861111777841243e-01
9.491595424250470758e-01
9.623003055190145760e-01
9.255078368620127671e-01
8.802517177000058757e-01
8.205051340743219068e-01
8.941348453244173378e-01
8.433200426164224606e-01
8.091203852542094843e-01
1.057570409467088801e+00
9.807313536944484156e-01
9.028984310285399495e-01
9.033123493214267885e-01
8.058324490039263654e-01
8.939138171724034798e-01
9.394555535536177615e-01
8.302732601758369135e-01
8.690269936810776086e-01
7.909813868930646308e-01
9.524995032327275846e-01
9.815052333839685561e-01
8.710416825274800434e-01
9.315013904776237030e-01
9.296392937277040414e-01
8.983485993622667420e-01
9.498587525792511199e-01
8.496453763703257778e-01
8.273731762422155134e-01
8.907829236830314690e-01
1.020896474738038906e+00
9.210648172147716251e-01
8.952651756201351896e-01
9.301477262357411568e-01
8.127377028762661215e-01
1.052242980596485689e+00
9.278970100948269462e-01
8.823550746984967219e-01
8.870192450439775556e-01
9.459947634766180391e-01
8.572062893068714828e-01
8.905735824428152592e-01
9.733242421221873775e-01
1.046266158847301231e+00
8.840883167430472200e-01
1.021185513206855022e+00
1.112893850803211127e+00
9.786033605848437622e-01
1.005554644784370621e+00
9.633981665847373144e-01
9.684899911046945808e-01
9.873713976673984538e-01
1.041982816335680351e+00
1.150578944241734902e+00
1.013142454421684713e+00
9.067092991951640757e-01
8.483048039843071875e-01
1.171584841487214979e+00
9.234553596182744073e-01
8.826040261658359976e-01
1.064092710563995459e+00
