-8.472172748271754594e-01
-9.957373278756292967e-01
-1.164582442625722525e+00
-9.497071904547897958e-01
-9.852146522108348181e-01
-1.113303966514483712e+00
-8.310650668688021048e-01
-9.812657747523466645e-01
-9.259420817029913042e-01
-8.118824182087076569e-01
-1.052452450119577998e+00
-8.689875751439214424e-01
-8.258366366736661357e-01
-1.011750656632636414e+00
-9.438782140241597229e-01
-8.525200895674927004e-01
-8.779488072438006441e-01
-9.041139887226866678e-01
-9.270203759829008794e-01
-9.858525102075779145e-01
-7.503522302355650764e-01
-9.243988237227795945e-01
-9.637869873737365811e-01
-1.022243166269360293e+00
-9.144535301165267471e-01
-9.337854905982452269e-01
-1.017272552215038761e+00
-8.107971955213687520e-01
-9.287748089523252260e-01
-9.818029592134763783e-01
-1.104870532873729161e+00
-9.326026850280350056e-01
-9.906677838253469259e-01
-8.319836016364452469e-01
-1.054900240857870264e+00
-9.313247269140421114e-01
-8.203839410228804807e-01
-9.118581752609320468e-01
-9.373806141206042497e-01
-6.606607481027261253e-01
-1.018355082143042489e+00
-8.848878796113112122e-01
-8.861934285048059801e-01
-9.427532848794301090e-01
-8.980840690202449572e-01
-9.073579616651137325e-01
-9.909183185425622931e-01
-9.270376951988478220e-01
-9.624458070632055939e-01
-9.291557166901320830e-01
-9.568337797707211489e-01
-9.504178565213571295e-01
-7.471032958914544109e-01
-9.079738861488874102e-01
-9.240764653616378999e-01
-9.708192312176202599e-01
-1.043291168001215574e+00
-7.884140721016541509e-01
-9.075858218404995181e-01
-9.032315110893994747e-01
-9.014816062903627802e-01
-9.019505717206682816e-01
-9.005514611569865879e-01
-7.496901085047933400e-01
-1.022160104688535132e+00
-9.277206377219037181e-01
-9.035570964203282207e-01
-9.025060493439603926e-01
-8.334957032691843182e-01
-6.248685721205429200e-01
-8.095792710537054182e-01
-7.533529456071447195e-01
-8.449349718018546174e-01
-8.603004624683977530e-01
-7.582843470016328302e-01
-8.307084307591295902e-01
-9.663901895319323421e-01
-7.133431845048303632e-01
-8.437735727469188873e-01
-6.764551712576962750e-01
-8.626294531190206172e-01
-8.270487433949945677e-01
-7.420368664674276138e-01
-8.880242572115770727e-01
-9.089752428374540116e-01
-5.695066826851330477e-01
-8.765710218687418065e-01
-7.655681698171502569e-01
-8.415091962161588279e-01
-6.844308132281965440e-01
-8.469819171834086502e-01
-7.455168900007607125e-01
-7.448737307525609141e-01
-6.984061028295801554e-01
-7.654462241540488376e-01
-7.886335179707892884e-01
-8.598886747387272100e-01
-8.727220159303188396e-01
-8.229226555991505654e-01
-7.370813170525400970e-01
-8.859184791726517627e-01
-7.916094328323557416e-01
-8.619398998215407337e-01
-8.839699549729503891e-01
-6.804179800069596329e-01
-8.164112157101527378e-01
-8.170299934227277516e-01
-6.502834450221006701e-01
-6.003347972536441368e-01
-8.844016327786323739e-01
-8.956944079949102910e-01
-6.703859153198411525e-01
-8.004337632351971044e-01
-6.891419196934587266e-01
-6.628432822202863228e-01
-8.232310212234792424e-01
-7.236777867850371360e-01
-7.360562137996360388e-01
-6.306044868805743553e-01
-6.849193660015113760e-01
-7.608874098340937531e-01
-8.257819036996181250e-01
-8.002897182945543086e-01
-6.553362873543562284e-01
-8.457642298272085579e-01
-8.474139827146798254e-01
-6.816183942972741105e-01
-7.947722788592567200e-01
-8.953648023228761854e-01
-7.483727579902085258e-01
-7.949173055672360544e-01
-7.082367779329954427e-01
-6.631112327202421941e-01
-6.032044499925314218e-01
-6.193500774886917526e-01
-6.805174366384313389e-01
-8.456684025356344669e-01
-6.557639202994277605e-01
-7.055714678761562109e-01
-7.028951065813665577e-01
-7.044410204471177606e-01
-7.246169024711910378e-01
-7.290918898431864026e-01
-7.437382653389650322e-01
-6.960600251806916550e-01
-5.907108334813140349e-01
-6.846821537174340166e-01
-6.792218465174852948e-01
-6.800802354019082063e-01
-6.196692405988232233e-01
-6.413949532504185091e-01
-6.502898457779180408e-01
-8.039840153986861360e-01
-7.421542375953344983e-01
-7.476900961853152339e-01
-5.592415869437452614e-01
-6.481986357365612239e-01
-7.008408707583082542e-01
-7.075922677982698916e-01
-8.832485056924056499e-01
-6.008123764325224991e-01
-6.638402220696190126e-01
-6.608441482650186938e-01
-6.163406763190647508e-01
-6.558457185481730845e-01
-6.209874290018704279e-01
-6.296898912656657687e-01
-5.849495216515339102e-01
-7.236118596230382005e-01
-6.309643140007719087e-01
-7.795694310836633889e-01
-6.659455126560347438e-01
-7.955033053294543466e-01
-7.238165930554857352e-01
-7.039269717066674037e-01
-6.894469977903540103e-01
-6.751961896689754328e-01
-6.514764203663397923e-01
-7.035743311575528569e-01
-7.491867724750363999e-01
-6.247809936185946267e-01
-5.787079788697954141e-01
-7.255936938467162367e-01
-6.089104203607529353e-01
-7.073664308559194369e-01
-6.372835756395904827e-01
-6.667630224233680458e-01
-6.427960725737676961e-01
-6.777478227676027034e-01
-8.059305885629921562e-01
-6.283083563026705676e-01
-5.454849506645951251e-01
-7.114556042614088582e-01
-5.566227672246992775e-01
-7.034355952001253298e-01
-5.725642306173713836e-01
-7.891698419994251923e-01
-5.235528191902170114e-01
-7.086829006014903065e-01
-7.344297237123535993e-01
-5.475237042840497281e-01
-4.884407688270075432e-01
-6.531938199657579824e-01
-4.816812300637637878e-01
-5.722879747674262108e-01
-6.884729304233970781e-01
-5.457498134028940795e-01
-6.540994412403936531e-01
-5.248259546572603407e-01
-6.298620085572257388e-01
-6.331280390260697333e-01
-6.194580394801880718e-01
-6.919508372258496021e-01
-6.756619077447970634e-01
-6.218272494119214677e-01
-7.414870933068214987e-01
-6.536594921034631911e-01
-5.062775703599008414e-01
-4.731012977312095691e-01
-5.062496575028369028e-01
-6.457423661118206759e-01
-5.718452273067681224e-01
-2.917068183001614301e-01
-6.075642388860216236e-01
-4.843569653909701733e-01
-4.155552617722841902e-01
-6.196197511449129669e-01
-5.048311559747842292e-01
-4.611149195331691875e-01
-6.905564953336648104e-01
-4.955765580110790824e-01
-5.733982900894575296e-01
-4.217049863893795880e-01
-5.565710465642094151e-01
-5.674771029141847389e-01
-4.641516492664304883e-01
-5.150022536081771962e-01
-6.137930973549483582e-01
-4.682346357026752615e-01
-4.752030181988086133e-01
-4.626996593684073455e-01
-5.795656579146865051e-01
-4.573080618021120869e-01
-6.013540244267102652e-01
-7.684755988191669385e-01
-3.972374361653576713e-01
-4.086099881124253264e-01
-5.091938542469977014e-01
-4.117007532510881251e-01
-5.313189319881660433e-01
-5.870449400801548423e-01
-3.790130576772262061e-01
-5.806781268694203302e-01
-4.223900058555807857e-01
-6.065758191480764561e-01
-5.604009259297810797e-01
-4.270497882481204543e-01
-4.040584018295494406e-01
-4.473027943799232076e-01
-5.737135984729744287e-01
-4.181992504977656844e-01
-4.851827641234505162e-01
-4.095152625096360466e-01
-6.262693883609145029e-01
-5.639656681442164476e-01
-4.840380265570851104e-01
-5.712221937024705154e-01
-3.729541007452126244e-01
-6.152090182298197707e-01
-3.873373480402139690e-01
-4.936049041970697049e-01
-4.394455714189716145e-01
-5.365832561401275846e-01
-4.657943872269442731e-01
-3.553231530479044054e-01
-4.949699590028808216e-01
-5.713813180118487711e-01
-4.176280987124573740e-01
-5.154294124660289134e-01
-5.392404099429806141e-01
-3.590461910276903090e-01
-3.593531904440973590e-01
-4.616035328466244758e-01
-6.233245047229480917e-01
-4.385173977536656054e-01
-4.279775499328323241e-01
-5.293395950503066993e-01
-3.937235959311644051e-01
-4.693804425436802763e-01
-4.347180717708737374e-01
-4.037513390977146011e-01
-3.623400224203630615e-01
-5.768499954377893646e-01
-3.554637422392271651e-01
-2.942726304713979557e-01
-3.693935593224875746e-01
-3.817398551734113021e-01
-3.782907650671013533e-01
-4.792719512876125187e-01
-4.432675120518205225e-01
-4.038127048887131254e-01
-3.517096246776872381e-01
-3.903566024572864279e-01
-4.810737008140846260e-01
-5.040424022198400911e-01
-3.331383197338597668e-01
-3.802421787017998267e-01
-3.939141624837269040e-01
-4.958597505575137454e-01
-3.364346718760943267e-01
-4.299761771618648698e-01
-3.857151661388005248e-01
-5.766608000466949546e-01
-3.576406494769532318e-01
-2.254234348272143029e-01
-3.843231143112190717e-01
-3.579675190691402054e-01
-3.779130747717731609e-01
-4.219976484275793638e-01
-2.852614626210961402e-01
-3.490936488116968550e-01
-4.028419511362853478e-01
-2.113161442128191903e-01
-2.063992474802735511e-01
-4.773494278705288640e-01
-3.962785743896376500e-01
-4.609637272267091412e-01
-2.837969811046688329e-01
-4.527661703586072228e-01
-2.361128056593363167e-01
-3.705747168088775467e-01
-5.753829045511041906e-01
-3.273539810461073007e-01
-3.696869845527110954e-01
-1.949613817950676398e-01
-3.773252386941327585e-01
-3.082557868583149507e-01
-3.744114994154175702e-01
-2.496651340744961700e-01
-3.211070760910692545e-01
-2.621103997920022910e-01
-4.258126742345709204e-01
-2.201518902415788292e-01
-3.577985930497774025e-01
-4.391633206158749858e-01
-2.802325301956303250e-01
-2.044357783862401079e-01
-3.914380725302207265e-01
-2.961599998801884293e-01
-3.984874478915980123e-01
-2.460033206300973607e-01
-4.011895509259498227e-01
-3.172771554131467719e-01
-4.293830740056320261e-01
-3.375709164912280014e-01
-2.152566705431012417e-01
-1.806459776019017360e-01
-3.675330050964791262e-01
-3.711554294983752667e-01
-3.812002540291328789e-01
-2.126229338262463353e-01
-2.865352085904287471e-01
-3.545712530114170646e-01
-3.472145566875994849e-01
-1.994495331799759352e-01
-1.277920376402580382e-01
-3.129097137875274659e-01
-2.803330544485135301e-01
-2.941015023956151109e-01
-3.149847088656237415e-01
-2.223217087220526189e-02
-2.707338992464853877e-01
-2.493709910790171402e-01
-1.172997477354509738e-01
-2.049488909320303642e-01
-1.457954900802554965e-01
-2.921370128907921360e-01
-2.484383736589174385e-01
-1.439908517054057369e-01
-2.021236750589324171e-01
-2.236406501880674469e-01
-3.822065071269731829e-01
-1.763669510448829247e-01
-1.359865135550628046e-01
-2.210064340614373291e-01
-1.853319613815513911e-01
-2.480980228666702925e-01
-2.351688357119756656e-01
-1.969245570393078903e-01
-2.510624477020322876e-01
-1.563242177230335650e-01
-2.221587606388763791e-01
-5.373192445980013582e-02
-3.427199590224609960e-01
-2.828673080494002456e-01
-3.398754669055872868e-01
-8.588923539377647798e-02
-1.748841556750087289e-01
-2.740215091860014329e-01
-1.123660701842580795e-01
-3.108696934830665337e-01
-1.259863703481867991e-01
-2.867699085399312287e-01
-1.271716465740694302e-01
-1.983077533635824452e-01
-2.922633383927428774e-01
-2.827995245317719286e-01
-1.886827604917430956e-01
-3.352064970307958199e-03
8.811879912255152214e-02
-2.793256656236852709e-01
-2.125237890725559797e-01
-2.129527312427655639e-01
-1.311454757757671286e-01
-1.846635274786938286e-01
-1.999043655700337152e-01
-1.683319656815583654e-01
-1.157248209727960719e-01
-1.259818682826793212e-01
-1.569201852074592896e-01
-2.095535800149583017e-01
-2.715726928794218176e-02
-1.835123975027955490e-01
-4.712425024705369642e-02
-1.382321274672319300e-01
-1.871654647405016081e-01
-1.394947705104374047e-02
-2.166724905199633178e-01
-1.929202813487262691e-01
-1.575424912194347271e-01
-2.408160843974218868e-01
-6.464583497373216706e-03
-2.236895308963029738e-01
-1.072467949752398397e-01
-5.443758524339517568e-02
-1.656636649121183691e-01
-1.153850666955601595e-01
-1.552876222069188850e-01
-8.285112467481335619e-02
4.387641288627881775e-02
-1.235515334791473102e-01
-1.044750400421762260e-01
-6.137140713309555129e-02
-2.280253563968581698e-01
-1.957231971252048897e-01
-2.031820946031995534e-01
-1.369814337228385526e-01
-1.031262720780297543e-01
-2.543450263486458224e-02
-8.740735849090003340e-02
-1.645101622226113891e-03
-1.350646649437103330e-01
2.335628843993778261e-03
-2.110720159691722164e-01
-1.128133436039910620e-01
-1.927922516356776195e-01
-2.187895813256524880e-01
7.236796833870119683e-02
-1.446569993553591393e-01
-1.084700447665198630e-01
-2.944199201219831891e-02
-9.189690171577709343e-02
-1.582893682427188517e-02
-5.670790644752937010e-02
-4.520323726136065562e-02
-8.155444708831552370e-02
-7.281829792569953497e-02
-2.748120481591542069e-02
2.268605721441021433e-02
2.330419972620827868e-02
-3.362058375415134109e-02
-1.058594028638649570e-01
-1.335053901787130737e-01
-2.094654298513552726e-01
-2.055993675784711372e-01
-5.053272773869567358e-02
4.774195873464882889e-02
-5.610875511568752527e-02
4.725681348429570938e-02
-1.686944827686102932e-01
3.571962442888807626e-02
7.509378524915995279e-02
-2.301127377837196286e-01
1.511096377987982131e-01
-1.091286075827093693e-01
7.880337747800558734e-03
-6.211853963762986597e-02
-4.411978052219502067e-02
9.675791725570377644e-03
-2.003230829274084759e-02
-1.895613102094682173e-02
-3.558458488495106625e-02
-6.990456897532590363e-02
-9.720821471342630526e-02
-3.088252861556329762e-02
-7.218473484969053187e-03
-1.775723907081614705e-01
2.868240804120171863e-02
-6.624742424777727012e-02
-1.625554857376794449e-02
4.455353744011848749e-02
1.485853110170128610e-01
5.099352494935058960e-02
-3.805531925479477967e-02
-4.207632777153561682e-02
-7.027388606854623188e-02
-5.453839075438720457e-02
5.407279802196750945e-02
3.507072007666264118e-02
2.115729854577352159e-02
1.750040833341977020e-01
-7.397430390035514280e-02
-3.535398436062448663e-02
3.472918731011865462e-02
-3.534267980786300750e-02
1.517604833259828256e-01
1.416138757674271359e-03
-3.072041974347915899e-02
-5.156184010443289750e-02
-1.121855068833059639e-02
-8.980438714589536464e-02
-1.081649952165918659e-02
1.083944893500467521e-01
1.697121477548923715e-02
-2.344851858627019364e-02
5.314425763967537547e-02
4.921817873966728707e-02
3.946415390432676112e-02
1.619484787092537459e-01
1.009446356258932725e-01
7.878836114044880656e-02
1.425817370676086826e-01
-9.010918553171540224e-02
1.740502102439477894e-01
2.102563151522142404e-01
1.784005643042790301e-01
6.119783036900386386e-02
-1.132663414898651411e-01
6.838523798173457013e-02
4.564090385086978785e-02
-1.949977114635464623e-02
6.985789372663009367e-02
3.287465645477596898e-02
1.107665461930047723e-01
7.717741077903327029e-02
-4.927370491127407159e-02
2.194566957009524699e-01
1.431023692113768397e-01
5.033415188472544627e-02
9.947921449928369408e-02
5.662140094785430428e-02
1.935294848013545399e-01
2.916109166201183989e-01
7.974902693255866981e-02
6.552189484628743316e-03
1.451559339489865152e-01
1.134121976142783705e-01
1.357797898205071185e-01
1.488605968304052563e-01
2.465397771083618073e-01
1.766937656536116397e-01
3.337784765562102490e-02
1.631213135243955725e-01
9.402359982886625278e-02
2.626661298314845322e-02
1.588379408884800226e-01
2.196698553264487819e-01
1.453806449033154813e-01
1.885229373864286406e-01
9.412096518307595805e-02
1.770915620496199827e-01
1.620664150683306381e-01
2.048663070950292042e-01
1.816807204318974800e-01
1.451727718538491918e-01
1.543678204695563272e-01
1.354290304010542234e-01
7.161823379266843426e-02
2.370435363658403571e-01
2.756718347057213192e-01
1.094036689358282438e-01
1.750672505276988922e-01
1.373722723884411301e-01
1.282284247661400478e-01
6.387609194313882688e-02
1.851302916473160087e-01
1.120219718376732065e-01
2.987011054099423801e-01
1.746484512341492656e-01
2.453878299717322450e-02
2.338413565308168074e-01
2.825776124888270679e-01
1.477658263360861202e-01
2.838353621737860766e-01
1.144260845010444949e-01
2.215780586284912812e-01
4.276581018483328889e-02
1.354612042767467939e-01
3.965616748925854251e-02
1.167456853561243263e-01
1.850826232665873095e-01
1.564654769293502001e-01
2.934971107049142436e-01
8.030258380718634237e-02
3.379381913145704797e-01
3.608523133043220477e-01
9.761490479346739135e-02
4.062141692445420810e-02
1.910767863628227425e-01
1.254880199635705629e-01
1.958374009837995922e-01
1.537413286425655667e-01
1.241791595278816246e-01
1.978603194778904006e-01
2.866657727329402494e-01
2.089529376167785502e-01
1.273423403889210326e-01
2.040902483124064359e-01
3.357273353260563087e-01
1.604321115519801721e-01
1.002511258707038388e-01
2.391458728755084528e-01
2.101101029705674250e-01
1.260089725741213584e-01
3.391197849964613931e-01
2.614135504794062315e-01
2.832595473424734389e-01
2.825019308605455914e-01
3.806266489504012696e-01
2.748003578890843013e-01
2.339368391640348765e-01
2.667114856518285615e-01
1.981290345466062697e-01
1.620765354860017049e-01
3.766032832145693732e-01
5.652529005380708266e-02
2.424538819255921962e-01
1.025847052590449088e-01
1.372379906951868567e-01
1.276584635526972766e-01
3.884161186341272831e-01
1.755011555426049807e-01
4.724507217236679213e-01
3.710072520259025675e-01
3.260269409160591048e-01
4.033064112587143590e-01
1.627969913358661980e-01
3.156262983201197359e-01
3.440584404687145326e-01
2.295544460868960690e-01
2.167601839284225840e-01
3.377739323041117347e-01
2.869463375410340467e-01
3.085963300376460272e-01
3.215390218534653899e-01
3.742610804495163368e-01
2.852662841731010146e-01
3.485359492361012612e-01
3.129632318920251288e-01
3.397734789567256608e-01
5.800294416989752039e-02
3.234096166825720098e-01
4.256745752413956807e-01
3.825032087274929382e-01
4.013345458487644901e-01
4.676289649997079634e-01
3.932035091349189160e-01
4.029594998822632612e-01
3.498889092358510866e-01
2.080467265918624076e-01
4.105515746824839329e-01
2.883331045299364348e-01
3.130371777424960644e-01
2.689642687527954990e-01
3.965275824603031740e-01
4.127052802606137605e-01
3.815239588143058969e-01
3.417423217827407211e-01
3.897230273367592868e-01
2.810203771238947712e-01
3.613269922129113687e-01
3.217435245491148121e-01
3.620072583708594527e-01
4.436484691376956224e-01
3.649837797314068322e-01
4.399502696648647793e-01
3.775130008363134504e-01
2.736165825422455233e-01
3.782178282052783835e-01
5.080083902382976913e-01
3.562036874063418401e-01
3.075387361838342049e-01
4.097599517293782356e-01
3.000645326179302019e-01
4.983944616959370966e-01
4.793029679637851315e-01
2.878708683157543136e-01
3.169682888285363376e-01
3.256521062078318041e-01
3.084647838741936821e-01
2.810298674203619007e-01
4.366902553235422757e-01
1.918992408974846131e-01
4.214491002206404158e-01
2.744448034340888909e-01
2.782379968867182973e-01
3.968900811339131640e-01
5.070950205733905092e-01
1.970443605789828911e-01
3.856531418365415353e-01
5.211322919698865297e-01
5.161686738660384854e-01
3.926021214270714599e-01
3.245507552936435780e-01
4.144279311212836214e-01
5.184858462849655236e-01
4.575256835166898739e-01
4.224708702773392055e-01
3.409564951835448166e-01
4.376179758465842951e-01
4.344327933245762385e-01
3.675126969858476533e-01
4.139771918453566402e-01
2.901124040276320537e-01
5.632357590359782229e-01
4.216986154585913860e-01
6.248030486339620770e-01
3.140902418215921199e-01
5.410000278729653056e-01
6.815967962513621581e-01
4.170660972162897329e-01
4.074106894840536230e-01
5.133551639391458199e-01
3.122124088150372012e-01
4.708129280818371676e-01
5.778390860240876226e-01
3.895000345644559214e-01
4.777644795142054202e-01
4.578284456025960014e-01
4.569792743745988983e-01
6.325287894724649362e-01
5.520910441937916247e-01
4.580967575316731710e-01
4.078085157748694844e-01
4.485052955019110943e-01
4.231645049677607573e-01
5.012045870397248137e-01
4.521096313603500949e-01
5.054126585574457708e-01
4.202730217981013872e-01
6.263525887986370888e-01
5.270999317120499406e-01
6.126761746929572094e-01
5.877209611842446613e-01
3.652103099814225651e-01
4.531233812735974142e-01
5.136208644485501518e-01
6.868429619254888818e-01
7.029909565336814881e-01
5.935453036202884558e-01
7.133212283015457622e-01
7.123880468501656571e-01
5.315729470978100002e-01
3.869190400416840370e-01
3.184685776795642131e-01
5.427463946060129274e-01
4.747063477202900783e-01
4.222780369955341229e-01
4.816971714030969243e-01
5.103916721831847081e-01
4.223521082055002318e-01
6.316279304331341438e-01
4.973219045738035970e-01
5.832269011407731352e-01
5.542130733715777691e-01
4.616668555894462567e-01
4.719793084333976929e-01
4.742811337650439940e-01
6.393561719761705620e-01
5.353087087154183576e-01
4.587063879050885529e-01
7.636566224588968721e-01
5.959786486075897560e-01
5.860932709608435154e-01
5.624604556543991718e-01
6.211793596078143409e-01
6.168862014319084208e-01
5.431683576023703663e-01
6.264653815682068583e-01
5.321635898246831475e-01
6.441791461896285709e-01
4.593001201900264174e-01
5.345581833197899924e-01
6.953331022570925501e-01
5.144925546238422465e-01
4.584884101539279944e-01
5.468750217037479100e-01
4.558778474398987868e-01
6.230212337457408101e-01
7.028995163233718868e-01
4.602345160685665237e-01
6.765203891453137608e-01
6.030076445102507954e-01
6.012307437492360185e-01
5.267180859660740566e-01
7.330805441057843819e-01
6.658421405722757536e-01
5.398548424161137005e-01
5.844258406482075729e-01
6.498800627768406279e-01
6.442059401797322060e-01
5.329126464090824244e-01
6.116496610275929946e-01
6.192431168134888697e-01
6.327685963843354688e-01
6.589529136689274980e-01
6.664086265759729955e-01
5.768300862266828588e-01
6.308319206190262651e-01
5.947075543814207554e-01
4.274000689065598491e-01
6.965130150213403315e-01
5.772216763391787575e-01
7.261474734529542729e-01
5.863007579008593373e-01
6.442361486474380561e-01
5.714454292263017043e-01
6.334545098117441153e-01
6.330730232348424913e-01
6.491985393834206475e-01
6.072222030423605199e-01
6.305015441561245826e-01
6.055830466052790628e-01
5.441695686915021257e-01
5.381171523065000351e-01
6.456783711894357181e-01
6.551773105406982767e-01
7.592988482966054331e-01
5.265278036207293733e-01
6.593399434373246049e-01
6.563945628238988528e-01
7.256202182190762962e-01
8.254695491361175863e-01
7.252577274225291415e-01
5.904099837727071476e-01
7.970329793803285767e-01
4.550021525841337899e-01
7.247317899235612426e-01
7.199904278327543539e-01
6.891678542474850566e-01
7.689886134153410824e-01
8.345267945331927839e-01
6.544740081680757715e-01
7.071441407980284533e-01
7.244655003068646293e-01
6.110256046343310876e-01
8.444922233481897411e-01
1.052891112037439791e+00
7.432281916624290385e-01
7.006789069657964886e-01
7.720517270342084348e-01
8.482963174926114736e-01
7.457404934539972885e-01
6.793180099149515039e-01
7.758327058282084021e-01
6.516031459117940239e-01
7.093861922027938638e-01
7.698638435875795327e-01
6.676066640790023765e-01
6.639653557704026099e-01
7.642352330346213751e-01
7.787957507030466298e-01
6.195651066274102670e-01
8.519407779013590254e-01
7.454570749612460245e-01
7.097883044710371347e-01
7.102399294399716068e-01
6.503393356462553454e-01
8.473353397979954682e-01
8.176259368820644191e-01
8.183662723860830601e-01
7.438943942358358097e-01
7.166742271504460415e-01
7.001635700122086359e-01
6.675661459259090158e-01
6.609123069676566820e-01
8.665381875048272509e-01
7.351595442810364700e-01
7.181909183313832656e-01
8.629260123287332274e-01
6.486884872252908218e-01
9.147923855485852185e-01
7.146624313831098085e-01
6.604353222390981770e-01
7.746456021513844492e-01
8.052654307679240064e-01
8.157776501171388750e-01
7.813305805580826879e-01
6.638697999603661026e-01
9.039531531698047351e-01
8.359700088409561802e-01
8.743207851964914790e-01
8.573979765492024674e-01
7.504992721239462927e-01
8.067494057166748611e-01
8.481411446431449397e-01
7.920425765718944744e-01
7.670900680867993593e-01
7.460534845314183983e-01
7.703607637309938250e-01
8.396396828180436867e-01
7.710818498270161081e-01
7.902352159910218665e-01
6.736409157916321000e-01
9.291787541231557590e-01
8.560620891795467369e-01
7.499983827739039599e-01
7.129605150050740692e-01
8.188519100493690805e-01
7.997620588091007843e-01
7.727490965854825200e-01
1.041224900398854514e+00
8.062935017503417567e-01
8.577088069243785640e-01
8.475555348541443657e-01
8.330885029512180573e-01
9.174466432562106144e-01
8.564127869243385316e-01
8.446795735638447100e-01
9.355814700768275705e-01
8.328714796394742770e-01
7.949929761675346152e-01
8.236734312730782381e-01
8.769928163120648268e-01
8.183721614744158268e-01
9.687068477552401857e-01
8.336690700266117249e-01
8.703643991179345063e-01
9.214741367176506603e-01
7.952697840083310377e-01
8.778517657677051833e-01
8.213307912099349073e-01
8.227372195137224731e-01
9.507067085538135620e-01
9.178501553074641661e-01
8.714498389961955471e-01
9.341886216806448706e-01
9.271774925770922549e-01
9.134012137886304838e-01
9.376017226118970038e-01
8.368501286531840888e-01
8.352132357442375588e-01
8.805584354161413163e-01
9.395778356018674726e-01
8.563729469416918594e-01
7.602510478093774671e-01
8.241969241318838346e-01
9.451103001749923127e-01
8.164041728243566221e-01
1.039969698191304914e+00
8.955354307552040316e-01
9.051063245115430478e-01
7.043065631215520428e-01
9.463505787675206005e-01
1.096174313337089590e+00
8.308508488227492883e-01
9.264686010792458903e-01
9.229504584782401988e-01
1.013739298474640727e+00
9.772853596378536789e-01
7.900943364710572014e-01
8.943597086148536990e-01
9.305385780031564247e-01
9.167233964303447280e-01
1.006435542099885616e+00
7.618065223342131986e-01
8.974919482634240442e-01
9.102248701096671279e-01
9.611327257262990420e-01
8.855592290443590198e-01
9.626971302539718556e-01
9.932793871616037995e-01
9.350115312289739578e-01
9.174056635452239039e-01
1.016794566406603151e+00
9.650729942307013642e-01
8.946531234064439841e-01
9.994764653243595198e-01
1.080984489580675945e+00
1.153335170509494301e+00
9.603928217752361052e-01
1.047226293832507649e+00
1.055956794075111338e+00
1.051958157011215533e+00
8.981506786661865860e-01
1.037045241323191647e+00
9.725163791207531716e-01
1.116237535681561699e+00
1.075726509930649444e+00
9.645350817671363153e-01
