-1.020385527353640631e+00
-9.716220713885479476e-01
-1.189347529165784456e+00
-7.482761030699340843e-01
-8.268068045925579534e-01
-1.095731217910694832e+00
-1.098197344248562413e+00
-1.176945103323961295e+00
-1.099290202443207409e+00
-8.829329846774884860e-01
-9.888738020148916119e-01
-1.006732399392177069e+00
-8.882100879345330435e-01
-8.772364160742980310e-01
-1.149294641821975382e+00
-9.538632431314744142e-01
-9.774703930069471580e-01
-9.743806465375441928e-01
-1.102330862852557658e+00
-9.255149030647474850e-01
-8.919868766079152023e-01
-8.775234018182116458e-01
-1.057220165749178209e+00
-8.891616087259369694e-01
-1.087155357511329967e+00
-9.246711020130182757e-01
-8.818282347425243639e-01
-1.058843602097813807e+00
-9.544445447359570789e-01
-9.624127951693083327e-01
-1.021155468638490937e+00
-1.019689606894223166e+00
-8.242734819393806589e-01
-8.930788749149398686e-01
-8.551749799706360733e-01
-7.793152165617147631e-01
-8.232158012454581231e-01
-9.290609721472479210e-01
-8.047050035587297590e-01
-9.177778967323489967e-01
-9.027322415388401300e-01
-1.083473487788173761e+00
-9.210577156890898953e-01
-1.039994306572304517e+00
-9.456055094427792129e-01
-9.773624549206781920e-01
-1.011746584356639334e+00
-7.290780950006841010e-01
-8.634662686567979861e-01
-1.021126180991952737e+00
-9.727678721349846125e-01
-9.745116981676977819e-01
-7.930048945145534711e-01
-8.614139908703976056e-01
-9.686797288488897539e-01
-9.731713289724414073e-01
-9.910125682364178124e-01
-8.867401455840208113e-01
-8.610360013586221273e-01
-9.590810995863738864e-01
-8.248466877725860735e-01
-9.116707643171259035e-01
-8.535030798864762236e-01
-8.310782200367277106e-01
-8.636668180510042037e-01
-9.817939215256095142e-01
-7.163992849751842362e-01
-9.094063074416730563e-01
-9.536452278028378915e-01
-7.569154570322755848e-01
-8.470812471778046415e-01
-8.691031886384278371e-01
-7.358379022145166148e-01
-8.534718047551344000e-01
-7.598479877513134584e-01
-8.172497601936863365e-01
-9.191090937629197155e-01
-8.377936478144299981e-01
-8.662654581770877771e-01
-8.934991387185462486e-01
-9.340376933255528646e-01
-9.142929503633270283e-01
-8.307654887733922910e-01
-7.597330445731012016e-01
-8.134133373494459862e-01
-9.333589971632507698e-01
-8.286326675636976891e-01
-1.018155149175099528e+00
-8.998411494067720673e-01
-9.418344776878614377e-01
-9.483385983395353769e-01
-8.691803557157951055e-01
-7.921610211827568859e-01
-1.011882003707510913e+00
-7.588581604363273669e-01
-7.351028513428685685e-01
-9.217220715486037497e-01
-8.160193425822508395e-01
-7.165403453533090161e-01
-9.519301873200560760e-01
-8.120662476842500643e-01
-8.139174669728593825e-01
-8.146780288195459852e-01
-8.032555770490117375e-01
-8.489251762388648759e-01
-7.575735930220027781e-01
-7.497384350933532504e-01
-7.031092656050108580e-01
-8.895338211930414740e-01
-7.618655668995290009e-01
-7.936405508690251853e-01
-6.841082345347561100e-01
-6.770562879290269453e-01
-7.397599533379878300e-01
-8.206437986242992588e-01
-8.359120690355124061e-01
-8.111635856850710757e-01
-8.435977450459820615e-01
-8.473921203257477330e-01
-7.020825355325109873e-01
-7.257563409109462071e-01
-8.140191537226040275e-01
-6.625666938904611891e-01
-6.128798845996865641e-01
-6.715793263587881423e-01
-6.711846481393157759e-01
-7.279961672737345069e-01
-6.021223244584397172e-01
-6.417615216531403766e-01
-5.648682659077586266e-01
-7.186299616609825858e-01
-5.878746622314422465e-01
-6.421307061779044645e-01
-8.062338977559926345e-01
-6.751282822627923119e-01
-7.321899819724486669e-01
-7.275609419083142182e-01
-6.594229021016493331e-01
-7.125045532154549166e-01
-7.544400040942261798e-01
-6.509660463055920721e-01
-8.685820485478366049e-01
-7.732161786518251256e-01
-7.553586602764232882e-01
-6.799464445135503521e-01
-6.454538652443342350e-01
-6.282160346172989129e-01
-6.724929727394594048e-01
-7.776111840016443066e-01
-8.429050573812453262e-01
-7.328535070725390455e-01
-7.046512481475252221e-01
-6.592788530298151484e-01
-8.016525066042756720e-01
-6.734485358815849310e-01
-5.331991185475024597e-01
-6.940256332844788600e-01
-6.317579420441854499e-01
-5.089015129876044430e-01
-7.440002979351857393e-01
-6.073863651805513353e-01
-5.868669590675035241e-01
-5.336647073612129644e-01
-8.075008258224355417e-01
-6.932935271391861276e-01
-5.639631212930864557e-01
-7.064702551587661583e-01
-6.805232633289399757e-01
-6.765359104964314696e-01
-6.023860660981351645e-01
-5.448042809219786342e-01
-6.322539567492979629e-01
-7.671186721541366493e-01
-6.208281567998361616e-01
-6.972205459785753012e-01
-6.237383107181750930e-01
-5.048191268255499686e-01
-6.549820713431342423e-01
-6.933418506402534431e-01
-5.947166478190333283e-01
-6.449339646151168726e-01
-7.174798917377364083e-01
-6.230481245932799617e-01
-7.113079441993533925e-01
-4.465830549407270866e-01
-5.406669131464640898e-01
-5.563334843162520693e-01
-7.653472169814546922e-01
-7.565662773653161199e-01
-6.148192998181940538e-01
-6.360515114748086507e-01
-7.433468169875058207e-01
-5.502743042118805050e-01
-7.077078774861577104e-01
-5.486098756214650152e-01
-6.910085916720327681e-01
-6.093867991623158620e-01
-6.503133219714007929e-01
-7.124734464651830690e-01
-5.337812152503381702e-01
-6.483204412904085556e-01
-5.573025718799583528e-01
-5.406519010995145536e-01
-6.374550909512539665e-01
-5.449499112822877578e-01
-7.304349757422524680e-01
-6.625995024525299648e-01
-7.021681130329955334e-01
-5.853459854567514276e-01
-7.161785590600955320e-01
-6.211028843199063454e-01
-4.611735203430192276e-01
-6.843023119893355544e-01
-5.431625357885833116e-01
-6.524391585460447285e-01
-3.894674478724822198e-01
-6.696411380708027217e-01
-5.983715102714780576e-01
-5.227718294100636154e-01
-6.354255150006458130e-01
-5.811530121099018897e-01
-5.130188937909065938e-01
-6.159935262864681960e-01
-5.770212988843063107e-01
-4.889436851830135655e-01
-4.793841901782412429e-01
-5.693719207164219531e-01
-5.796505467650668875e-01
-4.323082313952624767e-01
-5.706934679746350492e-01
-6.991806933106777810e-01
-3.604608481116994279e-01
-4.467465238358664381e-01
-7.356966047388863172e-01
-5.834094723859620801e-01
-5.974815863463585064e-01
-6.181141797009647165e-01
-5.401854021851708598e-01
-5.065781377310792921e-01
-4.250172951986004866e-01
-3.883969787577791211e-01
-2.985576120028891056e-01
-5.630801036145461902e-01
-4.636772749037045283e-01
-4.488611952439816588e-01
-5.647209724035906486e-01
-5.014968383235767213e-01
-4.301142057969701282e-01
-4.168596538515051964e-01
-6.386834915763569542e-01
-4.035740036205821002e-01
-4.907291321170398346e-01
-4.923564198793421443e-01
-5.137631656995278462e-01
-5.323630021900953579e-01
-5.662542947739187538e-01
-6.312614401275132847e-01
-4.805148555223325291e-01
-3.495162484938982295e-01
-5.222342635884646977e-01
-3.924341248071772092e-01
-3.857473362044746557e-01
-6.449805814563329687e-01
-3.799750340935112436e-01
-4.392647449337055421e-01
-3.930237243921667067e-01
-5.122974462782018401e-01
-4.435177143465598992e-01
-4.298355611125497799e-01
-4.892031008631288480e-01
-3.698852372472984373e-01
-4.385077518443755706e-01
-3.079068508010294747e-01
-4.976153984864537527e-01
-4.296897550537753796e-01
-4.383304555835787486e-01
-3.415881252651361000e-01
-4.631849831992894129e-01
-4.406728572972797853e-01
-4.329369552542695621e-01
-3.740794177296625223e-01
-4.432225323035332565e-01
-5.025790776105916180e-01
-4.194778294581328892e-01
-4.082136478239833943e-01
-3.705002538571823267e-01
-2.597153081990349333e-01
-3.183242732937038300e-01
-3.352044524389141689e-01
-4.366999101328515875e-01
-3.596745292383782822e-01
-4.262775971457879454e-01
-3.273656516404894190e-01
-5.141729365669263085e-01
-4.040218016109253796e-01
-3.678444630003103732e-01
-3.805463299488523465e-01
-2.238938793676039374e-01
-3.051168914409791988e-01
-4.490439632656187952e-01
-5.311610570811734489e-01
-3.047612490907051774e-01
-5.091966182752963865e-01
-4.807660887691616036e-01
-3.333731233471656230e-01
-4.512843385345580716e-01
-3.014607779040720525e-01
-4.023048123041692015e-01
-5.605942180869606384e-01
-3.734572918398365582e-01
-3.964681538654394322e-01
-3.192538981047593483e-01
-2.637159391736112468e-01
-3.148009377042065848e-01
-3.815406334813476463e-01
-3.860171749266608776e-01
-5.076537693586302691e-01
-3.216499565293725604e-01
-2.001032985582583967e-01
-4.231321890932057128e-01
-4.410583364929879790e-01
-2.437641854745612180e-01
-4.375782135002424522e-01
-3.877993700108379738e-01
-3.208628000742002051e-01
-5.735515719506059096e-01
-3.860107421979999121e-01
-3.220045333828903678e-01
-3.845627856277449852e-01
-2.608135820677074945e-01
-3.444246318407691021e-01
-2.877039089271899996e-01
-3.306454354719572386e-01
-3.776881545018841990e-01
-2.443703230261637938e-01
-1.718487942166691262e-01
-2.482605064207962439e-02
-4.996228648175349285e-01
-1.836856188659208855e-01
-3.272884415361367316e-01
-2.780911490177475076e-01
-2.238599246221122385e-01
-3.076770632339834721e-01
-3.621294995529243943e-01
-4.815454453924765121e-01
-4.233628230712434548e-01
-4.093917586309429035e-01
-4.024649501909510763e-01
-2.367086582673756934e-01
-3.145353859362250981e-01
-3.895993026209015886e-01
-2.787682330751810600e-01
-3.264596838038528182e-01
-2.496229891879961360e-01
-2.855900615173946333e-01
-2.085743938162544220e-01
-4.773332623114019402e-01
-1.702622421258579710e-01
-2.409388879823322338e-01
-3.419771778697828779e-01
-3.832222204831879919e-01
-3.287878173763877920e-01
-2.156319785497215757e-01
-5.008236172617531734e-01
-1.329250075618148008e-01
-1.849556778931589762e-01
-2.794776673279760273e-02
-3.392794017911343052e-01
-1.685570704355651428e-01
-3.046344296676995467e-01
-1.743634586414294363e-01
-3.545041518377805012e-01
-2.997031010403121698e-01
-2.106212731963723606e-01
-3.173391169523346877e-01
-3.440767862047926506e-01
-3.579255201438710787e-01
-1.574572266057913394e-01
-3.229464049439145223e-01
-2.226500223860779226e-01
-3.294089520010917704e-01
-3.000096291212144273e-01
-1.749592230848177610e-01
-2.785990317392160187e-01
-1.877510965687625433e-01
-2.647797897295601777e-01
-8.506795441615902509e-02
-2.651746013477085939e-01
-3.009092222175051012e-01
-1.200079927452883666e-01
-8.153808223488311080e-02
-3.969092060346531281e-01
-2.218652326711501033e-01
-4.107241622783056045e-01
-9.438717399340944281e-02
-1.879157803270076477e-01
-2.900388215471892406e-01
-2.375131059792654487e-01
-1.913552827225486197e-01
-1.544437196507386645e-01
-1.063349188921128008e-01
-2.764006950426526887e-01
-3.259802475816704903e-01
-2.304546238202942188e-01
-2.135452674785335847e-01
-2.029326115865556779e-01
-2.154739286290998090e-01
-2.797078489113405397e-01
-2.140076040912956556e-01
-1.911027572490660298e-01
-2.298569883312693574e-01
-1.734814580546783225e-01
-1.794825712788845617e-01
-2.271177198341012560e-01
-2.333012821412306093e-01
-1.119788786479807563e-01
-1.934144730226293185e-01
-3.235028632711275387e-01
-3.190508430038245802e-01
-2.442968759908073217e-01
-2.640665341078409778e-01
-1.410653967476284132e-01
-7.403674960788229897e-02
-3.024337717983151541e-01
-1.291982042598120717e-01
-1.503547785131205961e-01
-1.288161061030914378e-01
-1.204814483327337898e-01
-1.082158714771837421e-01
-1.302316335153358984e-01
-1.617014871122882669e-01
-2.907405806478078891e-01
-3.229597902261138742e-01
-2.004285608413227671e-01
-1.228842077555392098e-01
-2.348495774024811356e-01
-2.914054264898273683e-01
-2.537868715867684921e-01
-1.842941673758074772e-01
-2.296857358101660473e-01
-1.268433667462059711e-01
-1.383044459797226622e-01
-2.013816438122882080e-01
-1.877646040255480375e-01
-3.594842655424916600e-02
9.697271905767883282e-02
-1.810893346881918275e-01
-1.128897357632001608e-01
-1.272892381073285339e-01
-1.100184166126555174e-01
-2.820336475646806340e-01
-2.899281508762560980e-02
-2.179818313112912020e-02
-1.934844358610611215e-01
-1.971708221626279622e-01
-1.360130736651019578e-01
-5.348184520607651010e-02
-6.163455354221383797e-02
-4.262424576618217137e-02
-1.604930307354466568e-01
-1.584156212071643338e-02
4.159175069291216192e-02
-2.250509985294720516e-01
-4.101776701465757041e-02
-4.771595547289721184e-02
5.343695940200825917e-02
4.747463599682509583e-02
-6.588239669934226050e-02
-2.864105368082963191e-02
-8.678497018450086198e-02
-2.029587996300654881e-02
-7.661728045319594893e-02
-1.080137095177216011e-01
-2.880807331256818316e-02
-1.746560915041824591e-01
-8.113379300238567071e-02
-1.308670203374084386e-02
-1.178507224406140710e-02
-1.257521924283408199e-01
3.323122774237892516e-03
-1.574821012102125550e-01
-1.078618893896190513e-02
-4.132354382757002370e-02
-3.537325217748403527e-02
8.664903135658029443e-02
5.365218824421215393e-02
-7.743407995921808284e-02
3.849744676112781816e-02
9.672785799792597838e-02
5.176318616576371101e-02
-4.072109789112852291e-02
1.009701040105929169e-02
1.279950379965998086e-01
-1.618020587828298551e-01
1.148855119083239118e-01
4.196965636218603218e-02
-5.531959162700555294e-02
8.802687997832472910e-03
-1.311723073053627509e-01
-4.795346830410661398e-02
-1.047651223826490952e-01
-6.331103945730784388e-02
3.461854288281310255e-02
-4.481982096974661267e-02
-8.110761722335717294e-02
-1.199760443363112735e-03
9.569475041789901604e-02
3.908798952402181212e-03
1.851404389605347256e-01
9.476311492882975862e-02
-7.354664939739548671e-03
-4.475543725105933512e-02
7.319210241027039598e-02
-2.011052480908765219e-02
2.178808995691297601e-03
-1.018834816574539642e-01
-1.332838107749703509e-02
-5.213560860858178908e-03
-1.873145891491886580e-02
2.404186081032504696e-01
1.482472055521922086e-02
-8.204528410286171525e-02
-1.983838440844482801e-03
2.731174613077196056e-02
4.590460356082194660e-02
8.518851484746511882e-02
2.451253599212996955e-03
1.655593973929153639e-01
-5.514737143063668662e-02
1.073346504035490728e-01
6.372255769654970592e-02
1.078052639300081939e-01
5.664581017916871242e-02
2.232707932659305783e-01
2.285102302552579068e-01
-2.947965535106054913e-02
9.884944926817160193e-02
9.555701407243555323e-02
-6.043500734560752763e-02
1.155275174951107264e-01
1.680468698364314117e-01
1.058621617491180278e-01
8.560591909533919741e-02
1.693338535457436511e-01
1.965357210216267525e-01
2.163848290532437435e-01
1.642191443865942679e-01
1.431977431190357142e-01
1.196191598324661681e-01
9.694897850115651028e-02
1.101502310052860784e-01
4.179792239446837587e-02
-5.345356996217085627e-02
1.409063861630585890e-01
5.215129231641204427e-02
1.698398771948164687e-01
2.427102874659630982e-01
1.130526976332569961e-01
1.932441995512123312e-01
4.536808145834387435e-02
4.160090024698245154e-02
6.940747935629214271e-02
1.381472002072144933e-01
2.595310633269469758e-01
1.534421819418793076e-01
3.728669917879599838e-02
-2.106331922806414791e-02
1.389989987919369729e-01
1.158951315704333795e-01
1.443034868236992840e-01
-4.110030231299745956e-02
2.142170433250868977e-01
1.192077691839543430e-01
1.305025110264953492e-01
1.378544584860775801e-01
1.746972740677448788e-01
1.945269863534721810e-01
1.037002640704311612e-01
1.690199797207293519e-01
2.552626340506936042e-01
1.220420374513122713e-01
2.406836973948480729e-01
1.767782020699182333e-01
2.211732939321125191e-01
1.584423551732160873e-01
1.180546401495352893e-01
2.342546202759843987e-01
1.472117761793168833e-01
2.205587964723219330e-01
1.110101895272379569e-01
1.985094342834720083e-01
1.710164547360711051e-01
2.872288615754266528e-01
3.105065751610121549e-01
5.463202444151861459e-02
1.626122493397235969e-01
2.637974075523245032e-01
2.855480141472646616e-01
3.478606336254077003e-01
5.919329872798637787e-02
1.876482728787528254e-01
1.622768048257877127e-01
2.057506391176270599e-01
3.185734803162347806e-01
2.844233606415865756e-01
1.985371667949570873e-01
1.163763843380520996e-01
3.504035143504001248e-01
6.247834482534429801e-02
2.639454926649802413e-01
1.146644319735669326e-01
2.120594478266387140e-01
7.335354259185812575e-02
1.659621787800794335e-01
1.908696160311274259e-01
2.754973326026897151e-01
1.997501636519689594e-01
1.299557668654204579e-01
7.269355571416459549e-02
2.866728031152542266e-01
1.452610180568301157e-01
2.472058487706133567e-01
2.832780691255417094e-01
2.533294929896403591e-01
3.085844744319876654e-01
3.725250665560282948e-01
3.128002965492131526e-01
2.519678744388410552e-01
2.763524467577912480e-01
2.317619033516577220e-01
2.917353892140371330e-01
1.963256493629205179e-01
2.984162450501811059e-01
3.807705438149491250e-01
2.171310178336720575e-01
1.017583430051918203e-01
3.812054670773107889e-01
2.117017950828166128e-01
1.594516728469279332e-01
1.513856753829332102e-01
3.510627654347943660e-01
4.800793508931960885e-01
2.668321721619817399e-01
1.100587607410024454e-01
2.949272647806931436e-01
3.240343171961784230e-01
2.310053919117816545e-01
2.317508505856885892e-01
2.537816450516087730e-01
4.573643563169314530e-01
3.274577952510072110e-01
3.168845212644071374e-01
1.639454482635949728e-01
3.998209992095272391e-01
3.160100807114987198e-01
2.668395337601952577e-01
3.100737424427767452e-01
1.794533648950557558e-01
3.130735391113785848e-01
2.618008514279670518e-01
3.167992057715532384e-01
2.381450542809737669e-01
2.189527358044777994e-01
4.713112837244171072e-01
3.369935919611435349e-01
2.254355581810927600e-01
3.642626101390575855e-01
2.815398192392929988e-01
2.753253178612578567e-01
2.372866263321623537e-01
2.632973205989090904e-01
2.343072555639154897e-01
3.908806444112297718e-01
3.752505783557734675e-01
5.213395162255840543e-01
4.447696576248194589e-01
4.064950907667292945e-01
3.156504404254231178e-01
3.792934148874830824e-01
4.589995287746441721e-01
3.268375296297289512e-01
3.709194547750886972e-01
3.901974253121906488e-01
3.612113691837611773e-01
4.547048034622652724e-01
3.369387129080944621e-01
3.382282640927694040e-01
1.482602517691557487e-01
3.869250951551069240e-01
4.034402467929225633e-01
4.435216420575729956e-01
2.934608467656990016e-01
4.957633392731016220e-01
3.955967687052744930e-01
3.985367614278283455e-01
3.745494848580503411e-01
3.881219062584204127e-01
3.329685160026329971e-01
3.387619093946678261e-01
2.349049795437685717e-01
5.671299907582785238e-01
3.013797124402060046e-01
4.716243699551568302e-01
3.351864893978135362e-01
3.228614473371499427e-01
3.410044805760099051e-01
4.945044303115114226e-01
2.849555219106112425e-01
5.340299461502768796e-01
3.830886928555543580e-01
3.334132593674754563e-01
3.829075906448531907e-01
5.015682348283972969e-01
3.685250218813792555e-01
3.538337192364672812e-01
4.988335693798578996e-01
5.089047721385141498e-01
4.441845523829704434e-01
3.144191598539080590e-01
4.712843727125726745e-01
4.546514888309378666e-01
3.544981847740484859e-01
3.558920870663895286e-01
3.963488773685686084e-01
4.654845394575279904e-01
4.000543652157022567e-01
3.415925418477901432e-01
2.710299351767680442e-01
5.786491094807938440e-01
5.286169380489755820e-01
4.746768879557385357e-01
5.350143729862825159e-01
4.539829719381738293e-01
4.303459566294792205e-01
4.669938354069009256e-01
4.705852121407156918e-01
5.257802764636851922e-01
5.759240847485860293e-01
3.467601145320652889e-01
5.244112750982022897e-01
4.573956640248011962e-01
5.679609199770327965e-01
4.546586180710600611e-01
4.199221327809854465e-01
3.967683370795648812e-01
4.797240144030022746e-01
4.140837960929935058e-01
4.174986126003814024e-01
4.501400290956811268e-01
5.698227628596193028e-01
5.524198748236710532e-01
6.074637588700889657e-01
5.988231723684350749e-01
4.939460942940699373e-01
4.677233606398607524e-01
4.861562198463442175e-01
5.157783749298807674e-01
5.246807623205065330e-01
4.640581251583824618e-01
5.626406516912162425e-01
5.293051745760773974e-01
5.339260934561050886e-01
5.749799380369592372e-01
6.529982336211201943e-01
6.474788530693228461e-01
6.464724615248381712e-01
4.910235176008571623e-01
5.176956667020217173e-01
5.464961927922465934e-01
6.058840678061016005e-01
5.339649402336440476e-01
5.128280752834257772e-01
4.278058061570530479e-01
5.512097601088430388e-01
5.924056061479028301e-01
5.475966499090734185e-01
4.850065008140124201e-01
5.620754861749668319e-01
3.997964563167888397e-01
5.403762593045050577e-01
6.130731401098372668e-01
5.045221605111265273e-01
5.909337162645729169e-01
4.780472244260932646e-01
4.427638379836743021e-01
6.986123021453944926e-01
5.515430779496000024e-01
5.241986724229567018e-01
5.563016814620346251e-01
7.909396480077396374e-01
4.154046566083103298e-01
6.728817784927281220e-01
6.176544541248022435e-01
5.586109205258416033e-01
6.169186961043022777e-01
5.668319484797893493e-01
4.953009933682843702e-01
5.427551982438372224e-01
6.056088844271875216e-01
6.437226143791277000e-01
6.354103725197746133e-01
6.570843811527672385e-01
6.654759228100132207e-01
5.020969370767630613e-01
4.863793045533805204e-01
5.979033764805403717e-01
7.071304063289893804e-01
5.163805176704999722e-01
8.143911057650319307e-01
6.167067307671142418e-01
5.753679575639798482e-01
6.548586969048062478e-01
7.331133535890406172e-01
7.424119724251053709e-01
6.255239064742174060e-01
5.564110327191323924e-01
7.819698081357495667e-01
5.544157462742917986e-01
5.526915376482868236e-01
6.406922367282785746e-01
5.678593382889610686e-01
4.470531008767946735e-01
5.657239519872990785e-01
6.221329876568811867e-01
6.401422393259508237e-01
7.190223832718648511e-01
5.405326179042281298e-01
4.959216924583739750e-01
7.238285207583197156e-01
6.693497232173751810e-01
6.479455096871278297e-01
7.748282124706434848e-01
7.134643454959570530e-01
7.012907580629509363e-01
7.388838374455122260e-01
6.882099829017078729e-01
6.540047891307786410e-01
6.847044195484898177e-01
6.582538151715922048e-01
7.115724401558723988e-01
7.237202559144061409e-01
7.403177424486439007e-01
7.635271611141150050e-01
6.134067573890479297e-01
7.373344028249990689e-01
7.455413708419904584e-01
6.680471935080869450e-01
7.146933073228834976e-01
7.106608298146297464e-01
7.747777046091847142e-01
7.362915298423786670e-01
9.137854992181505542e-01
5.409033187055352077e-01
6.411127996664209849e-01
7.405994579949412016e-01
7.118573271389586621e-01
7.040080148139834515e-01
6.987868673598515157e-01
5.304264562422262852e-01
6.832638392543309847e-01
8.036631085198582269e-01
7.799296283402866736e-01
7.204510650202969879e-01
6.982552349018803506e-01
7.610497297174589892e-01
6.279794080237433018e-01
6.767596360289942492e-01
7.620475492676730411e-01
7.151950679315093318e-01
5.861499187791586740e-01
7.567798308532112106e-01
6.977019278654577050e-01
7.221818337399782406e-01
8.701518543577813070e-01
7.489727731387784138e-01
6.585824305861761596e-01
8.121693181115390292e-01
8.524779492311357343e-01
8.500057138532332024e-01
6.790039932718936466e-01
8.902498022176621451e-01
8.267098569762608706e-01
7.826791432661015513e-01
7.148534433229902785e-01
6.450861336612263575e-01
7.495939708163625870e-01
7.182058495577223756e-01
7.433393121340270415e-01
8.153440710907986499e-01
7.718916770553411189e-01
6.749741931428748787e-01
8.434311265076043229e-01
7.896235623664816794e-01
9.044679690898977942e-01
8.134829458451187101e-01
7.161538258822256475e-01
7.439515268595628950e-01
7.808145319498757120e-01
8.225293816094690902e-01
7.290820925991646773e-01
8.979658301017865440e-01
7.763484983877965151e-01
7.961537735882637801e-01
8.887275400584120355e-01
9.187135892611320021e-01
8.016026274854746170e-01
7.350728863324480500e-01
8.750579554374867675e-01
9.188507165474067984e-01
8.468697848508993653e-01
9.875547109454084760e-01
8.041561090240602061e-01
1.115822666368727845e+00
9.793449306859538517e-01
7.961022344181452048e-01
1.003678661327872312e+00
7.805036007298897793e-01
7.369733274721896876e-01
9.159781075805810691e-01
8.749830171477031016e-01
8.294021475759574269e-01
8.936251377566621912e-01
8.026864988562133485e-01
9.383939559194403035e-01
8.882626494347165558e-01
7.470167939341366692e-01
8.629463963269097260e-01
8.722517039172061892e-01
9.445968296738123104e-01
8.435255938348789062e-01
8.087706547852846484e-01
9.606178185994777019e-01
9.080367147387263804e-01
8.914198046710607448e-01
8.940407180535708820e-01
9.420468538984928530e-01
9.327422443178181588e-01
9.572348330084372581e-01
8.936308680423370454e-01
8.891273285071983334e-01
9.137668058773686930e-01
1.015207857813605008e+00
1.088516658496212264e+00
9.748077580249600027e-01
1.002463403590517999e+00
8.816344369922133328e-01
1.004752599302705329e+00
8.060658987841013978e-01
8.189838612217155145e-01
8.098405982964019811e-01
1.065028490298316255e+00
8.679600539297452899e-01
9.432329090661923932e-01
8.591963542565796974e-01
7.725057357891593757e-01
8.331913470158381907e-01
8.025058931280385499e-01
9.124564247201258915e-01
8.961953809272644733e-01
1.088552840093170992e+00
1.042898048985553716e+00
1.007614857453524859e+00
1.116130048891629256e+00
9.439162770536098090e-01
1.024868040620616982e+00
8.631506193409517191e-01
8.355134265446209074e-01
8.715141404828642413e-01
8.620842081081233621e-01
9.839049277124002346e-01
1.068928975809414261e+00
1.049115465678616133e+00
9.312209693490982598e-01
9.543150184459906482e-01
1.025966575966554162e+00
9.189359335866020828e-01
9.811077944152153396e-01
8.387724136403650332e-01
7.415801787380287280e-01
9.647435959482729695e-01
8.037293941587049240e-01
9.402620721255362524e-01
1.077119746346290263e+00
8.933925498577995894e-01
1.054605336110168379e+00
9.486755587626203301e-01
1.061639442530374788e+00
1.044953702097466408e+00
9.667712702014222836e-01
1.076161369299567960e+00
1.026653265289461991e+00
9.562202799096664041e-01
1.091718782461324588e+00
9.868122077133777426e-01
9.924113543957507888e-01
9.884853011292058511e-01
8.610809550377934718e-01
1.108736156883123103e+00
1.095187499981153723e+00
1.019419538897768041e+00
