-9.943431857933199280e-01
-1.010510097032655263e+00
-1.055291966225479827e+00
-1.132933487988338817e+00
-9.774661744746835357e-01
-9.205877667189222846e-01
-9.533357264477275717e-01
-1.065391957493877939e+00
-1.009432787402395615e+00
-7.966092202798483735e-01
-9.898018215018139498e-01
-9.402682225630755175e-01
-1.020508708724517488e+00
-9.254263267689643024e-01
-1.062623893065999470e+00
-9.306943804456034863e-01
-1.048043866223268505e+00
-1.015102733417774239e+00
-9.356891259053274901e-01
-9.726596560636333599e-01
-8.929156330071493786e-01
-1.039587483289912129e+00
-1.100574984788698529e+00
-9.758735925499411046e-01
-8.958192944644611799e-01
-1.015179941199796820e+00
-1.001213668640807297e+00
-9.741535825990401687e-01
-1.099668252916922606e+00
-1.033163177439645697e+00
-8.779415783057319400e-01
-8.860058112286878229e-01
-9.188752168599982895e-01
-9.933137266662286358e-01
-8.798726877251357159e-01
-8.855444160688601407e-01
-8.906908281884796663e-01
-8.355462349644874331e-01
-7.511145844751873080e-01
-8.762660140473415016e-01
-9.396727524209113058e-01
-9.467228996642699235e-01
-8.242374116516526517e-01
-9.772875626564787588e-01
-9.374945071603105751e-01
-7.650982189358535024e-01
-1.189003349566061907e+00
-1.087145152874947174e+00
-9.526010313487901504e-01
-8.660819619216980625e-01
-7.427247043514327851e-01
-8.900382065222425254e-01
-9.639434713130751176e-01
-8.295201802320587570e-01
-9.130213695400326568e-01
-1.028852647965162292e+00
-8.526478592292052738e-01
-8.843499415230621219e-01
-8.355966829228150816e-01
-7.993464965637914199e-01
-1.050431534964543223e+00
-8.162844891060476726e-01
-9.978249689996581129e-01
-8.703991374248065682e-01
-8.381251366157419502e-01
-9.262641125139957632e-01
-7.842498582970195420e-01
-9.343022013714200602e-01
-8.949851909471098210e-01
-8.402259210636086051e-01
-8.980727601632478851e-01
-9.537184115409532703e-01
-8.266559567937112885e-01
-8.028663573553298516e-01
-7.705700901151358861e-01
-7.278067868402752216e-01
-8.972731940157655517e-01
-9.016664230784373624e-01
-8.390512470234338105e-01
-7.667906249576276201e-01
-7.074356249384700090e-01
-8.294810651733892648e-01
-8.527396263152102751e-01
-7.950717149342906298e-01
-8.452963141094089750e-01
-6.748701137148529483e-01
-6.973308102916058182e-01
-9.575588623902723251e-01
-8.704327841433917579e-01
-9.128504812374290678e-01
-8.555371853913223967e-01
-7.779295799799437194e-01
-7.035087651436490175e-01
-7.492131059267769233e-01
-6.660875850176094515e-01
-8.639815079369942419e-01
-8.735868870898638727e-01
-8.491404862333913339e-01
-8.977700825811656404e-01
-7.879179764092956173e-01
-9.105629579785764482e-01
-7.533693784634264423e-01
-7.600459275029248785e-01
-8.507436961870488146e-01
-8.921521729401400425e-01
-8.143093801329698289e-01
-7.668830929121875917e-01
-8.389380422859704645e-01
-8.746485960025183193e-01
-7.852774558511231850e-01
-8.830222492693464709e-01
-8.396398978329210339e-01
-7.970854028835026028e-01
-9.323803666436952797e-01
-8.725819288237390836e-01
-7.993886651402353216e-01
-6.898715948196215697e-01
-7.236182167314544333e-01
-8.022949431757705474e-01
-7.739682419753022291e-01
-7.802311883563700645e-01
-7.342705650250990201e-01
-7.682647354826748209e-01
-7.133221832942164831e-01
-7.805163531457087744e-01
-8.761965671491094287e-01
-7.646560931085333301e-01
-7.743242662467823001e-01
-6.876013229901898338e-01
-7.123884564954413579e-01
-7.899616327810871086e-01
-9.894124249732763055e-01
-7.340946778134777029e-01
-8.556436621953424915e-01
-7.899101522653929619e-01
-7.593131174386629212e-01
-7.403982511065215766e-01
-6.028766697406191533e-01
-8.235671984532537682e-01
-5.670400424302637354e-01
-7.794384404620098294e-01
-5.710255404137526414e-01
-7.530587400185625446e-01
-7.651039411480075048e-01
-7.940653216451368790e-01
-6.536649766216396928e-01
-5.538982708394901699e-01
-6.318350596873909542e-01
-7.549005531532483326e-01
-7.974181691740620526e-01
-6.187893813619452787e-01
-7.763133674120876737e-01
-7.460152868671536819e-01
-7.159507239351489138e-01
-6.198519689574637503e-01
-6.676511864328793511e-01
-7.003952961825079537e-01
-8.740512411893704980e-01
-5.130093932425106029e-01
-7.477279161609696745e-01
-7.643416573550434467e-01
-5.337546376411039795e-01
-6.324478839734480884e-01
-7.232146994208020763e-01
-7.150721002215729705e-01
-7.396020712255875207e-01
-6.569448855843845747e-01
-7.401141143776229780e-01
-7.173804435175764604e-01
-6.598042191080545349e-01
-6.394530327903568123e-01
-5.837035587541669068e-01
-6.718382484855502934e-01
-6.138711981928436368e-01
-5.531018634568837244e-01
-5.330343290576381454e-01
-6.137359675923464986e-01
-5.875110784203586567e-01
-6.567093548542042303e-01
-6.088019598476899219e-01
-6.664126091291976417e-01
-6.418224662784088874e-01
-6.078144625118838684e-01
-6.086411822043219511e-01
-7.017492708264485568e-01
-6.551630680741947765e-01
-5.855106714600306628e-01
-6.095092519963769551e-01
-6.086774454962154968e-01
-7.599324532801959853e-01
-6.719627812381691045e-01
-4.485116330830551945e-01
-5.966730535300058813e-01
-6.263761495186564998e-01
-6.370167752859132726e-01
-7.728032913493201317e-01
-7.080128554294201626e-01
-5.312456230564930326e-01
-5.736725126828499111e-01
-5.441562892065584522e-01
-6.081355743533330971e-01
-5.894470587918512194e-01
-5.957273475991926581e-01
-4.461074060987156864e-01
-5.766089948187850256e-01
-7.365086684157720054e-01
-6.720705868092979873e-01
-4.969561529977292724e-01
-6.774191455769037473e-01
-5.752504847610612204e-01
-6.369153610671181021e-01
-6.914604263082668734e-01
-5.259037463844361548e-01
-5.769179269329242077e-01
-6.163863517874851317e-01
-6.980847134275977028e-01
-5.970408924327504918e-01
-5.185931951577119614e-01
-6.156234634658026561e-01
-5.303467947610934763e-01
-6.113508302174675002e-01
-5.942490298589635511e-01
-6.549859167750221589e-01
-4.568035560413998275e-01
-5.647309431185635331e-01
-7.320334218435358142e-01
-6.941663554225676602e-01
-6.151424010990990121e-01
-5.749002780069467633e-01
-6.532904955209831721e-01
-5.365882579694710719e-01
-6.218293821367782970e-01
-5.241773929124888820e-01
-3.759951636766593608e-01
-6.661776412804607528e-01
-5.001488600163046527e-01
-3.775902475800794744e-01
-4.967003879633751784e-01
-4.758953854096617531e-01
-5.649107269914286356e-01
-4.508385654859608516e-01
-6.509649743270055078e-01
-4.188767523915992719e-01
-4.708464406586226336e-01
-6.144478161823579976e-01
-4.612462539295441033e-01
-4.771569214018234195e-01
-4.195727359292006353e-01
-4.581171057399531787e-01
-5.185989706898630480e-01
-4.869455368168913445e-01
-3.954006602755307243e-01
-4.676680667697826754e-01
-5.333541046084367965e-01
-4.144507303812512422e-01
-5.952817809670910565e-01
-5.286010005220310726e-01
-5.563550469571754142e-01
-6.758460739807794493e-01
-4.345376422024428975e-01
-4.160532612473969993e-01
-4.213845813469008772e-01
-5.495620771722471432e-01
-5.313064365068911332e-01
-5.276790945943216071e-01
-4.848115494210523124e-01
-4.667109956870453824e-01
-4.615126701934523790e-01
-4.741112480877358593e-01
-4.545510692919007001e-01
-5.916323365217684982e-01
-4.178545672161818048e-01
-3.801644332946941818e-01
-4.985706554920000255e-01
-4.583421296630852959e-01
-3.653919075113861714e-01
-4.017806625191804315e-01
-4.875863791087801102e-01
-3.232872141363359320e-01
-4.053026688095223706e-01
-5.256110443176117419e-01
-3.082895192513246396e-01
-4.854020632234897770e-01
-4.718401556027236876e-01
-4.832403568392073523e-01
-4.276661468533881072e-01
-4.098639012992452146e-01
-2.751432917234552522e-01
-3.911163943184585157e-01
-5.000412618137110021e-01
-4.436092579720982698e-01
-4.332289795361928264e-01
-3.832543427430940008e-01
-3.819212457380617431e-01
-3.777760740746688439e-01
-4.810448698001665302e-01
-4.320852564465753609e-01
-3.880298538196406688e-01
-4.348995279538491743e-01
-3.745175854331386223e-01
-3.474901246900801155e-01
-2.735394437885617092e-01
-4.998763410861177814e-01
-4.738104421601400662e-01
-4.386468998454662871e-01
-4.359150672937905924e-01
-5.635791530949573191e-01
-5.659379493479402834e-01
-4.175762034823446989e-01
-2.331586736211771760e-01
-4.033527933119805953e-01
-5.676229432839943190e-01
-4.387832860039255767e-01
-3.012174778937806718e-01
-2.885743387695585693e-01
-3.652541463164772906e-01
-3.542362057197059877e-01
-3.008915853162304477e-01
-4.337109367731222243e-01
-4.361533988925319072e-01
-3.041581673392798058e-01
-3.377469851983770921e-01
-3.682684772052102762e-01
-4.288967725467101033e-01
-3.042312900152010502e-01
-3.519442952607882980e-01
-4.493374900083598744e-01
-3.684410429085339111e-01
-2.503636381383961829e-01
-4.076311328851094928e-01
-3.893314982326658846e-01
-2.717038313986396836e-01
-4.884290070796072358e-01
-3.600414134205529026e-01
-2.766563647092803446e-01
-3.051341934890112184e-01
-2.964999281607412218e-01
-2.723461965808889884e-01
-3.009186177855383004e-01
-2.571165557306669402e-01
-2.403168893440612019e-01
-4.393270129824858872e-01
-2.530147271024500988e-01
-1.369992669763040460e-01
-4.497741015390320229e-01
-2.406494203231524798e-01
-2.008978184125390087e-01
-3.135187545429565237e-01
-1.987765053304429985e-01
-3.783564397124271061e-01
-2.834468335054106114e-01
-3.219305742731692344e-01
-2.629106372454938501e-01
-3.163349015006012288e-01
-3.806300024106048507e-01
-1.984232027579387603e-01
-1.936619871536681137e-01
-2.173847494389655466e-01
-3.086220339249419187e-01
-1.341556957547156703e-01
-2.365504500278292899e-01
-1.738219176316027625e-01
-3.228014540328491555e-01
-3.008144454895428366e-01
-1.954443173072163975e-01
-3.771236764284482401e-01
-3.046435696876700350e-01
-4.016755148182825641e-01
-3.983669667940563097e-01
-3.883102342289045938e-01
-2.250414621744349641e-01
-1.835337655873081064e-01
-3.343240905774948479e-01
-1.789612543165280678e-01
-2.144614898991370200e-01
-1.363235360366405191e-01
-2.941972385031216275e-01
-2.620801981819240734e-01
-3.052993656891582752e-01
-3.745812908550692488e-01
-4.597029175294404246e-01
-1.968890008683079340e-01
-2.613218973945659052e-01
-2.488143707513548741e-01
-7.144335810284771493e-02
-2.101215200896173474e-01
-2.736865247953534364e-01
-1.961416563138838332e-01
-2.188398363373015854e-01
-2.963502755863581806e-01
-2.436321861415402246e-01
-1.865079493921626419e-01
-2.249664582860880502e-01
-1.990188925157767574e-01
-1.405192841349239179e-03
-7.209492480103411871e-02
-1.662873909941203487e-01
-1.048302813884096490e-01
-1.932725962086056792e-01
-3.047436058413557913e-01
-4.878331624231942165e-02
-1.435804041067286485e-01
-1.692251940421143561e-02
-2.981274426113655340e-01
-1.175632482020593367e-01
-1.852940616400369778e-01
-8.496589230712564556e-02
-9.695776428779180611e-02
-1.612643911857938872e-01
-1.184708191000654331e-01
-3.147154763631126451e-01
-2.267173575311025591e-01
-1.761756734727284446e-01
-3.034839403553332704e-01
-2.484581930076747158e-01
-2.287253393559220416e-01
-1.330745814558518814e-01
-1.357808166988174470e-01
-1.714841201370276846e-01
-3.639676667066867877e-01
-2.303160853429160326e-01
-2.441661711575550398e-01
-8.447038430710766821e-02
-1.698614045161756236e-01
-1.354516333076841716e-01
-6.886585783377739689e-02
-9.604533336540804767e-02
-2.072149516834530802e-01
7.543577283585297267e-04
6.453180322989952866e-02
-7.360687698518161848e-02
-9.235077910533837087e-02
-2.933527869315361580e-01
-4.552938576601318899e-02
2.312287711771869592e-02
-1.980241760245865235e-01
-1.973437482395159689e-02
-1.463922859246293839e-01
-1.058036860326835721e-01
2.843715510231805202e-02
-1.319119265373403238e-01
-6.646281499151149297e-02
-1.219459202228915934e-01
-2.290862948400617660e-01
-1.608337295104774189e-01
-1.139944625913695275e-01
-8.694258941387673911e-02
-1.741352244939748176e-02
-1.341837155845259921e-01
-1.834631029410440373e-01
1.944296933319167265e-03
-6.446650362236205911e-02
-9.802151345572933383e-02
-8.837788184035906547e-02
2.929192067608000008e-02
-5.296499410306497457e-02
-4.512246247380770348e-02
-1.403765732201348870e-01
-6.833327359325892109e-03
-1.436493748042322501e-02
-3.845015285604120453e-02
-1.706831263142628841e-01
-7.773454760308161349e-02
-9.219973390298145943e-02
-1.725205278078242865e-01
4.379425731555809664e-02
-2.295235511215019397e-01
-2.132095279583079428e-02
-2.977667825231270493e-01
-2.154802606403807483e-02
-1.588563549119180462e-01
4.542413765100159623e-02
-1.285711443401340581e-01
-5.444334223705192544e-02
-3.130163267621648409e-03
-1.254851298554250094e-01
4.060166122388745441e-02
-8.913981747264872885e-03
7.079212399025013036e-02
3.959593951042508775e-02
-2.084547087140584953e-01
3.580954596385822059e-02
-2.036252349519142857e-01
-1.061676244724645696e-01
-2.964298250165374807e-02
-1.364028788456677667e-02
1.657459987856500176e-03
-2.021112335716807387e-02
-2.729059017298285372e-02
-2.854964537737313124e-02
2.794190263151374864e-02
-1.551732632389890010e-01
-4.775632574896790383e-02
-1.273614497584294736e-01
8.478734140136676145e-02
-1.644684562062738997e-01
1.205401369515573529e-01
-4.119853580746374311e-02
-5.219184661318963803e-02
-8.000016213268978937e-02
-9.826889446120222471e-02
1.305333906452053883e-01
-1.540118010413247251e-01
5.028948016153859252e-02
9.496572535231119494e-02
7.134412834441416704e-03
-2.558518498810386649e-02
-6.888176813076077321e-02
5.434933586400766264e-02
-9.722928148482232191e-02
3.218619930070302365e-02
1.554197290499129414e-01
1.584491744138251390e-01
-1.010416605530448965e-02
1.050454591676557164e-01
6.545405424759233315e-02
1.831760183967879041e-01
8.642379216205338388e-02
-5.529162531725400481e-02
-9.460834970388595777e-02
1.102490014226642084e-01
-9.191245320038830087e-04
7.921504771983176388e-03
6.281471591515923325e-02
1.851986187022457708e-01
9.820321239065139124e-03
1.049679923455129754e-01
-6.440768501809596147e-02
8.252833001589184037e-02
9.020325731881523312e-02
6.758249265709431741e-02
1.163150381588021892e-01
-3.843887580197016124e-02
8.360525745430258393e-02
9.468668604510947773e-02
1.758242333095130505e-01
1.507203736891752632e-01
1.682388459325556418e-01
7.962045816726978642e-02
8.358717417652759829e-02
1.169806122800908094e-01
4.207827817623409350e-02
-1.189848924631439851e-03
1.020303566849347782e-01
1.297198690446498270e-01
1.817969590767672117e-01
1.967914945502715618e-01
6.883456922051964244e-02
3.472037726844431210e-02
1.220814566081330071e-01
8.326192533358398040e-02
5.111578281974844817e-02
2.464019742260096790e-01
-8.801320334645710078e-03
1.834425375447631679e-01
1.933128446234506359e-01
4.623926691915043047e-02
1.249215913258203692e-01
1.464250590679138930e-01
-1.787436193870762038e-02
4.373452315156654835e-02
2.584577468604923756e-03
2.448618121602990916e-01
2.366137094044356015e-01
9.682973169903941191e-02
2.039545694138729104e-01
2.202815677766566671e-01
1.054190933202035219e-01
6.546074857982941975e-02
2.160761469540992408e-01
3.791114319869687277e-02
1.669080448491251367e-01
2.123292094611919922e-01
1.956652381422733233e-01
6.686124081128145755e-03
2.302577566860619929e-01
2.728613867702348594e-01
1.226957648872092910e-01
1.916064323896553290e-01
9.580627445910236406e-02
2.432555788446072731e-01
1.740998782145790069e-01
1.261860094897416518e-01
1.766922587961469171e-01
2.601849944889867428e-01
-8.890449444036914450e-02
4.928372945284986706e-02
1.517576069142491380e-01
1.127557057116939238e-01
1.397730765184978796e-01
1.997862757656637123e-01
2.601503080746339069e-01
8.672874541518690861e-02
3.156420564154125974e-01
1.288850472133658831e-01
6.578396972201677739e-02
2.038455176382063805e-01
3.944382703984045668e-01
1.855070767936295439e-01
2.372871831085373306e-01
1.319758125059156684e-01
1.859918338341435273e-01
1.417615565525336130e-01
2.612991474699399297e-01
1.962560537560782414e-01
2.065262373974380561e-01
2.153803207946236309e-01
2.540803611220536773e-01
1.813052494114182345e-01
2.519885168902525896e-01
1.239083768449280726e-01
2.756663923146201456e-01
3.497334843084380362e-01
3.058533210940573843e-01
1.477617348481141679e-01
1.499355779303253033e-01
2.417560995386322797e-01
2.288443923305487626e-01
2.764403922637718169e-01
4.016776910996398553e-01
1.510382967871736204e-01
8.173023757329181752e-03
2.712222562122069691e-01
2.661154446778516425e-01
2.505401556426136711e-01
2.553538387267220711e-01
2.492428583095100680e-01
4.164250663468577196e-01
3.048970932643556009e-01
2.264254298719886316e-01
4.710940453562179053e-01
2.136108385848226043e-01
2.897641114177494925e-01
3.014359888413193911e-01
2.692643369250798391e-01
3.908864075278588035e-01
1.934082552092791507e-01
1.892960778853721715e-01
2.196848068079366445e-01
3.148822300771010885e-01
3.144650616341567173e-01
1.942934551467915272e-01
2.994939069527228215e-01
1.289722138106465521e-01
3.094070385217002617e-01
2.650682668557283184e-01
2.326807773547848734e-01
4.300270988010958528e-01
3.603954505298210820e-01
2.459530346312059079e-01
3.936664051366376565e-02
3.396521548748421271e-01
3.195216667673224653e-01
4.009420956838800620e-01
3.907385225119071603e-01
2.428431236455027564e-01
3.583395519839397969e-01
2.072877249611535799e-01
3.293940513177318619e-01
3.801190197098245904e-01
3.250955337699226178e-01
2.868501173339371713e-01
3.908777875418970038e-01
5.344429928749401260e-01
2.425574315066034714e-01
2.268913520754363422e-01
3.969668677083797448e-01
4.103396748610161349e-01
3.094983156177239514e-01
2.771649963253964843e-01
4.150818560420068692e-01
3.029169371004973854e-01
5.045031946360082342e-01
3.569718643754996035e-01
3.824945493112190120e-01
3.765744749177660222e-01
3.222021387031537287e-01
3.685423527913911368e-01
3.915342609285200060e-01
3.439488013296637114e-01
2.991575909965072388e-01
1.638052312040804703e-01
3.091158639644747130e-01
4.362545364627893330e-01
2.588106356544361275e-01
4.776238569021204472e-01
4.019650480816541194e-01
4.628920144851951246e-01
4.048530294575856114e-01
4.709692216928323405e-01
4.429734319472803383e-01
2.781925924889845914e-01
3.922668253967277474e-01
5.147905368437776241e-01
4.312115094949562355e-01
4.553731528189862710e-01
4.194951351238046522e-01
4.086189782466810860e-01
4.079265116124642931e-01
3.599831997392436977e-01
5.384020954308680329e-01
2.936146313930029783e-01
4.601436946178792398e-01
2.636716002404272952e-01
3.363872070089022337e-01
3.430553437199986289e-01
4.151899248769711503e-01
4.448843548287625960e-01
5.830366997313151112e-01
4.092698277866854140e-01
3.719021863243580639e-01
5.244713407436809582e-01
4.797909346614115944e-01
4.834779676203679877e-01
4.685398185953345562e-01
3.582384305606156616e-01
3.126672408675630899e-01
4.581153862471493143e-01
5.058958333728790224e-01
3.164626653737633855e-01
4.581279618783343777e-01
3.309174374037519017e-01
4.618643100205137575e-01
4.910330301702726108e-01
5.932937364831962768e-01
4.642699515431480406e-01
4.040664575758194377e-01
4.953831446767102409e-01
5.499712776201842734e-01
4.458376039551045222e-01
5.216763758792071215e-01
4.546280040523756338e-01
4.712363071044590179e-01
4.445291465410983744e-01
4.077310763348168110e-01
4.240518687112539986e-01
5.500812528664337231e-01
3.964820373364246753e-01
4.418655471033816617e-01
5.111506265255889581e-01
6.116509118971743542e-01
5.834257115123494541e-01
4.742325375493677830e-01
5.420448009472395023e-01
5.950082540272852993e-01
5.897487408394476160e-01
5.705827103283658275e-01
3.942354933630710101e-01
4.703577682929375170e-01
6.117576835290831072e-01
5.726947715160080055e-01
5.331689789341699237e-01
5.534602583173622303e-01
4.905037227141736955e-01
7.766553303056137336e-01
5.181674410484261584e-01
5.273635997782366580e-01
4.151839313028709011e-01
4.639233431498501758e-01
3.628209567675072522e-01
5.553754241277452097e-01
5.985940298155216777e-01
4.593417909453815784e-01
5.817183801144355515e-01
5.148384297765299378e-01
4.230707934959825889e-01
5.487351044780328646e-01
5.181331726972722151e-01
5.484013269765883880e-01
5.395491178351388140e-01
5.701792519939719028e-01
6.496754418343503312e-01
5.568189657429831740e-01
5.284539932630898385e-01
6.001990491456369314e-01
5.921451152567963616e-01
6.125447508800524465e-01
5.645700862602481829e-01
6.955624730978215986e-01
5.960104261203069687e-01
5.594526725794959354e-01
5.338543597305119848e-01
6.745216322942880760e-01
4.637983138738427935e-01
7.211151460715945483e-01
5.626073376792252168e-01
5.978839155772495140e-01
6.779410836094843518e-01
5.014212866368044086e-01
7.188316753262772307e-01
5.494183793044588038e-01
4.755579005919884916e-01
5.753158445732694526e-01
4.947503065623492513e-01
6.208250975052820309e-01
7.033222764504138969e-01
5.246472970860357465e-01
6.356380202027537285e-01
6.731334724330368946e-01
7.321836951027970164e-01
6.380528099580465851e-01
5.990884775154867725e-01
5.697381777806338476e-01
5.994406020547092817e-01
6.214550105281865244e-01
8.018354490191881290e-01
6.425548560165600387e-01
5.927525526129885369e-01
5.801406113794111974e-01
5.681362940951361074e-01
6.739573191233675375e-01
6.184017566178869885e-01
5.788733145751292497e-01
5.249759831127381871e-01
4.296684644486376548e-01
6.335793348434624050e-01
5.547622007810238953e-01
4.871411644753936288e-01
7.183728508584332761e-01
7.989199224067808913e-01
6.098917111840969074e-01
5.844992915391463706e-01
6.866118727481479445e-01
6.178562246198315844e-01
6.071863622570827790e-01
6.088350327036354814e-01
6.936912497774848640e-01
4.837371142465491936e-01
6.490263151361235217e-01
8.385364505732805229e-01
5.667113367802686374e-01
7.683063923300958997e-01
7.335269070017836901e-01
7.452649683836554129e-01
6.786152672291987376e-01
7.879955092956716367e-01
5.841051081042604176e-01
8.487257928794784689e-01
6.790603137249725529e-01
6.156651785644896568e-01
6.116243134635770407e-01
6.428273788698607438e-01
6.543324594249724235e-01
6.976168151760797631e-01
7.145350809695483196e-01
8.658041725337878303e-01
8.361179854474585227e-01
7.809289415402074219e-01
7.390799374354457552e-01
6.878420879008978472e-01
7.094530916739690829e-01
6.989417794351626689e-01
6.914802145561101954e-01
7.361127986996024442e-01
6.732855033657536570e-01
7.529594666864544150e-01
6.470059680197630669e-01
6.780079400778973309e-01
6.515198737262662965e-01
7.051245688144952561e-01
7.558533803213820512e-01
5.919338368787991911e-01
6.857583546436695210e-01
5.480688355458981365e-01
5.931136054681488412e-01
6.886356005547669135e-01
7.864182742455784192e-01
6.488851389244937318e-01
8.412111421415290335e-01
8.744208195624508795e-01
6.895340597596295584e-01
6.955238474449048081e-01
8.112875415089823017e-01
7.117148156697790107e-01
8.324813159776878191e-01
7.191922316524513858e-01
7.707253184562615766e-01
6.347928968529689131e-01
6.781753776127371625e-01
7.512206494396567180e-01
7.217318617430565908e-01
6.917732269496653652e-01
7.486576629581266351e-01
7.944808693412013234e-01
7.971899615204648404e-01
7.050493360300613688e-01
9.330913645255135558e-01
7.786982014057886037e-01
9.048123824971249229e-01
6.041053532360041167e-01
7.110075180094772573e-01
7.551680701262754036e-01
7.264047020591896109e-01
9.139382213168438795e-01
8.404690276289689121e-01
8.161529135020562098e-01
7.186971851018348900e-01
8.840496762755070126e-01
8.028794483089911616e-01
7.401130498893033760e-01
7.693289074133946581e-01
7.002547982880732436e-01
8.395104557220135488e-01
9.223033552113160116e-01
8.609156038423324553e-01
8.804573549604917115e-01
7.475137572721887169e-01
8.341386478408726601e-01
8.727673619590998744e-01
9.267516082603416416e-01
1.050745377460469809e+00
7.446878787012275458e-01
8.433720774734621006e-01
9.214959076774954516e-01
7.804849155805749783e-01
6.699897008030896162e-01
7.225082905742453709e-01
8.955132346076489780e-01
8.569879410073827364e-01
8.581982634363597429e-01
8.024409763516660021e-01
7.822328519143135761e-01
8.803235213505654633e-01
7.673406819845235427e-01
8.446585046273915598e-01
8.412636450717569936e-01
8.221545614682382874e-01
8.481361648468367376e-01
9.251264316895017048e-01
8.590415158713458066e-01
8.378099228853622682e-01
8.417454327933333591e-01
7.998649299370860222e-01
7.612867639493899885e-01
8.306655221707314185e-01
9.146847509015647582e-01
9.724862384204775445e-01
9.240519987136639468e-01
9.182367855590383154e-01
9.918275863318486429e-01
8.938015370907662627e-01
9.116429291109409139e-01
8.421689169936622532e-01
6.030339234911430424e-01
8.948470619057643516e-01
9.510584306738750771e-01
8.886552581061291090e-01
8.150208733594630495e-01
8.993470509114220857e-01
9.110965700720609073e-01
9.875883907751487056e-01
9.692020644177183897e-01
9.479727034806018082e-01
8.413847508814220610e-01
8.511107829667654556e-01
7.157611266741699119e-01
1.010887486261047075e+00
1.058603659421674559e+00
9.823295202570883067e-01
9.250382131012483411e-01
8.405022047581598432e-01
9.066755012770503219e-01
9.915526095061234502e-01
9.827806614843197508e-01
9.328684721915468936e-01
8.604090988400699969e-01
9.614796661108379050e-01
1.119668591346578923e+00
8.623794638674082691e-01
9.449597749840648042e-01
9.491933260599735300e-01
1.001420442297489277e+00
8.672728580975775925e-01
8.117941181347813062e-01
9.608356202001094859e-01
9.499540414724462201e-01
8.926325289822941711e-01
8.845427714095435157e-01
9.063100441547898845e-01
9.767108838055728048e-01
9.901482031199208000e-01
9.835270167624456938e-01
9.881393335943923217e-01
9.300130113252591535e-01
9.512351429350107690e-01
9.624752514522029179e-01
8.821964223229862290e-01
8.630364468360861574e-01
1.004670552711130815e+00
1.005858230347746352e+00
1.007195003770258834e+00
1.006035819686548649e+00
9.630777998070411128e-01
1.004106642538759475e+00
8.448424619668400970e-01
9.255681369664627844e-01
7.718644221737147593e-01
9.941148731952186290e-01
9.606593022254661385e-01
9.663635702911489433e-01
