-8.791386263725670114e-01
-1.128797449595800639e+00
-9.733954196867619091e-01
-1.032507039219088929e+00
-9.633682405265565629e-01
-1.013106854024029113e+00
-9.707449728563035674e-01
-9.772908714874991576e-01
-9.454099237711796055e-01
-1.000698200439477992e+00
-9.904425116416504249e-01
-1.005790041302186966e+00
-9.917847972213964525e-01
-7.136978589836634468e-01
-8.959951596862167911e-01
-7.405032731780130106e-01
-1.033592712765946331e+00
-9.766378236090113019e-01
-1.001016299697842671e+00
-1.096659794915624486e+00
-8.657743121811418696e-01
-1.011602103459766644e+00
-1.031253797479321443e+00
-8.415994876025073568e-01
-9.418750380962057633e-01
-9.145339308268144451e-01
-8.901760302145665937e-01
-9.049407918897494074e-01
-9.838102856780388539e-01
-1.065285681562463393e+00
-1.012221520646657380e+00
-9.471956327282762267e-01
-9.491210495756978727e-01
-1.018858545264948123e+00
-8.827341163950005454e-01
-8.743685795781221959e-01
-9.001507755889219808e-01
-9.878264214481593530e-01
-8.602063251702118940e-01
-9.694279219754124988e-01
-9.659933946696925844e-01
-9.022275134370577598e-01
-8.561077651303008462e-01
-9.435621163939157396e-01
-7.215745415231707982e-01
-8.714267920128353495e-01
-8.725723083219925069e-01
-8.844665077146486309e-01
-8.544868696110039519e-01
-7.492315459881252471e-01
-9.360244951200757946e-01
-9.299895104935291812e-01
-9.803157611212922617e-01
-8.943973498561533786e-01
-1.047184823594745628e+00
-9.625721102738119539e-01
-1.103079316691644163e+00
-9.274789087611108318e-01
-1.004628067484802267e+00
-8.656193003511237771e-01
-8.598118549603132044e-01
-9.426073975156733509e-01
-9.806687702625341840e-01
-8.567096294435574411e-01
-9.716183872405215194e-01
-7.971592463022177943e-01
-8.116901114642334214e-01
-8.553662331576592504e-01
-8.189617251131617870e-01
-9.558167333691907075e-01
-8.636864128645856953e-01
-6.997832650616944150e-01
-8.301778797900466467e-01
-8.094297089046202931e-01
-9.026937360626615670e-01
-8.326085688910422888e-01
-9.388031903264930644e-01
-8.545059517117883363e-01
-8.175436742725183947e-01
-8.170986278871803510e-01
-7.648541017383913010e-01
-8.312153922965622721e-01
-8.251780088324213169e-01
-8.159616073116520152e-01
-1.026444765541333348e+00
-9.511163110457838687e-01
-7.543168957963649612e-01
-7.905196035036725632e-01
-7.723451856421384987e-01
-9.178961389730891929e-01
-7.376093122721472106e-01
-9.035788835464868551e-01
-8.906610446156421057e-01
-7.595796426283122349e-01
-8.239758726125550048e-01
-7.730947494229146733e-01
-7.642166378699560836e-01
-7.680978655679102651e-01
-9.461269176531896807e-01
-8.698150951549292742e-01
-8.510754416888075546e-01
-7.517541939588279210e-01
-9.341927977274490091e-01
-6.889794933123913889e-01
-7.753391778544919122e-01
-7.276041245941959890e-01
-5.954742337803097252e-01
-7.816397931213673322e-01
-8.722444997152325463e-01
-6.654339362263047564e-01
-7.778358844250583548e-01
-8.224498133106101783e-01
-8.547020778942644448e-01
-8.485456025412518866e-01
-6.190973386829319303e-01
-7.397321634134830237e-01
-9.230359377326883275e-01
-6.821354769146366070e-01
-7.168577612407690536e-01
-8.907024270521393117e-01
-7.063909398813404961e-01
-1.008741962124328984e+00
-7.740846786541957236e-01
-7.823794330653692786e-01
-6.840299991807087254e-01
-8.540652157190470328e-01
-7.647163632682889567e-01
-8.015566845140229546e-01
-6.653704818056130899e-01
-7.624336586770430468e-01
-6.106857647238952413e-01
-6.912950576769024691e-01
-8.327628209827157013e-01
-8.166328239715633375e-01
-9.627156420196841813e-01
-7.502361774070964717e-01
-9.380380292698602407e-01
-7.048720543487322354e-01
-7.370690107238561106e-01
-4.601519628797700601e-01
-7.201583291858710822e-01
-7.116180301303949296e-01
-6.670883358642101246e-01
-8.358460504294664695e-01
-6.927676743427221284e-01
-6.658287874546753304e-01
-6.308228329676186519e-01
-7.111711957598190192e-01
-5.190464738302308367e-01
-8.362559233032503814e-01
-7.603718226801657876e-01
-5.355154774496642123e-01
-5.797336342732277714e-01
-7.150153130246654776e-01
-8.180086664907448846e-01
-7.033445387994275988e-01
-6.257510283926044359e-01
-6.208102245000105546e-01
-7.104374318232176133e-01
-6.003175886266847172e-01
-4.759422746575766028e-01
-6.696233000523775791e-01
-6.311566826546477493e-01
-6.970721117226417185e-01
-6.990803688261497673e-01
-7.163580955598574107e-01
-7.012163432617762870e-01
-6.360382517095279908e-01
-5.641016973745878182e-01
-7.053626975360649531e-01
-6.255283301284400022e-01
-6.083844986779087805e-01
-7.557194397372871686e-01
-6.744189110959097899e-01
-7.135141568044528482e-01
-5.965978799940608868e-01
-6.017475706676308489e-01
-5.830868481514710489e-01
-7.110129617656572032e-01
-7.686707100362230038e-01
-6.488167057818244876e-01
-7.241672245561476817e-01
-6.228365657652766840e-01
-5.122882869084284252e-01
-5.777235194199282775e-01
-5.433418665899077959e-01
-5.815335260772747095e-01
-6.494148575783049715e-01
-5.842548313972052432e-01
-4.694893266257956221e-01
-7.352135487109680012e-01
-6.626083125290183062e-01
-6.137329618806713905e-01
-6.109743611820491749e-01
-6.082695627683842865e-01
-5.508093173446713120e-01
-6.660952963532957849e-01
-3.847390840420002456e-01
-5.822998980992344364e-01
-6.233076648472332115e-01
-6.650982658705933970e-01
-6.698668874627864422e-01
-7.471770601300049552e-01
-5.775596031664202989e-01
-4.259036813679155653e-01
-6.570119795250175532e-01
-4.598792104109156731e-01
-6.533144506452883693e-01
-7.948931460389430104e-01
-5.051551384966747049e-01
-6.847550225977040439e-01
-5.827303043107568969e-01
-5.735598127293023429e-01
-5.140284227387503790e-01
-5.553740881830097065e-01
-5.334200520504400744e-01
-4.761175541337179795e-01
-5.012511785424759170e-01
-5.519171838327944224e-01
-5.192881920293187514e-01
-5.680055620040490583e-01
-5.705877428805533613e-01
-5.783300455016010533e-01
-5.545315627908105061e-01
-4.885241679716506580e-01
-3.963908506801420151e-01
-6.718196579904874843e-01
-2.871580055566859691e-01
-6.621343950053742988e-01
-4.839091866304523482e-01
-5.792318971441104969e-01
-5.053447805179656083e-01
-6.810958582723860566e-01
-5.092756525571446868e-01
-4.884109387647188605e-01
-4.663715290635254695e-01
-4.609522020672111586e-01
-6.757624145549293582e-01
-5.323387273281678933e-01
-6.363823746697583328e-01
-5.276276527929827376e-01
-5.547964518013596136e-01
-5.865497899865191878e-01
-4.534903321445492574e-01
-3.974742606115400645e-01
-4.897031404364338147e-01
-6.413953723062466583e-01
-4.898032865458471496e-01
-5.130706951350900713e-01
-5.590540524633875741e-01
-4.548614790339517433e-01
-3.969757437396773669e-01
-4.521654659017626532e-01
-4.814690987716924164e-01
-4.615208108261817932e-01
-4.037190476109260850e-01
-5.292610714119633242e-01
-4.344205034949034649e-01
-4.619928495184066342e-01
-6.058945490963388858e-01
-4.544811440653325207e-01
-5.602402431919684123e-01
-4.762594056193750758e-01
-5.694391156066753723e-01
-3.871151182910843591e-01
-4.506011437388902086e-01
-5.506082860265698598e-01
-3.447979792808493760e-01
-3.199477193152499566e-01
-3.643917830637545263e-01
-4.917858272689290544e-01
-5.190486222352926893e-01
-2.815643861381360580e-01
-3.865928773538488961e-01
-4.048107276033244828e-01
-4.379461590107311952e-01
-3.782873238853586839e-01
-4.469183424093493562e-01
-4.363405927507176263e-01
-5.683492099855357305e-01
-3.425697357232205809e-01
-3.279426805964013591e-01
-4.624631349400826763e-01
-3.374768764317482295e-01
-2.802490868818926506e-01
-4.494735813478343278e-01
-4.210650220459576376e-01
-3.038512410043491818e-01
-6.203408602905031710e-01
-4.396822297361587251e-01
-3.320646840199671934e-01
-2.710061602125353741e-01
-3.254567708304340057e-01
-4.477583838794287341e-01
-3.904044694532705639e-01
-4.095849168758513570e-01
-1.972121023229117809e-01
-4.129758793446605680e-01
-4.424816184781267259e-01
-3.978889749790440744e-01
-3.800732381457506692e-01
-3.112710709655127084e-01
-4.212621279388154560e-01
-4.762005439117787953e-01
-3.860733724079734031e-01
-3.427002431028922103e-01
-4.120859077747476285e-01
-2.777059701105505929e-01
-4.841332076317305666e-01
-4.746127712827147849e-01
-4.247672605657325517e-01
-3.343900860485272131e-01
-3.102268134639025732e-01
-5.406236530716600486e-01
-3.519820867818714838e-01
-3.373001839490548659e-01
-2.811024988599037377e-01
-3.557729304986463892e-01
-3.749457333760963240e-01
-3.656587290558159231e-01
-2.920149690592970249e-01
-3.479287951475779073e-01
-3.435720722129084748e-01
-2.001590505977668688e-01
-4.513279689314921295e-01
-4.952667765366324804e-01
-4.023838176594419780e-01
-3.540225926731255246e-01
-3.245624194262956008e-01
-4.092441893441432499e-01
-4.077018078556441383e-01
-2.341427700743870799e-01
-2.934872774231045978e-01
-3.804298709223860597e-01
-2.647181685310933674e-01
-5.008384423008084285e-01
-3.759100233866025653e-01
-4.553442711723983405e-01
-2.574357976213821897e-01
-2.318357625548825018e-01
-4.777654746625323301e-01
-3.806609999511815778e-01
-3.340908537797420141e-01
-5.135755865705998735e-01
-2.622167104018474082e-01
-3.410562234552922956e-01
-2.627997017522324952e-01
-3.124147545504979417e-01
-3.438940204526383937e-01
-3.128293366546244791e-01
-2.568126983571892841e-01
-4.312920811365906215e-01
-2.148656768054099386e-01
-1.651226913638453031e-01
-2.597929314615209928e-01
-2.758702179982691072e-01
-2.184788462261597619e-01
-3.613313295200932251e-01
-2.026447945938944784e-01
-2.996076374734325531e-01
-2.033339715007122239e-01
-2.482435021062827651e-01
-3.637927446606768478e-01
-2.156978364176772300e-01
-3.026752296611140425e-01
-3.897579620850843973e-01
-2.115354490192164205e-01
-2.626564166362140851e-01
-2.526240992463600343e-01
-2.860521210640002421e-01
-3.442570244164251947e-01
-3.045916922505464974e-01
-2.686012829742578378e-01
-2.925889493673349828e-01
-2.625505909926640347e-01
-1.929021478587054916e-01
-1.370614910638265904e-01
-2.621831120218322542e-01
-2.973626161344100627e-01
-3.106599664621397805e-01
-2.501282084286498009e-01
-2.149907451246627355e-01
-1.102366233975551196e-02
-2.752335470687693464e-01
-2.251595771433113624e-01
-2.987224678236490849e-01
-3.331514871998524363e-01
-1.802610497573689796e-01
-5.289659412727421711e-02
-2.058077751751999640e-01
-1.880499124300727687e-01
-1.787411518154138901e-01
-1.748877725917284687e-01
-1.332634913609770655e-01
-1.697140993983314861e-01
-1.927068361591274537e-01
-1.360546145888452685e-01
-2.710709820959595895e-01
-1.559980988739560481e-01
-2.229805386436001791e-01
-2.302475151106877505e-01
-2.566275353619227872e-01
-2.012240959271275886e-01
-2.512512197111975709e-01
8.694781857510778048e-03
-3.417891967604204106e-01
-2.821867505574063295e-01
-5.664712391174751838e-02
-8.313290060954056648e-02
-1.833834570373436279e-01
-2.187162132658105884e-01
-2.151254155490621434e-01
-2.059812814723182006e-01
-1.413367432114790156e-01
-5.288246222621345582e-02
-3.253835550958761313e-01
-3.000558609795457923e-02
-1.651642934445361199e-01
-1.684531434025077490e-01
-2.560523707840505203e-01
-9.706848664569493745e-02
-2.174572045177992075e-01
-9.447731637673396909e-02
-1.205311842099293096e-01
-4.953169641790979190e-03
-1.733809384068759063e-01
-1.752637995828165429e-01
-2.754379911633785816e-01
-1.450153182568061916e-01
-2.324692889377183991e-01
-2.078009721318964664e-01
-2.103762881129896123e-01
-1.607559936440131343e-01
-1.629259058540678817e-01
-1.201378779422316162e-01
-7.891773870098554855e-02
-1.309685189285476614e-01
-5.234100526892349059e-02
-9.942425926972961459e-02
-1.450783982676648043e-01
-9.030674602303130627e-02
-1.551264418763265984e-01
-2.471146736176294545e-01
-1.825200755291689347e-01
-1.370626060341980923e-01
-1.386695885653511928e-01
1.341378081799865334e-02
-1.653591495175550097e-01
-9.044773693814306403e-02
-2.231304702573239096e-01
1.923528325016828425e-02
-3.898797921568068758e-02
-7.489031640607680951e-02
-4.562537726898098500e-02
-1.758047820777346448e-01
-3.026971763984839803e-01
-1.195588670414760302e-01
-1.890563510749050102e-01
-1.071266521420914802e-01
-1.135771123776186387e-01
-2.145289049039392770e-01
-1.607992303905083353e-01
5.938312264783434172e-03
7.571376009957617517e-03
-7.962891560276964820e-02
-3.201452013270930652e-02
-2.971721015199161892e-03
-1.972402220136426909e-01
3.829178930774777140e-02
-9.571884057206696966e-03
-6.790314662293911105e-03
-1.763691567980998076e-01
-2.066695947375072479e-02
-5.905636451560683509e-02
-8.531647208439106789e-02
-6.976878545760645256e-02
-2.049470248626366342e-01
-5.423707335821465955e-03
-3.741876378175058859e-02
-1.401289472647809613e-02
-7.091648167566247385e-02
-7.108530848253387380e-02
6.072350986871997286e-02
-4.463750962996178295e-02
-1.693743201593815029e-01
1.931745259621294245e-02
7.359143830584956303e-02
-1.727035676142961440e-01
-2.296451777174033856e-02
1.074224921506136167e-02
5.224279320596295767e-02
-1.367074912533036354e-03
-3.529539802808265986e-02
-2.051042362627748805e-02
6.186635790276680952e-02
-7.599991566594829773e-02
1.598487783431841169e-01
6.500138449227111162e-03
-1.602715173766374249e-02
-1.104954947769445084e-01
-7.342713288104397995e-02
9.300640667982934540e-02
-5.224814277082818342e-02
1.015387148876892853e-01
5.492434609497331283e-02
2.684915441037473080e-02
3.122676035749214971e-02
6.434969502195295177e-02
4.169179174420235487e-03
-1.335434970470087378e-02
1.165437695269759544e-01
3.584567340855788348e-02
-9.302511852117713309e-02
1.532500959523928202e-02
2.890504717104352972e-02
-7.237315482135892042e-02
2.203989612507644899e-02
6.649688878721533858e-02
1.001940340503325311e-01
4.670347174251994471e-02
-2.612174280296186701e-01
-1.950515172649952556e-01
9.144443379982157560e-02
1.236363097380788756e-01
2.792356391395523288e-02
3.346801042830867268e-02
2.029618996268808470e-02
-2.392629293050929293e-02
8.457184036215441292e-02
5.193533376833055215e-02
4.067117633897050083e-02
1.524400330590755803e-01
2.072594848787323307e-01
8.174684979701266063e-02
-2.003031605606780258e-02
1.114441305254305487e-01
1.759474056479909962e-03
1.181910658637429640e-01
1.437438278332237029e-01
-3.539627434771386999e-02
3.832634247824585200e-02
1.691319295157633074e-01
1.915091451196492336e-02
-4.623888055138951347e-02
1.052327561977882131e-01
1.488552457038414267e-01
2.258353133009036867e-02
1.496798721483359185e-01
-1.023867178867466365e-01
1.292454385929673599e-01
2.051713706742343615e-02
1.425266345750312857e-01
1.421023382284974101e-01
1.642815231508958362e-01
-6.442757532745198301e-02
6.666289285908322260e-02
1.128814546621991766e-01
1.246228938750828241e-01
7.364829157669421089e-02
4.768841331548911294e-02
1.955467511863310803e-01
1.144079831486635168e-01
1.637429561421646085e-01
8.943910663671948702e-02
2.857611750281439100e-01
2.214146144269102945e-01
6.653468669961871973e-02
7.523488708863848747e-03
1.543376054374594186e-01
2.796593280920109947e-01
2.143016671994793509e-01
1.319636683010887990e-01
-2.717010630016667566e-02
3.700240884750226333e-02
2.079645573530091440e-01
8.122320235100312369e-02
9.925038938045109560e-02
1.366729587608612184e-01
1.650160260579741078e-01
2.306240794621124413e-01
6.517236444889454305e-02
3.098564697387907740e-01
1.341131467998569193e-01
2.217860974129614027e-01
-2.980689516129547689e-02
2.164403930510400142e-01
7.507642224014902943e-02
3.003571703981920971e-01
2.645610622045517224e-01
2.364913907462300180e-01
2.400501295724482009e-01
8.645925875558506390e-02
1.036583477539504972e-01
1.340153278293839678e-01
1.233765473034892923e-01
2.171848774477005972e-01
2.809074394491175020e-01
8.317219595842706426e-02
2.917174212833464342e-01
1.583646377041593167e-01
1.446365048632247685e-01
2.297148123781151685e-01
7.901592601868699661e-02
3.668531430037724750e-01
2.899361039555284347e-01
-9.468242350847930547e-03
1.133001307078150416e-01
1.833970598831907717e-01
1.061110214719674233e-01
2.351859183549484533e-01
1.179390815127445147e-01
2.212565453864466791e-01
2.546365904725061968e-01
2.577606596360947355e-01
2.889298789974731330e-01
2.652593190327248163e-01
3.381699322347932468e-01
3.036263568121722045e-01
1.639490660939524613e-01
1.415266424793512334e-01
2.623976910318319145e-01
3.222469167180034288e-01
3.136713339501061015e-01
1.601514896028543855e-01
2.141999154537884142e-01
2.463817136572699351e-01
2.600175958458488257e-01
2.754858824631736258e-01
2.878434633570930434e-01
1.338327775445170842e-01
3.010165804670988376e-01
2.202845117289574384e-01
3.271672266360197145e-01
3.811187449355868395e-01
2.906586624563767263e-01
1.413879633880901487e-01
2.756684770577737531e-01
2.105151591201225858e-01
2.477680460647188332e-01
4.029590572101243717e-01
4.346694323012317285e-01
3.071692174922593943e-01
4.065601239418130675e-01
3.249479164334626580e-01
1.946263826899824745e-01
4.624998159842728107e-01
1.663406128706217957e-01
2.780786768920605612e-01
3.936331172548473978e-01
3.330023266307856056e-01
3.801816065331754535e-01
2.704908163534139320e-01
2.308912716109003671e-01
2.939388720792420195e-01
2.729765309159576936e-01
3.110896474282511259e-01
2.744828531471957822e-01
3.810605537333965898e-01
3.884595156213763167e-01
4.059156271288509865e-01
5.164906579297086076e-01
3.688773317503467597e-01
4.088410925684062280e-01
2.384620671659750113e-01
2.793234283490738656e-01
2.573327264884029963e-01
3.081922484945787133e-01
3.090691145796184980e-01
4.113331931784185436e-01
4.778680320544073656e-01
3.279414839453520525e-01
4.512701441434380789e-01
2.549831017560162949e-01
3.811380688488730240e-01
3.555026990246529239e-01
3.537387684863652071e-01
3.726551017196614857e-01
4.838740102851761815e-01
3.285743479973919356e-01
2.731818392264107054e-01
4.978372638952253681e-01
3.447635857303853468e-01
3.482964426722814921e-01
2.574793637248756206e-01
5.008173520181409266e-01
4.249447934283985817e-01
4.572276296500599746e-01
5.261926204277945773e-01
1.666578255410615383e-01
3.096993820856057122e-01
3.378306680438671328e-01
1.727643293381344591e-01
3.085271591018877713e-01
3.556042231806291753e-01
4.086999702266182477e-01
3.168578395532892777e-01
4.855119097128074435e-01
5.068888972265038761e-01
4.800855269577186668e-01
3.747224405456360818e-01
2.840980767373993410e-01
3.409100714805750054e-01
3.192535783650639059e-01
2.939298298866792614e-01
3.333156485585448969e-01
4.402571938459877710e-01
5.102137335050384026e-01
4.894427511848352674e-01
4.644597644105247780e-01
3.101703823794068615e-01
3.847132963838674757e-01
4.745423621535046488e-01
3.978096097528541764e-01
5.896290731357696213e-01
5.102745377140638361e-01
5.029517175811355489e-01
3.989205869979420283e-01
4.094363389241876261e-01
4.594917753980599651e-01
4.814029787768554502e-01
4.079356292268295214e-01
5.217134512204606445e-01
4.097111158595511116e-01
3.899363601945416979e-01
4.469937589276934964e-01
3.633650440985501939e-01
3.642394987787281879e-01
4.014185521584378580e-01
3.834744599470504833e-01
5.078515270192790476e-01
3.800363185030745661e-01
3.267491798433904138e-01
4.871766196539769611e-01
3.353166134293378842e-01
3.600985010340095327e-01
3.980224080264554987e-01
6.245635207739832495e-01
3.928385320762682875e-01
3.062147950106982042e-01
6.763055251153556879e-01
3.865584892795315697e-01
6.219184629853291568e-01
6.075251192678965406e-01
5.001380986071436441e-01
4.628341579639934089e-01
4.849076901091081138e-01
4.421633230945907211e-01
3.622981606327994042e-01
7.800500266792946835e-01
5.880898162450478583e-01
5.908669855367417734e-01
5.671618816161184684e-01
5.504002863209886964e-01
4.711971391022867217e-01
5.764020524535888867e-01
4.813402158462284919e-01
4.626915000552476176e-01
5.521285169652025981e-01
3.603327814948737995e-01
3.233944333031706919e-01
6.996286572341617882e-01
5.131030877067824791e-01
6.024955080061943358e-01
5.668490475095804282e-01
5.917195018110039673e-01
4.840634648481277891e-01
5.600907305054412255e-01
5.590763440230969161e-01
3.263967088457209176e-01
5.437966804240554897e-01
5.881111357903191506e-01
6.158864725693065090e-01
6.084934279463520834e-01
6.712456175847488771e-01
5.851166174703561484e-01
5.863496872137868854e-01
6.007601670595338339e-01
5.460241416953405258e-01
5.572411354729585042e-01
6.022880614185206483e-01
5.182207628792724341e-01
6.555193371209501185e-01
4.896584115775965418e-01
6.876760826192248599e-01
5.230716152634913296e-01
5.855605292191042865e-01
6.551154057329262592e-01
6.357858462305543412e-01
5.636019252631667698e-01
6.948551053294192981e-01
5.991914595328418081e-01
5.378710841792081476e-01
6.479527975801693263e-01
5.569997598261842153e-01
6.107262561843606052e-01
5.529659287611384810e-01
6.699511518203596916e-01
6.153294369585353696e-01
5.910233829115941750e-01
6.980646545062862973e-01
5.804285754103808426e-01
4.365790503294897373e-01
6.103072186721990589e-01
6.065938868098658121e-01
7.376377518260607280e-01
5.158276471403870911e-01
4.355068471539936259e-01
6.866226240080240961e-01
5.209609433942969936e-01
7.104065637320322590e-01
6.460069316798018324e-01
5.204990980198284101e-01
4.733102037679721708e-01
5.526889152264677918e-01
5.657669875949791205e-01
6.924065486415406090e-01
6.015117914544461097e-01
8.089336281917562932e-01
7.528664867654387693e-01
6.477951171584518386e-01
6.301494814311678905e-01
6.597244927343451915e-01
6.372229531044714124e-01
7.257667352004383288e-01
5.482460597559551951e-01
7.343242606033266728e-01
6.527650026262382665e-01
6.857590335706028606e-01
5.241658607590095054e-01
5.430801971850810483e-01
7.898584392929656195e-01
7.249263695323594492e-01
6.730142867435683351e-01
6.619381446602016217e-01
6.694499438330491214e-01
7.143220477107090627e-01
4.642543132231710667e-01
7.857058065270365876e-01
6.931459011972913586e-01
5.726405804840268843e-01
7.537413093779915529e-01
7.253204621302369315e-01
7.187531545546957945e-01
6.666895150908827006e-01
7.917008091444930340e-01
7.183719764878953029e-01
6.007589691944938970e-01
7.066949699305744570e-01
6.343397352750763662e-01
7.837754276984382207e-01
6.983425115177381848e-01
7.323942557857413549e-01
5.616634155271966744e-01
7.019190539866951850e-01
9.220314770939135318e-01
5.822618407994846201e-01
5.784228330267886520e-01
6.908815704994539786e-01
6.082158201566385536e-01
8.827187327335267453e-01
6.844276183237772981e-01
6.638948409465145195e-01
5.050583064729635696e-01
6.452232809334029762e-01
6.283955184657293858e-01
6.611615138426412130e-01
6.545785199306588531e-01
8.323201462055473954e-01
7.561903965903117308e-01
7.278187063727525885e-01
6.711167213302743351e-01
7.937045390952438551e-01
7.430138447004134283e-01
7.673501529853110625e-01
6.803060593448941873e-01
6.779840581234326535e-01
7.919983891489552619e-01
7.050691380894268390e-01
8.203805748613949289e-01
6.265183320439147163e-01
8.070304640410779218e-01
8.108613578714434222e-01
7.518223039081227688e-01
8.056427297178936353e-01
7.111558820980240503e-01
8.018869619365556201e-01
6.985616072366819251e-01
6.907142453187296027e-01
7.548072568351824607e-01
7.900789717736387274e-01
6.671526641861484919e-01
8.696490903110360993e-01
7.735966280498365322e-01
7.574902133046936825e-01
7.741749733470993933e-01
8.632010341618593374e-01
7.383081376663734874e-01
9.174699984555652055e-01
7.960418325935605388e-01
9.755969109351636526e-01
7.988770578506265707e-01
7.390699694869150571e-01
6.880726980880087496e-01
7.838622278880337246e-01
7.039035462981939606e-01
8.360446898933194815e-01
7.180777470056726175e-01
8.959334659789413013e-01
7.910983002319134094e-01
7.685671490153161978e-01
8.785466861745394596e-01
8.221719173309884887e-01
8.631980892307066222e-01
8.187702908214702369e-01
9.435065091515302260e-01
8.678598290932930670e-01
6.319970889520680757e-01
8.121896102294120512e-01
8.680025784647902309e-01
1.010959345988393210e+00
8.619581586587148347e-01
8.920481033931404458e-01
9.028359838127051340e-01
9.340387328428406688e-01
6.851584469626209595e-01
1.079344241381217318e+00
6.807158597501052899e-01
9.503975759597996786e-01
7.655688915805384243e-01
8.720642188553064944e-01
9.618807638742989941e-01
9.615470460909770756e-01
8.246551402146683474e-01
6.611904943731351514e-01
8.728500169268296194e-01
8.535669861547688919e-01
8.512995219940650005e-01
8.034472611807612630e-01
8.370027849342265291e-01
9.037341866931155598e-01
9.113947567242149939e-01
9.496224920907531120e-01
9.688218628313095548e-01
9.134141622776121849e-01
8.728747531971994267e-01
8.326215987882346070e-01
8.630153060917592489e-01
8.043905794892839412e-01
8.221921892328978299e-01
1.108511781640416860e+00
1.010277063199012337e+00
9.094266734385424433e-01
8.668567265959256085e-01
8.063576691353350201e-01
9.026740515515698782e-01
9.335592979934581592e-01
8.292668494940885759e-01
8.527226669032169637e-01
7.707584614013313073e-01
9.619420531468204638e-01
9.753692812709252591e-01
8.574731733244174148e-01
9.234098136948536428e-01
9.156379358276784952e-01
9.080172828140685715e-01
9.429322482378624803e-01
8.577007784624764986e-01
8.668726213469059028e-01
8.716497709736964472e-01
9.998283832228678225e-01
9.322888770564123906e-01
8.663844998786932594e-01
9.149949919331118453e-01
8.314616736201371205e-01
1.063978698417249902e+00
9.377360148851773269e-01
8.827138827036762336e-01
8.910468056108891144e-01
9.541709677346177365e-01
8.537322041262582761e-01
8.705092698023735309e-01
9.614653319096474471e-01
1.025055954630856636e+00
8.897610285797966645e-01
1.032048334129701983e+00
1.103475303334619406e+00
9.656127810510088949e-01
9.887040942222756756e-01
9.529856204317016521e-01
9.484764231482536445e-01
1.005232236655988265e+00
1.044909536189640109e+00
1.151567807227750873e+00
1.007269861121780963e+00
9.118331819911831282e-01
8.420823347620923771e-01
1.177930070925190975e+00
9.490169563418556775e-01
8.949858843844145095e-01
1.068968938353868303e+00
