-1.014056216503932184e+00
-9.736675417456609472e-01
-1.183271809486428516e+00
-7.441781192969648684e-01
-8.437059072003784133e-01
-1.096691277017174393e+00
-1.092264945147997768e+00
-1.185132690032286717e+00
-1.113633404994492038e+00
-8.859897093146118507e-01
-9.954030966830983429e-01
-9.967000614719588869e-01
-8.760558954505245355e-01
-8.611391151051465132e-01
-1.126499416406130827e+00
-9.424395174551456478e-01
-9.657443049015936865e-01
-9.802094124603372149e-01
-1.070545086425606751e+00
-9.234524194210321779e-01
-8.748870149828447129e-01
-8.803359271372541706e-01
-1.055401299062376008e+00
-9.002819839467711693e-01
-1.096337117988944954e+00
-9.433142709765465206e-01
-8.897937130048941823e-01
-1.040985675356636886e+00
-9.168773617016074962e-01
-9.508480116837895180e-01
-1.003806791137197729e+00
-9.976249462042585670e-01
-8.031340500376055180e-01
-9.114338754769824025e-01
-8.551755023483083029e-01
-7.888098278603870028e-01
-8.174687080464903000e-01
-9.212365912072175700e-01
-8.219904884757094354e-01
-9.107676892049564321e-01
-9.168693444189623953e-01
-1.090903589967549214e+00
-9.363106149029085667e-01
-1.045568067107055743e+00
-9.802397340422247529e-01
-9.818975219992615022e-01
-1.038625176429065267e+00
-7.336525230359942640e-01
-8.630703428414854272e-01
-1.004779962067326338e+00
-9.830858747254878072e-01
-9.545252610111051306e-01
-8.153549781920749195e-01
-8.624731301735210076e-01
-9.650819892819799684e-01
-9.572547213930026055e-01
-9.395789489692198959e-01
-8.664172882811098653e-01
-8.576618061824802242e-01
-9.878069748526706606e-01
-8.070368936532335002e-01
-9.334191781430631885e-01
-8.576539487251340077e-01
-8.285157304804459111e-01
-8.728076821825062614e-01
-9.985100851680998035e-01
-6.955500069336875146e-01
-9.121676068743267418e-01
-9.632282000344485340e-01
-7.740165433838356313e-01
-8.746032924100566319e-01
-8.783240164370257341e-01
-7.422409098776792113e-01
-8.356887555667045220e-01
-7.432191576792591681e-01
-7.994448299292969962e-01
-9.090991784669942843e-01
-8.583392892712693456e-01
-8.682917530412199714e-01
-8.999650567671242385e-01
-9.338277982304780123e-01
-9.283830887293258449e-01
-8.077618906537277210e-01
-7.618964871366944447e-01
-7.932573276873864376e-01
-9.222246369151471113e-01
-8.403620549940306050e-01
-1.031621915621955932e+00
-8.706176395425112569e-01
-9.179320317439225718e-01
-9.415318880432769211e-01
-8.778038073453260370e-01
-8.153169822617251095e-01
-9.922069565158609938e-01
-7.218678878449522607e-01
-7.613918167174186236e-01
-9.129255127240364365e-01
-8.187473922126000669e-01
-7.321138937133144786e-01
-9.556471624020983491e-01
-8.230872185289397347e-01
-8.470203889515948159e-01
-8.263138613443593572e-01
-7.986710278249469219e-01
-8.663239231495558634e-01
-7.394245519301571035e-01
-7.397607737240577963e-01
-7.095938471570346628e-01
-8.805762359510905801e-01
-7.649072720913138168e-01
-7.787470557622980794e-01
-6.824348659517567306e-01
-6.765195902406979656e-01
-7.260674074015630586e-01
-7.757759817841333172e-01
-8.361360974892274589e-01
-7.803704261792232533e-01
-8.190479374743147023e-01
-8.628360817296012453e-01
-7.311041737892812753e-01
-7.152895122997563471e-01
-8.363251459893451534e-01
-6.907916299985354947e-01
-6.124202303604987518e-01
-6.794815615478664306e-01
-6.686118439924314538e-01
-7.331072093246648880e-01
-6.015283958165041911e-01
-6.522115757199680175e-01
-5.488229721035078335e-01
-7.119139943382333247e-01
-5.914514023698419498e-01
-6.524358207015764632e-01
-8.156202594849207843e-01
-6.873448511729550736e-01
-7.363566267332507520e-01
-7.311470305423840577e-01
-6.625124284370612626e-01
-7.161191462006384345e-01
-7.314127559004646173e-01
-6.667068612881438261e-01
-8.712391295170768268e-01
-7.818644674444112930e-01
-7.623141275512161918e-01
-6.967487003367368592e-01
-6.513626420471938516e-01
-6.262857363387855925e-01
-6.976473302290404632e-01
-7.549756723953737758e-01
-8.070998376113778239e-01
-7.510718331055136199e-01
-6.979131800230763405e-01
-6.648418983282675665e-01
-8.056007726890689336e-01
-6.622917257363385435e-01
-5.270938713250837848e-01
-6.849388170378285512e-01
-6.422173687474614923e-01
-5.248357619071586377e-01
-7.382045944876063359e-01
-6.030073738599096567e-01
-5.716168912231264221e-01
-5.305007843911355714e-01
-7.971490869784226829e-01
-6.985278212420378274e-01
-5.843216791126220055e-01
-6.661740523412029713e-01
-6.720869122483686953e-01
-6.928637822436726212e-01
-6.023486572956591178e-01
-5.384496519187531582e-01
-5.894175361417917092e-01
-7.647978951448125562e-01
-6.081006583831417567e-01
-6.909330419255430566e-01
-6.206551553267153354e-01
-5.105845600864723499e-01
-6.454803818804143445e-01
-6.903965279422308310e-01
-6.083939860784115528e-01
-6.361189285755739498e-01
-7.288441119723775286e-01
-6.383136580130662763e-01
-7.042639841758076003e-01
-4.260539089268821633e-01
-5.381179261835518091e-01
-5.628965421919464029e-01
-7.869668942938605749e-01
-7.632473642848477402e-01
-6.280321087201378161e-01
-6.250585584053043320e-01
-7.510499127659965302e-01
-5.615822844228185451e-01
-6.994929544726325998e-01
-5.730267000889621709e-01
-6.785173674316167247e-01
-5.960846195970509465e-01
-6.465634711974600490e-01
-7.030336669652959003e-01
-5.154501702448481826e-01
-6.497217921070863600e-01
-5.560409355055483394e-01
-5.352609784693713735e-01
-6.423844959403751664e-01
-5.424106922592072388e-01
-7.144393716627275293e-01
-6.626971006595032687e-01
-6.765010309695914659e-01
-5.921007407144698309e-01
-7.160791674129344253e-01
-6.117530289876961236e-01
-4.492725546399511383e-01
-7.122513441184680216e-01
-5.317943012395608404e-01
-6.370884751368349752e-01
-3.880528957215346186e-01
-6.753694558572678197e-01
-5.998053760270987134e-01
-5.391916930785964901e-01
-6.442617330412622190e-01
-5.891741229288942616e-01
-5.055410288543443764e-01
-6.124979873028719712e-01
-5.793906589844785016e-01
-5.068241826034826092e-01
-4.820091803491260984e-01
-5.519843415215810456e-01
-6.059777638102328279e-01
-4.307377992157498392e-01
-5.873143166732318621e-01
-6.708256744449275777e-01
-3.705383882753777725e-01
-4.460183878241065214e-01
-7.180486636063709849e-01
-6.093977662122638250e-01
-5.822246663038473935e-01
-6.014814965205086406e-01
-5.360926219090509370e-01
-5.040345763084076447e-01
-4.262673363022075890e-01
-3.745859403326898818e-01
-2.992492917904017169e-01
-5.418284473132777279e-01
-4.487962116816955338e-01
-4.413256737528203910e-01
-5.645272398605698516e-01
-4.900445791190111144e-01
-4.362941855104316424e-01
-4.189047178988331011e-01
-6.292934066243716096e-01
-3.984318321356696835e-01
-4.667791779645573125e-01
-4.974637674190610093e-01
-4.964187397545418712e-01
-5.146743399927636853e-01
-5.676608768196999000e-01
-6.330191466229964092e-01
-4.570437816369252726e-01
-3.355671119466299146e-01
-5.091397997783267959e-01
-3.944622511420416422e-01
-3.884165531924558268e-01
-6.254766651975290914e-01
-4.032422970556042707e-01
-4.312588367625806995e-01
-3.836864754412535605e-01
-5.084015530846758280e-01
-4.351135554845579900e-01
-4.381763881081560674e-01
-4.714431062911797476e-01
-3.930192470549805916e-01
-4.276837069350771237e-01
-3.015855549530641611e-01
-5.130895395455765673e-01
-4.517029564045068613e-01
-4.268239950120850112e-01
-3.405025119426382529e-01
-4.614991604997576990e-01
-4.370019571426932425e-01
-4.405607751313151965e-01
-3.783073785897040908e-01
-4.475059283975779123e-01
-4.957696025697498898e-01
-4.194715825315757929e-01
-4.061568691661921471e-01
-3.680991641994190156e-01
-2.874172181823638761e-01
-3.177161115583686524e-01
-3.567139064652322111e-01
-4.399266829832903514e-01
-3.701373181379824517e-01
-4.275496508994426348e-01
-3.093054855395728220e-01
-5.297764329963795538e-01
-4.099147739872737728e-01
-3.943447062743770659e-01
-4.001390816670952755e-01
-2.604483468899422838e-01
-3.057516742961173262e-01
-4.430174671469482850e-01
-5.191522347029535744e-01
-3.036788029390322108e-01
-4.966883756784815640e-01
-4.923101357007721446e-01
-3.602304479842609042e-01
-4.178934195125044715e-01
-3.059632185462882736e-01
-4.213414674525814974e-01
-5.653717160644534667e-01
-3.561711897786652981e-01
-3.979688371408204306e-01
-3.302148334406327379e-01
-2.777332749084384655e-01
-3.267025826174288494e-01
-3.648642493517889607e-01
-3.945592116847059794e-01
-5.051554573393384207e-01
-3.504893425613995195e-01
-2.300473248135747328e-01
-3.916024574878410602e-01
-4.293038824511550278e-01
-2.581719574695745534e-01
-4.422460759920425200e-01
-4.158049136187361161e-01
-3.116345493921963139e-01
-5.606202743423918111e-01
-3.687560587569049808e-01
-3.351228654916957317e-01
-3.943878718689355911e-01
-2.527606380851833978e-01
-3.239509530568434048e-01
-2.901263366856832726e-01
-3.180471211714809288e-01
-3.437777128162618490e-01
-2.437285332067301857e-01
-1.933509350851243258e-01
-4.992934981316335397e-02
-5.281133300731379876e-01
-1.839968845068243042e-01
-3.416706118641667511e-01
-2.826475328158883915e-01
-2.301024956997948512e-01
-3.011212558162923991e-01
-3.646176224280251454e-01
-4.697493931061760275e-01
-4.231135612594820183e-01
-4.096438106746838059e-01
-3.956433962154827233e-01
-2.595004281973243843e-01
-3.229224314567800680e-01
-4.047465043581430222e-01
-2.815203294091412900e-01
-3.110745349305028551e-01
-2.497495869541238589e-01
-2.737615738190402048e-01
-2.462775690390074934e-01
-4.840317276017427339e-01
-1.648165415108318321e-01
-2.524715412680630933e-01
-3.459728637777246818e-01
-3.913369781812986448e-01
-3.278583918842281619e-01
-1.982445766140052690e-01
-5.053932312354939560e-01
-1.617531399928574254e-01
-1.990715654727473194e-01
-2.393561302868104507e-02
-3.542826827960383618e-01
-1.727354739377559290e-01
-2.921586031273011863e-01
-1.786023643121670001e-01
-3.364760457076187983e-01
-3.057469699714831513e-01
-2.147627247725018007e-01
-3.445575183280557008e-01
-3.574111843964415391e-01
-3.755429130880036936e-01
-1.437148855634786671e-01
-3.223721980442770807e-01
-2.203141622307500103e-01
-3.302765996290345507e-01
-2.832166996880293719e-01
-1.661601449000573993e-01
-2.553061028498012641e-01
-1.875090669201074089e-01
-2.713700901539747301e-01
-8.717125938310492372e-02
-2.659377519355230479e-01
-3.035170949370520899e-01
-1.147577914507913605e-01
-8.903960736295118972e-02
-4.041218563428302102e-01
-2.516475971696169878e-01
-3.841286280023808453e-01
-9.211309790513506901e-02
-2.085944545631649438e-01
-2.863648898561493295e-01
-2.193137700524654954e-01
-1.933565668325982201e-01
-1.295651634252919515e-01
-1.060392046564444385e-01
-2.617082535746899641e-01
-3.210062882847540822e-01
-2.339327788253054707e-01
-1.791680735473883124e-01
-2.117215037306502956e-01
-2.094812800044758561e-01
-2.620854442610018320e-01
-2.228298425480519651e-01
-2.071735114896425811e-01
-2.135909342033875946e-01
-1.975637492130057904e-01
-1.732231363682616709e-01
-2.302593145170052369e-01
-2.208435253241647078e-01
-1.234640789447944420e-01
-1.914048645656616088e-01
-2.998516658331212281e-01
-3.324353521871283856e-01
-2.270948315371178750e-01
-2.498976208151855172e-01
-1.229759850058543269e-01
-8.635592941951497625e-02
-3.106288789420680319e-01
-1.343940687827114844e-01
-1.543604176648608328e-01
-1.337869373410651153e-01
-1.018822095628907076e-01
-1.500537758082563511e-01
-1.357079070167373780e-01
-1.450322014669615800e-01
-2.693322547103798037e-01
-3.319641449337711880e-01
-2.154228294180426106e-01
-1.275266546622473574e-01
-2.284887484019446913e-01
-2.911179759621416729e-01
-2.699419559503814514e-01
-1.746263986944373570e-01
-2.246717545412515449e-01
-1.164043906175692283e-01
-1.346036962409894733e-01
-1.898858321825237228e-01
-1.787265661613171575e-01
-4.867740027283750520e-02
9.778988589624827699e-02
-1.514227428377615259e-01
-1.251770541142968596e-01
-1.453159770228132364e-01
-1.004485219538567425e-01
-2.906335651423214705e-01
-2.400914367945980801e-02
-2.768268908047725671e-02
-1.674548006601426775e-01
-1.780335536707228772e-01
-1.586455302406639678e-01
-5.066884535157405861e-02
-7.165650429434501645e-02
-4.295776753502170142e-02
-1.436399393035971417e-01
-7.744254608501342958e-03
3.621734618438703784e-02
-2.219920065246919760e-01
-6.707668181949816288e-02
-6.055390301771221978e-02
6.207853868866342745e-02
4.891450705423576462e-02
-6.408684764298816505e-02
-2.908667254467393187e-02
-7.013991326987424613e-02
-1.937919371982524397e-02
-8.872593850009577454e-02
-9.998601132034748429e-02
-3.408862797860099519e-02
-1.731316253694968332e-01
-7.292443938386825031e-02
-1.659361605331322043e-02
1.606472817351218760e-02
-1.199532268444872540e-01
2.552309865091709554e-02
-1.727803009714664328e-01
-3.071969690102735722e-03
-4.484099375758209688e-02
-3.655225907680365125e-03
9.572322743742005258e-02
2.825962749831870124e-02
-9.645987538940387074e-02
4.688234920842199865e-02
9.981538020785593601e-02
3.722180706435434389e-02
-3.394638398438497989e-02
2.994077037002244521e-02
1.126579744335833716e-01
-1.702058554128438594e-01
1.092669084906684740e-01
2.380184310200247899e-02
-7.293149926931556670e-02
-6.106683100375066018e-04
-1.089211376408719401e-01
-4.444042785044845928e-02
-1.128307718974658203e-01
-7.815939429493411195e-02
3.865924689628017635e-02
-3.833802730131388725e-02
-1.053211240769152263e-01
3.101601791949022691e-03
1.172770184586875986e-01
-4.712848482833128030e-03
1.659335899608310738e-01
1.039225888026083650e-01
8.640225671359771237e-03
-2.538747440304717912e-02
7.126380943396895540e-02
-2.466659752822624591e-02
8.906805035661382111e-03
-1.158167272439872691e-01
-2.039459437256866195e-02
-1.752925036527716585e-02
-1.752563533466218806e-02
2.378069184715436157e-01
1.801897110284434800e-03
-9.114149897229273378e-02
3.271998292574882644e-03
3.867689655075993993e-02
3.723075541691549945e-02
7.814363664377553531e-02
4.350401660226465780e-03
1.512779946425561461e-01
-5.512045979563893333e-02
1.072219015075036863e-01
6.208387610644663240e-02
1.168029952262034377e-01
5.689474532940261287e-02
2.406016281464983808e-01
2.185340308346873650e-01
-2.407545422205769475e-02
1.200177228632118981e-01
8.827258622897646290e-02
-5.011578169419672601e-02
1.043158345202137433e-01
1.692911516777651504e-01
1.208140207846516434e-01
8.686373394207611009e-02
1.599651108937867328e-01
1.648442108343373402e-01
1.860801897301352370e-01
1.499668011627771080e-01
1.597605220522676783e-01
1.235257709587415376e-01
1.040193128570075648e-01
1.020216609264338326e-01
1.818500515840993162e-02
-5.631548370334753251e-02
1.326542716806612676e-01
7.358310667481310352e-02
1.414152727559271627e-01
2.327521817427715689e-01
1.068882834826743455e-01
2.016610852267399501e-01
4.744319293414719918e-02
3.844502319790778916e-02
8.215532276474822593e-02
1.369628449099571377e-01
2.583142675566094115e-01
1.658570100455759311e-01
4.296223660822350021e-02
-2.415704662727405014e-02
1.072485910954348864e-01
1.109266668968573594e-01
1.321451567751172063e-01
-2.663741778093508053e-02
2.159858217575960082e-01
1.151492670595279655e-01
1.178755689832051423e-01
1.352739532545061407e-01
1.797034556650735082e-01
1.915566266144846097e-01
9.193297241700267020e-02
1.811809363953396090e-01
2.546417155702263013e-01
1.438832752609555954e-01
2.106009226598452300e-01
1.753650502398442501e-01
2.255529246017960454e-01
1.462774907393675772e-01
1.117616436421480092e-01
2.408025879501094202e-01
1.514264663056744675e-01
2.265297204914746010e-01
9.605025206814683802e-02
1.966846590469879252e-01
1.677452840277398605e-01
2.986744368264171445e-01
3.220168438252171139e-01
3.440126065388977861e-02
1.829349249887435858e-01
2.762117158039480991e-01
2.947400224323172835e-01
3.526948313888502162e-01
3.640727653148116000e-02
1.878510770574663702e-01
1.705319050708785922e-01
2.149912448076138072e-01
3.029579074682860473e-01
2.707002679742441242e-01
2.197677343668024141e-01
1.027432918702962245e-01
3.309291788110106380e-01
8.843265743632128251e-02
2.691901290494251864e-01
1.121686550336706140e-01
2.178912810682060719e-01
7.606899514884148117e-02
1.728602155829779830e-01
1.869758797774784265e-01
2.958489155360476963e-01
1.914065739576352454e-01
1.179512356547836593e-01
6.728169532069637471e-02
3.078328641459522341e-01
1.514719645810302384e-01
2.518503765938068795e-01
2.585482316460526175e-01
2.460068831126784594e-01
2.851278737506111050e-01
3.638619935566519414e-01
3.221440626930039408e-01
2.475700490033171108e-01
2.744719188166852564e-01
2.346287959797382083e-01
2.720737426051548780e-01
1.873545765036362110e-01
3.063572427989749714e-01
3.729441506155860564e-01
2.266528486845484081e-01
1.291553662840864702e-01
3.771329187903786351e-01
2.234148822564091252e-01
1.557150426829447820e-01
1.514565566455161050e-01
3.402343945736717723e-01
4.577840615670001334e-01
2.878335223550686495e-01
1.101636020536146954e-01
2.944635475259703705e-01
3.110710950598596369e-01
2.201620683264103040e-01
2.423503492911488200e-01
2.402867884697929557e-01
4.558885492702454689e-01
3.146678780947430032e-01
3.444308798495711033e-01
1.691116233951220071e-01
3.938633289521826786e-01
3.207059335932725408e-01
2.796992120264920056e-01
2.962004052518921182e-01
1.605099706923333869e-01
3.181219437572136433e-01
2.607805963877457556e-01
3.181762971583214639e-01
2.541425446778044495e-01
2.104679195539322367e-01
4.710279544494612725e-01
3.339972470770311563e-01
2.076722803650629390e-01
3.388521365269144825e-01
2.694934117387443595e-01
2.703596816231594868e-01
2.417060293521065550e-01
2.593213996037747604e-01
2.407094237878308340e-01
3.788134498593961341e-01
3.760224261737944995e-01
4.899301598217804532e-01
4.528689037809150442e-01
4.034122379457394381e-01
3.165744910204081330e-01
3.934364332825415200e-01
4.296211788583157998e-01
3.368328233519027326e-01
3.451255579655663763e-01
3.891134318535129921e-01
3.550301244951094559e-01
4.573833544675562357e-01
3.234680797252827977e-01
3.096960838757770729e-01
1.353835204234817013e-01
3.892002656163918162e-01
3.800722791405754530e-01
4.564577889174923908e-01
2.754228662037461750e-01
5.043999893891918385e-01
3.923810213489075105e-01
4.122763816350769051e-01
3.713661231245104499e-01
3.911313351750210776e-01
3.274897574434769143e-01
3.226972252324688539e-01
2.508133538661678763e-01
5.588086994590585332e-01
3.173365175829577223e-01
4.767310777660443977e-01
3.536665483303422230e-01
3.306407786732393217e-01
3.704316953289806258e-01
4.885552615255990827e-01
2.881006333901423577e-01
5.135153705651858136e-01
3.923735910458177045e-01
3.169128575831381411e-01
3.748094937479672928e-01
5.059717025804945090e-01
3.605128805095080269e-01
3.438146419265004083e-01
5.191795058489854231e-01
4.937504068483803410e-01
4.538074056598797035e-01
3.073307834006820949e-01
4.680082246633248677e-01
4.274198321731604300e-01
3.554117325197549970e-01
3.503482207314722596e-01
3.994291620728666614e-01
4.511873284788571192e-01
4.082321537345519058e-01
3.478846964906938677e-01
2.821623496053742852e-01
5.669314988868709992e-01
5.201376700580221391e-01
4.738031310947958819e-01
5.405468522852796553e-01
4.508350605398110389e-01
4.538817631482754411e-01
4.711965021274728826e-01
4.733959979799309270e-01
5.124245821738712126e-01
5.667013641800192625e-01
3.530217201795806670e-01
5.387716307351431144e-01
4.732473942826210256e-01
5.563527131757319832e-01
4.645435447145829788e-01
4.107916747502388111e-01
3.863164657085094156e-01
4.904876709557061121e-01
4.431206702302860623e-01
4.179737442852864415e-01
4.707512300980946085e-01
5.602053705890366331e-01
5.601699092440725058e-01
6.129415013721013494e-01
5.917772253058957155e-01
4.893700828824284477e-01
4.708495431707358514e-01
4.745491713255494681e-01
5.303318167031498831e-01
5.331874106598826213e-01
4.664112307012546199e-01
5.695479665207934250e-01
5.366195440498596758e-01
5.425940821116550516e-01
5.900013851414992461e-01
6.426036208928437299e-01
6.479823512684157460e-01
6.533031843443387610e-01
5.069034947854746953e-01
5.134233173457816157e-01
5.459498412964117753e-01
6.123031703352549426e-01
5.635628697139051235e-01
5.143605377464138817e-01
4.036862425953263167e-01
5.480638997493529896e-01
5.953391342198542935e-01
5.620990798174906322e-01
4.840810490961522938e-01
5.541243250985596891e-01
4.030040982610043621e-01
5.426032766807460384e-01
6.273650257533061048e-01
5.383128398344818599e-01
5.851058892522927879e-01
4.893134997765704042e-01
4.517125794123184046e-01
7.086349374288845038e-01
5.625732602585001851e-01
5.230749991218821560e-01
5.419978359790053046e-01
7.723854279538207024e-01
4.215643413576846688e-01
6.917312515530377182e-01
6.146227543254285663e-01
5.474063781237632487e-01
6.161297212340478557e-01
5.764726178631086606e-01
4.777193874193786938e-01
5.422344910094003545e-01
6.035221032468583990e-01
6.192413900107438529e-01
6.354191402209151684e-01
6.499179966269439390e-01
6.652032706428234743e-01
5.202039064096108945e-01
5.076658279654737704e-01
5.651043285836370167e-01
7.050383089485710020e-01
5.152120806525867236e-01
7.982447791201541243e-01
6.041370483458178287e-01
5.556427868960006622e-01
6.418740564603432341e-01
7.374914393725269246e-01
7.111228252101989833e-01
6.203968049296096909e-01
5.519842935698812125e-01
7.945719640032866682e-01
5.474640523177641827e-01
5.666068295585514614e-01
6.720693038538978481e-01
5.602035453653516628e-01
4.704559420953091653e-01
5.609955037214611195e-01
5.971298190479089607e-01
6.262694901149316040e-01
7.207889745732363185e-01
5.388798392503145740e-01
4.985603439569800677e-01
7.245238016730101149e-01
6.765073759447656210e-01
6.350474203883237356e-01
7.628496011198631077e-01
7.175211638229984645e-01
7.190163784668369695e-01
7.515070482014155617e-01
6.505273468748066223e-01
6.418722721945862020e-01
6.762488365060804751e-01
6.373020292945905663e-01
7.461749187419649543e-01
7.345469710193422985e-01
7.583559663294373587e-01
7.588913023516050682e-01
6.326049746429424081e-01
7.286244412935395376e-01
7.362234728939345274e-01
6.567523383916127333e-01
6.977463827768565219e-01
7.031463473362845606e-01
7.684177095037388883e-01
7.380081589874505354e-01
9.156119213393260070e-01
5.185281197832347644e-01
6.182562661973159956e-01
7.264916759707079619e-01
7.159616713000566124e-01
7.038518076185509287e-01
7.044076058762026582e-01
5.476052536636405454e-01
6.957551989997911024e-01
7.974524064533636825e-01
7.985761546576041203e-01
7.191942588973200268e-01
7.053539452246687658e-01
7.617681825111258798e-01
6.396184110565295011e-01
6.955701449780539170e-01
7.527053776038726829e-01
7.234214459671043373e-01
6.116935120725346398e-01
7.492111243174194302e-01
6.906813334651688008e-01
7.031737770441378599e-01
8.611357128977320530e-01
7.445983161970521902e-01
6.507288909296771173e-01
8.175099017765137255e-01
8.663400188972829596e-01
8.391494865364769185e-01
6.972393345400920150e-01
8.664652621613783134e-01
8.398850780193579668e-01
7.631878166889790593e-01
6.887231586816658924e-01
6.267462663498329922e-01
7.550368711118051746e-01
7.241358908924181437e-01
7.645994643651237155e-01
7.834006457045015193e-01
7.640486627829150557e-01
6.927701837221210690e-01
8.597966464083327542e-01
7.802141441432518532e-01
9.081389888191701010e-01
8.173609278183648907e-01
7.148180710089977463e-01
7.526535160577757511e-01
8.005298844404336034e-01
8.262142375275574047e-01
7.472922748158106199e-01
9.030181780078733178e-01
7.840912405860345213e-01
8.130199571139066217e-01
8.975893854399701333e-01
9.243235389628107201e-01
8.187886096971950245e-01
7.442842802648319545e-01
8.706152722537359168e-01
9.249126498752952008e-01
8.557717843233818567e-01
9.678379386453859201e-01
7.976669585857294464e-01
1.094192027818923885e+00
1.000237074261508319e+00
8.066201514370267001e-01
9.803214742452376340e-01
7.983804140544094041e-01
7.454133377649488912e-01
9.014832830906484018e-01
8.627287991843919368e-01
8.335183770683928239e-01
9.354194774836975812e-01
8.077341358434130258e-01
9.342673271573329608e-01
9.093571817173878857e-01
7.692099836796434387e-01
8.535948556451158353e-01
8.651590669994925209e-01
9.384066498697307690e-01
8.501891792105912282e-01
8.174611760841551389e-01
9.622234142805766721e-01
9.037497391282798276e-01
9.063034872040278689e-01
8.775354469881635477e-01
9.519336346313823638e-01
9.191296360865066628e-01
9.392062621262923239e-01
9.078151830793841359e-01
9.121131662288349817e-01
9.045747261508279013e-01
1.013652873531793341e+00
1.106585637427434987e+00
9.673755636889529441e-01
9.814814985604619624e-01
8.906380531695137215e-01
9.830812593404101296e-01
8.085599634033534544e-01
8.059683744332434285e-01
8.164240060926366560e-01
1.063201438640329011e+00
8.510453768107112404e-01
9.366058546219045988e-01
8.581454649464281825e-01
7.583021375499444661e-01
8.267726743436271120e-01
8.090291059796792528e-01
9.081338854517760906e-01
8.931019125921821900e-01
1.087069423112646538e+00
1.043915985601598040e+00
1.028178743881505097e+00
1.104077680272609774e+00
9.634265920528054528e-01
1.012487101615775487e+00
8.555435079564081002e-01
8.433125323184686994e-01
8.589777107521278099e-01
8.704727738003678050e-01
9.780636108522217098e-01
1.047834979492387797e+00
1.058074927774216079e+00
9.339726147627401831e-01
9.240935808692622988e-01
1.004629721194938208e+00
9.033407302836850006e-01
9.936614135968588890e-01
8.494212835135916961e-01
7.622019932985980573e-01
9.588891331984603639e-01
8.166523571072098475e-01
9.406145596797670372e-01
1.086619704793295949e+00
8.817426201090226012e-01
1.052142805975113671e+00
9.402915639358595534e-01
1.063219809787266046e+00
1.053530025488163435e+00
9.666249703604226085e-01
1.091773894991955318e+00
1.029698746759793115e+00
9.739844381177258370e-01
1.099939829974607486e+00
9.733127012765561137e-01
9.872196593314307433e-01
1.007343966960987602e+00
8.668405756809548501e-01
1.098183338934898501e+00
1.078784637403339852e+00
1.023591727517871419e+00
