-1.005890127767354203e+00
-9.495928879012969226e-01
-1.173157194370499479e+00
-7.451266785794656844e-01
-8.266237916089216320e-01
-1.101283126327445849e+00
-1.094023880325081466e+00
-1.169086092669956223e+00
-1.107125793504159628e+00
-8.746861597753182727e-01
-9.662571328258933168e-01
-1.003693815499389297e+00
-8.792030425434290697e-01
-8.702811450424867701e-01
-1.122511293213615202e+00
-9.290305116492273418e-01
-9.744616557485299424e-01
-1.015573399281222811e+00
-1.090174044982210821e+00
-9.108393415467302967e-01
-8.884821151482188428e-01
-8.687333902924435636e-01
-1.058073876350532183e+00
-8.800861583551280454e-01
-1.080997129337803786e+00
-9.207709541446126300e-01
-8.720236943927119899e-01
-1.047932060625175188e+00
-9.375408894237384771e-01
-9.609812745971104686e-01
-1.011044031756503925e+00
-9.939521343477176751e-01
-7.831818296788136680e-01
-9.046814382380164998e-01
-8.635772646360720950e-01
-8.019455722373135531e-01
-8.255072250177322157e-01
-9.150502619258141790e-01
-7.934869273583691207e-01
-9.427898025216173705e-01
-8.865046305889449085e-01
-1.085893607834690133e+00
-9.336503461867651232e-01
-1.047502534175622779e+00
-9.495530765151295460e-01
-9.997883438676827828e-01
-1.037990450787120489e+00
-7.235288873209931859e-01
-8.738124936546313171e-01
-1.031321982140494420e+00
-9.547579027986159428e-01
-9.528969561761342355e-01
-7.960227176263593440e-01
-8.593974016725631770e-01
-9.653973375625212183e-01
-9.626509387365119741e-01
-9.627833483304679696e-01
-8.786850010615259166e-01
-8.701097329352250886e-01
-9.666440311545843045e-01
-8.096111256798224076e-01
-9.138153677271064756e-01
-8.706627603712644436e-01
-8.572907487706961094e-01
-8.607404311161823696e-01
-9.934652327088688839e-01
-7.167354169223441041e-01
-9.239298211697577479e-01
-9.654122391058153063e-01
-7.358700451142721199e-01
-8.697955970411477278e-01
-8.636729801594102973e-01
-7.248413309615845401e-01
-8.328074187189868915e-01
-7.592525609212278370e-01
-8.015363617217132752e-01
-9.208300319340507745e-01
-8.615471551188365051e-01
-8.626514045947468734e-01
-9.008624097028062883e-01
-9.336826331583610861e-01
-8.942980438953986866e-01
-8.370125895857939424e-01
-7.730962145953964582e-01
-8.025628528113636362e-01
-9.182435635720693767e-01
-8.629992825140115897e-01
-9.997476410668851843e-01
-8.850959860378148081e-01
-9.252442465341799149e-01
-9.378786686812397022e-01
-8.705180522350333128e-01
-7.995390869857885718e-01
-9.913679798573460378e-01
-7.494794639477161402e-01
-7.342548681711192904e-01
-9.246360609034325329e-01
-8.116318839847798117e-01
-7.302662132040900200e-01
-9.610544051347665873e-01
-8.189811151409399637e-01
-8.363112328175948962e-01
-8.350505228609783615e-01
-8.173331913913773894e-01
-8.590920826076093864e-01
-7.361345443385406417e-01
-7.499893228321262706e-01
-7.128755154580450615e-01
-8.952797219881103441e-01
-7.661403436529979905e-01
-8.024838744984105210e-01
-6.739122465310467547e-01
-6.887204625690799276e-01
-7.456975440575226433e-01
-7.891409396491533279e-01
-8.432632687839404229e-01
-7.998326730721456723e-01
-8.484820760368012582e-01
-8.479428525050000109e-01
-7.021900203502877691e-01
-7.311408250895131689e-01
-8.194612884080531012e-01
-6.682760684232910142e-01
-6.145408482632449543e-01
-6.778667722565072662e-01
-6.913578197544590909e-01
-7.193209715883288613e-01
-5.847366274167041800e-01
-6.651778995633823577e-01
-5.502527445981473253e-01
-7.064676852290818765e-01
-5.980253117920362183e-01
-6.381109001975489026e-01
-8.083766041604851793e-01
-6.739175541022468519e-01
-7.439812530077426489e-01
-7.294943947837282394e-01
-6.752901638797615957e-01
-7.224186754804947652e-01
-7.454763074862299499e-01
-6.509617728217700350e-01
-8.844634699127110755e-01
-7.814661570515610833e-01
-7.684128654824493587e-01
-6.982976011740958944e-01
-6.529326501650482006e-01
-6.402659508700430102e-01
-7.031274379711589528e-01
-7.561781401122183999e-01
-8.179604515837651801e-01
-7.382691540152342968e-01
-7.006239915126345474e-01
-6.522874910528522197e-01
-8.064743908933876826e-01
-6.590039422381396284e-01
-5.298229294173676385e-01
-6.709097023600576470e-01
-6.543469268879723577e-01
-5.209712878941331615e-01
-7.504206318869581782e-01
-6.085600789900846852e-01
-5.716234711917981270e-01
-5.369447964297869857e-01
-8.150534343751874022e-01
-7.007066279730986835e-01
-5.709379843623358930e-01
-6.902482528101197001e-01
-6.889125906919894016e-01
-6.688702765430772912e-01
-6.218491160924147776e-01
-5.412680016106303782e-01
-5.992480322875972654e-01
-7.745668392208567843e-01
-6.273478840044360849e-01
-6.780426988470014127e-01
-6.473904225619635522e-01
-4.855634629747990205e-01
-6.459558583864083436e-01
-6.917342244494006920e-01
-5.988977145781958500e-01
-6.385381639340629301e-01
-7.293642974923111311e-01
-6.102922631679591481e-01
-7.259716150845371141e-01
-4.232123206125320003e-01
-5.399667133099301797e-01
-5.577830083658836813e-01
-7.827019138332186321e-01
-7.690483821416916888e-01
-6.275388253098725944e-01
-6.333248951027402596e-01
-7.144566629503227295e-01
-5.442498412687113429e-01
-7.262933813848306830e-01
-5.380605572542345172e-01
-6.963359382952357679e-01
-5.942406031914635456e-01
-6.337496535237648887e-01
-7.062650078340240167e-01
-5.144755157748124308e-01
-6.569071730603897041e-01
-5.543616378483643414e-01
-5.584662656840176931e-01
-6.232699391347150675e-01
-5.493774429239707269e-01
-7.246447125961745783e-01
-6.569601258758689388e-01
-6.958588252999194923e-01
-5.727983072630411510e-01
-7.137816989569311099e-01
-6.239738877006818507e-01
-4.624664897790772833e-01
-6.988789397437266127e-01
-5.216319792296103541e-01
-6.422902719165000107e-01
-3.962017559557270419e-01
-6.432100892806897896e-01
-5.917667788025396947e-01
-5.254936723768346418e-01
-6.550707555467192300e-01
-5.759992602852939125e-01
-5.007001896043845601e-01
-6.170634089550022239e-01
-5.623255353409285506e-01
-5.044791772273355956e-01
-4.789404264726200844e-01
-5.507718896842113132e-01
-5.705372342227243987e-01
-4.388729600900702077e-01
-5.698271366100693403e-01
-6.581722681788535478e-01
-3.721741594031379718e-01
-4.727919629412960512e-01
-7.230299968569641189e-01
-6.139037010901485791e-01
-5.840865828103330992e-01
-6.224377340188496088e-01
-5.231512266746990436e-01
-5.094113577993497621e-01
-4.416617241663931548e-01
-3.885485466610500427e-01
-3.165150843204250219e-01
-5.434541834757767864e-01
-4.708226347888114227e-01
-4.447504086180665839e-01
-5.622236532746945903e-01
-5.035685537974967652e-01
-4.256662154669311193e-01
-4.065857083516973836e-01
-6.250564941302652056e-01
-3.935613847025787870e-01
-4.775823371642852755e-01
-4.828233709354269876e-01
-5.056595558155251302e-01
-5.280214922957913171e-01
-5.731961767520473705e-01
-6.281319917464549540e-01
-4.523931479404195155e-01
-3.356582788949382667e-01
-5.099501275015453361e-01
-3.876017894430607291e-01
-3.792090154338781938e-01
-6.502529456879942993e-01
-3.855295330381426355e-01
-4.352176283516330790e-01
-3.887681530491210458e-01
-5.028500526241010959e-01
-4.489319046762844656e-01
-4.194228411417618152e-01
-4.724850510817157345e-01
-3.898102872116862572e-01
-4.247097299811185001e-01
-2.985491533076429227e-01
-5.057231309027272470e-01
-4.274501935272418951e-01
-4.187497032523038176e-01
-3.622539426905311277e-01
-4.695915450662613289e-01
-4.326894178486857534e-01
-4.328106868152057363e-01
-3.652429549613036008e-01
-4.215167390395798130e-01
-4.813493689085361904e-01
-4.365476960350035407e-01
-4.219359136360487650e-01
-3.710475044160884139e-01
-2.633305075803122897e-01
-3.165237417270538312e-01
-3.500628263704401166e-01
-4.263993396997122209e-01
-3.455919359459996842e-01
-4.280698626002158447e-01
-3.150286246660549683e-01
-5.314666132055784198e-01
-4.191881921313975745e-01
-3.912826652075584999e-01
-4.119131267167666088e-01
-2.208680125817478468e-01
-3.009254573957728107e-01
-4.588996181456265200e-01
-5.112495968893531195e-01
-2.965310811113352485e-01
-4.973282866960656579e-01
-4.925053350275790387e-01
-3.265071384872195170e-01
-4.544915683292431452e-01
-3.112589065106016184e-01
-4.296762319605735292e-01
-5.532631726445728093e-01
-3.774525613941924207e-01
-3.929340018961710590e-01
-3.300293778970331826e-01
-2.756036692927852361e-01
-3.440872578928128034e-01
-3.875051475640789445e-01
-3.958101447172514553e-01
-4.885190539623056050e-01
-3.355498844193277042e-01
-2.182237211213083061e-01
-4.109946033754039441e-01
-4.431836960679389481e-01
-2.669248218936682293e-01
-4.382035568273535131e-01
-3.713430578353134059e-01
-3.400114727026334327e-01
-5.782960137569953529e-01
-3.770263606096030395e-01
-3.335396159557323936e-01
-3.752417075546691239e-01
-2.566907025950524446e-01
-3.392431968642314888e-01
-2.874602906475388076e-01
-3.238191507386258272e-01
-3.492285059071829068e-01
-2.481130621386683222e-01
-1.939578802868050234e-01
-3.821385329228859512e-02
-5.103422880906395287e-01
-1.904062678513290807e-01
-3.133600024124768568e-01
-2.928135481478807978e-01
-2.259200390684444615e-01
-2.997286293784463540e-01
-3.812397181135750435e-01
-4.613562548268343444e-01
-4.167532613490886884e-01
-4.087559140793711743e-01
-3.996541089361035914e-01
-2.287808521943913154e-01
-3.049220728476400022e-01
-4.141672965649605409e-01
-2.784210364456902176e-01
-3.206635456220871538e-01
-2.506189441288501629e-01
-2.715445355886565992e-01
-2.217022580430132173e-01
-4.898953746424695721e-01
-1.614646148719136587e-01
-2.475809653214277040e-01
-3.225444631664543538e-01
-4.068057675127913497e-01
-3.153252659019852300e-01
-2.204616476651577173e-01
-4.994701779473681436e-01
-1.589068816361009773e-01
-2.011912722744859383e-01
-1.914637264982956000e-02
-3.502164769730253813e-01
-1.702432683274682224e-01
-2.723850417984916006e-01
-1.843772692670403446e-01
-3.451238640843871108e-01
-3.089419762696102856e-01
-2.105649443491985073e-01
-3.229658781450118754e-01
-3.447101682901516084e-01
-3.563671554813643838e-01
-1.353030662238682569e-01
-3.133315068215357657e-01
-2.228567625800189356e-01
-3.331687727091857121e-01
-2.917175819764236122e-01
-1.888290122114262004e-01
-2.410315536199917619e-01
-1.890831570224903724e-01
-2.700024720506336018e-01
-1.003326808575094181e-01
-2.460401790295258240e-01
-3.138057808074938837e-01
-1.268602881869867471e-01
-9.179230704808093166e-02
-4.031648419893752444e-01
-2.257699376700531280e-01
-3.818869296738109931e-01
-6.790799404743325107e-02
-1.860130187557270942e-01
-2.681893517041093467e-01
-2.115137090343625348e-01
-1.673456301058501849e-01
-1.806285819095493905e-01
-9.580769407874513421e-02
-2.697747756698168353e-01
-3.257602081195620225e-01
-2.359617713005423278e-01
-1.981587347231362206e-01
-2.020815843706782189e-01
-2.131460130342075210e-01
-2.740240190644848139e-01
-2.293733172532850251e-01
-1.944304917144062950e-01
-1.883751130284279929e-01
-2.017354938564908384e-01
-1.847811254742797726e-01
-2.371212901007067886e-01
-2.177627883354451843e-01
-1.232896368262315773e-01
-1.861743290564601416e-01
-2.913932324685349906e-01
-3.434831962142687600e-01
-2.579626202622812281e-01
-2.631507168238108041e-01
-1.277547712448557360e-01
-8.578052566547268720e-02
-3.010830304040804650e-01
-1.429040149821603767e-01
-1.545580915587521920e-01
-1.240265775536386755e-01
-9.290880813495906720e-02
-1.286453739236713689e-01
-1.160766083002954946e-01
-1.577857849577512794e-01
-2.552933288287043689e-01
-3.465134118601206348e-01
-2.117972756022213632e-01
-1.038622029939319097e-01
-2.251071640873301416e-01
-2.902314172656406122e-01
-2.674989681014354748e-01
-1.695826689494834283e-01
-2.198358660704912981e-01
-1.154397926446936035e-01
-1.475911647654642445e-01
-1.962949266873230680e-01
-1.874516743440677591e-01
-6.604775468788226522e-02
1.002858544820853237e-01
-1.835674062914951221e-01
-1.391191618600061686e-01
-1.558294075417115121e-01
-1.160566129895208992e-01
-2.753173354638435710e-01
-2.700803734940838280e-02
-3.343227365513584681e-02
-1.728764297824064988e-01
-1.995000861335379794e-01
-1.472811747444881247e-01
-5.735750762861014512e-02
-5.999973104362107956e-02
-3.735511007486475021e-02
-1.588662592545629637e-01
6.329359491245431166e-04
2.453686374941721829e-02
-2.198454638611810619e-01
-3.965196141189875068e-02
-5.233745293793395925e-02
4.763539035154609746e-02
6.435662020416471618e-02
-7.006067392233407409e-02
-6.194931848651443612e-02
-8.869750921208463534e-02
-2.713748433843485644e-02
-7.707936158094244594e-02
-8.786583674484184370e-02
-3.785762109202627651e-02
-1.855641228762733297e-01
-8.116925107211367396e-02
-2.207126859442622158e-02
3.681662227225273362e-03
-1.454312061189859395e-01
6.916304915070311046e-03
-1.395508202441719803e-01
-7.231580011243685276e-03
-5.366472294078594718e-02
-7.132283229267326156e-03
8.281286838477634749e-02
2.252890878492870216e-02
-6.876479882239272534e-02
3.792532108717763112e-02
9.344309850456966604e-02
4.545469159395480047e-02
-3.784030145193325451e-02
3.560394111369922371e-02
1.174319762706980130e-01
-1.617548159655269047e-01
1.166770941314214799e-01
3.096197890336548422e-02
-5.588600674354578246e-02
3.187296585617841165e-04
-1.261217405942139935e-01
-3.730780148314323530e-02
-1.177053509306713319e-01
-7.282601101802578525e-02
4.249225537634344213e-02
-6.371243230389769807e-02
-9.058395725425165412e-02
-1.146317077611367502e-02
1.246584307483969700e-01
-1.997465657475628979e-03
1.626157756268657995e-01
1.129471436973492893e-01
9.122465647347841738e-03
-4.448895933018202214e-02
6.810858521032504831e-02
-1.755078215018292254e-02
-3.386379006430289586e-03
-1.065849272623707461e-01
-4.134711605210555918e-02
-5.120336955314520704e-03
-2.559444397755870557e-02
2.387576584812076408e-01
-2.192099152052790368e-03
-7.455385392227151242e-02
1.778163776115010506e-03
1.845786870499387111e-02
3.975816517856035903e-02
1.001306360525679590e-01
9.289265486430543090e-03
1.456593254840699014e-01
-5.854512132579836603e-02
1.091962342211365428e-01
4.541028516089683914e-02
1.101989706231167321e-01
5.146645449917527232e-02
2.383167537822238058e-01
2.135093636394934380e-01
-2.948171386075383246e-02
1.052534386081657725e-01
8.314899516354681830e-02
-2.440765018296666214e-02
1.137170327681777809e-01
1.726346112199678151e-01
9.525330791954998710e-02
7.132280917577545065e-02
1.743191726643966710e-01
1.830255916300148888e-01
1.940926378953533593e-01
1.549487663729681164e-01
1.651496632384322205e-01
1.377927822500399913e-01
1.014328264586249612e-01
1.226075630559641250e-01
2.387961918245849052e-02
-4.865144561874282930e-02
1.386868434917995496e-01
7.414108157885557215e-02
1.770007262554408323e-01
2.254625611912845218e-01
1.187560232113635261e-01
2.023840334267630603e-01
6.075631286499887096e-02
2.637127987107521290e-02
7.533549851687361409e-02
1.234126939033719506e-01
2.436402014915962366e-01
1.416825870917781949e-01
4.475580911709013676e-02
-3.219175808534339295e-02
1.507302678544074903e-01
1.037194058335061814e-01
1.204849485638436052e-01
-4.197840573235517292e-02
2.135142705773190319e-01
9.791112133980506282e-02
1.243855852287215624e-01
1.450765798047520538e-01
1.738886722923911887e-01
1.925257916503464173e-01
8.404236826568511898e-02
1.672989765442733923e-01
2.656730194375432341e-01
1.287917644926711569e-01
2.380915887450821000e-01
1.676873543268544986e-01
2.409053917288282443e-01
1.708332677298207702e-01
1.109895259360361430e-01
2.364028414990854143e-01
1.593132654322110542e-01
2.333526732071246612e-01
9.731465327520448516e-02
1.922194889948130314e-01
1.794254841971760772e-01
2.876320268890388276e-01
3.080130782784589738e-01
5.413148984555062743e-02
1.515372267170700116e-01
2.535584813603342647e-01
3.041064690949931149e-01
3.464443638549971061e-01
3.937452886544347275e-02
1.937872859181028196e-01
1.805839358868387423e-01
2.140119770406365973e-01
3.198356562062493191e-01
2.612074967208919407e-01
2.238581438138713964e-01
8.621158103775462822e-02
3.334591117204451227e-01
9.533120962517695196e-02
2.584668565713197363e-01
1.085020559737133461e-01
2.047902399707506316e-01
7.349084181022270956e-02
1.719517740741147716e-01
1.815252572810204246e-01
3.039145243667483731e-01
1.977900288411449659e-01
1.271636754303810402e-01
5.851128732534077725e-02
2.816647555682647019e-01
1.496078986763497432e-01
2.495693112520315782e-01
2.629361616781322186e-01
2.502056741775824378e-01
2.884564665424827479e-01
3.795141765564694070e-01
3.072161514447829811e-01
2.441154646192621736e-01
2.825381464098572493e-01
2.260229668933489977e-01
2.640409093693051323e-01
2.139642977722543138e-01
3.035079573108486750e-01
3.791089568480237038e-01
2.170024310898375497e-01
1.128200132882557355e-01
3.689823693457879306e-01
2.262940937306323064e-01
1.518227142548207453e-01
1.797321730980634691e-01
3.551643732168327516e-01
4.695677653500772153e-01
2.698952759937618961e-01
1.189717141776909931e-01
3.115489414596804840e-01
3.260101319266565656e-01
2.349703693223612611e-01
2.376725254046274660e-01
2.537467785636857709e-01
4.638613539245531325e-01
2.955596002938939426e-01
3.222315057282942319e-01
1.702496012104075251e-01
4.211735965216203414e-01
3.157365390292590779e-01
2.840289466849849620e-01
3.043391020032479855e-01
1.590251548147129934e-01
3.100017096349452772e-01
2.582355647008870436e-01
2.957935688060602808e-01
2.564081749011690725e-01
2.164192118840882750e-01
4.803585979345955659e-01
3.371507733928111317e-01
2.215382288076267747e-01
3.591918529746422339e-01
2.765930477376020158e-01
2.961692405809609463e-01
2.386202242579219535e-01
2.662895428156317190e-01
2.319796390335906455e-01
3.867442349432478332e-01
3.676732205254213959e-01
4.902166698389768817e-01
4.528909861998641762e-01
3.939855236785736459e-01
3.329105067564772646e-01
3.764182770966588154e-01
4.445195254631054138e-01
3.073091811986723987e-01
3.418118582081157153e-01
3.845834843013416493e-01
3.633111956806815979e-01
4.395683128025645314e-01
3.437230943285149443e-01
3.231425155714952036e-01
1.247986488761204799e-01
3.872578299837310944e-01
3.962862986920821506e-01
4.216215382879465179e-01
2.732397936146399586e-01
5.294926990231578756e-01
4.063612607786022957e-01
4.064093142047194296e-01
3.619756396221344708e-01
3.915113022808959786e-01
3.456886721452536726e-01
3.339516042783319261e-01
2.506367027061832120e-01
5.791795345480302837e-01
3.037269682662248060e-01
4.488588333884881987e-01
3.514990115297599860e-01
3.422892496255750538e-01
3.597473916607570876e-01
4.946264476691663581e-01
3.020560698774041319e-01
5.184348270772815015e-01
3.933054440153504472e-01
3.424936797919005405e-01
3.821816595890117907e-01
4.826356188636830580e-01
3.788176766111165938e-01
3.729462107579288865e-01
5.128064449039109185e-01
5.103810407011778461e-01
4.475058482841677288e-01
3.079559725967238037e-01
4.835982415878297136e-01
4.436812550284927603e-01
3.251108713093401881e-01
3.384209995160052387e-01
4.194760862156495240e-01
4.646393267767938151e-01
4.115581875281122959e-01
3.376041720922345335e-01
2.734320298014746298e-01
5.411633421458339477e-01
5.143115560656471574e-01
4.714585410293026801e-01
5.342704330919457734e-01
4.581076847211237868e-01
4.634545057416210034e-01
4.556661394886601379e-01
4.552821487003684831e-01
5.282597298839628586e-01
5.775661833891098107e-01
3.666641947068990381e-01
5.263306440725287194e-01
4.763173194200071014e-01
5.610054604384229204e-01
4.650009235619200765e-01
4.029068842247459648e-01
3.872813717873063721e-01
4.782053497949672605e-01
4.494583910613771383e-01
3.960930423501258790e-01
4.712142120529042022e-01
5.579605504308284836e-01
5.692464835826669400e-01
6.240140262011188987e-01
6.138307688322774958e-01
4.662345976205430342e-01
4.899525593404319146e-01
4.793511272148227587e-01
5.196504609705637767e-01
5.435498474289222059e-01
4.639037328679891381e-01
5.667135790097326264e-01
5.580292825806487667e-01
5.529681267315298410e-01
5.933958662997947942e-01
6.584896769233511415e-01
6.281166327805635108e-01
6.472573040259211874e-01
5.020175327899892848e-01
5.094345421228395621e-01
5.386863361834761665e-01
5.902376844504699793e-01
5.581968385836921787e-01
5.264801360694838506e-01
4.112648903740165340e-01
5.485974723286676236e-01
6.064967104611501680e-01
5.428107810475060191e-01
4.679828987212993341e-01
5.638966866191282845e-01
3.940032686537943141e-01
5.586680676525086486e-01
6.187659635756724841e-01
5.236084771190375742e-01
5.790877534217470091e-01
5.090656492754028761e-01
4.626457912444775222e-01
7.124671268402350544e-01
5.377820768598292611e-01
5.295168438186763638e-01
5.573444144807508938e-01
7.708237399475934559e-01
4.320338135448340000e-01
6.667170417834326068e-01
6.060357689029963746e-01
5.513894846564665331e-01
6.121922891085321838e-01
5.558894242248256790e-01
4.998425505426531967e-01
5.256692959683878508e-01
6.145187023933760262e-01
6.364288893617070508e-01
6.546533239616214583e-01
6.496768610942149635e-01
6.617311891387115397e-01
5.003168156713121428e-01
4.888518257678947099e-01
5.751135943229499503e-01
7.141309290265692722e-01
5.250685165683645073e-01
8.015455693039489349e-01
6.109815278308652342e-01
5.623465276304926430e-01
6.729581742419467050e-01
7.240951586760798753e-01
7.226209351067858222e-01
6.358110168975252829e-01
5.282498214210210596e-01
7.930506236576522205e-01
5.604331275195042483e-01
5.729700782455319219e-01
6.674296063670570600e-01
5.393474419244235207e-01
4.543283503523455336e-01
5.544952614842519889e-01
5.912395803592380705e-01
6.405615231946075738e-01
7.300142687231572225e-01
5.398022182310401318e-01
5.017608727772054911e-01
7.241795527503640528e-01
6.610807707567574187e-01
6.304039528956124627e-01
7.419690582925083655e-01
7.131134371850885723e-01
7.163053628063569267e-01
7.391190264691264167e-01
6.598099485993106361e-01
6.498264993278513035e-01
6.698729290457509089e-01
6.324713755698657680e-01
7.371914544048440154e-01
7.303233572551062203e-01
7.616546957921734862e-01
7.586507159905541142e-01
6.355025528142658198e-01
7.214757911844612570e-01
7.284548132140866716e-01
6.572245773491970366e-01
7.046606324221902362e-01
7.070017093164489008e-01
7.613438551549415179e-01
7.669695650096397532e-01
8.838062500525567522e-01
5.554889192053543701e-01
6.492723446939931975e-01
7.303466421097103423e-01
7.103566226613486911e-01
7.065243361137666378e-01
6.958767031026412697e-01
5.391781101333017467e-01
6.829468143635053501e-01
8.076661161110050280e-01
8.047944979550807343e-01
7.152371488607286443e-01
7.099124889781354142e-01
7.557882333775172157e-01
6.438499538436429637e-01
6.823876033019167231e-01
7.517727244537819598e-01
7.138894230062100554e-01
6.153893296806181024e-01
7.259675203928680487e-01
7.204417409696771690e-01
7.029313159886060314e-01
8.677511158551177717e-01
7.647881307409760687e-01
6.542842886969798544e-01
8.266577693130506832e-01
8.762536945141341516e-01
8.325976089266591273e-01
6.580674912813051503e-01
8.887757412630650222e-01
8.300171066421264676e-01
7.722398446975344832e-01
7.126171176777188476e-01
6.394431117774863615e-01
7.612720152159527798e-01
7.124233158466324323e-01
7.792933107236471590e-01
7.968526838163562109e-01
7.618693613861193814e-01
6.761843068681471225e-01
8.458720009325393363e-01
7.972711279129158779e-01
8.999352135859554069e-01
8.010020633776721022e-01
7.126552339773641886e-01
7.269665417310451350e-01
7.850604261264638728e-01
8.002248792698175572e-01
7.294889361922415327e-01
8.948719381033205522e-01
7.849820492571425445e-01
8.026185702485117979e-01
8.789749723913495849e-01
9.066363947646995936e-01
8.207157900908640391e-01
7.525306803863579530e-01
8.777023770843009887e-01
9.084270670026890482e-01
8.219918587392858189e-01
9.611507167240671556e-01
7.888267009555890441e-01
1.095807469741104434e+00
9.954841700893224399e-01
8.280690323269803699e-01
1.005621304172221286e+00
8.029890259081017279e-01
7.364176247772467043e-01
9.166014374928433961e-01
8.814439662299072831e-01
8.281389196222458393e-01
8.945587435834350121e-01
8.053335945660987649e-01
9.061821000246399471e-01
8.910927394851093641e-01
7.626770329835547146e-01
8.721861217031614544e-01
8.647825897673042661e-01
9.497346372616819465e-01
8.404468777320414086e-01
7.937863590563768446e-01
9.385268178250413262e-01
8.969524080235657948e-01
9.037731264903036132e-01
8.974815618496093661e-01
9.332229359522524748e-01
9.323195320568047340e-01
9.467686359394741347e-01
8.901562673305570828e-01
8.955935734134355952e-01
9.286304784573572446e-01
1.006834119314165665e+00
1.081711497419316936e+00
9.564090516518630736e-01
9.899328120418904309e-01
9.035890515038170756e-01
1.016159171220981206e+00
8.179513633824511132e-01
8.182423994175037629e-01
8.017279059271342767e-01
1.052013075220758598e+00
8.402818515093630758e-01
9.318138233746301458e-01
8.618116881600159651e-01
7.569234133494197048e-01
8.552043891153913169e-01
7.898618363539506859e-01
9.144909428056235967e-01
8.801814142120668594e-01
1.061901042105072301e+00
1.040921421911159772e+00
1.011700994872975823e+00
1.086860834273748244e+00
9.440500939477376452e-01
1.025850369527119277e+00
8.713496967495515388e-01
8.431633184569085060e-01
8.617417678956927896e-01
8.623213265506258773e-01
9.820106647019373192e-01
1.059101533851210197e+00
1.043092140318398808e+00
9.205080144222412830e-01
9.487089079518085111e-01
9.996131215807008141e-01
9.168185079347360711e-01
9.759209417871078651e-01
8.380956780121917582e-01
7.681969988707991748e-01
9.653773579355479084e-01
8.116545034277826698e-01
9.274854952092140836e-01
1.078856866443586915e+00
8.860874126793988337e-01
1.053994818155279845e+00
9.254993916839200363e-01
1.044810748383609322e+00
1.053767388677708805e+00
9.592472888058124481e-01
1.103883530097844456e+00
1.012432287986668511e+00
9.522298924843808354e-01
1.106495061320728501e+00
9.923769433446318899e-01
9.628350119627405723e-01
9.750099952342441423e-01
8.913000143644748130e-01
1.087816538841707370e+00
1.074963819395230447e+00
1.020046463874834330e+00
