-1.049200431708191772e+00
-9.735238510430315184e-01
-1.046979789049451215e+00
-1.053013099406269415e+00
-1.059700609743975619e+00
-9.730341657492187490e-01
-1.182857847072460222e+00
-9.892969989240061324e-01
-1.066662704969664643e+00
-9.594753477170251399e-01
-9.969149238862679008e-01
-9.880645664591408694e-01
-1.047751920235489909e+00
-9.335809547178016699e-01
-1.141463895237357917e+00
-9.929287525726629982e-01
-9.249169753598719401e-01
-9.878752303778753907e-01
-8.734600824069019831e-01
-1.051045802632812221e+00
-1.160617640390704697e+00
-9.896506162361640158e-01
-9.347910645528029194e-01
-1.050342863076039857e+00
-8.579261667141395709e-01
-9.415382559772003113e-01
-9.776437612374485608e-01
-1.025814647326307893e+00
-7.838506965671389048e-01
-8.774791780983293155e-01
-9.678827147098995054e-01
-9.482027533692533039e-01
-8.947523208560068664e-01
-1.041079611230243840e+00
-9.511131141517186194e-01
-9.328475291786961776e-01
-9.868305125983536374e-01
-9.104717345173567455e-01
-8.157196537208907250e-01
-7.834221014573987674e-01
-9.654768614040937225e-01
-1.004841981819407870e+00
-7.916558520528860221e-01
-8.194369782607116015e-01
-7.981589849224544064e-01
-8.753831666770464093e-01
-1.035037005919590136e+00
-9.056609984218587650e-01
-8.623368790783264570e-01
-8.706782350890278632e-01
-9.279841408905207256e-01
-1.020265021344364031e+00
-7.560162762436078987e-01
-1.000373147743784275e+00
-8.915556929504387940e-01
-9.078166470739058580e-01
-9.462859432030660267e-01
-8.269659659824680764e-01
-7.718353371706474508e-01
-8.460950269910983979e-01
-9.045935919105198009e-01
-8.414836985063955943e-01
-8.930697718393052487e-01
-8.701123983592218281e-01
-8.975089343272319997e-01
-9.158112057631200287e-01
-8.963773711047484660e-01
-9.432105081054134033e-01
-7.943714043282955606e-01
-9.490871064306712901e-01
-8.804687242987365714e-01
-8.217817331547807580e-01
-8.738506386679897320e-01
-8.922575398347943887e-01
-8.260088508317079414e-01
-9.351318832409312165e-01
-8.330301782406364097e-01
-8.741867746054987620e-01
-8.589984570317974466e-01
-8.775536679969887510e-01
-6.789212793614183283e-01
-9.941599369829908772e-01
-7.361681735330575238e-01
-8.694525300116576760e-01
-8.113908920449898199e-01
-8.336247629815507487e-01
-7.981522437644288370e-01
-9.159948097744881057e-01
-7.060708668294320978e-01
-8.803223785904450427e-01
-5.996649912162408391e-01
-6.830933394952730664e-01
-8.970412929034763394e-01
-9.307322571467591121e-01
-8.453344882124514958e-01
-7.294813106693955884e-01
-8.408611873600887465e-01
-8.334036955701362714e-01
-8.944967083187460588e-01
-6.844376565497739540e-01
-8.990047480774560062e-01
-8.552165497896592194e-01
-8.731957176009622623e-01
-7.867858200702715354e-01
-8.131348750689089133e-01
-6.654461553320286660e-01
-1.050226056002547592e+00
-8.793849666812810772e-01
-6.789625378549185575e-01
-7.744022853420167163e-01
-8.300051918483748459e-01
-6.562138495452158882e-01
-7.054233339839747208e-01
-8.048323177640573922e-01
-8.042781285307443184e-01
-8.537170895963659412e-01
-7.763441026595360173e-01
-7.652772554169320340e-01
-8.661350854466295379e-01
-6.261317007888809183e-01
-7.046673022059222191e-01
-7.324426207591445692e-01
-7.812785991578400369e-01
-7.238791432056389530e-01
-6.029200926428461838e-01
-6.734461160249853862e-01
-7.373169490556901184e-01
-6.528956066212032727e-01
-8.367076352098598013e-01
-6.784883134483244982e-01
-7.473852019190116991e-01
-6.799163479329284332e-01
-6.668801890985684988e-01
-8.143427492570594062e-01
-6.387060565524278477e-01
-7.846233984966375363e-01
-6.200689626454615189e-01
-6.256353886937804365e-01
-5.463181429020795843e-01
-8.421570736602719265e-01
-8.207086710226718651e-01
-7.816890286896737150e-01
-7.122364884932690376e-01
-7.072717188836522562e-01
-6.942584953420605220e-01
-5.916669627980410961e-01
-7.669647401075919690e-01
-7.352967491365289820e-01
-7.402399680527516068e-01
-6.274966087076725429e-01
-7.953445072544356176e-01
-7.290403035016239652e-01
-7.085209475924189038e-01
-5.911664163369466651e-01
-7.297295675606504384e-01
-5.774017652614964469e-01
-5.004247446955559786e-01
-6.611102124136531977e-01
-7.044597959242767660e-01
-6.964097810861252791e-01
-6.864041231608308813e-01
-7.062006963450219166e-01
-7.458536013739049952e-01
-7.232148009428699398e-01
-6.762171974727435586e-01
-6.597899383629765024e-01
-6.603876443817453534e-01
-6.738118106606427737e-01
-6.468289490100388450e-01
-7.441441197866016655e-01
-6.746998057419578698e-01
-5.694619815544471608e-01
-6.708027982557899227e-01
-5.720895978486707500e-01
-6.886843366075340311e-01
-6.104574780459413041e-01
-6.470901813665459468e-01
-6.551741075982480123e-01
-8.053063092246178778e-01
-5.760019542224539268e-01
-7.171015991007723134e-01
-5.247534272014381385e-01
-6.042424734365700045e-01
-4.982524113667088361e-01
-5.149517690975315976e-01
-7.364942504287065317e-01
-5.804934657640692386e-01
-6.545579949624548144e-01
-6.332253028201945133e-01
-5.465881404952649403e-01
-5.975331288362630833e-01
-5.051029633916848116e-01
-4.978389989891595646e-01
-7.118884999240741029e-01
-5.291555838788609689e-01
-4.089176406481941917e-01
-5.310536405668347948e-01
-6.176142899092591509e-01
-4.901653551437694101e-01
-5.069827812711474868e-01
-5.457778021102369648e-01
-7.249105469256251766e-01
-6.006692051306716795e-01
-6.716956404376507317e-01
-5.770390238261968729e-01
-5.605351445968566049e-01
-5.599312186112533896e-01
-3.849656731874899762e-01
-4.879808894642231332e-01
-6.666395775179546623e-01
-6.389078398514154156e-01
-6.320067904799214764e-01
-5.882140472891778105e-01
-5.802767299461419892e-01
-7.888855255877543771e-01
-6.633738197618738175e-01
-5.656490982361933595e-01
-6.856875376173989789e-01
-6.487165687203023667e-01
-5.620345949541309949e-01
-5.542803476752177216e-01
-4.147516914997712023e-01
-6.016211572558074483e-01
-4.918257481415200250e-01
-6.121443573854945530e-01
-5.591134215981671263e-01
-6.064422968847589246e-01
-5.295952088514601641e-01
-4.750700961990835802e-01
-4.830713513753381871e-01
-5.539321583162338802e-01
-5.781531161061815860e-01
-6.426659497140584376e-01
-5.892928996695659949e-01
-5.526530621149339240e-01
-5.084497090788928642e-01
-3.952815430615988501e-01
-5.660115648155459311e-01
-5.224369598311204843e-01
-6.038793035556069277e-01
-5.412816644981703895e-01
-5.640410824118680111e-01
-4.211666174804875595e-01
-5.843993877034139306e-01
-4.170743387920188838e-01
-4.899194149409589749e-01
-4.156974465637239269e-01
-5.273368247149042842e-01
-3.737292698791017109e-01
-5.284245717935995845e-01
-5.603313918774963653e-01
-4.848353932482485917e-01
-2.906719425708634286e-01
-4.812014261675104931e-01
-4.466885472539561808e-01
-5.655420458407597328e-01
-4.690640593999719221e-01
-5.112423214722860987e-01
-5.034842381245647758e-01
-4.882567037543698585e-01
-3.974650004037093010e-01
-3.083062339016240938e-01
-5.394332741761578287e-01
-5.307709153421389381e-01
-4.030459882893997481e-01
-3.752810911234588653e-01
-6.488298290791395528e-01
-3.411694525503909947e-01
-4.591901260236878612e-01
-4.175102296751813657e-01
-4.879336902805083143e-01
-4.026324963420314096e-01
-3.995008494923484310e-01
-3.581247664641480366e-01
-4.544722058572041035e-01
-4.802672388168032769e-01
-6.347165789641679989e-01
-3.982160583512074359e-01
-4.019212645135994966e-01
-3.465135679334682695e-01
-3.289394867412154255e-01
-6.154598960667363450e-01
-2.712658806128478428e-01
-3.563627443707814146e-01
-4.148999641430300978e-01
-3.833770659108989287e-01
-4.554951960116555565e-01
-2.140970401581929194e-01
-5.085172905129188292e-01
-3.460368106841560376e-01
-6.646922940018105130e-01
-5.172650358753992927e-01
-5.115697609708425020e-01
-3.879200262693597856e-01
-4.389733809901825712e-01
-4.318396891114016922e-01
-4.163353097253320589e-01
-4.308348894880583702e-01
-4.920608358444756303e-01
-4.222773611193224030e-01
-2.735386162492483564e-01
-4.238974610636450646e-01
-4.081135800658810542e-01
-4.332468609397132076e-01
-6.329817330215059545e-01
-4.080424323022607824e-01
-4.061290134213854097e-01
-4.779319189927689338e-01
-2.574382787565330233e-01
-3.372536870434361123e-01
-4.103170733594728725e-01
-2.880236765836243773e-01
-3.585641840147043569e-01
-3.984030168821928730e-01
-2.990123521999311640e-01
-2.754974942457943388e-01
-3.737855300327354025e-01
-4.042867535993437400e-01
-2.375340464939044993e-01
-3.793445150977078351e-01
-3.304274034560723550e-01
-3.409755214901161735e-01
-3.967994747829640678e-01
-3.743049667366398769e-01
-4.126992564198445068e-01
-5.317757989774297700e-01
-3.718842720916145650e-01
-3.485614610938678193e-01
-3.516919127573703285e-01
-3.393936728921734258e-01
-4.337213544878598115e-01
-3.871473297732948571e-01
-3.268970262938212801e-01
-3.976977524629491945e-01
-2.530780388149169169e-01
-3.526942069828857829e-01
-3.563605161640885921e-01
-3.646740688755725213e-01
-3.941941558910114773e-01
-3.069763339306564309e-01
-2.509185759216943645e-01
-2.604909422594052226e-01
-2.741810550352013487e-01
-4.504516072722744569e-01
-2.733790453163061906e-01
-1.725317663484294550e-01
-3.329485677800692600e-01
-4.420744493737631675e-01
-3.900865752756688676e-01
-3.207934725283830280e-01
-2.843090827996850867e-01
-3.064810871280023163e-01
-2.138086997600817940e-01
-1.375945301018077771e-01
-3.837381237655781430e-01
-2.285981974764083879e-01
-3.086493959986388314e-01
-2.193861431111154836e-01
-2.832323369008795666e-01
-4.114883307211651409e-01
-3.472530210483111279e-01
-1.791693910578993632e-01
-9.086552135572224798e-02
-3.768492298843309496e-01
-4.225271756772061571e-01
-3.601232936433538256e-01
-3.862419608601962984e-01
-2.747931774828034079e-01
-2.760502966240794276e-01
-2.168527786577175431e-01
-2.187334704562921561e-01
-2.523570251992602320e-01
-3.036614806855506554e-01
-3.759461776007163442e-02
-2.905802101320632547e-01
-2.436823329369846303e-01
-2.762449780125363907e-01
-1.836332771711588763e-01
-2.996277454877947499e-01
-3.382843137463127370e-01
-1.008179962400362617e-01
-3.223158810854994671e-01
-3.610071775754095103e-01
-4.752997632007423534e-01
-3.345096510922150879e-01
-2.825989003295407143e-01
-2.183559512235271061e-01
-1.725074329788052474e-01
-2.650435233643315680e-01
-2.691188232127676438e-01
-1.889418875834910916e-01
-2.447188909527777123e-01
-2.319866169585586002e-01
-1.802019269142864366e-01
-1.238246522056663385e-01
-5.356167574746593940e-02
-1.722991356188268153e-01
-1.666777056408625945e-01
-2.437382877383225885e-02
-2.026021021518266685e-01
-8.609280788485994262e-02
-2.062044523014147923e-01
-1.967375029222194205e-01
-2.115826839176936924e-01
-3.036788287423234922e-01
-3.004585779039570803e-01
-3.484470338806439776e-02
-1.787819747993619479e-01
-2.338093040335667006e-01
-1.516494758680808075e-01
-1.168467015553959765e-01
-4.047908205137027565e-02
-3.066793766656958353e-01
-1.464186211494000467e-01
-1.337081619919232855e-01
-1.751440076018979386e-01
-2.852027927057959600e-01
-7.423277549695002364e-02
-3.318767755378603801e-01
-1.978586271265125596e-01
-2.167301941535348664e-01
-3.409241339288477529e-02
-1.482863307278898257e-01
-2.064333240244205225e-01
-1.256970996183323364e-01
-2.186282239545436490e-01
-9.101994091071234638e-02
-1.145977929862455891e-01
-9.969294350552365680e-02
-1.462392553789792216e-01
-1.727093510950618305e-01
-1.199696605692713268e-02
-2.543527121435135846e-02
-2.240021507149576319e-01
-6.616432414813251672e-03
-1.551757347096838491e-01
-1.244544380872937978e-01
-1.823889824203613896e-01
-1.367184494804266071e-01
-1.222679022980226321e-01
-1.232107178776107453e-01
-1.141969281130980340e-01
-3.989746875256820063e-02
-7.390333583302509390e-02
-1.931271669882701492e-01
-2.830945097439372393e-01
-1.313046893067656117e-02
-1.725910042842413727e-01
-9.951924374673030982e-02
-1.296219118892990851e-01
-7.988856740959197900e-02
-1.650381213371587136e-03
-2.220972220055587587e-01
-9.083468037791694871e-02
-9.654780370075322082e-02
-1.270318315637698238e-02
-2.706199398225351271e-01
-1.233065282652875405e-01
-6.235978376196137790e-02
-1.236107731207490845e-01
-1.109757591019784051e-01
1.790568391712831289e-02
-2.321854275981260346e-02
-1.372466264753288701e-01
-2.010198441000635716e-01
-1.142732350840055533e-01
-1.184461337771079981e-01
-5.905379364804612397e-02
-1.148934858728261621e-01
5.331776341684450575e-03
-9.091090931121044438e-02
-9.008862571589849877e-02
-4.081097163997323557e-02
-3.907882072148742558e-02
-7.312529494203208469e-02
-6.400572649300162453e-02
-1.918474839201908255e-01
5.681496465798906159e-02
5.071212820843122582e-02
9.266604269548286098e-05
2.456767538800767522e-02
7.340890256813864534e-02
-2.819430745265661536e-02
-9.124273361522104719e-02
-1.783116031521941591e-01
7.333561846625026581e-02
-1.382532369260395556e-02
-1.893879876916193181e-02
-6.970881815087295874e-02
8.014882622731230033e-02
-6.094285554916421821e-02
-1.050562170020073391e-02
-2.047865145184215099e-02
-9.465127855910412946e-02
-1.100205349398137265e-02
-1.635013912015812754e-01
-1.025177542813508341e-01
5.207726087517159513e-02
-5.124810809176386095e-03
1.949110382657930629e-01
-2.696116794307041459e-02
5.001437198329545392e-02
5.463284901498585006e-02
2.025232997357072004e-02
1.273272151566242905e-01
7.888712670334516175e-02
-9.503464955779302586e-03
3.530235198843662686e-02
1.370138506661874311e-01
-5.223354334781726838e-02
1.154483492047618173e-02
-5.190954931231966940e-02
4.618108714895629435e-02
5.016971136943575854e-02
2.558294688115066509e-02
-1.518843303198297127e-02
1.074759443245660862e-01
-6.894669214820861591e-02
-1.174110671383867682e-02
-9.909087614263843366e-03
7.069383112242458300e-02
1.109261936796389209e-01
1.639911763638101927e-01
5.371400227467086966e-03
-6.672188043573500094e-02
9.709466367053622149e-02
-4.369612131303367286e-02
2.016733141674881269e-01
6.247641710494055561e-02
2.126509620480932505e-01
5.058892620924694550e-02
-6.805558394267743894e-02
3.697455012891920269e-03
5.772436821661818679e-02
1.305237722021296287e-01
1.057188686421257212e-01
2.093948872286975973e-02
1.398093777209224731e-01
1.005153129960593139e-01
1.320096052749868687e-01
6.139234693867716419e-02
1.571342522529904639e-01
8.274945084822642183e-02
1.256784320387520637e-01
-5.473380096421639335e-02
1.761272357652391984e-01
-8.698709431904366740e-02
6.595229136637568990e-02
1.965897242634507269e-01
1.064969753114567153e-01
1.084546887814716032e-01
1.547627468582609411e-01
7.775457612401658058e-02
4.780881019381732176e-03
2.358590379768533973e-01
1.686549578855185000e-02
4.097255349309633643e-02
2.842353004244365655e-01
1.184233198119476749e-01
1.031580488851407962e-01
1.234006444942589570e-01
1.643874077028470437e-01
6.329415332460877619e-02
1.368626315003071414e-01
1.433795027295760582e-01
2.187715913380343380e-01
5.853736383702261986e-02
1.104614775947221905e-01
1.717832313082716944e-01
1.424604000136795445e-01
1.401485872405684174e-01
1.226598163941062386e-01
2.077366525717036505e-01
-2.597555059705858663e-02
6.042107186787486900e-02
6.302121997027772260e-02
7.334259517906226156e-02
2.607701328822251141e-01
2.529111201206873938e-01
2.128952322737752770e-02
2.153438097476262914e-01
1.376103895065123595e-01
3.751740301505490649e-02
-1.569519112865565757e-03
2.297446506489056184e-01
2.352817171938298424e-01
2.896962015797369117e-01
5.766719020331798756e-02
6.037801118547394402e-02
1.665919226559641475e-01
1.524932002301060407e-01
1.892781355165615298e-01
2.741591008020806131e-01
1.170810600633512277e-01
1.575055629360873066e-01
1.706895440711659051e-01
2.433656058864643590e-01
2.463871743458343477e-01
2.228048252553885278e-01
2.235798997735095606e-01
2.275655808630138444e-01
1.306056416642164819e-01
1.429330553541280635e-01
1.771209580685660923e-01
1.644111333272112174e-01
2.784601115353039780e-01
1.920465728880246248e-01
2.449587649408693224e-01
2.896654176115152080e-01
2.945432533768652661e-01
3.437843730124036656e-01
2.191787467687311697e-01
3.315417984473776475e-02
1.479793234954596137e-01
2.338933175966556310e-01
2.445651499620973834e-01
9.852321786942845605e-02
4.421796577778350779e-01
2.479363723840997402e-01
2.072900750469682807e-01
2.245564180625692074e-01
1.999796333895769995e-01
3.222771141022875985e-01
3.161773858585580910e-01
2.131065175021723823e-01
3.075750938381575650e-01
3.092666781751872707e-01
2.998166122277760581e-01
2.051078582779729265e-01
1.510774799242086408e-01
1.526431212027749562e-01
3.734333736414237603e-01
3.088853962053740299e-01
2.688903817188236234e-01
3.801029645525506595e-01
3.819957912324170035e-01
2.429772944327806550e-01
2.848878002155803557e-01
3.455239985161261962e-01
2.275281505536220217e-01
2.790035022402607701e-01
2.156589858748533817e-01
3.187531462830755502e-01
3.433125766262334899e-01
2.530041102998308311e-01
3.132920812285844292e-01
2.621987585643812957e-01
3.154362112608832258e-01
2.419951557346191606e-01
2.140105292684009175e-01
2.252147453893258988e-01
1.772906976560974235e-01
2.418350278214777827e-01
2.440106322526981453e-01
3.514760471487065052e-01
3.521065788768738547e-01
1.974506706662502442e-01
4.025471268862595986e-01
4.006016772345166732e-01
1.650895005184090658e-01
3.775394477586245245e-01
4.745724196994985933e-01
3.655774152139373845e-01
4.516573607341095031e-01
3.978337598607670778e-01
3.607191581817454917e-01
1.762011802888409362e-01
3.656602805453448846e-01
3.235560329238019173e-01
3.662281817745147716e-01
3.221691576576772853e-01
2.015543018207443526e-01
2.191516517532069719e-01
4.411084225795003366e-01
3.172920461420049576e-01
3.848921268484454261e-01
2.900800560989421073e-01
3.165090361792659568e-01
2.702053576958949321e-01
4.423368056565493145e-01
4.540825045962764706e-01
3.608843764847967095e-01
3.970971893660790730e-01
1.620520003307154011e-01
3.707976827555995447e-01
4.624001509923815201e-01
3.293823832955708464e-01
3.846247778153367713e-01
3.709768521554513976e-01
4.793560627582207911e-01
4.221980509546241489e-01
3.937337943059279199e-01
3.746130690727453305e-01
4.176197261757721435e-01
2.899809820988485387e-01
2.669876976493085197e-01
3.185097415180077052e-01
5.048227813242969209e-01
4.732460885648456239e-01
3.071549591380815514e-01
4.091663802957361540e-01
4.408069294009209216e-01
4.274929754096279955e-01
5.037157234816022067e-01
4.410510987975732045e-01
4.311711303801881723e-01
4.535523783067156312e-01
3.872451374203487728e-01
3.338194430004309821e-01
5.789109278616929588e-01
3.680514665303531441e-01
3.551801340271192320e-01
3.226036085689687472e-01
4.858285506069072168e-01
3.310889495163465424e-01
5.043437422240536483e-01
5.059020638528286540e-01
5.163636993835308830e-01
5.206361631009596147e-01
5.531434105675198110e-01
3.846971985036274910e-01
3.661943856088544225e-01
5.085234683891648455e-01
5.655540602398360095e-01
3.785099107725896084e-01
2.922731640621491489e-01
4.443836398568372092e-01
4.234647366719829220e-01
5.008190198849612473e-01
3.590764954372505091e-01
4.420533829739135001e-01
5.978252323901162013e-01
3.487652372460910422e-01
4.474651935641716927e-01
4.292848642962816541e-01
5.656931770189533859e-01
4.663220059672792961e-01
3.802874841507616899e-01
4.331242258657015953e-01
4.855151556495002629e-01
5.089482423676443545e-01
4.533799753706513891e-01
4.707597607680057417e-01
5.133074679686399078e-01
4.871308428605344854e-01
2.641508037436832157e-01
3.367050108762334459e-01
5.575553361115933582e-01
5.466511907180032770e-01
5.502350011250570772e-01
4.171863374101442701e-01
5.407693294493627345e-01
5.091750772477753317e-01
4.476357420690604272e-01
5.922037120194941773e-01
5.903011512872655686e-01
5.526927649832612532e-01
4.699049283401477983e-01
5.277986631230815462e-01
6.062486414124593770e-01
4.637527150898847483e-01
4.608866872474389198e-01
6.721601120337934443e-01
4.378124604405075337e-01
5.014907413067629660e-01
7.042150555988403449e-01
4.854832700621143915e-01
6.295178172470679012e-01
4.807889058088495871e-01
5.216096133926854117e-01
5.274545877797179871e-01
6.477139726344061099e-01
4.556691417872760774e-01
5.157056553869089344e-01
6.909277936632521877e-01
5.502174074666433823e-01
5.724375558164914723e-01
4.375145494093340415e-01
4.718459076980672240e-01
6.465484989145785510e-01
6.104188422976078998e-01
6.197362234406594839e-01
5.828593810830814403e-01
6.284262092555065182e-01
5.672007384788010365e-01
4.486747125131288483e-01
4.606088311957542425e-01
4.580834323610100123e-01
6.223051012582918595e-01
5.836895947359409531e-01
6.379401897721861392e-01
5.217805367823333818e-01
4.880708556283870347e-01
4.576232599977006488e-01
5.257778135537408692e-01
4.284811193611582913e-01
5.597955691477032314e-01
5.924605667259325026e-01
6.513626162380727891e-01
6.639346401665179309e-01
6.009336855510153397e-01
6.541045346469973598e-01
7.236322648634947452e-01
5.650842384357859238e-01
4.000894390714864191e-01
6.109903074768913145e-01
6.114919435521859459e-01
4.781206998281063991e-01
6.159519098769279388e-01
7.781607144038018564e-01
4.855661498615623795e-01
6.483312332032631353e-01
5.622744901632347192e-01
6.786029022743302885e-01
5.094992613743452026e-01
5.550620760093500916e-01
8.061495796003376180e-01
5.506302052805258640e-01
5.761024060617214726e-01
6.914844664942326746e-01
5.924235301699116718e-01
7.253722970171824214e-01
7.986826038264487337e-01
6.291989149703249851e-01
6.212450949429872971e-01
6.906772448195463987e-01
5.437548167498560403e-01
8.466953932623386692e-01
7.064106543013284334e-01
6.120173673714642826e-01
5.840015272874062857e-01
6.394920441632494512e-01
5.476313197782367581e-01
8.096956153525551869e-01
5.957540035136758005e-01
6.691641635494323115e-01
5.480904224232675537e-01
6.341371874556863686e-01
7.331195041149023428e-01
5.859681223183698107e-01
6.608109859980692002e-01
7.267765284177061247e-01
7.053980041739638107e-01
7.563772144731194524e-01
4.838702723819439111e-01
6.439258714739981571e-01
4.577632409684420645e-01
6.142822936323940608e-01
6.834126857680684619e-01
6.346890343865931872e-01
7.253180966323101719e-01
7.358133495511243183e-01
7.748198782980366683e-01
7.939585382277696279e-01
8.273274313312939388e-01
6.595179810383239305e-01
6.705636478534956479e-01
7.445950980426485621e-01
6.278457545563593811e-01
6.091634549078356331e-01
8.209078884034753942e-01
7.396564801824471180e-01
8.413436213031465494e-01
6.153825751995201099e-01
8.489366634444764914e-01
7.241805135443566410e-01
8.604204182769493725e-01
6.036426180201779346e-01
7.700769195800492017e-01
7.050326632549260841e-01
9.110419625906734931e-01
7.679401916926776872e-01
8.813245762453852938e-01
6.443863021844323802e-01
8.886010558632079226e-01
7.539541486378417146e-01
7.407098205516039480e-01
7.269739838742916849e-01
6.671274486344785926e-01
6.298909810315423963e-01
6.282579045684588692e-01
7.411301335819298064e-01
9.432572086731008110e-01
6.904425841267178843e-01
8.155270986802484190e-01
8.281372117548215783e-01
7.053346919313098207e-01
8.640960980355154586e-01
7.670250585658432430e-01
8.584918873227349589e-01
6.757456912076015287e-01
7.129682685043292611e-01
7.576861336224951504e-01
7.833597946250551169e-01
8.526140079612322120e-01
7.329975185572455976e-01
7.843106106259137844e-01
8.321350450941709109e-01
7.063707891190595944e-01
8.406581472848969616e-01
7.888379619019414424e-01
8.053852042259590505e-01
7.238740277507593746e-01
7.335185448447510970e-01
7.205190857253779280e-01
8.584501229056338278e-01
7.333095370320088513e-01
7.956158249717757425e-01
9.171237599759299863e-01
7.821652654920866476e-01
8.093476370791369279e-01
7.347592205306296975e-01
8.994052173171785958e-01
7.344687492282732100e-01
7.838552106571902156e-01
6.867869194439442104e-01
7.850804873008067064e-01
6.862134569803913786e-01
8.298317409447689696e-01
7.343579631763847981e-01
7.211837286059861185e-01
8.118924472852612206e-01
7.647106048121935507e-01
8.087897231153121647e-01
9.068324282758496446e-01
7.540733142348471363e-01
8.563768345022773065e-01
8.199263267404574007e-01
7.544898515793584393e-01
8.735024956936923157e-01
7.535941426914422037e-01
8.935514919718446913e-01
8.797599730743884683e-01
8.290650619600757887e-01
9.050951381941396701e-01
7.979368312605885638e-01
9.743740598428305422e-01
1.019487620821066587e+00
8.839012477390930655e-01
7.933413979173216113e-01
9.071844613561329540e-01
9.251904974269559156e-01
9.070293433691748453e-01
8.941613552793346020e-01
8.929985836418345979e-01
8.380013841651634543e-01
1.001528612044421784e+00
9.276898681379762701e-01
8.301418034863515816e-01
7.985756682164769638e-01
1.078254629160674716e+00
9.749038067368965832e-01
1.074113315122149359e+00
9.569907932757496516e-01
1.020952284359812223e+00
8.802640940538586367e-01
1.009450166236624424e+00
9.658971414267774058e-01
8.491586808294880884e-01
9.939335845876536846e-01
9.244238994191860126e-01
1.018934709116796844e+00
9.278083025270966733e-01
9.989288094971865428e-01
8.358069856459769964e-01
8.761240035075152921e-01
9.424147464026609855e-01
9.491223192518546403e-01
8.761873342371958584e-01
9.772280419299284038e-01
9.443866791586383869e-01
1.012404922227648330e+00
1.099194248430795273e+00
9.334720835482847034e-01
7.718810316265344307e-01
8.266903870218511585e-01
9.952232411455793626e-01
8.933515940393025323e-01
1.087392091733121458e+00
1.023737577269598464e+00
8.512492953129670026e-01
9.548389350527848318e-01
8.948519351494407248e-01
9.917088415581364336e-01
1.087780924554025530e+00
9.643091166625346045e-01
8.989125631963703622e-01
1.019231445918394874e+00
8.388937299022219962e-01
9.433735993819731824e-01
9.549565994201870689e-01
1.064552952189754764e+00
9.247347694318842626e-01
9.526126026626151599e-01
9.191282935959411704e-01
1.109439091723210424e+00
1.035658679120446957e+00
1.095741674201512472e+00
9.550078725292900916e-01
1.059443266966554997e+00
