-9.830152812617624081e-01
-1.013484818046497704e+00
-1.026832639442417427e+00
-1.131254332038855726e+00
-9.785104083412052844e-01
-9.255881467872747459e-01
-9.179072153387786148e-01
-1.072915546152236610e+00
-1.001923046652039018e+00
-8.055465137795664310e-01
-9.878450479071172463e-01
-9.123690431641399146e-01
-1.030653263995828572e+00
-9.328339236196029338e-01
-1.049562905732180695e+00
-8.772862279220963178e-01
-1.035005476726095219e+00
-1.004540696707056702e+00
-9.191508206210180498e-01
-9.807195877042771404e-01
-9.006605776082899917e-01
-1.014421513456647883e+00
-1.107210580263308319e+00
-9.370961529705289506e-01
-9.041030220381041094e-01
-1.013262893718154034e+00
-9.826252265645828432e-01
-9.856669901786820898e-01
-1.108610244952683344e+00
-1.026052888514479955e+00
-8.541080425234122142e-01
-9.126417998021798539e-01
-8.906447558242394091e-01
-9.835155746364320217e-01
-8.952708003042418872e-01
-8.913322230415506864e-01
-8.717614610750100690e-01
-8.528115631670071251e-01
-7.549902077725676453e-01
-8.743161472402264378e-01
-9.057736065650040524e-01
-9.602094225520599879e-01
-8.154291235590086506e-01
-9.887006484855203059e-01
-9.145868677200119645e-01
-7.682507725740782556e-01
-1.198439102790109567e+00
-1.079484814554111161e+00
-9.465464274163207792e-01
-8.700230896113501089e-01
-7.730122913302680532e-01
-9.109922077501947379e-01
-9.853033562979479631e-01
-8.422624959447261306e-01
-9.127278334208640542e-01
-1.010691811097003345e+00
-8.638625910393709084e-01
-8.901300300373040653e-01
-8.354943631207405463e-01
-7.926144611407394125e-01
-1.066225062355102615e+00
-8.065307868753376352e-01
-9.787274307541644625e-01
-8.841991878396813220e-01
-8.154128059919287796e-01
-9.114678442598984631e-01
-7.939694155657925911e-01
-9.456028250613330854e-01
-8.876726402510944913e-01
-8.566380998681336623e-01
-9.306794731348966287e-01
-9.541038667921543093e-01
-8.405687054680737180e-01
-7.876259649993019307e-01
-7.802633979795023933e-01
-7.230374388397091678e-01
-9.025866012307627306e-01
-9.284338624471253354e-01
-8.440705003201895984e-01
-7.953249110762951046e-01
-7.405507263790820360e-01
-8.185090367232433772e-01
-8.663909576124401157e-01
-7.858606271309234170e-01
-8.416903226101520863e-01
-6.863688362597006876e-01
-7.100826266345884319e-01
-9.580677120649709888e-01
-8.661891986160993318e-01
-9.219528775870918791e-01
-8.668609707595329450e-01
-7.609177149057457790e-01
-7.334431297438644970e-01
-7.214698313207554836e-01
-6.702460408660236846e-01
-8.532384441201800174e-01
-8.671973245609555514e-01
-8.481953451793711185e-01
-9.136572639601696633e-01
-7.782382772015268291e-01
-9.147413177466710010e-01
-7.530988209405672373e-01
-7.563656478904624558e-01
-8.421689370674952935e-01
-8.796662775323547123e-01
-8.191549642661971609e-01
-7.670640683358508349e-01
-8.238593100571662831e-01
-8.854759038222480561e-01
-7.871966836802298806e-01
-8.992395224854390356e-01
-8.254304822275182474e-01
-7.933540145634515595e-01
-9.277780415777101553e-01
-8.568124832994900020e-01
-8.003977752511375332e-01
-6.937841862389394487e-01
-7.066525096597036093e-01
-8.196596534277801327e-01
-7.909058212544305411e-01
-7.696628351715595340e-01
-7.411494591927886288e-01
-7.590018371338785874e-01
-7.105607405952917288e-01
-7.700952406683312379e-01
-8.816280128518811932e-01
-7.559319628944088931e-01
-7.523109122118674108e-01
-6.959396057467929220e-01
-7.450501257914184938e-01
-7.880353571079296016e-01
-9.924682283360590773e-01
-7.411424602201340806e-01
-8.591795927945135025e-01
-7.882879132650679743e-01
-7.444666309959930839e-01
-7.444065230749429274e-01
-5.964112816681127471e-01
-8.090886344153428444e-01
-5.648536855982085880e-01
-7.938225204421186509e-01
-5.659071903891285116e-01
-7.354904821848905483e-01
-7.674518604897768714e-01
-7.941633979748083938e-01
-6.675896750735942353e-01
-5.713336869209978408e-01
-6.287725862812180155e-01
-7.323327907071204290e-01
-8.079506771181457214e-01
-6.235594710959243558e-01
-7.663678461950812482e-01
-7.602689060087610695e-01
-7.171807095883322436e-01
-6.287513191298951254e-01
-6.928907554084722253e-01
-6.979795564033499655e-01
-8.838827692503635758e-01
-5.129328046678720554e-01
-7.489840204611518670e-01
-7.652372306562487125e-01
-5.317256515385392346e-01
-6.297398917985594924e-01
-7.143549572645411239e-01
-6.887923311202388543e-01
-7.080695986687446375e-01
-6.591765294109627193e-01
-7.471114222491117562e-01
-6.979819629808351467e-01
-6.447064242385912580e-01
-6.192599909247340495e-01
-5.800703487900316091e-01
-6.652288313266876418e-01
-6.171306791015507276e-01
-5.444233823405100203e-01
-5.246267263950187276e-01
-6.229866880766277148e-01
-5.817941162125410681e-01
-6.541443192096628723e-01
-6.051824057055056327e-01
-6.720317100724372272e-01
-6.444286296590345797e-01
-5.979005411817293059e-01
-6.014619342323813678e-01
-7.231441599195911341e-01
-6.457619141983902411e-01
-5.637828533486306526e-01
-6.168245483927869977e-01
-6.167139200039849500e-01
-7.678033587808076321e-01
-6.491007632161364116e-01
-4.595954759432264169e-01
-6.035384479356855625e-01
-5.897250542186698308e-01
-6.423889585065477581e-01
-7.685091221789300819e-01
-7.261293977794517351e-01
-5.338687225572963380e-01
-5.654752853926365841e-01
-5.446994254390582491e-01
-6.213429966014594186e-01
-5.838354288282580073e-01
-6.182796930376865951e-01
-4.405423498215316758e-01
-5.656748863273129979e-01
-7.407820199682141338e-01
-6.891219773728018971e-01
-5.019351639050851910e-01
-6.677685070350891650e-01
-5.996513204477148529e-01
-6.013219903356306073e-01
-6.960559782920729965e-01
-5.159660590191049723e-01
-5.929359594216274676e-01
-6.094516394156748174e-01
-6.922252139677206317e-01
-5.911345207059923723e-01
-5.140773978937305255e-01
-6.030655937952195123e-01
-5.543905894690015490e-01
-6.228869884605888751e-01
-6.068608689255335920e-01
-6.745581604992461067e-01
-4.743688973577112611e-01
-5.866027575075096756e-01
-7.526165056600154779e-01
-7.069723690469021937e-01
-6.276014577069909395e-01
-5.707273573054096882e-01
-6.505936903135521865e-01
-5.489286155846507809e-01
-6.343693599299085051e-01
-5.061063416539909321e-01
-3.688511700850312658e-01
-6.771273610893013828e-01
-4.800582396902591809e-01
-3.830611028381028516e-01
-5.004330461753390136e-01
-4.738947433537624709e-01
-5.613309743925430917e-01
-4.758520630141205854e-01
-6.384480516182291510e-01
-4.292976132808454248e-01
-4.774043112726972793e-01
-5.884658021908029113e-01
-4.745538448156763622e-01
-4.455343950503162787e-01
-4.169301275086159109e-01
-4.748694108089903110e-01
-5.125856206710167617e-01
-4.886959658924550642e-01
-3.889044937962344295e-01
-4.762756318535374400e-01
-5.319533629999132485e-01
-4.234384373205794527e-01
-5.871971793934440687e-01
-5.300633478856007219e-01
-5.647886446708475505e-01
-6.786554509890496689e-01
-4.318671371405775061e-01
-4.128605715823850941e-01
-4.170419471394735678e-01
-5.563528863726340257e-01
-5.125675403118005180e-01
-5.323766806548091424e-01
-4.670715483601294848e-01
-4.473232828721146470e-01
-4.633804469224722111e-01
-4.733149676326948163e-01
-4.431717071876858371e-01
-6.027528065183492822e-01
-4.117933390188142639e-01
-3.897616525233727480e-01
-5.163706348761816223e-01
-4.485041031289715430e-01
-3.817579064237347497e-01
-4.006671756857573263e-01
-4.951360909505849173e-01
-3.157737227317324313e-01
-4.055523910690878586e-01
-5.197377857290905734e-01
-3.216484964753149600e-01
-4.800724784724898497e-01
-4.769842568718996034e-01
-5.000839525414142450e-01
-4.535843474329388503e-01
-4.059698033141574958e-01
-2.553535006996904277e-01
-3.857748072659977767e-01
-4.668268850439634132e-01
-4.626952439293925412e-01
-4.517431224155070701e-01
-4.127951493643566283e-01
-3.894124686698601789e-01
-4.097000552459412193e-01
-4.828615518900797876e-01
-4.374683367120687505e-01
-3.858964697932218968e-01
-4.193912365774886131e-01
-3.382132896888330187e-01
-3.346782184736959431e-01
-2.592055091917337406e-01
-5.055863366129075276e-01
-4.747974119173735130e-01
-4.211520450042682273e-01
-4.180946890488432266e-01
-5.599176204051297123e-01
-5.469726480327611329e-01
-4.066109787071934822e-01
-2.478022968067008780e-01
-4.222846481648475092e-01
-5.547670262449451162e-01
-4.416008677694219231e-01
-2.982587859329647872e-01
-2.980478219101258541e-01
-3.875754198275222495e-01
-3.486052913394781516e-01
-2.716045117872967762e-01
-4.647402273057408828e-01
-4.277903364626647886e-01
-3.196497059267386365e-01
-3.317862500945751858e-01
-3.544801214260809297e-01
-4.513643452666740719e-01
-3.049750074370149999e-01
-3.490581472181217837e-01
-4.824471767090412477e-01
-3.486767751058564846e-01
-2.665412406935224743e-01
-4.024578329324601245e-01
-3.811806507611131822e-01
-2.865141531367992322e-01
-5.217206692456364259e-01
-3.523198200930375279e-01
-2.903934745722286381e-01
-3.089360091778222683e-01
-2.819772377929612994e-01
-2.839912800433279094e-01
-3.096745833699811601e-01
-2.408658114035143738e-01
-2.350767136904610977e-01
-4.379288521738985973e-01
-2.456786084261947389e-01
-1.405390403995116777e-01
-4.500213322919290326e-01
-2.255150782996905023e-01
-1.950997287098561739e-01
-3.105934389324694900e-01
-2.006179646814642559e-01
-3.912178129114637914e-01
-2.802449849737124743e-01
-3.123820631413390392e-01
-2.409830211842363956e-01
-3.052973071293570984e-01
-3.728150461703885754e-01
-2.000873092218021509e-01
-1.792218958475714774e-01
-2.184706734323406119e-01
-2.989581217362592969e-01
-1.287208152693062324e-01
-2.469706553970346385e-01
-1.732928796395941939e-01
-3.198477418047454002e-01
-2.702123268938673162e-01
-1.981313228604562326e-01
-3.689585583840930272e-01
-2.978256379712638791e-01
-4.038879087241335486e-01
-3.973609516089141591e-01
-3.692162549420395234e-01
-2.228558912379398349e-01
-2.051166196615590298e-01
-3.196598010473906681e-01
-1.587877611299862157e-01
-2.350511308088930884e-01
-1.216261164043316995e-01
-2.991696356111470667e-01
-2.630122076076066850e-01
-2.952092772451759828e-01
-3.530599553781923472e-01
-4.570034835429276909e-01
-1.693920222370580708e-01
-2.426062694806224163e-01
-2.407540445047876287e-01
-9.452097823205508897e-02
-2.192725573962105989e-01
-2.557248394094773780e-01
-1.968188627230863241e-01
-2.061668146370928267e-01
-3.118500007862798906e-01
-2.440523844888235483e-01
-1.731637760520801095e-01
-2.116580885219204733e-01
-2.054547349488425878e-01
-8.898549735004793746e-04
-4.108827991979628613e-02
-1.682620546080590140e-01
-1.088268491537494193e-01
-1.774978049375800782e-01
-3.065523543013931596e-01
-3.324550977992831585e-02
-1.140089183023736963e-01
-3.851090652061770619e-02
-3.326958840322079558e-01
-1.054706497058652825e-01
-1.915287639464533509e-01
-4.924440001912471637e-02
-9.052621725796472507e-02
-1.746574250357571245e-01
-1.462319225274451573e-01
-3.136023703562494380e-01
-2.259031932116372654e-01
-1.586990855047606674e-01
-3.037440148856710986e-01
-2.513054979050663995e-01
-2.333416919185138660e-01
-1.532106395178472746e-01
-1.298288134817071060e-01
-1.839572451505844253e-01
-3.694670351965960164e-01
-2.320621165897798210e-01
-2.487594897260739513e-01
-6.377104694527654938e-02
-1.585873820144751700e-01
-1.387762597224457273e-01
-5.459205399585829316e-02
-1.101492725082025004e-01
-2.195950217745399058e-01
1.753442870247421195e-02
3.701775265023127259e-02
-8.328997048375942625e-02
-9.083887835291853952e-02
-2.991569660722658286e-01
-5.965374110847627281e-02
2.820764573317768170e-02
-1.912345288487933836e-01
-1.635465775723722592e-02
-1.204986054072260532e-01
-1.295375098722510721e-01
3.868159394639490711e-02
-1.323914125750129678e-01
-6.097717920512620710e-02
-1.265898762573568204e-01
-2.342116907406008863e-01
-1.481941686013965309e-01
-1.176187033504284690e-01
-8.359481077327203524e-02
-5.393594861603718746e-03
-1.217621917297745798e-01
-1.715435894455869803e-01
7.434423408357966265e-04
-5.665957868386886642e-02
-1.013216917688527507e-01
-8.736771193566797433e-02
4.194880295447079438e-02
-4.341923282136150863e-02
-3.174322726817911666e-02
-1.443667820383639500e-01
1.228585130198783272e-02
-1.028878625258404338e-02
-5.785928099177490430e-02
-2.054356458403065466e-01
-5.467450984905738304e-02
-8.122776236168170738e-02
-1.682060686005932282e-01
4.976293831843274507e-02
-2.603990424418063387e-01
-3.418009476869338786e-02
-2.904705996740721829e-01
-3.383423034945343827e-02
-1.713787300989351170e-01
3.646020953224519273e-02
-1.429603382158112224e-01
-6.643429859848952457e-02
-3.406615878360344518e-02
-1.144080291345131867e-01
5.192659655711415190e-02
-2.631956029909954947e-02
7.411910269004265417e-02
5.245738583692279716e-02
-1.990688070547704247e-01
4.145361944573675711e-02
-1.990054613428898778e-01
-9.087148847775969318e-02
-1.647953839910316562e-02
-3.805396647428467994e-03
2.032638596642575776e-02
1.506362698517171861e-02
-1.665392570264826247e-02
-3.295586381869346909e-02
3.130903910639668691e-02
-1.492302002111297321e-01
-4.499309431803827364e-02
-1.109750357508395707e-01
9.688898858458500074e-02
-1.800725180071636178e-01
1.100489056630701012e-01
-5.007822708299277531e-02
-6.834316479692870150e-02
-8.519878375991642161e-02
-1.168598567804991079e-01
1.295116800801785484e-01
-1.537960785848210277e-01
3.704565512418674794e-02
9.065274714164749115e-02
2.812692658312360844e-02
-4.419959139384974089e-02
-7.815797181546199623e-02
5.504855779682317485e-02
-1.189285017935267780e-01
1.596869882511788019e-02
1.585399658270318368e-01
1.638721010568149061e-01
-2.441383096871357905e-02
1.140741366515286709e-01
7.587439032466343491e-02
2.078160713721987352e-01
7.953588692426542817e-02
-2.412977109800192033e-02
-8.375591552656540262e-02
1.163469738360552869e-01
-2.224628447461652475e-02
-6.818316577578014542e-03
6.627070221543879258e-02
1.544926840689381520e-01
5.273727526097284415e-03
1.000311082119500344e-01
-6.086804301096499642e-02
9.875085223420553004e-02
8.390450573027691261e-02
8.013014090519868238e-02
1.126805190118997518e-01
-3.340958407412408099e-02
8.148921745871323674e-02
9.405881283897619960e-02
1.885067930453332985e-01
1.398464617592359571e-01
1.826034377013455723e-01
5.296436477171261037e-02
9.546063812984834085e-02
1.081434513692876020e-01
2.330072033237768139e-02
-8.951412996754282148e-03
1.180769217675388810e-01
1.422880051525647893e-01
1.835554731789491023e-01
1.578424381483491679e-01
6.051550691453205788e-02
1.982018770861254317e-02
1.225262878091956942e-01
8.489829481336029493e-02
5.582173372162625019e-02
2.514229046721485616e-01
6.306652591353108239e-03
1.804608117766732522e-01
1.773550183768067556e-01
3.943347582166156773e-02
1.171142140576063306e-01
1.298800272895686003e-01
-2.166742044975564913e-02
6.447648137081921083e-02
3.025323087311512522e-03
2.442067791969891044e-01
2.176273882417441297e-01
1.190416993645915106e-01
2.162001109813417032e-01
2.434350150456230932e-01
9.252396331385667749e-02
4.125231851827633467e-02
2.380258768704159866e-01
5.448950949198637372e-02
1.450946895123867153e-01
2.155197230860517732e-01
1.780833490535986552e-01
1.732691506423555614e-02
2.211094586045793675e-01
2.744338467276293270e-01
1.042677564031553733e-01
1.739864839863596579e-01
1.264107990264199399e-01
1.972084546052380316e-01
1.745452594201435115e-01
1.411042315412909531e-01
1.503796651516988159e-01
2.453890845501656703e-01
-6.629685363426991718e-02
5.042249581357741844e-02
1.753957687053115388e-01
8.444944057216051403e-02
1.283175964566363458e-01
1.725968436272964368e-01
2.449228611250746646e-01
1.159822033272337877e-01
3.085198909359465058e-01
1.296528532482059126e-01
5.824781978376573216e-02
2.224059503099495849e-01
3.911387992408563719e-01
1.783726896717281740e-01
2.156802792418435200e-01
1.452316716991778889e-01
1.740725512733366231e-01
1.546929871957183067e-01
2.444948356693340263e-01
2.147298213297809399e-01
2.065475182566748336e-01
2.255157387368612598e-01
2.675593404824117560e-01
1.966516885787919500e-01
2.594371179799157545e-01
1.571383210512592166e-01
2.779475348373527388e-01
3.507313723581811371e-01
3.057325748347794470e-01
1.550964627004336183e-01
1.309752705879198564e-01
2.386717630116804156e-01
2.296050209714734225e-01
2.576707652606989307e-01
3.923774361731436344e-01
1.494470851855976834e-01
4.123989910133248754e-02
2.933433113428761674e-01
2.601417244511007310e-01
2.259979806804988944e-01
2.495497570687831013e-01
2.549194105004737310e-01
4.490501549250045521e-01
3.087152162472271977e-01
2.119769866227799171e-01
4.609062894662123711e-01
2.239653965982173756e-01
2.924594571904323703e-01
3.230590131297015888e-01
2.944248117208119186e-01
3.849855914517117395e-01
1.910268534090561188e-01
1.971565600589031131e-01
2.163558144273478867e-01
2.973546913049426865e-01
2.979704674508806828e-01
1.839211423330398276e-01
2.861373642730806743e-01
1.447513600772408204e-01
3.273642173561439606e-01
2.684465141911015484e-01
2.370981900785103236e-01
4.240952897402260890e-01
3.661979115709894095e-01
2.564739263927790502e-01
4.593213864454104983e-02
3.390514816759502281e-01
2.808289957035305373e-01
3.801299016474772308e-01
4.056579737830486865e-01
2.748019795336287818e-01
3.548054671221551604e-01
2.226838842894824921e-01
3.314867955140189948e-01
3.977389080913565911e-01
3.028546028684291347e-01
2.917210845775730088e-01
3.993873539160691100e-01
5.165996635862148967e-01
2.379271704841280644e-01
2.000723153208464056e-01
3.954614080580775570e-01
4.150362785916779651e-01
2.964587112432456317e-01
2.731550604640103908e-01
4.090029482585490483e-01
3.073197340357162188e-01
5.013476484291418123e-01
3.467710610468013321e-01
3.969048502274989398e-01
3.871587689783417829e-01
3.189477372453903281e-01
3.690480877409930693e-01
3.856879732011886941e-01
3.639239148505500343e-01
3.060948824015357062e-01
1.753766678150505132e-01
3.076807164568381436e-01
4.308497884389494437e-01
2.467944858383811779e-01
4.666775313423528471e-01
3.871548525028750687e-01
4.524094702100324716e-01
3.787378783067438248e-01
4.821903352287533751e-01
4.472810408500648705e-01
2.924305116688891704e-01
3.929734482053320876e-01
5.127830677597621234e-01
4.261582997320355060e-01
4.615666966346984590e-01
3.737541376929157111e-01
3.997209079569730705e-01
3.986913827493675511e-01
3.551231859559139670e-01
5.392961383491953198e-01
2.787469899930505313e-01
4.590511472237018276e-01
2.410757571948426436e-01
3.231062474551136821e-01
3.436533782550388882e-01
4.070753494365015879e-01
4.273532057512962612e-01
6.223721168861836572e-01
3.997082114893750759e-01
3.620505820754343351e-01
5.204664111715875396e-01
4.488951641620541055e-01
5.164375556631060071e-01
4.567535262839469423e-01
3.483580772772833511e-01
3.447658783904444801e-01
4.501406289396114313e-01
4.943553597615303330e-01
3.176365187608357066e-01
4.549144671184136013e-01
3.086547090107308322e-01
4.401611763461439897e-01
4.958805926483697002e-01
5.852283913050075892e-01
4.751356774526165894e-01
4.073131775049603776e-01
4.986504405211595325e-01
5.060171298859376110e-01
4.671403417869810504e-01
4.967686282417123622e-01
4.344748355434788767e-01
4.704677909204121322e-01
4.246074261139883288e-01
3.883259587986035433e-01
4.505165292034065128e-01
5.557685636942635288e-01
3.819935396441335729e-01
4.368909917090757489e-01
5.114435924486590013e-01
5.879027093421858030e-01
5.634832799350110166e-01
4.738545710781761899e-01
5.698195442576949876e-01
5.982628579824041948e-01
5.683486704310088955e-01
5.777847914690754649e-01
3.880510959046386543e-01
4.476677256189528498e-01
5.788713468818749153e-01
5.434521555924985980e-01
5.345121089818435367e-01
5.272228311761826269e-01
4.820459625324654551e-01
7.453445781678861293e-01
5.049509015191054884e-01
5.293045657823447492e-01
4.497797609680921904e-01
4.738702347886176725e-01
3.641024406595474994e-01
5.631178989730483142e-01
6.023244871939164025e-01
4.503905617983314236e-01
5.915418069757583108e-01
5.142433910583043000e-01
4.260300432247114966e-01
5.439507930368897570e-01
5.010192060191457353e-01
5.250213475634816218e-01
5.461424079742864812e-01
5.609215460440167833e-01
6.438005555110755118e-01
5.609950895108655189e-01
5.103083708840838728e-01
5.968597365605887717e-01
5.976164098029368432e-01
6.237800368542472107e-01
5.877321039690061033e-01
7.169030500503067449e-01
6.104141844548526263e-01
5.454088808372439257e-01
5.429844481412161583e-01
6.835719313545397524e-01
4.618506867145210637e-01
7.179973572413801408e-01
5.624711528021143492e-01
6.013483504356871290e-01
6.798393080327436166e-01
5.011312034072826771e-01
7.284437886082730795e-01
5.503059906887438624e-01
4.808221869797708048e-01
5.507555027446208173e-01
5.079944913346792212e-01
5.915613600441966824e-01
7.022029012271704396e-01
5.504125614791932630e-01
6.449343089461007095e-01
6.759991590239452508e-01
6.964547693703391218e-01
6.506119772814014102e-01
5.966406595865102469e-01
5.588728330963118607e-01
6.012169171728424244e-01
6.328611233154906035e-01
8.428701088427655863e-01
6.321571738943129182e-01
5.964710007690862126e-01
5.757602550057904223e-01
5.615439176002637867e-01
6.452063506310707908e-01
6.031886630349795331e-01
5.847231892031248268e-01
5.200185534925677588e-01
4.283429483685096129e-01
6.172792436100326130e-01
5.710774900696999890e-01
4.741661611438959256e-01
7.179661280049445260e-01
7.858734767385088249e-01
6.109422097828499654e-01
5.757763402370326133e-01
6.995498299072056003e-01
6.254378528336221876e-01
6.290688278122166244e-01
6.235864724998101405e-01
6.823659988525175857e-01
4.917284585187670087e-01
6.570043644090249879e-01
8.326172216792039338e-01
5.704121948263048969e-01
7.614597105356649687e-01
7.164822349169465143e-01
7.673262704451249139e-01
6.698031766153293987e-01
7.868178939370061853e-01
5.825828569739514018e-01
8.333851533426412939e-01
7.069033006039796563e-01
6.191039504039256292e-01
6.175172824529518989e-01
6.311380547923695072e-01
6.334029288095324173e-01
7.011321132236912890e-01
7.164353182393088382e-01
8.631255012384048131e-01
8.455533908542265387e-01
7.812266865517960568e-01
7.213352901018181829e-01
6.661194015980087535e-01
7.249180419160971001e-01
6.937191066856925881e-01
7.078695156875807193e-01
7.156634573960359846e-01
6.617378084690465068e-01
7.524951710071090538e-01
6.582526859000304986e-01
6.684385256119034224e-01
6.472051629279437224e-01
7.133997234738286286e-01
7.803415653978583721e-01
5.734233126524187485e-01
6.818782706428641038e-01
5.443931977057815397e-01
6.017633731809595155e-01
6.977620254612940665e-01
7.784056510825760888e-01
6.551210899144555011e-01
8.354317172445546724e-01
8.774176737359387079e-01
6.717131539457676936e-01
7.247786744462090258e-01
8.061780892077150540e-01
6.950683092972842481e-01
8.103524789974873022e-01
7.030086327329789775e-01
7.433576188573880472e-01
6.332922499628345081e-01
6.730485170532644057e-01
7.508669712768238913e-01
7.097980584049583541e-01
7.191533991580707497e-01
7.609368242130615245e-01
7.926591139311450762e-01
7.977924267264646652e-01
6.839608128388579011e-01
9.192717733180304496e-01
7.694133821660386063e-01
9.146329364602346912e-01
6.037523265229065572e-01
7.207911055628338781e-01
7.663832660895542048e-01
7.428868913952626496e-01
9.519722505677822300e-01
8.556311096995259380e-01
8.058479541399987678e-01
7.194470874685893191e-01
8.663304705415085794e-01
8.031406942672986160e-01
7.565675957263348073e-01
7.620882831778799105e-01
6.644136984514830147e-01
8.492482163680070695e-01
8.990896638246584915e-01
8.437291345627174755e-01
8.729947444568176840e-01
7.471255824953643154e-01
8.330690756127904217e-01
8.573871782062748581e-01
9.087624436976919906e-01
1.049336020696349125e+00
7.407488250695100085e-01
8.423693914505634428e-01
9.080589047995889507e-01
8.301877397576593598e-01
6.727236565265446444e-01
7.366696089311961515e-01
8.856029486753111968e-01
8.481185084501768889e-01
8.430147284131233043e-01
7.974013483363135979e-01
8.046691016434620591e-01
8.981889717163968889e-01
7.591281797695779154e-01
8.636988293219596269e-01
8.493217027458342949e-01
8.268896583713623016e-01
8.675310430683671470e-01
9.413185506154161386e-01
8.685031747727008922e-01
8.526953776658779960e-01
8.381210698764667288e-01
7.839980223794161818e-01
7.568648940621335308e-01
8.328370705735956836e-01
9.253606934656639638e-01
9.714160060150116571e-01
9.251895395970520797e-01
9.391972937318281422e-01
9.918372118480306421e-01
9.086459831518106656e-01
9.387971029739757833e-01
8.794120107014785637e-01
5.957333844605181561e-01
8.998440485922688525e-01
9.565783528871376618e-01
8.965533506715412937e-01
8.068589258758359639e-01
9.103603152247164987e-01
9.271509039042642453e-01
9.945784131267740857e-01
9.594055667277860966e-01
9.480562858065024745e-01
8.558995746750720501e-01
8.452942026707445100e-01
7.372220591728908534e-01
9.899670540244106531e-01
1.042736083838986305e+00
9.474537921546563046e-01
9.405386898746391777e-01
8.396184480384668580e-01
9.034473090625420033e-01
1.002339830327338532e+00
9.675081918836893058e-01
9.344340105612489733e-01
8.659143677333736022e-01
9.525616753122863045e-01
1.118502269590966325e+00
8.770710202278141354e-01
9.586474268783460317e-01
9.462235741670034228e-01
9.834288691769832447e-01
8.523972603619237587e-01
8.236366847286191728e-01
9.719128299184536246e-01
9.669567217856888108e-01
9.034513742668937031e-01
8.942172683741119732e-01
8.862989659598071723e-01
9.652915244680275730e-01
9.954114153973697698e-01
9.707849505554528857e-01
9.695520048153807302e-01
9.112635684325116614e-01
9.652418685574934987e-01
9.608144838133342303e-01
8.917518499932991505e-01
8.498700804695025202e-01
9.963643007969139598e-01
1.008199004632588602e+00
1.021902019102345571e+00
1.010241214513097008e+00
9.449060986551357511e-01
1.009151836293653570e+00
8.392337261119628966e-01
9.396137041341083851e-01
7.865883581385367807e-01
9.988563744519094456e-01
9.534228205092849517e-01
9.659047782443407337e-01
