-1.008675278130987119e+00
-9.529945472725906974e-01
-1.191746279874101200e+00
-7.653968440555928288e-01
-8.425744277746962663e-01
-1.065460516569964877e+00
-1.077593703525749902e+00
-1.190589297967596938e+00
-1.098289116777467544e+00
-8.767523196453287371e-01
-9.878756114783242559e-01
-1.030198040908990809e+00
-8.856121034142090398e-01
-8.510518351881379839e-01
-1.130106931955054961e+00
-9.505433489796035751e-01
-9.535085560168812258e-01
-1.002720487981635378e+00
-1.070453991744356514e+00
-9.230184387569119187e-01
-8.660723788618091001e-01
-8.866932091533149540e-01
-1.063540837265466443e+00
-8.828977247918253779e-01
-1.064378535991182595e+00
-9.298413015116497871e-01
-8.656115453537547300e-01
-1.070403119799727687e+00
-9.456801741724657484e-01
-9.692544374436500298e-01
-1.018249523905603526e+00
-1.015775397224481402e+00
-7.839915926955161041e-01
-8.881782876473244270e-01
-8.511964924845042413e-01
-8.157618414463950751e-01
-8.255383459958870462e-01
-9.165957731774726502e-01
-8.048649122060472783e-01
-9.443920907091108985e-01
-9.010028280732983452e-01
-1.074284923080193632e+00
-9.359485143516643735e-01
-1.047863045842061025e+00
-9.366181614835007441e-01
-1.020171771626368074e+00
-1.031667013685805490e+00
-7.291883024002872027e-01
-8.724699592075555454e-01
-1.027568442696416007e+00
-9.616203276310649750e-01
-9.772333220642577256e-01
-7.935458450969579136e-01
-8.443196003769306568e-01
-9.654197109565588741e-01
-9.462192162705812537e-01
-9.359295293949267958e-01
-8.742735035189606041e-01
-8.649971053464002857e-01
-9.771963868416451149e-01
-8.202322978027754008e-01
-9.295728164103495006e-01
-8.625196685773574012e-01
-8.463086287498446936e-01
-8.455748824218468629e-01
-9.953934490842663019e-01
-6.916597911690010037e-01
-9.137800465110940129e-01
-9.614444612096806342e-01
-7.578045651930754856e-01
-8.570656666584672845e-01
-8.681480524450081449e-01
-7.614384769597581926e-01
-8.430263295871669449e-01
-7.694588063104587095e-01
-8.017304581874596936e-01
-9.192179232247794651e-01
-8.391910692844378739e-01
-8.583589054694836795e-01
-8.964324116368442841e-01
-9.381720763911565175e-01
-9.179122825725499757e-01
-8.229832213431066412e-01
-7.831961791342981760e-01
-8.004100931996762647e-01
-9.303501048453721722e-01
-8.359429276279322085e-01
-1.014537019868343437e+00
-8.475802828514624743e-01
-9.470831502307108796e-01
-9.323271183130366069e-01
-8.574005285562038559e-01
-8.042336175319515501e-01
-9.810800542198780949e-01
-7.422791887161320767e-01
-7.660456771491691574e-01
-9.308577801935326024e-01
-8.018201827650235369e-01
-7.362677569202256134e-01
-9.712351859728690640e-01
-8.301597522911082772e-01
-8.254323187158171260e-01
-8.274985025132037819e-01
-8.067822493394235517e-01
-8.509174041204389249e-01
-7.505111746689525631e-01
-7.374008674710662570e-01
-7.071722544734276861e-01
-8.849020583804187989e-01
-7.561586315188254526e-01
-7.971475136342284218e-01
-6.937020399099802503e-01
-6.988585244641504213e-01
-7.292956213096846163e-01
-7.814610893342405218e-01
-8.220218313464571214e-01
-7.857394829575474748e-01
-8.478766835106591460e-01
-8.503561240469220683e-01
-7.047213603659623349e-01
-7.162228074929821720e-01
-8.349135171806222333e-01
-6.880157425487052336e-01
-6.175312703072246556e-01
-6.866659790122231488e-01
-6.732089482967619221e-01
-7.347890051792363986e-01
-5.887903727216226013e-01
-6.495680778045328507e-01
-5.474305281355733577e-01
-7.325113754723461268e-01
-5.903101772146719384e-01
-6.435474432111456533e-01
-8.064191825936317670e-01
-6.812851744064860604e-01
-7.358944867535697210e-01
-7.466593824756752040e-01
-6.566201684024864926e-01
-7.177296603872579395e-01
-7.470123046044720994e-01
-6.504282187568423135e-01
-8.586296921493824508e-01
-7.681586909348537828e-01
-7.601953743967043708e-01
-6.844486278532296852e-01
-6.582717256678340956e-01
-6.507939650463245851e-01
-6.917401014995079311e-01
-7.604430240709405542e-01
-8.380452617153150152e-01
-7.313114351252525402e-01
-6.892939267262179204e-01
-6.538668821168658329e-01
-8.249138288405581942e-01
-6.617431324762533817e-01
-5.260208698197448296e-01
-6.882245001934333972e-01
-6.408607244459554320e-01
-5.122712633208987842e-01
-7.472419792198840005e-01
-6.075880146214314159e-01
-5.919490518628517384e-01
-5.229459005688222861e-01
-7.926932264699835251e-01
-6.968039718934018190e-01
-5.651033666385411047e-01
-6.894275265628352356e-01
-6.883499775870678405e-01
-6.752135976599823453e-01
-6.155718666671251560e-01
-5.511917812759443702e-01
-6.140252793237082063e-01
-7.473738619393239802e-01
-6.218107295814179203e-01
-6.829126866364806370e-01
-6.442746178123164302e-01
-5.129260189678153115e-01
-6.418731173040278515e-01
-6.853873633519382835e-01
-6.189025627849148448e-01
-6.325223731625073675e-01
-7.331106074577921072e-01
-6.275427931962576089e-01
-7.111949896756654121e-01
-4.275558177637299173e-01
-5.513963066881876207e-01
-5.610647008491688181e-01
-7.804224449499248539e-01
-7.564025434863559383e-01
-6.234541087283609340e-01
-6.289386980624247503e-01
-7.422439074644098245e-01
-5.576506801574044880e-01
-7.364301211097823430e-01
-5.426878753594048810e-01
-6.860624792497678204e-01
-5.859696137837578922e-01
-6.610304508064408502e-01
-6.883958614528868925e-01
-5.340812503434756442e-01
-6.478092869863161241e-01
-5.537793414151510607e-01
-5.346534835532839036e-01
-6.284382339464097411e-01
-5.651018788959597527e-01
-7.331650451392099921e-01
-6.282105949024926472e-01
-6.845702222061965658e-01
-5.926877160833625702e-01
-7.000328297863765981e-01
-6.170525779939587396e-01
-4.584174358749873446e-01
-6.889559909147640049e-01
-5.270492709721508184e-01
-6.587552677297356940e-01
-3.902815776051917762e-01
-6.487149292815220791e-01
-6.098281325992843671e-01
-5.301413838397093237e-01
-6.473442897119238149e-01
-5.784620435732568122e-01
-5.054501705459463201e-01
-6.129634740869310816e-01
-5.524542551940075930e-01
-5.151518312630212204e-01
-4.803076942461619314e-01
-5.716197327529273231e-01
-5.876938216158098527e-01
-4.343590415934845961e-01
-5.701234400839682026e-01
-6.748560707657872415e-01
-3.607232949361158236e-01
-4.620288171720240977e-01
-7.160794615042462841e-01
-6.089593431708753002e-01
-5.838862360911504235e-01
-6.253025096583357811e-01
-5.333473122353254992e-01
-5.054120931672242412e-01
-4.293178214430318773e-01
-4.077727981661958268e-01
-3.134952544947560149e-01
-5.435272137033321238e-01
-4.610381288876239103e-01
-4.798423106126379345e-01
-5.625905726262070417e-01
-5.006808673294778078e-01
-4.416550391109441143e-01
-4.108728715262641162e-01
-6.401952074756758204e-01
-3.925654926040927362e-01
-4.636303542498113051e-01
-4.869802173998963313e-01
-5.025288620841641407e-01
-5.296530610908861680e-01
-5.707498900712425494e-01
-6.164527012226282965e-01
-4.662473137023049330e-01
-3.221963142992249063e-01
-5.162251473584966721e-01
-3.834631001672632600e-01
-3.840959406486816330e-01
-6.431564931599488277e-01
-3.878497570238640946e-01
-4.179368606860380808e-01
-3.829857108008656308e-01
-5.091531879081501177e-01
-4.532004695715819986e-01
-4.391116040037194024e-01
-4.859213282391068867e-01
-3.686322884050341475e-01
-4.281543109721748785e-01
-3.186335905325710649e-01
-5.041083976405341671e-01
-4.323263636749158922e-01
-4.138664455977588141e-01
-3.461549519357646765e-01
-4.844486344614409301e-01
-4.455146636685359263e-01
-4.177909318243403503e-01
-3.758472959565966054e-01
-4.504906135000791845e-01
-4.972220838494734174e-01
-4.140620325053749884e-01
-4.103801451506661757e-01
-3.906042147283620425e-01
-2.708375912849865785e-01
-3.141069132938581476e-01
-3.322535387671539109e-01
-4.279442172431227043e-01
-3.438860969393424671e-01
-4.375001310266660726e-01
-3.089816364919302227e-01
-5.179331487385298027e-01
-4.323372708135592712e-01
-3.770284573888244561e-01
-3.913025891655588229e-01
-2.281098193202418800e-01
-3.179612818262548823e-01
-4.390887045885332740e-01
-5.134635639997952028e-01
-3.131822738260575112e-01
-4.944659750314022162e-01
-4.952442914005142360e-01
-3.287835444941527574e-01
-4.387459214308808142e-01
-2.913649644708691810e-01
-4.459205154622853939e-01
-5.580799423912304880e-01
-3.773306403102162920e-01
-3.828582195908808439e-01
-3.140101394453003736e-01
-2.898732006662534944e-01
-3.368131182743007157e-01
-3.661864914182300645e-01
-4.007913850778387355e-01
-4.904017540177718626e-01
-3.369070861168918518e-01
-2.143652344062387527e-01
-3.996905732795942856e-01
-4.241673801298838087e-01
-2.601443971905514907e-01
-4.432618726992375580e-01
-3.832856877548164731e-01
-3.381183180989164039e-01
-5.486687384529085332e-01
-3.892321238481066814e-01
-3.426033089560358569e-01
-3.826064693647817094e-01
-2.802351488691434689e-01
-3.597680167452914635e-01
-3.057399439388016060e-01
-3.112684255662840349e-01
-3.609417356343876948e-01
-2.231853570963353850e-01
-2.098245094270913269e-01
-5.242067345663294770e-02
-5.149958314066035436e-01
-2.131363842645377371e-01
-3.406490567540828573e-01
-2.729805977530144756e-01
-2.416245632704454305e-01
-3.028837251392297314e-01
-3.672118744301351989e-01
-4.643946279348284967e-01
-4.018689461840844190e-01
-4.157452081817223366e-01
-4.023396270492069493e-01
-2.690630446258344688e-01
-2.961809148998435504e-01
-3.989372722916383340e-01
-2.840770425916001041e-01
-3.093105574698225557e-01
-2.633294526016679571e-01
-2.989573515720421182e-01
-2.163789990116909978e-01
-4.844692759041920316e-01
-1.698299930157510240e-01
-2.526206710687357582e-01
-3.407453165698921538e-01
-3.935185944274821601e-01
-3.170008725976080632e-01
-2.255356186029898180e-01
-4.809160959836473737e-01
-1.544597448469089973e-01
-1.777465065801401012e-01
-1.812578223554793186e-02
-3.453549467806676376e-01
-1.846417172312374011e-01
-2.957469904905002389e-01
-1.932988282070619568e-01
-3.229138366651540526e-01
-3.178698614824205237e-01
-2.080196938482218594e-01
-3.438963803391103524e-01
-3.386874305652420869e-01
-3.585729390804610062e-01
-1.626862979517129104e-01
-3.106732168202830380e-01
-2.226273236547958445e-01
-3.031387452144367334e-01
-2.978128580042500584e-01
-1.809513702152910908e-01
-2.578334982554276178e-01
-2.091823453590455073e-01
-2.570855583284233359e-01
-8.962722735177949818e-02
-2.745625802076596678e-01
-2.954087480060905158e-01
-1.040827758182082258e-01
-9.635538566369483693e-02
-3.873595872554937980e-01
-2.251022946170879169e-01
-3.916052949884742396e-01
-8.716549352923570748e-02
-1.954555965340469825e-01
-2.672886348650929111e-01
-2.062709013454689100e-01
-1.779682145804801774e-01
-1.727487252189320588e-01
-1.219387443370517909e-01
-2.868130665385279499e-01
-3.121386178405667899e-01
-2.391427284605370240e-01
-1.779823807478226882e-01
-2.184692716964430625e-01
-2.112711159218805257e-01
-2.801410259775948819e-01
-2.098153617562910633e-01
-2.021181485769648623e-01
-2.027641553899446336e-01
-1.947482553239298919e-01
-1.780381212042089767e-01
-2.397789535017645912e-01
-2.167788050036722758e-01
-1.189675175467732882e-01
-1.905285694911649785e-01
-2.780219532604790711e-01
-3.392890880204918469e-01
-2.638201633593007522e-01
-2.691770624105981335e-01
-1.181224269351117268e-01
-7.883491273731732529e-02
-3.322488213912387911e-01
-1.343473385620801430e-01
-1.626510827817123361e-01
-1.337366922828760740e-01
-1.137796525313221618e-01
-1.365023377319925235e-01
-1.149038049341405965e-01
-1.648304914381964748e-01
-2.599167527502606601e-01
-3.468426180217907828e-01
-2.181593767082059543e-01
-1.176985047591179584e-01
-2.200449497986969594e-01
-2.882966555024895072e-01
-2.578310019643383910e-01
-1.650107864317685302e-01
-2.079728411571072910e-01
-1.204250752751852699e-01
-1.446742122215682880e-01
-1.874381130197350365e-01
-1.707729713167608909e-01
-4.187815649412673924e-02
9.381475097789319928e-02
-1.634205143026773444e-01
-1.233898945278518733e-01
-1.523264221121080619e-01
-9.055139954890870091e-02
-2.714318952190131196e-01
-1.978015175784052920e-02
-9.290027166643295697e-03
-2.003140488875498892e-01
-1.946536286705523033e-01
-1.156292811073153376e-01
-6.273796727530421558e-02
-5.583448524149055986e-02
-2.307450637823199591e-02
-1.680193479034880755e-01
-7.593840568976861424e-03
4.854297470268684883e-02
-2.006495841651770029e-01
-4.883350164217394040e-02
-4.839937065764806506e-02
5.610742722852587322e-02
7.158653280618890169e-02
-9.538056804041102066e-02
-6.033350491045234854e-02
-9.455870776867184024e-02
-8.402230429000871401e-03
-7.241872991269258930e-02
-1.052804570551631319e-01
-3.173891487261212840e-02
-1.698902056502907543e-01
-8.406341148080082037e-02
-1.044085032177648892e-02
-1.798728264188571152e-02
-1.084457384695830112e-01
1.386299992160283483e-02
-1.506209200474528109e-01
7.320838718489991979e-03
-2.890681774757439260e-02
2.032744085982354115e-04
6.622941294820709757e-02
1.030316073309424721e-02
-8.456277065795712866e-02
3.705066209565809066e-02
1.021716062797790037e-01
3.314978696821987286e-02
-2.913158624226576052e-02
6.541433342847484053e-03
1.025344390152474749e-01
-1.588220095075652816e-01
1.218201909275836298e-01
4.125012912213136401e-02
-6.462949888548503996e-02
-2.910263216610212145e-02
-1.255259894913831331e-01
-4.927073495000907494e-02
-1.132137676734419202e-01
-7.982393939089987844e-02
5.070032602295897889e-02
-5.258816933488905110e-02
-1.056956655030100029e-01
-1.085172446059724967e-02
1.113964587775013171e-01
-9.754753922654747431e-03
1.794348954592066003e-01
1.065759883205785324e-01
-1.395196672591962096e-02
-3.449134960737328115e-02
5.301982119065016402e-02
-2.246808623215813469e-02
1.064028622322451406e-02
-1.097556561373110168e-01
-1.127134896145783396e-02
-6.645368660964517081e-03
-2.528730332677176992e-02
2.344502890813858209e-01
9.811490762731847268e-03
-9.739033445820832746e-02
-7.361091093318222235e-03
4.029325521624970569e-02
2.667520634977727303e-02
1.041898000209655617e-01
-5.668369842692638902e-04
1.488367177729737478e-01
-6.891755122157725011e-02
1.110288764339426582e-01
4.267955447948704878e-02
1.092054963985360366e-01
6.365886394283364058e-02
2.284830077168174822e-01
2.337892929139701315e-01
-3.870390299546569435e-02
1.069508052640945062e-01
9.821214909274743332e-02
-5.468910119017442867e-02
9.796392275553165996e-02
1.604783658939147040e-01
9.826691714870797179e-02
7.467334859350480136e-02
1.766541102371056993e-01
2.016424969557458757e-01
2.080189483475732848e-01
1.351706301606992733e-01
1.740232792861447775e-01
1.320946255395474556e-01
1.007156878482599049e-01
9.859894546822586814e-02
2.382451439500764961e-02
-4.849491985797865085e-02
1.388407416617084000e-01
7.727222381335770163e-02
1.638090532182950865e-01
2.419314903762271041e-01
1.222235161090137606e-01
2.199981826399902973e-01
4.467195638595466284e-02
3.949618597108052465e-02
8.885294926628921341e-02
1.175536904651628412e-01
2.414352277513098222e-01
1.673671551528488621e-01
7.593434351333226695e-02
-3.568068732699290063e-02
1.283237253248978860e-01
1.063271799426797476e-01
1.324463621345889353e-01
-2.759103939606505351e-02
2.035282603819543457e-01
1.153358964858941932e-01
1.180992092068574723e-01
1.256891894246043029e-01
1.801252339432660998e-01
1.958170824518822017e-01
9.014482546937696572e-02
1.999410805416412806e-01
2.497119814589714992e-01
1.256704621816629730e-01
2.227364516958340313e-01
1.589400684974515421e-01
2.408722907749316078e-01
1.679794621482491868e-01
1.338739840283151294e-01
2.183452117234285228e-01
1.589630257597103302e-01
2.362498739396191039e-01
1.004421969228290468e-01
1.916270927550294267e-01
1.764006697075664321e-01
2.961061270348025465e-01
3.258710041665459634e-01
4.821356489871678197e-02
1.813925623372711904e-01
2.749010852252713466e-01
3.039118565635109404e-01
3.602445972523988238e-01
3.431347614690506698e-02
1.998251154960371534e-01
1.737462090002906689e-01
2.010814816228837509e-01
3.148517310729151975e-01
2.681557369436293747e-01
2.092697132869947019e-01
7.764905253437302812e-02
3.303866199803442982e-01
9.358793750928964816e-02
2.873708956086321042e-01
1.022652347597793193e-01
2.021227900488460349e-01
7.592066469196499801e-02
1.768538373154028009e-01
1.835528441470865302e-01
3.030861942189978508e-01
2.177157131461107675e-01
1.085422940128340230e-01
6.562963429766544010e-02
2.967461107120504260e-01
1.551776048021816790e-01
2.536108377541863579e-01
2.631135657966411356e-01
2.677089114281661630e-01
3.026787526202529555e-01
3.782313194971874126e-01
3.212954274328418403e-01
2.531154701778340343e-01
2.828161229124592779e-01
2.299741737687704402e-01
2.505645620659684991e-01
1.942838338392477160e-01
3.047248484250719147e-01
3.634832687960241060e-01
2.308056609997704012e-01
1.327729226318601630e-01
3.617186466200144612e-01
2.157773140261183553e-01
1.915751579765146151e-01
1.476588761578025433e-01
3.529611634855465696e-01
4.741540008425308428e-01
2.600597513380960568e-01
1.203359266834194419e-01
2.986382911909173377e-01
3.275831457681526726e-01
2.390756262434219626e-01
2.183292922474666942e-01
2.361699232410661986e-01
4.566980732358959516e-01
3.010850541389081814e-01
3.215001354715630866e-01
1.553360819822351413e-01
4.044594794749598599e-01
3.326783735331612091e-01
2.637655933201696890e-01
3.094925374571494414e-01
1.615309462394902418e-01
3.080300425089675387e-01
2.326327122652443735e-01
3.041436785014010602e-01
2.421623845649786277e-01
2.255478558485528862e-01
4.695052198987489933e-01
3.378464675283451846e-01
2.270957450537854361e-01
3.501104401682866851e-01
2.718978494724396122e-01
2.759120024428358131e-01
2.462869373864463030e-01
2.799331218017974132e-01
2.304657297880601530e-01
3.824317415065870418e-01
3.728426971532383671e-01
4.920657763054839817e-01
4.588101289000838801e-01
4.149101076911941299e-01
3.483111845175204113e-01
3.762263794393155281e-01
4.405884065641227365e-01
3.260925981181663214e-01
3.372856895947872746e-01
3.901688892110438678e-01
3.583847481268762070e-01
4.401888285458980810e-01
3.500070738481528831e-01
3.239765343243573570e-01
1.386252221219501923e-01
3.750916251711555183e-01
3.863044518702465346e-01
4.475358691525193056e-01
2.897498940154367153e-01
4.944998887636110063e-01
3.781253470772008018e-01
3.851281828864741019e-01
3.798144857094077342e-01
3.721867691121761856e-01
3.323007486570764835e-01
3.275901554499980883e-01
2.381986068793815470e-01
5.756332334711140586e-01
3.075017186177834705e-01
4.617033727213109562e-01
3.385543902883038636e-01
3.361801445043612890e-01
3.566462803473793297e-01
4.887864282439309815e-01
2.947043371188530214e-01
5.012059534210290268e-01
3.902351780338083054e-01
3.300001659974305390e-01
3.642881593648044092e-01
4.797812608807597856e-01
3.765449572930562594e-01
3.294150778875862273e-01
5.074697125337205295e-01
5.084720701759737338e-01
4.414258783055068358e-01
3.170723361040859167e-01
4.667386546950966775e-01
4.400903546329328897e-01
3.602321606932905595e-01
3.447946360541592759e-01
4.058980125695439423e-01
4.556067671491401128e-01
4.074915314789684384e-01
3.592137392711305943e-01
2.842341746949683667e-01
5.571696833662629356e-01
5.058375633628153789e-01
4.870787580236995984e-01
5.344907022802560803e-01
4.531105047545442854e-01
4.403717646381626327e-01
4.570851822308957813e-01
4.625808891317343408e-01
5.287085411339401686e-01
5.572969281845119305e-01
3.485506588984049747e-01
5.070743281060530183e-01
4.830275940137717106e-01
5.943542042881672094e-01
4.585802474889917879e-01
4.137490069701030282e-01
3.941214155034656885e-01
4.732031280895472869e-01
4.240240699339407615e-01
4.016329576401442836e-01
4.332628225272165956e-01
5.664708989578154386e-01
5.626637313287584652e-01
6.317204671706315722e-01
5.970021103126611495e-01
4.960231099944161226e-01
4.735488685336970982e-01
5.202240882654400878e-01
5.329446357487196417e-01
5.380243742840455923e-01
4.767224220867808393e-01
5.494112855204571488e-01
5.552274301392052802e-01
5.519689906151628023e-01
6.008097648458931017e-01
6.670666610818271058e-01
6.243883575276996112e-01
6.634473870726037559e-01
5.020545568132044334e-01
5.084066903622552758e-01
5.482965350926554127e-01
6.128398554518311725e-01
5.549222436170773154e-01
5.251757757117034853e-01
4.012999105338330152e-01
5.456656454733420647e-01
6.156367507086981661e-01
5.572798586882802274e-01
4.730563264106065757e-01
5.592102187477280273e-01
4.184347086149597383e-01
5.560300197263592370e-01
6.199545819373685207e-01
5.047946864295431713e-01
5.907770827661047441e-01
4.772067435478262176e-01
4.357678683415016629e-01
7.155333043568955498e-01
5.304658355598068642e-01
5.169638787141895842e-01
5.464854426214938998e-01
7.924743672701346497e-01
4.401167764633282520e-01
6.749573946810993874e-01
6.149087154379311304e-01
5.566602458586367153e-01
6.085812482040762195e-01
5.603720228959839789e-01
5.036625722590853949e-01
5.337242362186636058e-01
5.961544412531756265e-01
6.246410906766644011e-01
6.312047381041436811e-01
6.515914564436439127e-01
6.482899976057889813e-01
5.245973465530227031e-01
5.170591479675011870e-01
5.715488521374674225e-01
6.767618673848625477e-01
5.312652691810832994e-01
7.988560482736155599e-01
6.015652210071218420e-01
5.581694861479509218e-01
6.567204462681482946e-01
7.089693781235417713e-01
7.149498204572127813e-01
6.333507512039835419e-01
5.490041542566240773e-01
8.054062758908674402e-01
5.834768915326903338e-01
5.721231246192648445e-01
6.572899211794437369e-01
5.496632804313675846e-01
4.552524292318855803e-01
5.637915870930362283e-01
5.979017067852064882e-01
6.265655693463555442e-01
7.253476028929490838e-01
5.467520380554343751e-01
5.096052523952883107e-01
7.190439076531820461e-01
6.661700771914760288e-01
6.341094926048528313e-01
7.587484640596043883e-01
6.816736704098841360e-01
7.056316788954793973e-01
7.234908619374701422e-01
6.520803684619432827e-01
6.512105373443798362e-01
6.779875886021257125e-01
6.425672770163303182e-01
7.275443385189855894e-01
7.302852501686390996e-01
7.631310297757533112e-01
7.846760226064523058e-01
6.116772690614359353e-01
7.454024581130064275e-01
7.170722169562272486e-01
6.445868315494591716e-01
7.039548032561945279e-01
7.215772542312141047e-01
7.882536408594695843e-01
7.386579406773796652e-01
8.781764567069690886e-01
5.297280521904832451e-01
6.630698689488454534e-01
7.283873562939238155e-01
7.146093726860281992e-01
7.041307354798512774e-01
7.176505020445667071e-01
5.221925745975879440e-01
7.139199769911923621e-01
7.855699782123618524e-01
7.974428445546404287e-01
7.013048027822896824e-01
7.123733397932429101e-01
7.561956084241019393e-01
6.430773516321519612e-01
7.130949150943417525e-01
7.438362529438378168e-01
7.129406708833553319e-01
6.289116677779160725e-01
7.550461668417666194e-01
7.092727654670073489e-01
7.196825409992969602e-01
8.753202540894757799e-01
7.663288258564665556e-01
6.505185517418257124e-01
8.292305068432065385e-01
8.795839486663425966e-01
8.545248079125947749e-01
6.875507885944288633e-01
8.844652587348574846e-01
8.270719522284921688e-01
7.754074647244325602e-01
6.862597966121265491e-01
6.180347486674676594e-01
7.537950684380841926e-01
7.053885215921217311e-01
7.636135708640499065e-01
7.989257680571674181e-01
7.752654917437515891e-01
6.591240862289009517e-01
8.325279078542078270e-01
8.187792876840690459e-01
8.970949674085583192e-01
8.235987215296992625e-01
7.085598620507785883e-01
7.292030152758526285e-01
7.842054196514870457e-01
8.385631190001318069e-01
7.275415104898441676e-01
8.845593022629589797e-01
7.629717473984148901e-01
8.109342796126711717e-01
9.094307895692532728e-01
9.079378535707864906e-01
8.334887225656993914e-01
7.472094529019521758e-01
8.811182004499339415e-01
9.052826272841548727e-01
8.457205136518597399e-01
9.558971550439320231e-01
8.007839923696974394e-01
1.106528952409644884e+00
1.006801352422035167e+00
8.024926186992465960e-01
9.824852690957455170e-01
7.876391284650435809e-01
7.550498321953493797e-01
9.212377361614492166e-01
8.725037758997159498e-01
8.458759350308096003e-01
8.897541077858531766e-01
8.195154679697438382e-01
9.336223537765783176e-01
8.985212707930659848e-01
7.674368418394149627e-01
8.918622485504854591e-01
8.448335678008966898e-01
9.343889581852412585e-01
8.379495284885251083e-01
8.145327838132865317e-01
9.499466800018980805e-01
9.225691315017565675e-01
8.896175834900893475e-01
8.995631206921360645e-01
9.613201904216485127e-01
9.241902404939043025e-01
9.375708278798799977e-01
8.923490159728334481e-01
9.158037874332779493e-01
9.245307087998596574e-01
9.934753537114338062e-01
1.075285330291090746e+00
9.684265603375352693e-01
9.767413584305359997e-01
8.806284976500622363e-01
1.005761639940736529e+00
8.215388192600711070e-01
8.224212876751882950e-01
8.127096529001669456e-01
1.057299195445969620e+00
8.574101835165844898e-01
9.439202034773555017e-01
8.825618148228526749e-01
7.725206142606252380e-01
8.436727100705809779e-01
8.003125200722076560e-01
9.066773770240169616e-01
8.922400330519990597e-01
1.070969306186648540e+00
1.018222499978822748e+00
1.016287854520167677e+00
1.087391408172932117e+00
9.537859384811990804e-01
1.032179926307085438e+00
8.535843385358722335e-01
8.453980219253263151e-01
8.595510867120482734e-01
8.745425438780647376e-01
9.787671998133066209e-01
1.051446945028608360e+00
1.070023834106777150e+00
9.261259423431548177e-01
9.393456240333020180e-01
1.011714593597598411e+00
9.159557039541498247e-01
9.900666358190011174e-01
8.291045389236139096e-01
7.714923352192060158e-01
9.863578253515864480e-01
7.917297943531323989e-01
9.384628281811076000e-01
1.059166891859329773e+00
8.607223481321167879e-01
1.044883389200028434e+00
9.361498885386724256e-01
1.058170272121699451e+00
1.045955428864513426e+00
9.710268061176757781e-01
1.064649376600772968e+00
1.040507094131176702e+00
9.786760086726589147e-01
1.093105260698192582e+00
9.869934946993683678e-01
9.953596760052528802e-01
9.950873577038686912e-01
8.608697668881249987e-01
1.082555243644545584e+00
1.062486456451304351e+00
1.036712603722600434e+00
