-8.844079305045944306e-01
-1.104328008377680748e+00
-9.470469262887730721e-01
-1.046219712447300498e+00
-9.481679451615470100e-01
-9.988750900876195438e-01
-9.528493952738007478e-01
-9.757387700158665078e-01
-9.456843105924909176e-01
-9.977956582365032911e-01
-9.873437871570306390e-01
-9.836251828947134568e-01
-1.003583937736457710e+00
-7.219027454598097027e-01
-9.068907904313681101e-01
-7.431128433811425849e-01
-1.005708483341934523e+00
-9.654602064387061144e-01
-1.024523399539839064e+00
-1.103677616595814870e+00
-8.830469043168661658e-01
-9.937962793701009545e-01
-1.013937762353455785e+00
-8.093661645014704753e-01
-9.517021162775590737e-01
-9.062254369355837724e-01
-8.832688724120774104e-01
-9.047329048977744703e-01
-9.964354608946568437e-01
-1.041274520263753223e+00
-1.010852532733957920e+00
-9.558532561392207860e-01
-9.635961215265108626e-01
-1.005947479065605554e+00
-8.670984345985008890e-01
-8.718713751451049321e-01
-9.145516886755851171e-01
-9.896222442316008339e-01
-8.620946514096490265e-01
-9.653064238389340579e-01
-9.652795585258155953e-01
-8.813040810458089291e-01
-8.683713200591189896e-01
-9.327114932629643196e-01
-7.293976613114532270e-01
-8.828052673853723498e-01
-8.993783873813567808e-01
-8.805009965775689729e-01
-8.658515051744882784e-01
-7.609448555216479226e-01
-8.909352726606931672e-01
-9.160115332263528698e-01
-9.846067820898114498e-01
-9.137881159106160389e-01
-1.040340918622840949e+00
-9.536775714374089441e-01
-1.074922040484602048e+00
-9.403491550323820336e-01
-9.846596134989746840e-01
-8.579879239712402406e-01
-8.364581845433918250e-01
-9.723354496621416931e-01
-9.852429663747050981e-01
-8.510140826180379037e-01
-9.847666752377951527e-01
-7.994794092572815591e-01
-8.541013196482326597e-01
-8.698178452930238613e-01
-8.138912757387548602e-01
-9.637939106658376387e-01
-8.614736906955603457e-01
-6.986179687686204787e-01
-8.244549306720315718e-01
-7.923714598074292903e-01
-9.063667598626506949e-01
-8.356899160460554699e-01
-9.386063789133278767e-01
-8.670443743394279368e-01
-8.285068613123072190e-01
-8.200921344287436243e-01
-7.617584847218793476e-01
-8.229479993837154339e-01
-8.159270422204043527e-01
-8.232223179671432911e-01
-1.016148746442548489e+00
-9.463115898798563075e-01
-7.827572231501074285e-01
-7.821687178643772498e-01
-7.888702311521439414e-01
-9.355710817253148903e-01
-7.342810351745383546e-01
-8.894518332153436013e-01
-8.809141651456775524e-01
-7.436618693943541913e-01
-8.384533120626442848e-01
-7.930581518373425176e-01
-7.708467462907273582e-01
-7.713514262966987278e-01
-9.070305733870600573e-01
-8.623057319868039361e-01
-8.404658472727586371e-01
-7.370478980271011338e-01
-9.304872618720421151e-01
-7.101972910777957226e-01
-7.793299577008258039e-01
-7.317513437664088238e-01
-5.919731554849946287e-01
-7.825971445783901359e-01
-8.752185225335432639e-01
-6.826848135130849649e-01
-7.819259537096175938e-01
-8.245442947313461612e-01
-8.308862844664987035e-01
-8.531807313183339403e-01
-6.183395548567187650e-01
-7.231154822537541049e-01
-9.200095936688394982e-01
-6.777256220233077721e-01
-7.311170730905208748e-01
-9.088418653364470634e-01
-6.728776986279373373e-01
-1.002729988307536235e+00
-7.883913473343553413e-01
-7.885776646969421266e-01
-7.120323893686079098e-01
-8.562631440380532588e-01
-7.684757426057827745e-01
-7.889972243964105125e-01
-6.571414825513265390e-01
-7.497853382433744551e-01
-6.192738045074897002e-01
-6.818745664516170368e-01
-8.171296282022422197e-01
-8.121359625462695186e-01
-9.724040279292694988e-01
-7.541381662155292043e-01
-9.412071395722735323e-01
-7.308373987643483893e-01
-7.226646969816544752e-01
-4.732077949046092358e-01
-7.110131896703179022e-01
-7.410751183292531019e-01
-6.660312734395091860e-01
-8.318392789311057633e-01
-6.765354534019059063e-01
-6.669273178355286102e-01
-6.214756499432825265e-01
-7.132848162086435906e-01
-5.296566067836347980e-01
-8.222845832291559853e-01
-7.613459567144608142e-01
-5.501097783088203519e-01
-5.887873179132702139e-01
-7.694174679995826605e-01
-8.199951817992149339e-01
-7.062975321701022713e-01
-6.501264290487049902e-01
-6.087357769502282911e-01
-7.084472685281726356e-01
-6.096355340558583524e-01
-4.809485974584375989e-01
-6.612833215055774483e-01
-6.406059164423246743e-01
-6.929928657144536208e-01
-6.796194415488234775e-01
-7.048560948370720114e-01
-6.861051004870012404e-01
-6.341431519145809270e-01
-5.711727348271735671e-01
-7.064792577020677644e-01
-6.305378196358206733e-01
-6.097231661253577073e-01
-7.698417840916517152e-01
-6.740657471441264814e-01
-6.926147659982467841e-01
-5.874860092197230488e-01
-5.932647361367502370e-01
-5.873941096592161237e-01
-7.087362358386632977e-01
-7.661911662041407389e-01
-6.375702214413419000e-01
-7.322922493780991138e-01
-6.407847748591321002e-01
-5.278601165134694240e-01
-5.867819640235497625e-01
-5.302753924764018745e-01
-5.630414298675449070e-01
-6.451625180766076273e-01
-5.950536851531009752e-01
-4.759924197657287581e-01
-7.427291268563283033e-01
-6.284893316570029365e-01
-6.408787190320086591e-01
-6.140224068411084257e-01
-5.994938037806883946e-01
-5.622519764278586241e-01
-6.792050715572323094e-01
-3.757535513531656823e-01
-5.955560237757618891e-01
-6.326876892024563270e-01
-6.263235384344465473e-01
-6.818640907226591885e-01
-7.454333896635684242e-01
-5.610824608242832578e-01
-4.201904041658361399e-01
-6.308823889378256666e-01
-4.732945690215411005e-01
-6.458930083947964640e-01
-7.995785389350722472e-01
-5.029526904624087580e-01
-6.793481925448573433e-01
-5.725404838036114441e-01
-5.851235688037567106e-01
-5.024263952105121334e-01
-5.759739285855380864e-01
-5.326269576308327869e-01
-4.745602214758912751e-01
-4.958055577690128612e-01
-5.470961324888421462e-01
-5.156256937535552698e-01
-5.646156600146736704e-01
-5.462762353073971067e-01
-5.895843244282121809e-01
-5.716028795320610145e-01
-5.084739213601345842e-01
-3.802508217275797908e-01
-6.559363761038652374e-01
-3.061001939820366946e-01
-6.743201026608048876e-01
-4.767836305345090064e-01
-5.725294801979872172e-01
-4.999928227316539631e-01
-6.999884315948833313e-01
-4.860976256073949453e-01
-4.833704142558682415e-01
-4.693694021123268056e-01
-4.525323481470451825e-01
-6.716009033603740352e-01
-5.511786673892090649e-01
-6.212115228911545550e-01
-4.859946464058156890e-01
-5.546113179730117748e-01
-5.908529473565143908e-01
-4.306340266101094105e-01
-4.070859084932145211e-01
-4.969618187861344349e-01
-6.536918912669441584e-01
-4.967719684233040667e-01
-5.054456680992306383e-01
-5.571264564202922376e-01
-4.464935616116395001e-01
-4.165460067004879696e-01
-4.514199509004739874e-01
-4.813345178545329062e-01
-4.477151486742443898e-01
-3.816545191413631688e-01
-5.151962878986029448e-01
-4.309206969221645034e-01
-4.790197494378869436e-01
-5.802383617820416895e-01
-4.576897496824346989e-01
-5.666962765255650902e-01
-4.936627429655250920e-01
-5.840738637486061480e-01
-4.179902146843249566e-01
-4.260571419206592436e-01
-5.355425194797822641e-01
-3.514267898014993841e-01
-3.156050418593592255e-01
-3.875144521999050462e-01
-4.827081009523519484e-01
-5.028145118985982709e-01
-2.826668220201082327e-01
-3.974651872905249905e-01
-4.144471397319146599e-01
-4.388019111847698550e-01
-3.777214988172324373e-01
-4.508332246054949088e-01
-4.285997159109962706e-01
-5.689102628479340007e-01
-3.461617528366587315e-01
-3.421488709911855719e-01
-4.585812724840303556e-01
-3.302824273264891586e-01
-3.035965706800602404e-01
-4.200714731074706165e-01
-3.882852497358378341e-01
-3.018810559941569882e-01
-6.045667637884843959e-01
-4.486863599764317478e-01
-3.020611538185728473e-01
-2.834536454689752794e-01
-3.043908761175769806e-01
-4.564408791502645446e-01
-3.839373954357036545e-01
-3.921717743895477559e-01
-2.093612393935152804e-01
-4.386897000582150041e-01
-4.531747958652511121e-01
-3.649324297992463384e-01
-3.595707003755420073e-01
-3.427910223607180673e-01
-4.168138145582260812e-01
-4.520444601100548354e-01
-4.058956204963358738e-01
-3.367851110241019685e-01
-4.153750304790146952e-01
-2.762590512561119427e-01
-4.735808191126298916e-01
-4.752944797114761477e-01
-4.154899194177786304e-01
-3.338077340685895456e-01
-3.029572991039624075e-01
-5.267367342004325437e-01
-3.358675620236113990e-01
-3.322856889374024569e-01
-2.796154508361964885e-01
-3.628911198090603030e-01
-4.020022927428429371e-01
-3.633957135938857275e-01
-3.077933757291486105e-01
-3.395591859495828424e-01
-3.493736329265898499e-01
-2.080796573896385171e-01
-4.357835094132152531e-01
-4.951217969602951796e-01
-4.046514630110572552e-01
-3.546112209725039155e-01
-3.055855726945211903e-01
-4.109599764495553420e-01
-4.086882897487988386e-01
-2.282378981066360835e-01
-2.773550916538036204e-01
-3.694382204883973064e-01
-2.795851970330762160e-01
-5.191365846415830765e-01
-3.813036326371357920e-01
-4.302023158796096647e-01
-2.543235020531632862e-01
-2.180260113779938502e-01
-4.657654342598709918e-01
-3.519448595510413780e-01
-3.520983536405721259e-01
-5.220471891114499829e-01
-2.618832401253615716e-01
-3.452702436902058136e-01
-2.764112100822165852e-01
-3.105356663648575211e-01
-3.445821461463344781e-01
-3.030036268588607862e-01
-2.653130946289019021e-01
-4.296661483714622753e-01
-2.146489315949078602e-01
-1.469198513357195257e-01
-2.767720938587942547e-01
-2.628569510493751760e-01
-2.073405335697262042e-01
-3.558127429471021896e-01
-1.963758992979543760e-01
-2.637143477038090822e-01
-2.183689034372085780e-01
-2.288840673418366667e-01
-3.625885760007480085e-01
-1.997614967588131341e-01
-3.385352768533927414e-01
-3.669237722774161825e-01
-1.991588021754772397e-01
-2.642702080754311122e-01
-2.534360651869502767e-01
-3.169481831185248510e-01
-3.570316106613453111e-01
-2.854391720269759958e-01
-2.815694021423908455e-01
-2.807782652287325043e-01
-2.927020876930148674e-01
-1.972223344940905732e-01
-1.381470983662403118e-01
-2.817195581785501557e-01
-2.937272975964488331e-01
-3.313653153359130688e-01
-2.271616859540803168e-01
-2.164491014436151495e-01
-1.282638429865283133e-02
-2.896517223568673138e-01
-2.284652135375532800e-01
-2.813152820654183373e-01
-3.425652412667888336e-01
-1.971447183987619090e-01
-6.204896995167768353e-02
-1.977125217957505787e-01
-1.628206535409414957e-01
-1.947507103642271420e-01
-1.799614282502314255e-01
-1.397269747654165117e-01
-1.718586581976200844e-01
-1.721719833266961153e-01
-1.622007604133505754e-01
-2.694810742147605298e-01
-1.476078276278961765e-01
-2.039140437899983893e-01
-2.283421005295978301e-01
-2.631785458671564437e-01
-1.933734954482116131e-01
-2.132360357211436630e-01
9.555971604193039259e-03
-3.511586802447050903e-01
-2.520543504769323095e-01
-8.861275208388573466e-02
-7.930588028484381047e-02
-2.030696594319126580e-01
-2.213601169555360348e-01
-2.019663070451001297e-01
-1.973936434622194647e-01
-1.598910106267185105e-01
-7.502442634020796419e-02
-3.296965638397333920e-01
-5.866177427441241626e-02
-1.519499549718089648e-01
-1.678102876061413340e-01
-2.498899683983441256e-01
-1.165690944965815379e-01
-2.358386472135051981e-01
-8.660825190992699207e-02
-1.219917162576704822e-01
-2.337075439855106074e-02
-1.821867670566826303e-01
-1.644083597164601451e-01
-2.511961268830610328e-01
-1.350996338681967335e-01
-2.035229539483709438e-01
-2.014174104362881634e-01
-2.213381405363708809e-01
-1.350994217188897228e-01
-1.748676610789621777e-01
-1.094669071801202404e-01
-8.019046080039864133e-02
-1.346985363065184571e-01
-6.187232618521073396e-02
-1.146437327337419404e-01
-1.425741475219121646e-01
-1.043570693319521570e-01
-1.575033612237433100e-01
-2.621364079773516598e-01
-1.775313408579983487e-01
-1.552410790058348367e-01
-1.414684480398557542e-01
7.662419310268882809e-03
-1.519520085829562384e-01
-1.170154282259104339e-01
-2.176680765672363571e-01
-4.441977613799801515e-03
-4.092942148708909184e-02
-7.918669574892953089e-02
-5.393535756151465049e-02
-1.639193207735341329e-01
-2.823916946214381496e-01
-1.375433342065098541e-01
-2.027016228513356111e-01
-9.838099591930683785e-02
-1.246131023897023848e-01
-2.096881012875251304e-01
-1.916651225715101936e-01
1.260412973295413179e-02
2.213739231650488880e-03
-7.577256190472032860e-02
-3.088545637610049660e-02
2.112525462874607213e-02
-2.028761807116575278e-01
9.847896996670534378e-03
-2.139628982669788265e-02
-1.808308854912671695e-02
-1.592438026715221888e-01
-4.455800692581289579e-02
-4.496982050773804668e-02
-7.120384852024772004e-02
-7.010732778554799871e-02
-2.214538788105035183e-01
-3.501092053841563245e-02
-2.741945785111311873e-02
-7.469807964368004906e-03
-5.273372516260724230e-02
-8.301573459255466580e-02
4.692254777813929800e-02
-3.158788078029235724e-02
-1.507164027481669721e-01
4.367326024243142757e-02
8.527652404167589129e-02
-1.584122050757647004e-01
-4.342287279860166521e-02
-9.507917683745124166e-03
6.955009297060364692e-02
5.327301629767033225e-03
-3.583410091606924197e-02
-2.042805624792832717e-02
5.028648767433162997e-02
-7.091137636608071948e-02
1.593887293441315356e-01
-8.932409443165138796e-03
-2.683398900473105402e-03
-1.041964713703838752e-01
-9.234314351242313423e-02
1.091446910792065877e-01
-4.002275519242479845e-02
9.336980975160338869e-02
5.546622016308005304e-02
2.086167370341658958e-02
4.588437240109802945e-02
3.416805030353888689e-02
-2.494394625215896671e-04
6.603143686013132271e-03
1.345802581521416963e-01
4.014883730213755081e-02
-1.134670656833468988e-01
1.024994287427098867e-02
5.188859589356115132e-02
-6.614719294639553882e-02
9.332252657076984051e-03
6.601818945203939693e-02
9.459505188609405868e-02
4.952959696076469215e-02
-2.791002073672711470e-01
-2.020143402980913439e-01
7.840736950697657637e-02
1.158625521524918878e-01
4.089653657943660703e-02
4.428129176651455362e-02
2.089982618314579349e-02
-2.571871229047018731e-02
8.338801729841491261e-02
4.654062409591493144e-02
5.456283639875968150e-02
1.543854245116353385e-01
1.739992277879619520e-01
6.828693160878744617e-02
-3.887270162278208541e-02
1.015570311260363678e-01
3.623411449783215006e-03
9.016183171874629643e-02
1.342811250356323038e-01
-3.097094752750711999e-02
2.122593330136900852e-02
1.838227610219426156e-01
9.870771937787851252e-03
-6.264935004452588940e-02
9.434876776060739656e-02
1.624369209316096629e-01
1.545827009693364652e-02
1.611250242804559418e-01
-7.911314899130580947e-02
1.072350655541534220e-01
2.961683162426330743e-02
1.238461016071037840e-01
1.572109410432780963e-01
1.638293846230236550e-01
-6.832212093077263959e-02
8.113290960019138576e-02
1.253154064897459563e-01
1.346591233818962841e-01
9.627880049477093027e-02
3.320247903130855993e-02
1.918487665022005073e-01
1.205751718218892182e-01
1.926896870947570617e-01
9.871852716062368138e-02
2.729598197515393232e-01
2.149602713369887230e-01
9.768273995983306479e-02
2.100627498062978410e-02
1.804601250444638760e-01
2.883991171944678689e-01
2.111593350484819998e-01
1.306421763195999841e-01
-4.450112775149180078e-02
3.042174229188290835e-02
2.169179270625673228e-01
6.871854467138070743e-02
9.235208948506726245e-02
1.469009271794276539e-01
1.640977383942122114e-01
2.393678717504258979e-01
3.894724821183210423e-02
2.918884799425446319e-01
1.337467341594022197e-01
2.167645379632227587e-01
-4.242004881998143878e-02
1.911391941061531818e-01
8.082145364326880077e-02
3.104734036646504269e-01
2.652111944147812483e-01
1.985917280024562248e-01
2.676357313135424021e-01
6.846162871958558216e-02
1.289067758851676349e-01
1.245032273263677186e-01
1.285139029164701907e-01
2.277950424679696662e-01
2.849945807157344690e-01
9.684632535090911820e-02
2.779177210233700346e-01
1.791266035658236888e-01
1.407129131301732006e-01
2.396096555352071333e-01
8.506026937444459424e-02
3.348111366994874216e-01
2.888277896717921789e-01
7.220834596042055749e-03
1.067202888983773273e-01
1.852074484179342395e-01
1.104398811840145850e-01
2.643666223435293117e-01
1.168006609329931555e-01
2.077773495457429787e-01
2.715376087442355479e-01
2.640397430463916617e-01
2.962471050143619666e-01
2.671641004891009419e-01
3.363744653071537583e-01
2.898599729940583014e-01
1.667499596582470711e-01
1.833416442453979223e-01
2.620327473327163648e-01
3.338474374872433814e-01
3.176410108797805831e-01
1.645661017856887565e-01
2.094919708108485268e-01
2.619768225466482803e-01
2.803611056408398805e-01
2.538864591962454731e-01
3.000472078454778924e-01
1.246295172616218305e-01
3.155030766729950420e-01
2.428395547673768973e-01
3.279391576244014006e-01
3.845139075129093698e-01
3.156581234794253454e-01
1.589922549491684933e-01
2.747510865148358183e-01
2.124293470288321217e-01
2.476336913214306212e-01
4.323573514484604363e-01
4.248756996817885656e-01
3.167589599397491185e-01
3.820719629823995378e-01
2.975336314856852349e-01
1.871501066299176563e-01
4.592689524623400077e-01
1.713403844835532930e-01
2.745693409414944886e-01
3.986184428985504735e-01
3.389728856224229481e-01
3.845228072397941510e-01
2.734346168768262419e-01
2.315388743945481498e-01
2.954932964598038780e-01
2.713853204391294405e-01
2.897531761538939543e-01
2.813640413817816710e-01
3.972461214611098801e-01
3.931356168595297462e-01
4.028598604986889375e-01
4.888021403238493878e-01
3.594004377981110943e-01
4.183447242719971482e-01
2.653788953298940601e-01
2.825606996670408932e-01
2.497045911312008037e-01
2.990487450719078732e-01
3.115818275354171329e-01
4.363283387976018002e-01
4.718798886542496795e-01
3.301919242137312249e-01
4.600424985218724561e-01
2.721090708951407477e-01
3.839598950814498424e-01
3.498185561441120583e-01
3.529001362365014050e-01
3.552959198477073643e-01
4.805297373905780822e-01
3.361580508106893350e-01
2.735933805565617938e-01
5.030762339977854491e-01
3.400585925938827692e-01
3.512151450065088554e-01
2.332569672547828155e-01
5.097072691203299311e-01
4.145676587211651332e-01
4.681460450816039565e-01
5.212340302769896683e-01
1.874059887235117183e-01
3.171400469892876051e-01
3.469258968321456971e-01
1.545943907219162194e-01
3.104998376317319453e-01
3.586424276210929407e-01
4.171130556612807072e-01
3.335717583995700952e-01
4.752360625341277012e-01
5.148700047070291497e-01
5.066084658725835688e-01
3.600059711615524738e-01
2.869147811450293295e-01
3.412571334355188335e-01
3.233148257756487953e-01
3.034386575721136348e-01
3.241352704557631803e-01
4.460290880252579804e-01
4.928226990466174628e-01
4.698631006456176484e-01
4.639900560276848940e-01
3.331395325576727018e-01
3.697604048366989749e-01
4.956681430926818122e-01
3.804074619366538679e-01
5.847980013100702035e-01
4.977273905840337020e-01
5.051557044851524569e-01
3.864601656532548613e-01
4.071250955547812134e-01
4.613243586895574566e-01
4.609212772254925317e-01
4.059973949898369461e-01
5.234412609344497591e-01
4.054776414450008692e-01
4.044853346014855577e-01
4.526587581478165312e-01
3.813432718503729779e-01
3.783364132715822392e-01
4.049272053839875762e-01
4.223103060456877000e-01
5.050058454302982502e-01
3.782583460889900606e-01
3.530902193213462659e-01
4.865908582180326625e-01
3.484002495455505999e-01
3.474253866803456714e-01
4.130222982583186542e-01
6.499583090046612277e-01
4.045758855647264562e-01
2.776675295726219184e-01
6.523272116593084036e-01
4.020248847401821646e-01
6.387678205777367335e-01
5.964153549132568122e-01
5.057453182302463768e-01
4.549718093609684821e-01
4.719891291994718907e-01
4.442996865267010431e-01
4.042941880178973491e-01
7.767048339024182901e-01
5.955347069168371865e-01
5.978603836072418076e-01
5.550022836920995850e-01
5.485064870891437350e-01
4.500500411218776309e-01
5.733879547696937307e-01
4.904895223813358074e-01
4.513352220032264550e-01
5.409528504025620244e-01
3.557872479773005470e-01
3.327175553786384521e-01
7.013501786496227908e-01
5.098507653130969208e-01
5.982115691594964701e-01
5.666166590132760694e-01
5.721076856158737733e-01
4.719603852780147046e-01
5.333559044139999372e-01
5.654571637617142876e-01
3.052438522713550317e-01
5.589982947749072562e-01
5.950091089070093098e-01
6.359731784750936034e-01
6.219346119389518313e-01
6.842408298734530270e-01
5.616369593282356520e-01
5.712933741012190536e-01
6.006443081637889980e-01
5.505182341227101706e-01
5.591953593732297279e-01
6.074866926900496233e-01
5.126725995325387419e-01
6.398857283962914311e-01
4.919126019654132542e-01
6.799168641606859742e-01
5.306988586602978675e-01
5.858049638340980803e-01
6.362251168199271056e-01
6.419077133097579324e-01
5.548904440468751531e-01
6.645433970603196183e-01
5.973720022694209986e-01
5.349386154965298790e-01
6.287472878945182808e-01
5.658937664944204693e-01
5.975913625555555608e-01
5.332417621556883036e-01
6.671544886531122209e-01
6.085250087839287891e-01
5.974174913622730676e-01
7.225399072072263840e-01
5.790961045862187406e-01
4.226884110585202303e-01
6.332791249964002667e-01
6.080177093381657905e-01
7.414692541854507324e-01
5.538384329238010828e-01
4.307648791512369568e-01
6.717787323608137573e-01
5.036246688350315415e-01
7.108202590948303756e-01
6.649255245432129646e-01
5.219779517118162682e-01
4.522587239639557222e-01
5.407017309021374674e-01
5.927765147312986649e-01
6.830578392997566084e-01
6.184443515322585183e-01
7.951681018396531408e-01
7.517947551095223169e-01
6.539566629184234703e-01
6.530781000076636422e-01
6.518632138695096279e-01
6.289255870034098361e-01
7.137283896248043380e-01
5.642797449257269671e-01
7.361016717487780525e-01
6.539827298312450576e-01
6.778263281868096568e-01
5.149372052540990286e-01
5.402486455497316209e-01
7.832323613671627882e-01
7.273768483983102939e-01
6.809218624896473671e-01
6.586398533302018077e-01
6.695005876099724418e-01
7.267079801014588725e-01
4.568222368539071598e-01
7.676462952662815864e-01
6.881473577337242631e-01
5.701436726520056064e-01
7.581389379663583394e-01
7.145483226097033569e-01
7.127474218058660327e-01
6.400689634933355299e-01
7.895221891499465405e-01
7.307552830446957248e-01
5.980790898438084202e-01
6.987208289056459076e-01
6.510836918291796893e-01
7.807509511264614233e-01
7.350591396150402135e-01
7.229943556755921152e-01
5.703269518170643870e-01
6.740315847952546013e-01
9.304496447214976040e-01
5.897269213227800400e-01
5.699793861549127261e-01
6.958148068737404213e-01
5.863400384239415564e-01
8.915263856777254636e-01
6.849171152160214993e-01
6.780769355515761099e-01
4.762636258879907047e-01
6.331012912079150290e-01
6.402157379641927326e-01
6.697275920385159509e-01
6.408661377364285316e-01
8.320705802513485017e-01
7.673280851009132153e-01
7.495241407459866112e-01
6.797926412744725866e-01
7.879567680206082114e-01
7.243913587220625061e-01
7.734743747629805322e-01
6.867450894480735535e-01
6.881234691268147685e-01
7.898328370942969689e-01
6.911970855924121082e-01
8.206072392460969089e-01
6.229863033852424126e-01
8.170725046762561394e-01
8.154999955011681401e-01
7.545733309377814502e-01
8.029702345263879382e-01
7.036864853266554531e-01
7.770415410290737457e-01
7.145622563994092902e-01
6.692682685715171109e-01
7.458659988364382265e-01
7.844835475198509434e-01
6.501115745530511303e-01
8.799747187570547968e-01
7.910822310356649956e-01
7.504734244037134516e-01
7.779858886180126554e-01
8.505736890839632469e-01
7.488949613584758858e-01
9.040621727214344094e-01
8.000952538679126924e-01
9.901806914679701643e-01
8.095834304116281688e-01
7.522219118335085053e-01
6.953745701177410643e-01
8.133616767714949569e-01
7.146301047745713397e-01
8.316646356950072594e-01
6.994597232614228055e-01
9.142618017671059194e-01
7.553927765619709023e-01
7.703052541594843650e-01
8.743332724869874450e-01
8.131437596452484318e-01
8.695558308117639079e-01
8.089189536638345945e-01
9.405265816458272532e-01
8.695637634853961018e-01
6.344265416621874820e-01
8.236188749929896913e-01
8.510776299225674135e-01
9.785028775274584589e-01
8.595558504521799703e-01
8.946291062812173900e-01
8.853900464705963813e-01
9.246851407826575109e-01
6.601861902996869480e-01
1.082592967779273607e+00
6.889401445066751783e-01
9.452912157028255935e-01
7.670587260505139504e-01
8.725236837817506030e-01
9.968390125772139676e-01
9.574069811850951517e-01
8.218805432233248220e-01
6.531069426817220913e-01
8.786114569406182628e-01
8.788355823469810035e-01
8.744103094354866990e-01
8.221624714988688964e-01
8.292277713964538721e-01
8.984685909456918695e-01
9.274705097397411002e-01
9.418705279510992678e-01
9.469275603022715426e-01
9.184081650086571846e-01
8.729529605790199431e-01
8.351763867392586471e-01
8.735136841383479567e-01
8.413333701830076894e-01
8.086454626891735886e-01
1.083923280628477759e+00
9.971962101985649696e-01
9.104073735528001032e-01
8.758782600123387052e-01
8.149000644797722570e-01
8.934825464484043023e-01
9.328702135044922850e-01
8.448954440932237020e-01
8.665397993993524395e-01
7.666163529878292637e-01
9.678512073452886222e-01
9.630584115035937254e-01
8.464303675157345275e-01
9.358075234467780890e-01
9.156725941672541058e-01
8.952493767286390236e-01
9.804525031967283866e-01
8.610808737880196739e-01
8.536897380693309056e-01
8.864277298623010060e-01
1.019434640881626608e+00
9.445936743618580378e-01
8.855631759597746289e-01
9.102204885147934244e-01
8.151325038110658339e-01
1.063264582782803780e+00
9.223462299917506435e-01
8.687636421905287065e-01
8.897191830949817692e-01
9.469354451487307367e-01
8.380413258350793981e-01
9.024703783423749792e-01
9.639371046624193307e-01
1.027852444808381671e+00
8.831007788585101270e-01
1.039202509740674740e+00
1.092707128101164216e+00
9.641304454131555124e-01
9.639033783396016020e-01
9.515676672151706095e-01
9.572708172356713119e-01
9.855070860050542114e-01
1.039221184266621245e+00
1.153232392492063552e+00
1.008230210921944536e+00
9.149502201414411173e-01
8.618177754205708085e-01
1.194142518255345120e+00
9.306479237749363254e-01
8.792703620716386670e-01
1.062982870433054394e+00
