-1.070276755271538427e+00
-9.815103702674501385e-01
-1.038101587551293559e+00
-1.026418566635129093e+00
-1.068122103250199517e+00
-9.746932935770915574e-01
-1.234896194257640190e+00
-1.004871251777441632e+00
-1.089598617201387842e+00
-9.684527179160274946e-01
-1.003943253698242222e+00
-1.014069606080743480e+00
-1.041216409389625452e+00
-9.270068136845663886e-01
-1.125752055931143136e+00
-9.657220710708328548e-01
-9.350109188992911102e-01
-9.743976207746899432e-01
-8.617776441944964283e-01
-1.080604066235164140e+00
-1.158456323370196328e+00
-9.906902790839060557e-01
-9.305108369944029567e-01
-1.046227448128109971e+00
-8.691054406460486659e-01
-9.302523108345233105e-01
-9.656706255956982732e-01
-1.032649827725768965e+00
-7.925434711113139574e-01
-8.853769191438032315e-01
-9.618129535961204013e-01
-9.443111816769058642e-01
-9.068392653095848077e-01
-1.048600283720983795e+00
-9.562165070963020153e-01
-9.155001743525909008e-01
-9.898551303857421324e-01
-8.873782429069647648e-01
-8.188912746882454075e-01
-8.267509566368531626e-01
-9.666628773836424271e-01
-9.967460539600604408e-01
-8.053964130948736422e-01
-8.273226981173090744e-01
-7.955392723886156592e-01
-8.756508722664494426e-01
-1.032329052364531652e+00
-9.111076280117111903e-01
-8.704542933487454670e-01
-8.684507453681840072e-01
-9.228823443932006043e-01
-9.997039960879895437e-01
-7.552458058378700434e-01
-9.981324000313610556e-01
-8.773735775797735226e-01
-9.075884372828226798e-01
-9.540947138012283446e-01
-8.464337162826561789e-01
-8.031955448073273551e-01
-8.320182060205361108e-01
-9.173983255962573358e-01
-8.618916111421874859e-01
-9.066698794217716850e-01
-8.554218451720813077e-01
-8.889769137863396953e-01
-9.188600603256977806e-01
-9.345562304621413130e-01
-9.780111131836805027e-01
-7.946178921312720966e-01
-9.331084054569637187e-01
-8.537466100432792304e-01
-8.240744756312187169e-01
-8.682348208981524040e-01
-9.093222488465029230e-01
-8.199984025555902001e-01
-9.267093377714168412e-01
-8.437568078008483852e-01
-8.805463378892933735e-01
-8.651696741857912709e-01
-8.662632436751738219e-01
-7.047882154851373704e-01
-9.699752580129208379e-01
-7.255494785571062755e-01
-8.710360946887504285e-01
-8.157297511513126320e-01
-8.352009010605581096e-01
-8.324165503370222208e-01
-9.411444342366692695e-01
-6.765791008227888259e-01
-8.582016191772278146e-01
-5.985455366894872897e-01
-6.712651488480146922e-01
-9.009981678176562925e-01
-9.134679661131093198e-01
-8.482616387346401110e-01
-7.457874351046837047e-01
-8.217189861460454381e-01
-8.519044763429305389e-01
-9.083380281895276909e-01
-6.866412879941091729e-01
-8.596786600606571849e-01
-8.648394755766900532e-01
-8.560815575632105823e-01
-8.010224570390116483e-01
-8.201329285212034526e-01
-6.643206977500146770e-01
-1.043952243435848803e+00
-8.731818704211489202e-01
-6.811278269748858305e-01
-7.732900001083511388e-01
-8.610209012840714937e-01
-6.819951306657688894e-01
-6.991365275395627910e-01
-7.883564702127104917e-01
-7.997000867472511265e-01
-8.397146508759859573e-01
-7.438561628846724894e-01
-7.861442586764479934e-01
-8.628918474158271401e-01
-6.400666238872569913e-01
-7.279865237785629883e-01
-7.165444070267232846e-01
-7.884630634808813543e-01
-7.151712293655967390e-01
-6.192644255290569166e-01
-6.793849303741167356e-01
-7.201778878792119976e-01
-6.415810335053653279e-01
-8.238591008582492048e-01
-6.743939393873136234e-01
-7.470321037399212383e-01
-6.685719753624340678e-01
-6.470854135304617838e-01
-8.182515435338492127e-01
-6.462381044078185921e-01
-7.745090841506701018e-01
-6.080571319596997926e-01
-6.429355029634612473e-01
-5.400733347641810678e-01
-8.014201812557645299e-01
-8.261589371223032607e-01
-7.581341578047724461e-01
-7.143366947414325763e-01
-7.109279426652828082e-01
-6.908729968215169270e-01
-5.953341052200691319e-01
-7.686728452921262056e-01
-7.682675914095544734e-01
-7.262186525898987055e-01
-6.210087671972622791e-01
-7.718649132432495730e-01
-7.517307899915842695e-01
-6.820472832483380765e-01
-6.142856656843818097e-01
-7.299488880791216161e-01
-5.821552370673596100e-01
-5.009935246102665829e-01
-6.686902046024469914e-01
-7.023058057525729536e-01
-6.812443941619260590e-01
-6.901170649087337017e-01
-7.192908742195167626e-01
-7.438270424245677637e-01
-7.441253053716186949e-01
-6.644972967371208794e-01
-6.723667988134648388e-01
-6.218307267023484020e-01
-6.998701653317769278e-01
-6.595978645326961987e-01
-7.450571343200278474e-01
-6.859111334286163153e-01
-5.505629185109475188e-01
-7.056060971658468794e-01
-5.797132048064973509e-01
-6.968511997053482565e-01
-5.902511545143441785e-01
-6.457752834385327434e-01
-6.278237290410414451e-01
-8.021851960114346758e-01
-5.849862346074427011e-01
-7.240594336479616588e-01
-5.060904932993091077e-01
-6.200206637837510915e-01
-5.055090497133228888e-01
-5.112206196668351854e-01
-7.717690060819581976e-01
-5.887004427558861774e-01
-6.545542329415732219e-01
-6.220259036528812402e-01
-5.679929444298214003e-01
-5.757142919241658996e-01
-5.327473950862803287e-01
-5.091662082744705664e-01
-7.089451177198889953e-01
-5.402215157436925930e-01
-4.225616114740987084e-01
-5.256720968046434406e-01
-6.119332695015586854e-01
-4.826905638048736291e-01
-5.122082578601939717e-01
-5.677787295752058094e-01
-7.224760376042980159e-01
-6.059978875428424505e-01
-6.575058682511334407e-01
-5.749508106096468119e-01
-5.636294584735721536e-01
-5.722252039167063931e-01
-3.787653508294888671e-01
-4.957835599724803033e-01
-6.546093227897293865e-01
-6.698462026239431211e-01
-6.142738980971257368e-01
-5.754676197977321994e-01
-5.862466946530685563e-01
-8.019328942107755154e-01
-6.433737991041258431e-01
-5.585101108750545329e-01
-6.637527267333075409e-01
-6.586344886731783088e-01
-5.945788436538905763e-01
-5.486825402190441681e-01
-4.432767084600840457e-01
-6.079714981867265777e-01
-4.844067306313638022e-01
-5.962335503536879688e-01
-5.890344191530010320e-01
-5.939714291772617560e-01
-5.455173473672985107e-01
-4.866937469323332488e-01
-5.129563721450950409e-01
-5.434656562332927932e-01
-5.934711268919472538e-01
-6.458077969551808684e-01
-5.689135546359115336e-01
-5.536130475215228497e-01
-5.128514351756605638e-01
-3.823168880905274958e-01
-5.598708453064876744e-01
-5.293642504680348138e-01
-6.240332429026776984e-01
-5.510953848829909241e-01
-5.554221387625896122e-01
-4.239434846767148324e-01
-5.724463777544671617e-01
-4.208022611794223766e-01
-4.940136197459025769e-01
-4.126733407658469965e-01
-5.242245672661949296e-01
-3.408116098076192091e-01
-5.369861175780916707e-01
-5.596926446367116448e-01
-4.830620543686074964e-01
-2.919496882450212660e-01
-4.892524037403132020e-01
-4.302985368728819981e-01
-5.553553585269542792e-01
-4.753452648824870175e-01
-5.029332437170324077e-01
-5.063997115695784146e-01
-5.018445442166334924e-01
-4.320273539433329146e-01
-2.966402931294970235e-01
-5.410291700309262097e-01
-5.337255356060108813e-01
-4.161149679755462016e-01
-3.639378383343270240e-01
-6.629269093233207677e-01
-3.454688937917926861e-01
-4.505556158445825909e-01
-4.316099473676210940e-01
-4.831629105956748438e-01
-3.947029202753388200e-01
-3.859521021899286475e-01
-3.815558567382616451e-01
-4.170698499541915516e-01
-4.638704748243557829e-01
-6.033915859316477670e-01
-3.958508307328199582e-01
-3.944829523746062883e-01
-3.373997324634632200e-01
-3.367874302061473202e-01
-6.063901901047884513e-01
-2.723987805935885742e-01
-3.661164010234149724e-01
-3.986265442718931462e-01
-3.654200745475617573e-01
-4.649561754556037485e-01
-2.254398109949496687e-01
-5.090492425924412201e-01
-3.310290036371373867e-01
-6.505368135885397640e-01
-5.138597729603154862e-01
-5.068664495749254373e-01
-3.675425367848613734e-01
-4.523585149203771527e-01
-4.488104231272199152e-01
-3.927887005141160737e-01
-4.441706698624400818e-01
-4.623177296416065007e-01
-4.312384604601554039e-01
-2.888212552828218760e-01
-4.149645558774690546e-01
-3.893372787645365540e-01
-4.391860407378821440e-01
-6.378551304984345638e-01
-3.792586908078277030e-01
-3.864600378858228380e-01
-4.740243038301984457e-01
-2.488182509154974742e-01
-3.052899769545915909e-01
-4.223461038392657962e-01
-2.741104254432625287e-01
-3.702667128867792035e-01
-3.903633477292381970e-01
-2.966446900577323631e-01
-3.119327454614346795e-01
-3.725578645131982780e-01
-3.715422017248811160e-01
-2.052593399908781702e-01
-3.865215071819900761e-01
-3.329589730611076659e-01
-3.386939773652312691e-01
-4.042757172024173395e-01
-3.578213452451097232e-01
-4.326029185343499006e-01
-5.208280200943256055e-01
-3.792301802490734008e-01
-3.630725055516221267e-01
-3.423746540867586563e-01
-3.406257988940874504e-01
-4.146619084680079892e-01
-3.755682782595623492e-01
-3.138646007284521255e-01
-3.923367861371080401e-01
-2.329399972826166898e-01
-3.550644791045268756e-01
-3.789850796236030051e-01
-3.714582701672666798e-01
-4.016846638527976077e-01
-3.358024320478000813e-01
-2.240635452329637067e-01
-2.550051866544849610e-01
-2.764596825566868477e-01
-4.576505305941002688e-01
-2.651367835618252400e-01
-1.713330152480521396e-01
-3.437690953790034643e-01
-4.469484268829474471e-01
-4.121588294493110372e-01
-3.087997163373298326e-01
-2.655315993423995602e-01
-2.852886644776472802e-01
-2.062987807845411414e-01
-1.647707610285840119e-01
-3.655171325418227757e-01
-2.516859396237748903e-01
-3.106293601491502132e-01
-2.054492930890540470e-01
-2.976511004273124650e-01
-4.189731376118054351e-01
-3.579352259915076218e-01
-1.719117696121518768e-01
-9.523836034655629168e-02
-4.043713088923872601e-01
-4.445879218598378091e-01
-3.484947745948858699e-01
-3.756123286024016794e-01
-2.635505155125691945e-01
-2.685303079163322004e-01
-2.074644621842746672e-01
-2.133011663166305416e-01
-2.634923864384706715e-01
-3.000503705312815850e-01
-4.655441982642354037e-02
-3.321671358624015413e-01
-2.182449461105036015e-01
-3.024052817600977328e-01
-1.760623871939476504e-01
-3.178414994831804119e-01
-3.170968395956414443e-01
-1.313419009315817954e-01
-3.290819786092500365e-01
-3.774365875501892731e-01
-4.570925780740346389e-01
-3.196607245950231491e-01
-2.718344228114544792e-01
-2.069670729414761490e-01
-1.645217702846456242e-01
-2.541324047977179257e-01
-2.486784100184546431e-01
-2.095139329545889495e-01
-2.394324309365702119e-01
-2.156033141139441778e-01
-1.549909353213556329e-01
-1.143959396637733994e-01
-5.161494955413205993e-02
-1.848754963449100175e-01
-1.728602766713387973e-01
-5.066722073301454382e-02
-1.723525977540358578e-01
-9.190598518088671787e-02
-2.319118136165244648e-01
-1.784825125631160914e-01
-1.932604130535129361e-01
-3.267028854002698157e-01
-3.149857684511354616e-01
-1.018043349977020874e-02
-1.611899376742996770e-01
-2.412433871693035470e-01
-1.637490095705978477e-01
-1.202741110374906663e-01
-6.095769491963669295e-02
-3.027716100666091870e-01
-1.294338196294993470e-01
-1.335186703152857479e-01
-1.791210323302153129e-01
-2.727654193773626501e-01
-8.328687023207846651e-02
-3.508202709703701627e-01
-2.297188301687972112e-01
-2.255141495931660411e-01
-2.930697839073324179e-02
-1.663074717391487267e-01
-2.070761625893341451e-01
-1.181675787569932412e-01
-2.341801956532352791e-01
-9.105790768286489700e-02
-1.241996319959118161e-01
-1.127062688724053408e-01
-1.287815318970108036e-01
-1.669285614873200208e-01
1.542523040774885926e-03
-4.289579953725561334e-02
-2.198664167997917696e-01
-1.095233057538058316e-02
-1.589863942833336374e-01
-1.491312231271699484e-01
-1.748614007992145003e-01
-1.384530894993881156e-01
-1.132698018268778334e-01
-1.140616412423047094e-01
-1.112683759860813582e-01
-4.530104022580831030e-02
-6.937757684574601125e-02
-1.865168902586111233e-01
-3.167266915405170247e-01
1.545907971810948044e-02
-1.727090758893266575e-01
-1.155875634478399083e-01
-1.373010223751792991e-01
-7.174077135381851100e-02
5.448990176441537506e-03
-2.466669482728266749e-01
-8.315773148340231680e-02
-9.151172472465278485e-02
-1.898260788700707746e-02
-2.588600530405201217e-01
-1.307739496968557680e-01
-6.201593731908125462e-02
-1.101860892061841818e-01
-9.638838867802970722e-02
-1.278106062766339208e-02
-3.862967133563362937e-02
-9.826368551625644376e-02
-1.812779655112236599e-01
-7.680235317007338969e-02
-1.218637253844556817e-01
-6.478389539565131139e-02
-1.291637673038965040e-01
3.114263896431175571e-02
-7.310025952741684707e-02
-8.041116514200657983e-02
-5.766132001830959891e-02
-4.189477749257515538e-02
-8.281229457712893649e-02
-5.231295732518880665e-02
-2.079142462161268912e-01
5.058190568758806627e-02
6.661916168442368058e-02
1.003948189036035603e-02
5.363422827849731456e-02
5.394526712845695154e-02
-1.996028379666558994e-02
-7.679059096047052835e-02
-1.747196665662247850e-01
5.846008592279416244e-02
-1.720967731976894011e-02
2.875182201806348974e-03
-5.061462770513349557e-02
4.834445926241310448e-02
-4.974387381798475033e-02
-9.601817100646156677e-03
-2.375470755691269295e-02
-1.038280690292547048e-01
-2.527672990481220818e-03
-1.682024480944820655e-01
-1.042379002140757238e-01
7.996944604918902744e-02
-2.272483699280162736e-02
1.866040865686683925e-01
-2.733749204451632608e-02
4.368525714699926510e-02
6.596644342847340914e-02
3.209972149608221470e-02
1.485228818919248073e-01
9.856966056880357707e-02
-6.751689961852715485e-03
5.026786076303062234e-02
1.268746736070380521e-01
-5.231133471382972550e-02
3.057464420979590786e-02
-7.260172664916383911e-02
6.805948289040730792e-02
6.985040864102105840e-02
2.813200955143058124e-02
-4.505631954185806282e-03
8.290734247982942118e-02
-1.087004541749977404e-01
-1.083242008189155489e-02
-6.433337807593144178e-03
7.442172202625865762e-02
1.054399655933999369e-01
1.748698036426249436e-01
1.194383980204645826e-02
-7.492601111904563516e-02
7.684172649360204721e-02
-1.989318772314514761e-02
2.088167807588498515e-01
5.878230415772706108e-02
2.112075695630495076e-01
5.889688238617760835e-02
-5.157494310743154786e-02
-1.172496073775788385e-02
9.498319572746490025e-02
1.230688900042508221e-01
1.049641288611810885e-01
2.224019362857224472e-02
1.346381787177007017e-01
1.064179384954813262e-01
1.452927192339977247e-01
4.694112689515960585e-02
1.524806124748234182e-01
8.713722327425071912e-02
1.034540328014506849e-01
-3.969440266471752077e-02
1.694960317101300573e-01
-1.028187618958733701e-01
7.138575557140224015e-02
2.251378216545866229e-01
1.137180681634457902e-01
1.230652383666086952e-01
1.658547475905795265e-01
7.134456659913435139e-02
1.872905566810054850e-02
2.244284646340728717e-01
1.156523950342131304e-02
6.041068715155639701e-02
2.845728318581051131e-01
1.199474495679770658e-01
7.743523314536940316e-02
1.148804157232009571e-01
1.552898748613872337e-01
5.318035656971679265e-02
1.132333737144230051e-01
1.647605802320070700e-01
2.241196089609353570e-01
7.571481705236514370e-02
8.724993106511078067e-02
1.691473332197847845e-01
1.328071864052533524e-01
1.439153396976561028e-01
1.309990916149112450e-01
1.964327373751590111e-01
-1.547141112199453689e-02
3.617799618922341864e-02
4.827784891965893749e-02
6.475457854699676052e-02
2.460447661517286000e-01
2.489426609053075057e-01
4.459923580243591729e-02
2.198242687883021074e-01
1.427871931005248451e-01
2.833184191121809400e-02
-1.040260570021215789e-02
2.170505763647131992e-01
2.412086857901521719e-01
2.718415263430933315e-01
7.241576395232605934e-02
4.148848820425261874e-02
1.839476407629329069e-01
1.373691285395685913e-01
1.842727106317789687e-01
2.599885768388695007e-01
1.454892988105164764e-01
1.546751913835448244e-01
1.505957893006920623e-01
2.440739749173065076e-01
2.336034688376331103e-01
2.022397694439198867e-01
2.074007975823209393e-01
2.416797300303503981e-01
1.267147597782265767e-01
1.682523398208692900e-01
2.104247339877089451e-01
1.681437807259589801e-01
2.719740198503760031e-01
2.164346772476107850e-01
2.331980433146456921e-01
3.113597219316991405e-01
2.965028965017796336e-01
3.555265649782848314e-01
2.193777238499299564e-01
4.501945431074889231e-02
1.501190962550080499e-01
2.198195201645985752e-01
2.700746993345845559e-01
1.043254403544633252e-01
4.370925091243548777e-01
2.374641205292718771e-01
2.054569637592296161e-01
2.048109943250401299e-01
2.002909214291248297e-01
3.056622330884529171e-01
3.170784471628291246e-01
1.831450134158437715e-01
2.895636227946779551e-01
3.147402111437059835e-01
2.967144892843466830e-01
2.224368503660465457e-01
1.383074230276458982e-01
1.474055854597172976e-01
3.854209211531739454e-01
3.105455889526224644e-01
2.844286849890519941e-01
3.939908101209558811e-01
3.679256450962170022e-01
2.352052038954822732e-01
3.004213906106332765e-01
3.506666473706137599e-01
2.339240890660077010e-01
2.650326547622079421e-01
2.065887227745990262e-01
3.188959110945024933e-01
3.532334467195127892e-01
2.416404587247723557e-01
3.135319422565565062e-01
2.569191804188822870e-01
3.125923585392421655e-01
2.594131726688350681e-01
2.289797207459866868e-01
2.349995554330199243e-01
1.796028574816558310e-01
2.319955709142774714e-01
2.470800663070547576e-01
3.341893190966360727e-01
3.504160389720048507e-01
1.863607372507160298e-01
3.904552475340358764e-01
3.962046909972604114e-01
1.745619531982864903e-01
3.770080923237467685e-01
4.973894007989513866e-01
3.334880923999267166e-01
4.422177795441107340e-01
3.935062346054741811e-01
3.661530454657180300e-01
1.809997867378175807e-01
3.523244031206727023e-01
3.075770371467209108e-01
3.893410346606980821e-01
3.292383435107404943e-01
2.110056523357331792e-01
2.412284645237544878e-01
4.509425821064770301e-01
3.197989555611335799e-01
3.778404131077139350e-01
3.405918057958515766e-01
3.121197937341043116e-01
2.880457166992588802e-01
4.450721410993120908e-01
4.602089149495590115e-01
3.612087853904476509e-01
4.082564557330253252e-01
1.572159065838909520e-01
3.663139306861263877e-01
4.678104303108221451e-01
3.202320757375368143e-01
3.756766531871675308e-01
3.679825094532183094e-01
4.723214077966216284e-01
4.095818449734117128e-01
3.996803513837275390e-01
3.679104704939687442e-01
4.241121583211395762e-01
2.806947775009600576e-01
2.535600132681745111e-01
2.956393297231075246e-01
4.969949465159094193e-01
4.807131670723753247e-01
2.905125780068901764e-01
4.101976672971209825e-01
4.821318251585534065e-01
4.459891787529872698e-01
5.169637297549196653e-01
4.411991729011904284e-01
4.408136432613156130e-01
4.620645559393269375e-01
3.942659799696061618e-01
3.351674813321787738e-01
5.939864006916949490e-01
3.724763289610239503e-01
3.800013463844630346e-01
3.138578843687669928e-01
4.815375776134878105e-01
3.169487556967758302e-01
5.195830550466653541e-01
4.950081916230110735e-01
5.008943751707546355e-01
5.166906908840712687e-01
5.629842843871967206e-01
3.896087998880137793e-01
3.738207081921393615e-01
4.908332139145044071e-01
5.500765340991548014e-01
3.706630146257167135e-01
3.300394085829309598e-01
4.297573576860237998e-01
4.298771764722837951e-01
4.940009255644562947e-01
3.627125097249077057e-01
4.010718986324818824e-01
5.833660406029810286e-01
3.576547782281943588e-01
4.605339966701371135e-01
4.200988241174009596e-01
5.543813057671433953e-01
4.634253794124409964e-01
3.689012705947752879e-01
4.311882100651799887e-01
4.853455874002118864e-01
5.095124342921163452e-01
4.731917202209971474e-01
4.831879403245138982e-01
4.976330283855764924e-01
4.902532692103691581e-01
2.768063118228808461e-01
3.417011160404035408e-01
5.495761980489340948e-01
5.400855135963056330e-01
5.372409234155011148e-01
4.151515656772563068e-01
5.272187340419802748e-01
4.955736857522587968e-01
4.393529681311290069e-01
5.744446100672626621e-01
6.017132337261277275e-01
5.394365797793215789e-01
4.742118529139095484e-01
5.463721220857795657e-01
6.116374921980469725e-01
4.688240450814589733e-01
4.533447566617415658e-01
6.734082730484219903e-01
4.326023127899304987e-01
5.085697947390539486e-01
7.253554436536482353e-01
4.755882843091264744e-01
6.322829416675318503e-01
4.810622748721531949e-01
5.141969152094071349e-01
5.147642250794036700e-01
6.385049411366962024e-01
4.451764545518724914e-01
5.295360913925076796e-01
6.759666685038133727e-01
5.391066772352283154e-01
5.914705633996644174e-01
4.502034088590709526e-01
4.454900654648396019e-01
6.280469640806510823e-01
6.107586341624897663e-01
5.859191853824601282e-01
5.847519365002422642e-01
6.508199849784507274e-01
5.755158227508624380e-01
4.498008341862417270e-01
4.612031699696864662e-01
4.572158497823080037e-01
6.230508497043368843e-01
5.947616329225199339e-01
6.620678741381436083e-01
5.197878583899817606e-01
4.825394622316825921e-01
4.689085526298238382e-01
5.222705204415691860e-01
4.210860797741213801e-01
5.584030842247621473e-01
6.098237156520129876e-01
6.379036868384605485e-01
6.627452489784831924e-01
6.074920648062754891e-01
6.744232132259310175e-01
7.368507995743229788e-01
5.488309745890057600e-01
4.271990644927499137e-01
6.057223514151575117e-01
6.024476298989686063e-01
4.799496757391999435e-01
6.102741595887347659e-01
7.758555609482105098e-01
4.880516768310573794e-01
6.208573533597663285e-01
5.825749368441927034e-01
6.839602326224430984e-01
5.254121615267093315e-01
5.723558079087637251e-01
8.213347946739614214e-01
5.481424692172037760e-01
5.773107150899450257e-01
6.916045685667862042e-01
6.119211384839484680e-01
7.189469518316777830e-01
8.304569014160698703e-01
6.286642822815058373e-01
6.160364790149803760e-01
6.899074198991625995e-01
5.240627498276309026e-01
8.347491258245487433e-01
6.758668439635230341e-01
6.109702679022970262e-01
6.000927548216554719e-01
6.442060704799570381e-01
5.463244478924657033e-01
7.910173926829652258e-01
5.991932496861288593e-01
6.705678711037991180e-01
5.408491399972945590e-01
6.183169822367330370e-01
7.275751084332664487e-01
5.933970520304656660e-01
6.657503437416381065e-01
7.014558309352282306e-01
7.000519295009689502e-01
7.590404869593904147e-01
4.865667620914485014e-01
6.592636608848065904e-01
4.839110242810347740e-01
6.228669547734836387e-01
6.828863134558254000e-01
6.432039466767367486e-01
7.096092801299306307e-01
7.498995938533943306e-01
7.828161205107111442e-01
8.203940818188804052e-01
8.412785254387535883e-01
6.381709845996286212e-01
6.881270112445108111e-01
7.523814271393564068e-01
6.135254930687893404e-01
6.110372069986180765e-01
8.109946958577605169e-01
7.472691759171639081e-01
8.071764893812058972e-01
6.340537427156068828e-01
8.761943158442127011e-01
7.096485539553833988e-01
8.456939190429513253e-01
6.150614773564504478e-01
7.700204036831372889e-01
6.960625571404198686e-01
9.289672018851868884e-01
7.430812112845364137e-01
8.656836449776659226e-01
6.744388715159584935e-01
8.822976877820422059e-01
7.690694131385612531e-01
7.218291367290059490e-01
7.333822130363810698e-01
6.838307099271380141e-01
6.128519590721624999e-01
6.545179118147539388e-01
7.329622092481988815e-01
9.335158409013721847e-01
6.925081737949732030e-01
7.935407037766879501e-01
8.524655897664984439e-01
7.233355360366922060e-01
8.673026719779144411e-01
7.784565302812309628e-01
8.638034476538666295e-01
6.769361527855953797e-01
7.193805222539577660e-01
7.528055463226164257e-01
7.706084134732320567e-01
8.400178266549713779e-01
7.237701635564102176e-01
7.892726377642347302e-01
8.568167073562917846e-01
7.137927368911890502e-01
8.705984797350795334e-01
7.852897477634569467e-01
7.983753256671276555e-01
7.434105081087373224e-01
7.381884372146357842e-01
7.198078822362319329e-01
8.517064226421408035e-01
7.247163815199094694e-01
8.029171264762862137e-01
9.228766742368891274e-01
7.984189677691434506e-01
8.116502821442090898e-01
7.395466302140748516e-01
9.108353311527780383e-01
7.154715428797393528e-01
7.917708856525758065e-01
6.835201044359420219e-01
7.882368996182442800e-01
6.678253026152212168e-01
8.206979785117247683e-01
7.418783423979985470e-01
7.389437022883050821e-01
8.223061290332956963e-01
7.783889544103032021e-01
8.146307652702887703e-01
8.801051831171571305e-01
7.597800173722266681e-01
8.531478611060641093e-01
8.276685325623509559e-01
7.273456985477320114e-01
8.680783914044776228e-01
7.718812420488376791e-01
8.829214365793279784e-01
8.608787998514110251e-01
8.305453223308187916e-01
9.227482321169159230e-01
8.267650519481366533e-01
9.610774283014258401e-01
9.911122742443414513e-01
8.914136294823705731e-01
8.006152430524923203e-01
9.163319696255884939e-01
9.126481071900111042e-01
9.454304924566901969e-01
8.887459354373954401e-01
8.765905572802563661e-01
8.490878009556738215e-01
1.000570792523937325e+00
9.207622138974782544e-01
8.329904459528637561e-01
7.974100313393234218e-01
1.044418046092755903e+00
9.539723557310859636e-01
1.087800898954870643e+00
9.467236493562335431e-01
9.716737068560284962e-01
8.515765248847333435e-01
1.012054451764309748e+00
9.919187237787270295e-01
8.758896378691584106e-01
1.000192812271417431e+00
9.300018141000678806e-01
1.023103136654782697e+00
9.135061425561200599e-01
1.000057889785662235e+00
8.507936145619735546e-01
8.610591445015692846e-01
9.307472294425914727e-01
9.353304560682930147e-01
8.814407612964807459e-01
9.820288910213902378e-01
9.421854800304365618e-01
1.013810834887917789e+00
1.104136832457699002e+00
9.259434262596776266e-01
7.585913399272200541e-01
8.168967470706005596e-01
1.025734823883558633e+00
9.168952173420522600e-01
1.105556232257525417e+00
1.038110248998857399e+00
8.490605932241097609e-01
9.586255109418692077e-01
9.063063669539337397e-01
9.845814583057717062e-01
1.057596893921390224e+00
9.878249643532484026e-01
9.216977483776579438e-01
9.941210482318817432e-01
8.270538151239990032e-01
9.315224054740304238e-01
9.565025688436840090e-01
1.058988664447609640e+00
9.338729548658917246e-01
9.512669217399097876e-01
9.589216455940340333e-01
1.111447892005297033e+00
1.027316716351171610e+00
1.075414613286047816e+00
9.732645531460832888e-01
1.075489302092174970e+00
