-9.992185555435563193e-01
-1.009838094736717595e+00
-1.023935004897154055e+00
-1.150348303524244775e+00
-9.939890046561031811e-01
-8.922415475046012734e-01
-9.240583847296769404e-01
-1.069760838352089127e+00
-1.003853244589952398e+00
-8.007155351801593657e-01
-9.901310505663992734e-01
-9.386253332071229361e-01
-1.043356899923288506e+00
-9.123319300305565704e-01
-1.032158969142912497e+00
-9.029881337316720824e-01
-1.024054688294323334e+00
-9.992837039647194386e-01
-9.289843222167161185e-01
-9.583770617199448560e-01
-8.942436536281849202e-01
-1.023860444523071900e+00
-1.108146986894565700e+00
-9.635025735316198325e-01
-9.040107154899524877e-01
-1.002003972531796627e+00
-1.020880898944279247e+00
-9.864285931640390803e-01
-1.119807543392980165e+00
-1.038027027542571146e+00
-8.520556635662162037e-01
-8.953939991437823709e-01
-9.132301409469797404e-01
-9.927423295451015539e-01
-9.065796808419767094e-01
-8.739046527100413631e-01
-8.845437355513373623e-01
-8.323058482796725777e-01
-7.788522304798862761e-01
-8.986920687516485318e-01
-9.366202044688648476e-01
-9.676916338069149193e-01
-8.123984667724040154e-01
-9.966455876222397592e-01
-9.386540206529114805e-01
-7.551275783448406775e-01
-1.199811067704896761e+00
-1.071428084428215133e+00
-9.384763124788495503e-01
-8.543367102053128770e-01
-7.466272786440402154e-01
-8.863664801800532622e-01
-9.718667360652981646e-01
-8.217787209647182678e-01
-8.990099382968871344e-01
-1.010072963278821678e+00
-8.544827908636323244e-01
-9.043965884216640383e-01
-8.488181435291672905e-01
-8.255463797499588141e-01
-1.052773494059416226e+00
-8.098010171453680073e-01
-9.949642263974938228e-01
-8.824517254474356642e-01
-8.387043507314408952e-01
-9.197339704565153928e-01
-7.995375604113649226e-01
-9.363264100671325751e-01
-9.135945156235050213e-01
-8.608038030550493325e-01
-9.240519263077128231e-01
-9.421437595063508752e-01
-8.401947687233535245e-01
-7.754839488649344359e-01
-7.504365079545267658e-01
-7.215316381012223390e-01
-9.052796283855971682e-01
-9.159416214014727275e-01
-8.218359707599884878e-01
-7.694070676260373887e-01
-7.159624573176409656e-01
-8.309441412320998088e-01
-8.604096544794905821e-01
-8.040426853987777678e-01
-8.685472520257377926e-01
-6.893844282291264891e-01
-7.289982543835339390e-01
-9.591409988451726765e-01
-8.429906260197419510e-01
-9.209446165019736785e-01
-8.768518564964919992e-01
-7.609938652904288947e-01
-7.112752122241857711e-01
-7.477637940713346421e-01
-6.783548342420470112e-01
-8.518951852495333377e-01
-8.696039062657014984e-01
-8.398360373643013466e-01
-8.875084091706565426e-01
-7.794079421951373154e-01
-9.050397451562950391e-01
-7.434783063453314078e-01
-7.749960841576408743e-01
-8.491643372118899968e-01
-8.879701223085104678e-01
-8.226267855182427535e-01
-7.857501224236576043e-01
-8.199895594067343474e-01
-8.803514232778166804e-01
-7.984132711895678414e-01
-8.863377450058097518e-01
-8.309373171347872455e-01
-7.660079771807155602e-01
-9.338629376427637352e-01
-8.642108057717345915e-01
-8.211263554475297655e-01
-6.929465890905641690e-01
-7.292403491428558482e-01
-7.971897841420397812e-01
-7.907991241774806612e-01
-7.825659382586621637e-01
-7.334134301486471275e-01
-7.491648998817869165e-01
-7.221371919367448600e-01
-7.777670567957655212e-01
-8.612154029590310955e-01
-7.489098413732049320e-01
-7.587362174169625106e-01
-7.030749894679658718e-01
-7.332108461172801572e-01
-8.168940451938644376e-01
-9.935823343721936762e-01
-7.297930441755020592e-01
-8.638089010767072695e-01
-8.038283610900529563e-01
-7.564644140224959790e-01
-7.508709415278033150e-01
-5.979211773245800554e-01
-8.120055074709344733e-01
-5.653966014446953903e-01
-7.801787039976431082e-01
-5.955358843789104739e-01
-7.456543919014673172e-01
-7.577317071233353740e-01
-7.828415001083234293e-01
-6.984520612874126622e-01
-5.610642644761351105e-01
-6.226186355359044633e-01
-7.454490395740246411e-01
-7.978585646456223257e-01
-6.102361535676674720e-01
-7.741757594121967401e-01
-7.683999123923801466e-01
-7.008327937722763634e-01
-6.249738736988623700e-01
-6.868758058463179106e-01
-7.113054156691567265e-01
-8.841145902215881147e-01
-5.370257740409128955e-01
-7.474175841549984822e-01
-7.518209195687236557e-01
-5.435778438762310927e-01
-6.234410135337408176e-01
-7.545129979646910678e-01
-7.019075066175617383e-01
-7.253928804484812698e-01
-6.507725602956148103e-01
-7.363518222637922550e-01
-7.081775131747414243e-01
-6.767397701164884483e-01
-6.139518583709420163e-01
-5.900641009164634410e-01
-6.692371039356068696e-01
-6.024519556476053417e-01
-5.259024058491952314e-01
-5.165506284334409060e-01
-6.291748361127788014e-01
-5.744522013648817316e-01
-6.667983205398737567e-01
-6.168098157008035098e-01
-6.539148208525165096e-01
-6.486615065429341964e-01
-6.186965229281243817e-01
-5.928942287271160572e-01
-7.317473394313721569e-01
-6.441489995987756956e-01
-5.794197407655305998e-01
-6.198526182437688048e-01
-5.990425063201326727e-01
-7.477234597442488084e-01
-6.651792788112731447e-01
-4.651576238801332086e-01
-5.729222339365052097e-01
-5.949535452925193146e-01
-6.347970783633045677e-01
-7.873162992691907780e-01
-7.255747960798444307e-01
-5.588509881075441887e-01
-5.770806507456299750e-01
-5.098941165833272837e-01
-6.033545198197940440e-01
-5.885446976991297596e-01
-6.058535309167341065e-01
-4.358076694585226729e-01
-5.820755011219198582e-01
-7.411147238737032517e-01
-6.818694209655954408e-01
-5.128216397545056759e-01
-6.640858594964152983e-01
-5.796840360223803890e-01
-6.256959558511313579e-01
-7.024453290800338756e-01
-4.971581359737990979e-01
-5.873265511562314467e-01
-6.065163670203336244e-01
-7.003709212766952019e-01
-5.855155458005983915e-01
-5.133819146898010999e-01
-5.972655764865522077e-01
-5.391305430284333289e-01
-6.362150500167353950e-01
-6.229097110491120803e-01
-6.734370529523795446e-01
-4.922220689626570223e-01
-5.694598588569123043e-01
-7.449523225258463111e-01
-6.872959441116834878e-01
-6.331212550843499098e-01
-5.745652541496576449e-01
-6.267668128157541929e-01
-5.401425820609002670e-01
-6.035214768867929180e-01
-5.088096629644025537e-01
-3.591607244960356993e-01
-6.840272225298178466e-01
-4.825206864965285170e-01
-3.754984833631819785e-01
-5.027776518447655274e-01
-4.876238537856362742e-01
-5.892601234556301693e-01
-4.536782704387224419e-01
-6.513331771175013829e-01
-4.124780002700859649e-01
-4.731241880610232986e-01
-5.983104333530567809e-01
-4.755583890950861314e-01
-4.399104928317270624e-01
-4.247190400895222706e-01
-4.822230052343630113e-01
-5.285750667995239294e-01
-4.843905760466054033e-01
-4.203965938988441509e-01
-4.497621249899689810e-01
-5.124795470794170082e-01
-4.244507266824577019e-01
-5.889259811885247942e-01
-5.503052667146530741e-01
-5.582956469182583925e-01
-6.893900484361530356e-01
-4.220276230230916581e-01
-4.178768511774115235e-01
-4.110432577049599745e-01
-5.509652690388111562e-01
-5.074302827655765569e-01
-5.466765916781637369e-01
-4.765212826147306457e-01
-4.354566490450775818e-01
-4.671966345563683953e-01
-4.685009248230706524e-01
-4.731988026307631934e-01
-5.876981248752530806e-01
-4.332959516144922474e-01
-3.987190936776955352e-01
-5.053135519899211170e-01
-4.472115038649448482e-01
-3.820601639236992364e-01
-4.177736237022263155e-01
-5.017251016778080386e-01
-3.165644107951783859e-01
-4.109856427229579001e-01
-5.456306401684036800e-01
-3.185818918073241024e-01
-5.088807822582459561e-01
-4.749804617505336002e-01
-4.941322502625002944e-01
-4.477204344504894240e-01
-4.111353661270231719e-01
-2.653778260907618813e-01
-3.983711087889977853e-01
-4.921193953129548992e-01
-4.399230898390211753e-01
-4.652409348727986060e-01
-3.979098819274075050e-01
-3.637267427420808330e-01
-4.116720648560963647e-01
-4.809697745954986670e-01
-4.471564963385241676e-01
-3.956723763431826413e-01
-4.480862690875010435e-01
-3.907208222442064560e-01
-3.401427803685058149e-01
-2.623771384694884579e-01
-5.022500236842620813e-01
-4.712370785144303076e-01
-4.457714773845748990e-01
-4.399020400082389592e-01
-5.455047230785482482e-01
-5.717215049527507587e-01
-4.364692578693151193e-01
-2.345566425545257960e-01
-4.164843665518823124e-01
-5.589035246725384543e-01
-4.338716293316026151e-01
-2.985371815813502860e-01
-3.277305862448292584e-01
-3.665468446917219958e-01
-3.384966345584701775e-01
-3.000002754346890455e-01
-4.454689946815851287e-01
-4.155351625934595727e-01
-2.983995998856021070e-01
-3.259716370899377047e-01
-3.687776272202221706e-01
-4.306983352694904177e-01
-3.196331705562749925e-01
-3.445261490736662435e-01
-4.576653437144841963e-01
-3.665751552404737379e-01
-2.537912010968031984e-01
-4.072538546589778985e-01
-3.934893496331217655e-01
-2.871280213677923632e-01
-5.121382816684770800e-01
-3.739722324121728669e-01
-3.053631262575821625e-01
-2.775276733769203030e-01
-2.746163116885392275e-01
-2.540701753298084120e-01
-3.024614828289056701e-01
-2.606793385417559006e-01
-2.409224829269920320e-01
-4.344775030268695493e-01
-2.584833377541539412e-01
-1.388225611115886660e-01
-4.434786371296273177e-01
-2.469881994094471067e-01
-2.026262115161626687e-01
-3.233097778405554790e-01
-1.974527891236101396e-01
-3.671114528989612436e-01
-2.629449749002483183e-01
-2.996015971467048122e-01
-2.372020950368648740e-01
-2.810939628413563485e-01
-3.694691835568217897e-01
-1.930390792701645597e-01
-1.813010156637951398e-01
-2.483514982080931299e-01
-2.961400559190830450e-01
-1.162996194580958598e-01
-2.329723479955750631e-01
-1.766560518106577993e-01
-3.344297454698962890e-01
-2.677286536681284801e-01
-1.858490958830703865e-01
-3.906369457038249005e-01
-2.804996019673333674e-01
-3.711711384322608498e-01
-3.900426958023732182e-01
-3.623618731078541155e-01
-2.341969327523295286e-01
-2.014465460687041021e-01
-3.369462137609892660e-01
-1.863346324726395942e-01
-1.992105972171913097e-01
-1.469200827654981167e-01
-3.014726847633300011e-01
-2.601291975050746275e-01
-3.023645268042058909e-01
-3.684448132815172916e-01
-4.505957648910541846e-01
-1.825757741113020749e-01
-2.266783177198858357e-01
-2.575042636923832728e-01
-6.816826557653588026e-02
-2.308956861346784240e-01
-2.668757362195656180e-01
-1.876174899322049783e-01
-1.951221557192173994e-01
-3.090795024505091915e-01
-2.434398639528162211e-01
-1.510112699959413329e-01
-2.164563177652447934e-01
-2.056154626439316568e-01
-1.389710205859486652e-02
-4.581579496669939411e-02
-1.837042200995926411e-01
-1.153525522230568479e-01
-2.018384130359680007e-01
-3.219383727421012420e-01
-4.274282756339034539e-02
-1.190070159274688455e-01
-4.241257702186253253e-02
-3.108791993615549476e-01
-1.224402420508029360e-01
-1.871214361242578006e-01
-5.484729971073483423e-02
-9.765698885664551854e-02
-1.689533829940889353e-01
-1.541267575005591528e-01
-3.041351703912140159e-01
-2.327887300139362126e-01
-1.834206195962541086e-01
-2.987894600412773771e-01
-2.342728903282018105e-01
-2.079910490360850073e-01
-1.298177621167170837e-01
-1.231875125927117121e-01
-1.625729624872268020e-01
-3.631499429663260781e-01
-2.323360633528927799e-01
-2.693406604838168295e-01
-8.362083418476792818e-02
-1.773944040592970450e-01
-1.474645799842353722e-01
-7.941626243875668512e-02
-1.111461059082311797e-01
-1.974551426683419098e-01
2.582578182954445301e-02
5.711033428363328918e-02
-9.242071905364031281e-02
-1.020837300290004523e-01
-2.918997079754791502e-01
-3.395978902089627494e-02
4.516142960045659710e-02
-1.915617694875624555e-01
-1.465911208751383664e-02
-1.293288422593023568e-01
-1.181379149496532416e-01
4.805652932636225727e-02
-1.268366021707208469e-01
-7.792583913099727921e-02
-1.342868899912723069e-01
-2.383037979413225038e-01
-1.462318004757508505e-01
-8.705167114755643643e-02
-1.011616915884358814e-01
-1.694100796504986739e-02
-1.172537793769083403e-01
-1.638576118714345220e-01
8.576670776352626063e-03
-4.441123635781558943e-02
-9.017742994530413003e-02
-1.033440239705586128e-01
5.284803879947506944e-02
-4.267115007262877596e-02
-2.501229908382409176e-02
-1.333192915929954647e-01
1.964872903786245295e-02
-3.904361713385542942e-02
-6.265567415917637495e-02
-1.950739475122704736e-01
-6.627153937750404622e-02
-8.440035075818963506e-02
-1.637953491456445032e-01
4.917737845636795113e-02
-2.338028767441220623e-01
-1.533173822591595362e-02
-2.920781623718172182e-01
-2.996275514317634295e-02
-1.676345476787413913e-01
6.963482073021538821e-02
-1.486909708706651567e-01
-7.942771984673846486e-02
-1.760177935429235035e-02
-1.139789727405478847e-01
4.816670831427582317e-02
-1.108507256250241754e-02
6.741627927093549189e-02
4.503157409588055132e-02
-1.956998466737949471e-01
4.860835381217970541e-02
-2.165988005836335939e-01
-9.727534093497720857e-02
-2.823159827717617795e-02
-1.095136160439414211e-02
8.087898132898395029e-03
8.768138411308464691e-03
-2.387315457260820797e-02
-3.861023890429999411e-02
1.802748298089185131e-02
-1.529700664123797849e-01
-3.242480956148893062e-02
-9.902288125769609373e-02
8.777212374014518870e-02
-1.550788084498702646e-01
1.286819421409539921e-01
-2.035576607299552365e-02
-9.089567476906260102e-02
-4.995132712078362291e-02
-8.630491150379238086e-02
1.172459411031673837e-01
-1.643568253134508883e-01
4.169542010192573561e-02
9.212223544211453619e-02
3.302629392106681827e-02
-4.218541060687960170e-02
-7.365404696082031299e-02
5.507735883967312257e-02
-9.810464394768614316e-02
3.262732785684229614e-02
1.476674982215468446e-01
1.636153453794418622e-01
-2.838526268921644224e-02
1.058603456631301148e-01
6.405806373978077672e-02
1.897699541400833800e-01
8.073702268611082644e-02
-5.676972128809861656e-02
-6.722479772876897852e-02
1.086858034531223566e-01
-3.364035760440371031e-02
8.407955299915410158e-03
4.846592539835223312e-02
1.923437080542511057e-01
1.547790452144055286e-02
1.002095793805378166e-01
-5.304096530318067743e-02
8.257169753652235378e-02
6.364292885605922490e-02
7.723556888466606707e-02
1.074293458524831213e-01
-1.984744466711674260e-02
8.030007475316468246e-02
9.903346918529676302e-02
1.905579783748852229e-01
1.697722301797107147e-01
1.758215712939513453e-01
7.150155731971462314e-02
1.002681343448168921e-01
1.146412610461473303e-01
1.807336447613512587e-02
5.099496311903201420e-03
1.079670878389929339e-01
1.555135680901167661e-01
1.862290457948321265e-01
1.971539214702991427e-01
5.693141312867790876e-02
4.332137043100602047e-02
1.267714632726005264e-01
7.577436548410707018e-02
4.900479687534887302e-02
2.550284467866688054e-01
-1.443372672415247325e-02
1.716879857013020594e-01
1.819348656457129287e-01
4.749333975836397825e-02
1.168814767136443500e-01
1.358397697131265569e-01
2.151009367739151797e-03
6.876865413672660077e-02
1.437894164565749200e-02
2.492048990922781926e-01
1.951489801138769631e-01
9.227472727691561627e-02
1.929420342635658203e-01
2.312590910153970170e-01
1.066625157793811701e-01
4.919681008087400248e-02
2.324156595412659454e-01
4.652746568897741380e-02
1.380137925791770359e-01
2.191246423546112931e-01
2.049542227177709730e-01
1.037330759092559319e-02
2.055085821739374430e-01
2.837131252645678225e-01
1.063166804220648382e-01
1.932698282741992790e-01
1.239032935458241058e-01
2.199728290817002385e-01
1.813123354080783955e-01
1.414486095030710044e-01
1.633304333618012250e-01
2.380054861863757087e-01
-9.205361943987588891e-02
4.790607908320754921e-02
1.641098638028175571e-01
8.507787648382467149e-02
1.602932253463034973e-01
1.926489197538845954e-01
2.877047260551942043e-01
1.211172359827383388e-01
2.798130784479824218e-01
1.180272471872743367e-01
8.484383731339398271e-02
2.086718177786558714e-01
3.877409023767667828e-01
1.758965428680702436e-01
2.253314712524241148e-01
1.500226211443491942e-01
1.804619881209816590e-01
1.496858029046466976e-01
2.655092655658349288e-01
2.093754325681946304e-01
2.191864346982418388e-01
2.047895103878520362e-01
2.585880758786126554e-01
1.870866146836484278e-01
2.604247369617625485e-01
1.616370284880282171e-01
2.858694125870037128e-01
3.663267144247887019e-01
2.979541466747193112e-01
1.435475919077387474e-01
1.365427176043733093e-01
2.671457959044759023e-01
2.147169999140682850e-01
2.568961720733783927e-01
4.035192056534392946e-01
1.383145557187322183e-01
4.868295343319919977e-02
2.878238458867112826e-01
2.806280620024209083e-01
2.602152100596945017e-01
2.276409779279457701e-01
2.566769918391272887e-01
4.249021357733132609e-01
2.919071472411606805e-01
2.390589842806264964e-01
4.832113868911473431e-01
2.178568509139157949e-01
2.924929346042424716e-01
3.333097477068394099e-01
2.768035290243996971e-01
3.908460525814793085e-01
1.874236556198250470e-01
2.123681340207039525e-01
2.168468699445621484e-01
3.196918509200913361e-01
2.982369519995597962e-01
1.820468753713219978e-01
2.987196407387913699e-01
1.559268992584919578e-01
3.291906531955649529e-01
2.774886642742841469e-01
2.324780975248534332e-01
4.454875746346023124e-01
3.478520574905545892e-01
2.409128635291074572e-01
3.783885122845852267e-02
3.465222263244350231e-01
2.745752890494626008e-01
4.115286007228096121e-01
4.123023925100562370e-01
2.554447761983802967e-01
3.312372297016121236e-01
2.188952551186849893e-01
3.210441299156115424e-01
4.031609202422902216e-01
3.200797126319051000e-01
2.752575406318148454e-01
4.077934732616471103e-01
5.115183825997752232e-01
2.528892178687482395e-01
2.237513469750239958e-01
3.858331215780474999e-01
4.161704838074107848e-01
3.102676805173513186e-01
2.828936553027792122e-01
3.925156972937114408e-01
2.883595282286813277e-01
5.038279117372206350e-01
3.697594569546149290e-01
3.796779096768307937e-01
3.663903426981303668e-01
2.909369915417536756e-01
3.826128187484515442e-01
3.999652115688149268e-01
3.623550638387101341e-01
2.962387717937287057e-01
1.654065886630316506e-01
2.967151505867997585e-01
4.415095312474300870e-01
2.459127742536486583e-01
4.589227275763453906e-01
3.884824139133566945e-01
4.542921771328314873e-01
3.746373736921710940e-01
4.713066055190726633e-01
4.773263414717278108e-01
2.922693531913739262e-01
3.846092156549773544e-01
5.245131887981542285e-01
4.527710958813183084e-01
4.633158476851444996e-01
4.002104872215523912e-01
4.021976877390541771e-01
4.064071802453482762e-01
3.657977983198606453e-01
5.163129339570695642e-01
2.969720086700878836e-01
4.464379450089907553e-01
2.576216634407950679e-01
3.352979923269207574e-01
3.492072838336689466e-01
3.942488155599076505e-01
4.281002981269186325e-01
5.820177010887013225e-01
3.998410928528911001e-01
3.880378375646980071e-01
5.471254115770293192e-01
4.540325923127271901e-01
4.879154217389813919e-01
4.629712655449697567e-01
3.484999684978870027e-01
3.237240126941892671e-01
4.793301119617228156e-01
4.966716914589780485e-01
3.049904172286306836e-01
4.652403415300774281e-01
2.997976165179741526e-01
4.516882326925488744e-01
5.222752491760657145e-01
6.046311095888959875e-01
4.617828161864022118e-01
4.045362959124244595e-01
4.815866772527756523e-01
5.275758193030379850e-01
4.660902751212066542e-01
5.299906147172090964e-01
4.368372560782805558e-01
4.764529880730617450e-01
4.404275714347733461e-01
3.976703808448492361e-01
4.314874563884890102e-01
5.727611561719256894e-01
3.734973993818416771e-01
4.266254753795883925e-01
5.034402667080526417e-01
6.201298667213024363e-01
5.922635774027575906e-01
4.482020360651735036e-01
5.685663606531874414e-01
5.966630934506834683e-01
5.715032245538065325e-01
5.946700031773717310e-01
3.869189031856860028e-01
4.582233084857393890e-01
5.906744243723240917e-01
5.650937380837330881e-01
5.449543867618734660e-01
5.527091310856585560e-01
4.681515254979007334e-01
7.714576335591828427e-01
5.168627984801191788e-01
5.181792403264228186e-01
4.295276059984649564e-01
4.533892840873479657e-01
3.660834187598875911e-01
5.612871198033088094e-01
6.007043941738451354e-01
4.530600769894512769e-01
5.862944441381562344e-01
5.032720320838628414e-01
4.395456724661526704e-01
5.325875460635947078e-01
5.173725501514269132e-01
5.288399192201777010e-01
5.411070252869591979e-01
5.600604897616883182e-01
6.314502484996524778e-01
5.482325774090359705e-01
5.088759500052262297e-01
6.057772337560317633e-01
5.615079059519002547e-01
6.216231272563615962e-01
5.748173166233240261e-01
6.945791422323456255e-01
5.837952211962490479e-01
5.384684605086756948e-01
5.327398256590188952e-01
6.710248728489375258e-01
4.664814365848882205e-01
7.239815402475930917e-01
5.676783165031743517e-01
5.882726274039900005e-01
6.678022752567592812e-01
5.176515217461654661e-01
7.278307645136137261e-01
5.294383199148858798e-01
4.884304163642267937e-01
5.765802535322337441e-01
4.987771653741610578e-01
5.979245054185836628e-01
6.823466470404789819e-01
5.333413381781975104e-01
6.329373134072745488e-01
6.540277083973733419e-01
7.070002606841195858e-01
6.469598437609946906e-01
5.903018529651625768e-01
5.681107257317453696e-01
5.710134653430452012e-01
6.110811798289842445e-01
8.237015470544918339e-01
6.613841276600432861e-01
5.754142677602324119e-01
5.716146539207398458e-01
5.472360148880704989e-01
6.647135347044399456e-01
6.146456549763286148e-01
5.798916243357588041e-01
5.105947853897506716e-01
4.015569582246401037e-01
6.395366090632118583e-01
5.471784945056061833e-01
4.862586294194371495e-01
7.142336809950396992e-01
7.711084068291947924e-01
6.053371213607580126e-01
5.703739681416415408e-01
7.006349174635342347e-01
6.377407957318916853e-01
6.197018434907572981e-01
6.149829277608683809e-01
6.817631259210591432e-01
4.649007130474580030e-01
6.284929803361831713e-01
8.401040174890348489e-01
5.376180458866636203e-01
7.744568224757527597e-01
7.171856753027998632e-01
7.520738410777083605e-01
6.699529057886394190e-01
7.883265329263157151e-01
5.643794497282108580e-01
8.528014477115033465e-01
6.967549663675111082e-01
6.220009465871205734e-01
6.227037905274168672e-01
6.340358013823882422e-01
6.458911774648806725e-01
6.951703340502940476e-01
7.245481957936742434e-01
8.740722388541392052e-01
8.358009774432392236e-01
7.759146039843444198e-01
7.269908041610206872e-01
6.664922472375220952e-01
7.184219569184382426e-01
7.245800157853787837e-01
7.028369055613240546e-01
7.377918007782752197e-01
6.445148891393401858e-01
7.603383011565547633e-01
6.534844956436012264e-01
6.529209539025884190e-01
6.348215601804299002e-01
7.374121161039359773e-01
7.509089445010218578e-01
5.805779879767790641e-01
7.041620518351253688e-01
5.422561386362035885e-01
5.867745359970054642e-01
6.727410944489748967e-01
7.857290418904402385e-01
6.371048541625482509e-01
8.397716092726366099e-01
8.549839500656750690e-01
6.824718970774877880e-01
7.414695444221358622e-01
8.187004519545112435e-01
6.945592225582455370e-01
8.365152213865801878e-01
7.032246340416644648e-01
7.601672698187657007e-01
6.253978332184896294e-01
6.641987216600209187e-01
7.623680023745376122e-01
7.365718446401162689e-01
6.965288565563385603e-01
7.531209563191307854e-01
7.891970194495371294e-01
7.859051048206519008e-01
6.988625534372669978e-01
9.320153923178200461e-01
7.529972471805177481e-01
9.064086241472598671e-01
6.015209848151773508e-01
7.167780280768902834e-01
7.440815381755523372e-01
7.349848187644943964e-01
9.195090439420110506e-01
8.514307779806210563e-01
8.100377187823726288e-01
6.908292653652405857e-01
9.155235483785905126e-01
8.067687234114362393e-01
7.502992313550486125e-01
7.751811539349439117e-01
6.960780230052264761e-01
8.527518266297079430e-01
9.035068486058385195e-01
8.689671669858824998e-01
8.640830924740153796e-01
7.561830702256852055e-01
8.090620495132911927e-01
8.749017081083702019e-01
9.182476264060964732e-01
1.041061518961423626e+00
7.334969434834767155e-01
8.320875786973062072e-01
9.066175243395220296e-01
8.115992657637846053e-01
6.770690828734906574e-01
7.210955797602962569e-01
9.140133870768629709e-01
8.486426775713414861e-01
8.548587938139047271e-01
7.922386721179922597e-01
7.754572070608657386e-01
8.934319917339853534e-01
7.774933272827551090e-01
8.973986954570353225e-01
8.422151147197149967e-01
8.062444045388452718e-01
8.575657650327414006e-01
9.163644184622184996e-01
8.714505228426341343e-01
8.591064443508491522e-01
8.413045503951789295e-01
7.871690917775131524e-01
7.504295024911230572e-01
8.165095073874651943e-01
9.203509216430165729e-01
9.889547551851578522e-01
9.103278050188854387e-01
9.269670644042470320e-01
9.878938193948613167e-01
9.063256203728357052e-01
9.109909779140185071e-01
8.715272928558635002e-01
5.887089561851099884e-01
9.182705334096612493e-01
9.579291380211589768e-01
8.916513324124973883e-01
8.093123287756384121e-01
9.115129696670636328e-01
8.992028110257822560e-01
9.945312587840884344e-01
9.670159496172033853e-01
9.418033095940286925e-01
8.360721165918565401e-01
8.583675644530841531e-01
7.231829160836518167e-01
9.811508059836010487e-01
1.062534336334126417e+00
9.874863077513639231e-01
9.255025853504691424e-01
8.205584075912492059e-01
9.078548660511996937e-01
9.956040570547501911e-01
9.529809810165230655e-01
9.447355580381083806e-01
8.834089429036435792e-01
9.381759220653512754e-01
1.095803609503732234e+00
8.566649551487107717e-01
9.422927763804623824e-01
9.446954022017791663e-01
9.912490986636124379e-01
8.674318308144510770e-01
8.087965898641996665e-01
9.703519812156363722e-01
9.481701204907579950e-01
8.808881361231010176e-01
8.846978085607921649e-01
9.300366725634975351e-01
9.671954679875107708e-01
9.871674187833273661e-01
9.848679720094373202e-01
9.994683519999423282e-01
9.446276574810604787e-01
9.648425302355160271e-01
9.488943777904623733e-01
8.780677845702539175e-01
8.566356210336451005e-01
9.973029660041310418e-01
1.011004027562270480e+00
1.021894371839347393e+00
1.003305890273949563e+00
9.430295713598316754e-01
9.920601259467533017e-01
8.408770225993809078e-01
9.462535523883948141e-01
7.959429931039716521e-01
9.830292340253526939e-01
9.522973768807496686e-01
9.753234238725522198e-01
