-1.023234812010080930e+00
-9.628212762255324852e-01
-1.182365313986854849e+00
-7.505004675813548021e-01
-8.272591534133613145e-01
-1.100328642615116870e+00
-1.099491773293732155e+00
-1.192063722307258988e+00
-1.104915472244422325e+00
-8.764100037602038373e-01
-1.011145530697406647e+00
-1.000961447008843486e+00
-8.831293855942186077e-01
-8.554227634831538252e-01
-1.140505101982023373e+00
-9.305631980965451966e-01
-9.703405542213928703e-01
-9.676195024253306798e-01
-1.080366296163890683e+00
-9.248863791193083772e-01
-8.902102877005818593e-01
-8.727036209989804671e-01
-1.063903921202871139e+00
-8.941825947086813331e-01
-1.064817375316215786e+00
-9.355050474793047410e-01
-8.793887022259696540e-01
-1.057914273053065957e+00
-9.391910271216290518e-01
-9.655971004584695816e-01
-9.905088670863871902e-01
-1.013538579945144180e+00
-7.835873491963094573e-01
-8.933333704947499232e-01
-8.836548358421990601e-01
-7.984259401439349757e-01
-8.118788598071454699e-01
-9.187573899407348588e-01
-8.119742691421646397e-01
-9.399093871527282040e-01
-9.028855356476266358e-01
-1.077495335437775204e+00
-9.536757771020714092e-01
-1.059181493598984281e+00
-9.627123784458012645e-01
-9.759557405971300836e-01
-1.033974253860954873e+00
-7.415982199364640204e-01
-8.631267600969328990e-01
-1.006724629058830089e+00
-9.888911913181731572e-01
-9.572910536388337110e-01
-7.978462674622187611e-01
-8.590909528141777995e-01
-9.625763651861574122e-01
-9.574562220082803998e-01
-9.632327966261468033e-01
-8.697336123578234268e-01
-8.674916030043273718e-01
-9.693860723882246067e-01
-8.153909730516657461e-01
-9.135688720992001244e-01
-8.570557726775378526e-01
-8.589996430852808729e-01
-8.714041126549408878e-01
-1.009802038303841742e+00
-7.138047001204300690e-01
-9.117318703388114232e-01
-9.643022108316137153e-01
-7.666968437413368420e-01
-8.628702405948488474e-01
-8.587666250217939057e-01
-7.193455656714262680e-01
-8.113366987159293942e-01
-7.367804335179827246e-01
-8.065071322510397600e-01
-9.227109533051597312e-01
-8.553234306706318790e-01
-8.606495350502979536e-01
-8.881577841516969940e-01
-9.453029045234686567e-01
-9.200206312890741867e-01
-8.239361136529391727e-01
-7.712381065839394312e-01
-8.150699536544580015e-01
-9.302606123414322026e-01
-8.256117300819706406e-01
-1.016850142667668377e+00
-8.687231407943674100e-01
-9.454164262071600433e-01
-9.477868037029431036e-01
-8.772540351382728252e-01
-8.114740082069958893e-01
-9.814698484205102158e-01
-7.796980018576319393e-01
-7.564204652499572079e-01
-9.342743210329197412e-01
-8.163170173601621560e-01
-7.221028528621529219e-01
-9.431318380353062025e-01
-8.332373205534849836e-01
-8.423838379362779127e-01
-8.299934631340953883e-01
-8.110065474000206498e-01
-8.538221917197564848e-01
-7.506172063924160254e-01
-7.492468781791762344e-01
-6.949636398941672066e-01
-8.985989173955867271e-01
-7.645829073464116554e-01
-7.829507985804472492e-01
-6.692255322578812837e-01
-6.861003817261192017e-01
-7.662748692823508900e-01
-7.810014636816072775e-01
-8.483752330470956116e-01
-8.076283412708835652e-01
-8.392033846336217628e-01
-8.433840937414353034e-01
-7.091083254283048198e-01
-7.311382398407594296e-01
-8.355157180266737926e-01
-6.712127566159080683e-01
-6.322136824688768808e-01
-6.712275910031042514e-01
-6.624250092540504564e-01
-7.303858569926353628e-01
-5.767870736665353659e-01
-6.681226572449344703e-01
-5.625436277558905074e-01
-7.425819602780499018e-01
-6.015316937686034926e-01
-6.323215315314847373e-01
-7.880292064441682953e-01
-6.776479630434901757e-01
-7.476316596751609866e-01
-7.129869869531165749e-01
-6.602455213180370430e-01
-7.244525603674232261e-01
-7.307371774950516263e-01
-6.715472992982672862e-01
-8.803602659030328459e-01
-7.770168881233734393e-01
-7.511608531790713306e-01
-6.988862714642355423e-01
-6.629628632086659312e-01
-6.246318586680200680e-01
-6.974710776138243196e-01
-7.428587789135907560e-01
-8.205389415590891300e-01
-7.362117196437176769e-01
-6.925238422500206159e-01
-6.591721000322112722e-01
-8.173646206744272780e-01
-6.578895967277942347e-01
-5.391118711409469411e-01
-6.971432417481060462e-01
-6.466304013209248636e-01
-5.193826098490115228e-01
-7.437997881808197098e-01
-6.101584115710951828e-01
-5.790293015616696515e-01
-5.409885642844838305e-01
-7.863210410838230580e-01
-7.100038885535930877e-01
-5.617446428488012122e-01
-6.726321340273715421e-01
-6.878777905334277909e-01
-6.884539534579369180e-01
-6.129527028311004822e-01
-5.620210434665545707e-01
-6.075446639846795449e-01
-7.597386036968000189e-01
-6.267800636990745744e-01
-7.044136064415003062e-01
-6.298011314122989868e-01
-5.305798600338553772e-01
-6.536815034963348037e-01
-6.917464579661710689e-01
-5.982086719255348406e-01
-6.322807662847621524e-01
-7.136203825902924791e-01
-6.268614578765493439e-01
-6.955909232781184448e-01
-4.191807796089921379e-01
-5.570159089792231510e-01
-5.723863964802907711e-01
-7.958483721977046565e-01
-7.666745793377615081e-01
-6.270660897542678081e-01
-6.417953052710864137e-01
-7.335481336750183656e-01
-5.479964484738830688e-01
-7.061480158066684165e-01
-5.642395670632350813e-01
-6.866769729267023781e-01
-5.853536479855656616e-01
-6.521712198371311109e-01
-7.196728101479279438e-01
-5.257675585710740451e-01
-6.398363634629077312e-01
-5.456221267487998405e-01
-5.390604179829074916e-01
-6.096122386854602171e-01
-5.501206413706889453e-01
-7.289985103377979447e-01
-6.437611456013875300e-01
-6.820877556431073074e-01
-5.645213392610020087e-01
-6.961271572236448213e-01
-6.309232875249328742e-01
-4.700828248121154962e-01
-6.902464792313933728e-01
-5.389633151341027828e-01
-6.592582967325083532e-01
-3.900740504882534432e-01
-6.581236853262963926e-01
-5.997910735682637773e-01
-5.505913234727715100e-01
-6.547669602931129873e-01
-5.853004231868548235e-01
-5.200000979549486146e-01
-6.047218797074188634e-01
-5.879331309998000465e-01
-5.084731202116763438e-01
-4.730492827108690457e-01
-5.525194423539433464e-01
-5.922695588143861434e-01
-4.237603524797435295e-01
-5.778982557603472570e-01
-6.701531592543815696e-01
-3.787259235227743437e-01
-4.528012248010079843e-01
-7.155622782149134720e-01
-6.053253732419521249e-01
-5.891804457188224431e-01
-6.006787577626375718e-01
-5.269204698267708764e-01
-5.194374707415594372e-01
-4.201509205655067358e-01
-3.946340636349577324e-01
-3.107766814807465527e-01
-5.501224768935838449e-01
-4.616890883277518509e-01
-4.573045810034856440e-01
-5.769749620036394022e-01
-5.177705591020612674e-01
-4.492575653457168694e-01
-4.103420649949143795e-01
-6.427710228655503233e-01
-4.040340610992735892e-01
-4.695482043259053273e-01
-4.956713019844606882e-01
-5.059288014488019236e-01
-5.411714843822731380e-01
-5.585702989101937188e-01
-6.190335994301265909e-01
-4.615383824185220751e-01
-3.536964355468972809e-01
-5.269501117853837568e-01
-3.983168202942864999e-01
-3.942412974972140938e-01
-6.382936088389138396e-01
-3.886841585452502912e-01
-4.287264934620601542e-01
-3.769975363227229814e-01
-4.956018691280856259e-01
-4.243296025621458578e-01
-4.363905219385348921e-01
-4.973734234387411357e-01
-4.017349874681889754e-01
-4.377071173079367106e-01
-3.141909257144301360e-01
-5.001055446917106462e-01
-4.317962650882196662e-01
-4.191098066158707725e-01
-3.395325661385339977e-01
-4.780934080691892629e-01
-4.319623107795301231e-01
-4.315101304588548348e-01
-3.777563898847968726e-01
-4.396079163092662667e-01
-4.896277259234060875e-01
-4.189124008466308946e-01
-4.166537889838945463e-01
-3.779811088045295087e-01
-2.752958718207251243e-01
-3.154931586974396573e-01
-3.139520836653056368e-01
-4.259763810531539963e-01
-3.498881826705899645e-01
-4.276758514123309429e-01
-3.105426522673891410e-01
-5.180751714177436185e-01
-4.189410843657133121e-01
-3.583530650045175237e-01
-4.116246979703447884e-01
-2.398674337357943609e-01
-3.071272123990338998e-01
-4.577150584482717055e-01
-5.222815682509348578e-01
-2.982095623746758295e-01
-5.099902520431356390e-01
-4.973884253182691007e-01
-3.427356905849328061e-01
-4.360826662171624624e-01
-3.184524697742934229e-01
-4.270482884803070145e-01
-5.600027100815966330e-01
-3.731921817486215653e-01
-3.697128456259518581e-01
-3.260227922900727493e-01
-2.950160704684978707e-01
-3.405217710952153642e-01
-3.772435352464039160e-01
-4.047973594331045755e-01
-4.749129925418975051e-01
-3.372117969462513631e-01
-1.964227029356436782e-01
-4.080041972735312661e-01
-4.427095206283773732e-01
-2.556084389951670532e-01
-4.401627197024763904e-01
-3.814561668505374037e-01
-3.247838528563773974e-01
-5.764829330190360812e-01
-3.880668397807793268e-01
-3.353933524086115670e-01
-3.769794030942715812e-01
-2.500821685416924067e-01
-3.564510293690664744e-01
-2.802773449092175739e-01
-3.146292213366769785e-01
-3.787716780713685227e-01
-2.186319529089833236e-01
-1.919246804260323069e-01
-2.662980177327610096e-02
-5.387334952729115889e-01
-1.874988284141070605e-01
-3.386664743637141095e-01
-3.074706487551444045e-01
-2.243285808859873387e-01
-2.973125074819389368e-01
-3.584199827010117745e-01
-4.816422915497343693e-01
-4.409183112694961548e-01
-4.110779440918425065e-01
-3.728938074720032358e-01
-2.448768148550590773e-01
-3.104040855276230526e-01
-3.977474834393572301e-01
-2.885853840591913189e-01
-3.074356856489605661e-01
-2.385613905033423798e-01
-2.772442560017647772e-01
-2.192671908084659338e-01
-4.877668794976473543e-01
-1.698833609816074175e-01
-2.365351876633519368e-01
-3.402189248966548951e-01
-3.971569876924120335e-01
-3.359828735589306392e-01
-2.005638962245806511e-01
-4.865976044846343496e-01
-1.575176945504189741e-01
-2.031835763488043511e-01
-4.670372804829393820e-02
-3.348072819696420455e-01
-1.751409707175826946e-01
-2.929560435907966331e-01
-1.842031610826020960e-01
-3.244801232678636294e-01
-3.062114151752134417e-01
-2.120023651693800915e-01
-3.179302292261271257e-01
-3.741836738478580004e-01
-3.245624663952567657e-01
-1.363894247403187043e-01
-3.177901598841170183e-01
-2.356938615154121064e-01
-3.641785017934304203e-01
-2.981941496638171318e-01
-1.741337172814792777e-01
-2.466441470102316846e-01
-1.890143563214064515e-01
-2.566486267715621938e-01
-1.114181006316306149e-01
-2.518266329431064765e-01
-3.218082525292053631e-01
-1.158736402822568151e-01
-8.958040289683955049e-02
-4.100276094246608771e-01
-2.382922658821117756e-01
-3.795647951070721948e-01
-1.013453813165411665e-01
-1.725969248241338849e-01
-2.764697813831903939e-01
-2.162690319800757432e-01
-1.784890108165755607e-01
-1.609602179319676307e-01
-1.051000387562231880e-01
-2.846930237571786981e-01
-3.105254070434982361e-01
-2.266733301309249160e-01
-1.831611852871153079e-01
-1.905414320134038164e-01
-2.011804389496448797e-01
-2.780734245742597088e-01
-2.223483635601270214e-01
-2.014606052172868422e-01
-2.224023791591598354e-01
-2.043233068839508670e-01
-1.642452490211677441e-01
-2.211854677170601302e-01
-2.211874483605360542e-01
-1.249567592652663789e-01
-1.636431121377061315e-01
-2.678661082369648283e-01
-3.367760697535367997e-01
-2.398767210074345124e-01
-2.549888949739105293e-01
-1.335739059186893118e-01
-8.370322405321199699e-02
-3.060227960867106800e-01
-1.294080184220765262e-01
-1.431474779066590486e-01
-1.318836633969502625e-01
-8.291979079993626323e-02
-1.134422117630325272e-01
-1.217045095564421031e-01
-1.604872630232770658e-01
-2.917881157835249262e-01
-3.493501620064001223e-01
-1.958301251399183485e-01
-1.068973846263148175e-01
-2.201098873468920469e-01
-2.980606774640743306e-01
-2.522951669891391191e-01
-1.670292872879255153e-01
-2.487495787754504806e-01
-1.011355501365538700e-01
-1.556308114895387507e-01
-2.056169178661834129e-01
-1.745581003292990263e-01
-2.812449274356238968e-02
9.338290081664495090e-02
-1.810947452089293197e-01
-1.153113599263902861e-01
-1.405918278512746089e-01
-1.031094526774463532e-01
-2.692403477879006801e-01
-3.314569009353676710e-02
-1.476649926643655228e-02
-2.192174155075898301e-01
-1.947308537074451951e-01
-1.388206877033959785e-01
-5.437783907853507848e-02
-4.322611512313950105e-02
-1.527132842673453381e-02
-1.678134032049228008e-01
-3.474164057784898466e-03
4.442779846055561893e-02
-2.128141213058599157e-01
-3.681061910886158917e-02
-5.519469617503726389e-02
4.740411039311333979e-02
3.539728789520753260e-02
-7.367117945069628915e-02
-5.569927578095047738e-02
-8.165899721946019707e-02
-3.260104007681156706e-03
-5.734693452544254583e-02
-6.306829939605559932e-02
-3.020371985158233977e-02
-1.850851500564947849e-01
-8.993770704269403449e-02
-1.399632247679755311e-02
-3.041813453248381344e-02
-1.366117977889974577e-01
2.020719949794458174e-03
-1.615485994442128204e-01
2.544381830800125383e-03
-4.847363081947594909e-02
-8.910712595195624877e-03
7.334750002001716451e-02
6.537981717975589573e-03
-1.182000979292599924e-01
4.265167251359253120e-02
1.160804340587309330e-01
4.952423067015717523e-02
-3.574621199054984350e-02
3.156044957697536069e-02
1.201620648645286560e-01
-1.707076169800332832e-01
1.203602302878608726e-01
3.313856835234778309e-02
-5.291035452649611032e-02
-1.245836522675104578e-02
-1.203227777144828536e-01
-2.941656146624540072e-02
-1.155367038329979112e-01
-7.480689193325083808e-02
5.570637577775143512e-02
-3.743164568957774857e-02
-9.373455320978124616e-02
5.325774376695614938e-03
1.070462361198651347e-01
-1.255877457271608461e-02
1.888590047813628325e-01
7.888623041914855083e-02
2.751721326936722428e-03
-1.720278230753816487e-02
7.523302526756724118e-02
-3.987613536984482149e-02
-2.204555469263663053e-03
-1.202002100296229448e-01
-1.080028662645159815e-02
-2.446268798187636179e-02
-1.301906811928319960e-02
2.357809060665855549e-01
5.590891061402866041e-03
-9.535012220963982876e-02
7.014192431380923860e-03
3.047701361781101140e-02
3.084022561405942719e-02
9.059073989548667438e-02
1.457722088615453354e-02
1.582851838819107348e-01
-6.216376442249817169e-02
1.186828026968105021e-01
7.974091761206822393e-02
9.854209986331420590e-02
5.906282703380343058e-02
2.276198532732456314e-01
2.353461105690057009e-01
-2.437371872059770211e-02
1.027689564340408535e-01
9.777762827713068483e-02
-4.612531379401703380e-02
1.118124128426446900e-01
2.059953599669112623e-01
1.116770294900268079e-01
9.517264078748069456e-02
1.802013241930708609e-01
1.718081842720877439e-01
1.883953391515379439e-01
1.565285331943259139e-01
1.576859035564804334e-01
1.102405481110772939e-01
9.044628654482309016e-02
1.173366413667613489e-01
2.892674863035201577e-02
-5.113421070426581866e-02
1.222795539245683100e-01
6.352391507226576306e-02
1.561164699232529263e-01
2.213428512793483571e-01
1.176301403020645620e-01
1.991090803674364640e-01
2.939612083695548189e-02
4.258764625275306831e-02
8.686060875108607415e-02
1.394253563365223103e-01
2.615928544443476556e-01
1.638881143124233386e-01
6.020293941154035433e-02
-2.816468324792859024e-02
1.336646324334399838e-01
1.063535678770544390e-01
1.519161828900824629e-01
-6.126032157256802030e-02
1.902768911789203543e-01
1.020286388303023178e-01
1.148293956191874521e-01
1.394333885487981373e-01
1.696673041735758392e-01
1.973431657494084945e-01
8.875985771357232379e-02
1.781037230707267494e-01
2.483824105037180097e-01
1.263546850001563693e-01
2.388722305674214341e-01
1.845870318022181933e-01
2.260145945665405220e-01
1.622925407192790936e-01
1.142038999247874248e-01
2.339193372022926876e-01
1.575207911444104214e-01
2.477867065876341590e-01
7.245930871898360881e-02
1.966364094255705075e-01
1.762528502163806243e-01
2.867608531150546147e-01
3.043808827792444105e-01
2.632588852275918878e-02
1.660533451569872199e-01
2.730278958609396733e-01
2.978386498773055169e-01
3.299337786174851295e-01
6.058210842607564955e-02
2.039197738880313415e-01
1.699363343241403201e-01
2.185579806787553703e-01
3.046126343068529807e-01
2.703780070562486482e-01
2.057292799305036057e-01
1.045115386609866970e-01
3.467731064396285534e-01
8.204243694958751609e-02
2.836896162326950632e-01
1.177051277775836152e-01
2.059258585794870589e-01
7.026635992970395317e-02
1.711619524334916931e-01
1.807978295661663293e-01
2.735531750626923331e-01
1.870577385695978423e-01
1.210074096847496283e-01
7.016161470992791915e-02
2.759242886289371977e-01
1.323063245914867792e-01
2.659284540993684387e-01
2.647336546136979663e-01
2.281937590928800330e-01
3.010558778887093556e-01
3.723462321213744097e-01
3.224745558230792675e-01
2.618762034029330499e-01
2.755585601597489442e-01
2.407005342112287505e-01
2.633404087905450441e-01
1.840073080419498963e-01
2.856472477594267922e-01
3.780164044985362959e-01
2.253362016908821430e-01
1.051481369272109362e-01
3.931033373007481457e-01
2.152181545900678783e-01
1.613295984796196125e-01
1.530053357185113816e-01
3.452905818614407929e-01
4.581592752585978423e-01
2.619342049519420290e-01
1.035759293690693278e-01
2.650364574242738414e-01
3.235008032667591737e-01
2.365427999149013749e-01
2.396813029847127963e-01
2.426935698345360770e-01
4.485185039116404426e-01
3.334298914079004694e-01
3.310805351637641225e-01
1.560333245179947315e-01
4.061038432373071938e-01
3.193789124849859551e-01
2.750384152633171264e-01
3.138262705268190511e-01
1.705825183578219828e-01
3.045656680547045303e-01
2.425005921063840275e-01
3.166566330473597479e-01
2.509529029180280202e-01
2.151772741552679113e-01
4.767189089070380525e-01
3.333579242706160017e-01
2.172103085731840189e-01
3.520472192952640023e-01
2.670838061794484908e-01
2.750040963920077353e-01
2.461373526097539455e-01
2.423968627206814497e-01
2.209610036698989310e-01
4.067280167558544601e-01
3.970034810004274828e-01
4.804376478563576747e-01
4.530716440769787523e-01
4.204016891527354027e-01
3.094287470281374408e-01
3.886290848268909026e-01
4.513200844962659275e-01
3.187413289266596839e-01
3.551152049269257760e-01
3.961030719016232493e-01
3.594411042919056221e-01
4.609352929618864003e-01
3.519410758697500974e-01
3.390364258142338216e-01
1.172477503279353017e-01
3.849214312283513184e-01
3.678621496159651949e-01
4.526259219780620624e-01
3.065587226280305777e-01
4.863127613093714552e-01
3.939437853142300772e-01
3.914949234999216543e-01
3.651910021961343733e-01
3.907387979893744423e-01
3.388129104156428761e-01
3.306497467836070348e-01
2.432266374253388708e-01
5.522921729350153131e-01
2.963396416460038485e-01
4.725407707105430122e-01
3.376081213917182522e-01
3.287443492759647423e-01
3.645118464781583190e-01
4.835421497893395704e-01
3.041900426793870960e-01
5.140419899692709738e-01
4.047183371664792584e-01
3.482985617153548374e-01
3.952755619444132673e-01
4.936816189323566806e-01
3.622498501569585416e-01
3.722171815678341211e-01
4.964675764230060961e-01
5.063879616859221500e-01
4.403711947031466178e-01
3.125036872473153648e-01
4.756748739697373995e-01
4.356876949946315025e-01
3.475234030855218759e-01
3.515291471883938423e-01
3.917769174036384583e-01
4.711850648885353432e-01
3.909176894786826617e-01
3.590636335764904596e-01
2.628423697192660557e-01
5.522544096764913091e-01
5.223200158325447262e-01
4.687984521081262068e-01
5.332644397631758348e-01
4.644156695690481729e-01
4.151659569018634754e-01
4.710080414316881736e-01
4.903403505496703452e-01
5.179059610327610974e-01
5.686409581109541644e-01
3.647349630277176291e-01
5.159299570438988791e-01
4.817088753334792250e-01
5.834064079479723830e-01
4.705286831341944920e-01
4.110631183656017762e-01
3.953308680496290251e-01
4.883573985611829316e-01
4.226906219528281383e-01
4.038948624990144620e-01
4.571152912268631185e-01
5.519606564622591138e-01
5.405468474719236083e-01
6.202403109781383650e-01
5.863072551305468227e-01
5.065712984708045097e-01
4.844332342603186459e-01
4.800060722416488734e-01
5.257684894184460056e-01
5.512530670810481537e-01
4.549819544857499065e-01
5.774634556423511311e-01
5.528307148177672437e-01
5.407530056442706456e-01
5.844205379153131208e-01
6.515320119294352175e-01
6.567273371749254851e-01
6.458152798163316888e-01
5.004931238992259557e-01
5.098142130277925066e-01
5.411727461952847706e-01
6.272960439047717829e-01
5.587383206440768024e-01
4.980677239552763202e-01
4.277300894360950290e-01
5.456692540993770546e-01
5.968488430476653894e-01
5.455812669469632947e-01
4.715188423620951808e-01
5.634193684552782910e-01
3.906846357918564716e-01
5.581422013483340328e-01
6.225961628328063879e-01
5.206749071118407235e-01
5.634977690404754380e-01
4.893864911072324242e-01
4.580479130757708073e-01
7.209856456143844960e-01
5.373794212388581792e-01
5.094248806056659307e-01
5.260673873346352059e-01
7.623763619051604490e-01
4.343991102559720541e-01
6.733453310380362877e-01
5.998419618110627516e-01
5.320188961149193707e-01
6.139873732119182081e-01
5.892923684568620590e-01
4.827688379383456851e-01
5.476847277450395124e-01
6.124472032149791412e-01
6.476867134975186069e-01
6.176218903735659627e-01
6.529728519876341064e-01
6.837763439366034701e-01
5.186458889357005164e-01
4.937473979595327633e-01
5.651561402350133712e-01
6.955930784399970701e-01
5.172100463638905632e-01
8.132594426483310546e-01
5.866170700260674442e-01
5.507786293725587257e-01
6.481099596262582807e-01
7.384188437713122832e-01
7.398066925980030240e-01
6.389069253957860850e-01
5.593752500470987599e-01
8.098761105828953255e-01
5.558963747393067534e-01
5.844273793177336973e-01
6.625245938345906138e-01
5.471977960467423463e-01
4.559995035694162646e-01
5.413562617693095103e-01
5.920148920658120373e-01
6.442006451830900593e-01
7.151808927672264060e-01
5.318613289725135918e-01
5.172111041775393492e-01
7.273365508429421311e-01
6.625277282084222064e-01
6.144752140902395299e-01
7.346103110299740946e-01
6.937001636733460819e-01
7.106569649596891081e-01
7.324998841537174732e-01
6.569900258168360763e-01
6.451487203601385945e-01
6.787176336079010497e-01
6.525292129733634150e-01
7.149002184726905851e-01
7.265185158479068317e-01
7.604481428806120213e-01
7.736872451331635592e-01
6.267393243234822275e-01
7.500043520766824789e-01
7.346247384831599003e-01
6.697921042027119576e-01
6.817889721148203686e-01
6.972655151291788922e-01
7.961397848213392914e-01
7.329586430701965361e-01
9.056111066002069387e-01
5.172694206196138955e-01
6.523236739386515382e-01
7.360250088123067025e-01
7.114127251626127801e-01
7.028172078031205139e-01
7.107716966983160800e-01
5.208795457349254532e-01
6.978853084371392512e-01
8.049698264735332121e-01
7.887062954385071212e-01
7.118976837506564292e-01
7.050249585802863539e-01
7.407070133848455695e-01
6.421211079928841325e-01
7.129200874534230570e-01
7.498733022515216007e-01
7.190056753900145869e-01
5.963496415378978233e-01
7.443400576169630911e-01
6.959156767682669331e-01
7.154422014776344874e-01
8.706061722441829076e-01
7.728026839331312292e-01
6.487268854780184890e-01
8.117006459882813996e-01
8.674708694056908476e-01
8.536760960313544144e-01
6.788004989092057961e-01
8.733455670879084476e-01
8.389863616422597037e-01
7.711517145417152719e-01
7.166091641279136448e-01
6.304783989003692746e-01
7.796337639202375325e-01
7.221427380626719295e-01
7.602688921440821090e-01
8.116237527792969919e-01
7.589504675879689133e-01
6.858700310977656756e-01
8.362850049347855252e-01
7.905895852346648267e-01
8.863603974282570075e-01
8.227572369108967498e-01
7.212148989093651874e-01
7.300318167709493045e-01
8.110357023030690948e-01
8.160825490105324542e-01
7.245141640168530905e-01
8.843591897193197049e-01
7.812983970891432817e-01
8.120801098957592945e-01
8.947218766801627865e-01
9.196441259776867438e-01
8.189293053052182358e-01
7.619507784891949020e-01
8.664329662806445898e-01
8.945805385487424211e-01
8.298762344400358870e-01
9.646135025663349349e-01
8.072595877857640101e-01
1.077820789109859678e+00
9.848252815933000726e-01
8.469695026446810715e-01
9.875208657503312670e-01
8.022566051908963658e-01
7.382947695555078793e-01
9.059683872735835308e-01
8.799473448014312194e-01
8.330255791570917445e-01
9.339742499314306334e-01
8.110995371213703953e-01
9.252431120262646358e-01
8.853456577762048862e-01
7.572360813001429714e-01
8.683222737592715124e-01
8.780785361747893702e-01
9.537958991251103136e-01
8.435091718377818459e-01
8.142608639608274190e-01
9.466551223589002584e-01
9.082761800002292496e-01
8.928875612204367762e-01
8.876508386086513491e-01
9.602524812420363265e-01
9.165807567814894252e-01
9.249563261188387120e-01
8.702470437111602397e-01
9.255361687716626706e-01
9.208569847625034388e-01
1.014953322954975867e+00
1.084084220830741963e+00
9.726418947663056924e-01
9.810432206378221220e-01
8.950608699012178038e-01
9.981992265645335261e-01
8.025538100159359534e-01
8.097120063334494189e-01
8.284036638036643696e-01
1.029113521518134178e+00
8.258579244624235649e-01
9.361702148789701194e-01
8.739962007677316569e-01
7.771012820826337375e-01
8.525738237701656619e-01
8.016772073676710075e-01
9.431099165759092573e-01
9.043101411736566009e-01
1.066978847538288200e+00
1.038583381087601731e+00
1.000885270463085286e+00
1.103285566276696938e+00
9.508628351742005602e-01
1.020749535688109999e+00
8.496176801804246059e-01
8.733108457897602594e-01
8.595493264387327192e-01
8.831607485561292492e-01
9.659033765877362843e-01
1.065663256738184961e+00
1.041993392011699271e+00
9.358857445303419009e-01
9.431487381178073059e-01
1.015783729550602921e+00
9.126121299072406101e-01
9.693901893859034891e-01
8.411746523001244480e-01
7.640342694842428006e-01
9.594657192939096690e-01
7.885089992572384965e-01
9.411730320028456331e-01
1.072032450858063868e+00
8.704913786507239015e-01
1.056207939876973256e+00
9.317527619623509061e-01
1.051682336155326691e+00
1.057881552831074323e+00
9.754011689199766355e-01
1.081721052825751261e+00
1.029103584863321652e+00
9.853703836140540462e-01
1.097041203087414152e+00
9.931279917117148415e-01
9.678433193076294572e-01
1.000997926443981223e+00
8.548940335342235519e-01
1.097724547102374659e+00
1.078534655028320799e+00
1.015761000213996956e+00
