-1.057557155801859272e+00
-9.705303964251651427e-01
-1.030913453136081959e+00
-1.048032427512022524e+00
-1.058513874601041405e+00
-9.897016716807748304e-01
-1.209288742501831493e+00
-9.922499300976673764e-01
-1.076207583948686874e+00
-9.822711344452828008e-01
-9.974072870823764703e-01
-1.007950646282675278e+00
-1.003893002440802151e+00
-9.272781838209649408e-01
-1.147751508550088229e+00
-9.855893460967333208e-01
-9.272510726789509050e-01
-9.763974805988648864e-01
-8.560602050254653150e-01
-1.087796105672445890e+00
-1.158558001723223985e+00
-9.515440407472883777e-01
-9.377806154405440298e-01
-1.049367236209336696e+00
-8.785158960445211829e-01
-9.344072438773771694e-01
-9.838082948605952893e-01
-1.017628303768530751e+00
-7.866081837529169674e-01
-8.990464181329841376e-01
-9.746294821873019432e-01
-9.486901279985507918e-01
-9.005599846691512145e-01
-1.045047919015933413e+00
-9.423255825845661127e-01
-9.565698887365575720e-01
-9.876320468130703745e-01
-9.234650873156198259e-01
-8.216394511765493514e-01
-8.099482234281104587e-01
-9.632462752335492207e-01
-1.003868063983279768e+00
-7.876871365222352095e-01
-8.084277305426919025e-01
-7.959390753763482262e-01
-8.666856615944534825e-01
-1.062539495493412867e+00
-9.125754935808341184e-01
-8.838687695035740699e-01
-8.758778558355941879e-01
-9.270660463555631114e-01
-1.006063643102599325e+00
-7.731425307255576085e-01
-1.015044684176804379e+00
-8.749051280757623728e-01
-9.058577454884080282e-01
-9.449996255369556009e-01
-8.441839951368144135e-01
-7.682136726520870651e-01
-8.352179505334139664e-01
-9.116915156041617285e-01
-8.560362651495497799e-01
-9.091928568790752507e-01
-8.603295720519636980e-01
-8.999983819772864324e-01
-9.075992823512381014e-01
-9.148051513212281938e-01
-9.644015242350250094e-01
-7.941828449730480299e-01
-9.404830318530942312e-01
-8.682546181366774807e-01
-8.383545643578109718e-01
-8.738741178863971282e-01
-8.852823469635368037e-01
-8.192325379164645538e-01
-9.371740302672082468e-01
-8.297375659327844710e-01
-8.682161582487136764e-01
-8.589397487843974943e-01
-8.921977350844267907e-01
-7.058992048952292819e-01
-1.001563718817893633e+00
-7.537925263455662606e-01
-8.716963292698767241e-01
-8.178218998073558677e-01
-8.271568758181864212e-01
-8.241466469524995064e-01
-9.267367779054790367e-01
-7.047111945602377858e-01
-8.787850960096101893e-01
-5.965953680085562816e-01
-6.825352305632831351e-01
-9.127607366902089625e-01
-9.059283426276308893e-01
-8.515664638173445766e-01
-7.383332985148606253e-01
-8.273915515034147017e-01
-8.361506359096485541e-01
-9.131463951123859335e-01
-6.703768116952447675e-01
-8.890507592642855617e-01
-8.487252951379410382e-01
-8.608215422620947299e-01
-8.056860288946159354e-01
-8.020371068462505137e-01
-6.610908531206886041e-01
-1.059434261518488407e+00
-8.857654438587684309e-01
-6.773672686171616775e-01
-7.699139916505242098e-01
-8.358242035642075018e-01
-6.449192657329632095e-01
-6.978064801069607803e-01
-7.870443984719504016e-01
-7.897443169390212514e-01
-8.568246145473962239e-01
-7.260462763740466174e-01
-7.592294439876732248e-01
-8.680579565274201270e-01
-6.542192946789676666e-01
-7.050834706850138689e-01
-7.468869369559888449e-01
-7.933466969862441598e-01
-7.296029885555086469e-01
-6.075388125267711104e-01
-6.576785894546320899e-01
-7.301455346729535112e-01
-6.436549202215182675e-01
-8.236088563696197795e-01
-6.673411581669950188e-01
-7.527173318130396806e-01
-6.740710537320750984e-01
-6.563578048243263741e-01
-8.114213441136389759e-01
-6.626975030226827101e-01
-7.950351731609631711e-01
-6.161214222903297344e-01
-6.438495687221135189e-01
-5.352711241632979178e-01
-8.040227414720141352e-01
-8.353029494477105521e-01
-7.638973123361961770e-01
-7.054413715277217944e-01
-7.105941691513443237e-01
-6.969094215265368986e-01
-6.188416698265266636e-01
-7.661182695301371748e-01
-7.646725211011962120e-01
-7.457507953398168077e-01
-6.223037969682234660e-01
-7.649679652325058754e-01
-7.603539191713281076e-01
-6.993916717533910088e-01
-6.054571801853809720e-01
-7.126628616558093876e-01
-5.696874157708244901e-01
-5.133242576345555808e-01
-6.960108430396639845e-01
-7.123470513209876342e-01
-6.875478058006625481e-01
-6.684106851580872144e-01
-7.287284954136750148e-01
-7.364216763988907788e-01
-7.438270754080734681e-01
-6.364271267161261125e-01
-6.327112312066539568e-01
-6.357470405169991512e-01
-6.866332951272833274e-01
-6.344833643591430983e-01
-7.480074439287396348e-01
-6.740879986915447875e-01
-5.655515816787621830e-01
-6.910230976999027774e-01
-5.794897594383093820e-01
-6.965128448490950364e-01
-6.114442043446643993e-01
-6.225043213098736539e-01
-6.499761906615351137e-01
-7.958288540651878851e-01
-5.825241989475912208e-01
-7.378074684761967150e-01
-5.187491975039234537e-01
-5.977099732645281271e-01
-5.063214795847342797e-01
-5.079423080278741010e-01
-7.924074921841939290e-01
-5.682702741251173251e-01
-6.421023485211106996e-01
-6.188336417804705114e-01
-5.560366833570188350e-01
-5.711172872776119069e-01
-5.308134315468133746e-01
-5.149616823410029243e-01
-7.290706789044287817e-01
-5.334938657393148986e-01
-4.255445396378647605e-01
-5.433708572947432147e-01
-6.168956181581837228e-01
-4.777254643294765457e-01
-4.913752228698355373e-01
-5.429004674875212988e-01
-7.342391576912593587e-01
-6.013786623592332070e-01
-6.767213309817950995e-01
-5.820486253955645672e-01
-5.553467421102172841e-01
-5.914200016363158063e-01
-3.792826698375268424e-01
-4.853831114620090759e-01
-6.362471641290190494e-01
-6.720009423869104381e-01
-6.205281390719197265e-01
-5.810482335468639681e-01
-5.791730457513623032e-01
-7.806098548877334897e-01
-6.580252669175030711e-01
-5.479444523697907243e-01
-6.803607349204949806e-01
-6.556233387955537895e-01
-5.829925426340555328e-01
-5.446534074205582332e-01
-4.180741414488626240e-01
-6.054863525368094912e-01
-4.690801421928632031e-01
-5.964940586520425247e-01
-5.821889693096445884e-01
-5.848200366038482922e-01
-5.312438718765665202e-01
-4.685992820409273785e-01
-4.927938734977862500e-01
-5.492306123376493598e-01
-5.920240953952023988e-01
-6.316172898665917135e-01
-5.864171726333178292e-01
-5.519510752722370794e-01
-5.280311412839775453e-01
-3.983708736695513730e-01
-5.650549215308663387e-01
-5.257975125835034902e-01
-6.200439011155221003e-01
-5.544729789631436256e-01
-5.520030282239287711e-01
-4.120316990552005953e-01
-5.714045681862551795e-01
-4.188709676356161538e-01
-5.025520613700062977e-01
-3.832817496271289648e-01
-5.185658662111458650e-01
-3.699732292494601893e-01
-5.220162198236116824e-01
-5.730107128234001035e-01
-4.807530429884360190e-01
-2.929122263233151502e-01
-4.825997276436284067e-01
-4.340875680979904283e-01
-5.614388199487353459e-01
-4.539991712372573596e-01
-5.180965897350608973e-01
-5.040605975718381870e-01
-5.095756947820558880e-01
-4.191034243920969682e-01
-3.039198886956690493e-01
-5.281043688196660479e-01
-5.331756127324226435e-01
-4.026432740987915815e-01
-3.981957925304390189e-01
-6.682273965990775944e-01
-3.655370121263568639e-01
-4.727532189923098760e-01
-3.993992599939829580e-01
-4.790250698596793533e-01
-3.843402601516786588e-01
-3.868776621220602618e-01
-3.621264383114226604e-01
-4.318061847589234059e-01
-4.882468527177942774e-01
-6.317519066114100079e-01
-4.181956679696437473e-01
-3.937529269464567494e-01
-3.478647446940995036e-01
-3.432699899966868418e-01
-6.272572832362377504e-01
-2.470124505547640070e-01
-3.683945743292971753e-01
-4.087761392435070307e-01
-3.770493857417028805e-01
-4.763897707719785823e-01
-2.222215636627651869e-01
-5.085867322891218789e-01
-3.380258605927476401e-01
-6.574767614372685198e-01
-5.009411324335800719e-01
-5.108196107847177148e-01
-3.637315061076482614e-01
-4.202765444576837539e-01
-4.096290305869614845e-01
-3.687447337308522033e-01
-4.286981593498178089e-01
-4.541155239548882450e-01
-4.344680533933890643e-01
-2.933803641757244951e-01
-4.308377822397011503e-01
-3.997415419099118461e-01
-4.372305490222495594e-01
-6.080306420281048618e-01
-3.761710489793202994e-01
-3.851190111116826187e-01
-4.730695518748267991e-01
-2.457236790430885054e-01
-3.157790415833466313e-01
-4.074586177119447483e-01
-2.724303818403816524e-01
-3.670158207295583508e-01
-3.791874837066167014e-01
-2.945220353695372495e-01
-3.253580735186249462e-01
-3.704620784311451476e-01
-3.875835866305516464e-01
-2.264808046746839831e-01
-3.816773433881917588e-01
-3.489898535564620596e-01
-3.598163833729067229e-01
-3.703459490594223080e-01
-3.741538830890516754e-01
-4.149349022148518529e-01
-5.294019883949829808e-01
-3.752908261696150660e-01
-3.449874168446876999e-01
-3.510461250103213970e-01
-3.707361217939593723e-01
-4.278090832862813664e-01
-3.688593150009319976e-01
-2.982500213478228024e-01
-4.141642501001946419e-01
-2.482319158223337541e-01
-3.334421992584670202e-01
-3.652817969923228825e-01
-3.579318077151962818e-01
-3.828179458159146065e-01
-3.159431592249412057e-01
-2.466720129334371014e-01
-2.485082804431370529e-01
-2.540031504818180963e-01
-4.525917046225056972e-01
-2.728722598153365264e-01
-1.795219867380843937e-01
-3.344627779104145660e-01
-4.410110032175819650e-01
-3.972974593326122350e-01
-2.964735129734710206e-01
-2.668928479940055332e-01
-2.855304459195867617e-01
-2.024495002780865305e-01
-1.490870998481232113e-01
-3.731392933589067207e-01
-2.286169200667446111e-01
-3.176409062945204642e-01
-2.113853472441458159e-01
-2.934697245124940901e-01
-4.213753479990801076e-01
-3.447415918150472103e-01
-1.558220612354762336e-01
-9.636697830108911789e-02
-3.647224896229982471e-01
-4.049690807377871460e-01
-3.627720248958231641e-01
-3.821869889406577236e-01
-2.813176668831388616e-01
-2.600842919496808570e-01
-2.258827815781234705e-01
-2.251454231941090456e-01
-2.633191811642547897e-01
-2.930150578708198283e-01
-4.871815682756067828e-02
-3.266922133986547294e-01
-2.071054269570892226e-01
-2.728955905628347445e-01
-1.620439077658140659e-01
-3.236664515970288369e-01
-3.362691079448627551e-01
-1.015183070139114990e-01
-3.106473810287967985e-01
-3.843709718658611663e-01
-4.700069735581173802e-01
-3.172067343122855210e-01
-2.666877181818588793e-01
-2.316826857354550573e-01
-1.693486513045475705e-01
-2.703510825974587695e-01
-2.583724885331298293e-01
-2.037076549827990524e-01
-2.358939455552963582e-01
-2.280827403371211426e-01
-1.518563404488090518e-01
-1.075962271770334183e-01
-6.306460021570496621e-02
-1.796177482241947398e-01
-1.771802500250953816e-01
-3.903040522111921040e-02
-1.727135190255700836e-01
-1.061673217540377856e-01
-2.169638258640377015e-01
-2.025750872182281448e-01
-1.989326088144749427e-01
-3.297844766386116566e-01
-3.096032564398287779e-01
1.702005778800770542e-03
-1.838358210818756833e-01
-2.408726995202370158e-01
-1.538959021987984510e-01
-1.243226653184738711e-01
-5.208585477423847976e-02
-2.994993070856953321e-01
-1.370774918338864556e-01
-1.380517928523497528e-01
-1.884566693752815769e-01
-2.828864059553862220e-01
-8.629954933585413934e-02
-3.271548518232049729e-01
-1.837726868222189225e-01
-2.391224071659968642e-01
-4.454854148297993088e-02
-1.500695483554839171e-01
-1.949472284018909374e-01
-1.288142526621298412e-01
-2.321082732798603609e-01
-1.111802349232142439e-01
-1.201870880880673148e-01
-1.224485360613911389e-01
-1.346370691447969226e-01
-1.385444934512010950e-01
-1.713740783937472631e-02
-4.169054392384297092e-02
-2.022972877926463020e-01
-5.464697780830089953e-04
-1.535723504722153743e-01
-1.219729468437316944e-01
-1.908790925759245027e-01
-1.306390672938880781e-01
-1.246517516356533406e-01
-1.322054799636208089e-01
-1.435225964545006061e-01
-6.908832294275782382e-02
-6.966020370520574490e-02
-1.666626048562385165e-01
-3.233078431597097846e-01
1.094327103725450251e-02
-1.922520675566611048e-01
-9.677771167902697591e-02
-1.226410181116380227e-01
-7.992097023870846362e-02
1.096204228903217837e-02
-2.407208614124605739e-01
-9.043516769841579428e-02
-6.485449562097282683e-02
-1.730107907052020819e-02
-2.659158720130764819e-01
-1.305491938422255749e-01
-8.290648390951881053e-02
-1.316691417916913687e-01
-1.332818323646393077e-01
6.016165752400814797e-03
-2.354130825289268286e-02
-1.195239525385588669e-01
-1.727460416578873725e-01
-6.654591704229492755e-02
-1.073158603918560605e-01
-6.904900091359986170e-02
-1.174322859696477761e-01
2.486638714501611738e-02
-8.317886056025129704e-02
-7.375196423810331803e-02
-5.535454592086049702e-02
-3.786456659976581568e-02
-9.904239544406723272e-02
-4.139986535526667816e-02
-1.885314780308468829e-01
4.316927728484876853e-02
5.849732315555765394e-02
1.950154654432650209e-02
3.742979628081032767e-02
8.722555188309660812e-02
-1.488724892390304658e-02
-8.705726516671506710e-02
-1.817283367951751383e-01
6.010352396450276830e-02
-2.728460562029019765e-02
-1.933536810502505671e-02
-5.955147082218662652e-02
7.549044830713186327e-02
-4.275501507996201656e-02
-3.157927032505782744e-02
-2.254561807074359839e-02
-8.750395446041239755e-02
-1.617926450192060800e-02
-1.693034158810586831e-01
-9.823968526919930888e-02
7.535095926593100846e-02
-2.536234939208222017e-02
1.915565532213797384e-01
-3.274651949566687037e-02
2.548457657453361697e-02
5.577592542657489050e-02
1.497528726967795043e-02
1.286341207067652759e-01
8.955863818233261719e-02
-1.027053326268816819e-02
5.807483300689191691e-02
1.312782579495915536e-01
-7.173231302987845281e-02
2.532760079362594147e-02
-6.334129416435582693e-02
3.704079868525476937e-02
7.793965018913065479e-02
3.021436629331950702e-02
-1.663738445965706964e-03
8.837733623040761044e-02
-8.212553431989304265e-02
-4.383078741308027112e-04
-1.228277864899940917e-02
7.809627197267894616e-02
1.325391120829696179e-01
1.725689547571207516e-01
2.418129988473894515e-02
-5.337131011219392596e-02
8.671860525218196003e-02
-3.938836332773847787e-02
2.393729563622816747e-01
6.410511614397881863e-02
1.978020430526239437e-01
6.572796482611074909e-02
-6.923476094826554184e-02
-1.013928407767860328e-02
7.681032617609380442e-02
1.288018762788878946e-01
1.034880577407904512e-01
1.806678733540551321e-02
1.098637715253247688e-01
1.007934206894711693e-01
1.501289560513864307e-01
7.059915063820164371e-02
1.735378859071422808e-01
9.142075646483251161e-02
1.116762032555868867e-01
-4.243624373091863661e-02
1.636856454694536334e-01
-7.202675041256528798e-02
7.292149283284994621e-02
2.286876372276830938e-01
1.144664584058068951e-01
1.246701688395527863e-01
1.417256688279295573e-01
7.933635210980367891e-02
1.103048752513114024e-02
2.215524182465028191e-01
1.581060506356425296e-02
6.830863753639053459e-02
2.842170423553270764e-01
1.111275688345782359e-01
9.314402655654965835e-02
1.353735543958600185e-01
2.011500535679565937e-01
6.077312933331176920e-02
1.418641157847983225e-01
1.617589268826230553e-01
2.273565897910820310e-01
3.980867385834199745e-02
1.157814948556939727e-01
1.598419584914794189e-01
1.343607548957972408e-01
1.461998358765201345e-01
1.210749591803663983e-01
1.939286016621311060e-01
-1.258009451261539631e-02
5.766003257757867234e-02
8.047984745906830439e-02
5.417267705032945829e-02
2.510931603768633003e-01
2.772381155426090205e-01
2.835768831144212451e-02
2.200922912018150046e-01
1.403600766151940626e-01
3.002702378699275559e-02
2.507416264745100654e-02
2.358664175634155036e-01
2.284181037816663262e-01
2.861211994639950573e-01
5.571689038996394117e-02
3.649938542833763150e-02
1.467379973256961179e-01
1.254107214352193356e-01
1.905041014126890586e-01
2.457977128076947460e-01
1.341157193957345506e-01
1.465319752425956468e-01
1.655101167380683969e-01
2.315230303451308036e-01
2.404927453118133329e-01
2.082578721336828809e-01
2.186687827922143834e-01
2.444017064153481966e-01
1.177667381779880368e-01
1.657646067456931549e-01
1.986957659579596247e-01
1.915605137721793638e-01
2.731103531208188828e-01
2.065826678886386047e-01
2.538459044963918276e-01
3.079637515303936257e-01
2.952747050354622704e-01
3.525126604356081939e-01
1.919739489318656178e-01
5.933911210694609029e-02
1.453251713840396919e-01
2.160395279727644890e-01
2.425344969202296586e-01
1.086479175559175725e-01
4.288608048993151067e-01
2.505404178780805124e-01
2.042074342519647756e-01
2.136028882274227936e-01
2.003322436886839641e-01
3.271095830291260165e-01
3.061718923395949088e-01
1.972300646755860420e-01
3.109753358177126392e-01
3.129250356967652746e-01
3.266479863640218695e-01
2.068126830011631223e-01
1.486456902890114229e-01
1.508966872247703983e-01
3.828385641844256337e-01
2.988336823766162831e-01
2.687594567800897227e-01
4.002453469066155622e-01
3.911655919879686305e-01
2.374023120577427037e-01
3.012248496934041286e-01
3.533633884092048927e-01
2.365642433618741491e-01
2.746465024198155302e-01
2.252858932669085101e-01
3.007120421070995642e-01
3.376209437881594333e-01
2.644221845637048096e-01
3.184377606765482205e-01
2.592838248758048136e-01
3.218362297138178119e-01
2.701785314463761023e-01
2.023871062947283639e-01
2.396964242218181107e-01
2.072232305760093318e-01
2.091557548894358853e-01
2.400958190037275897e-01
3.445051813557244436e-01
3.497848854870379554e-01
1.901486542873251639e-01
3.998926158761683669e-01
3.874209444022025939e-01
1.764021315764260911e-01
3.441748155031642553e-01
4.716242201836109427e-01
3.373125776952678456e-01
4.630204643896482231e-01
4.097247443097677966e-01
3.616968448662753466e-01
1.662480128921812184e-01
3.462384624398732180e-01
3.331672439893194615e-01
3.798540455064767229e-01
3.426193931963856243e-01
2.013497964792038686e-01
2.367369179734416518e-01
4.544626958819173446e-01
3.133750633926689066e-01
4.058822281829647105e-01
3.207490909554631120e-01
3.118652722315775616e-01
2.645163057390016448e-01
4.377238937495237514e-01
4.770840412332207348e-01
3.409726060431927941e-01
3.977098276366622387e-01
1.568039675659896603e-01
3.846465349107895393e-01
4.506860632462368343e-01
3.233915577381186734e-01
3.756017793700177632e-01
3.885472779508934993e-01
4.747593235760802499e-01
4.115669933988572726e-01
4.006596682869538739e-01
3.917532545573981784e-01
4.216874502375481670e-01
2.986019742370636942e-01
2.667753828223469736e-01
3.012778195997249386e-01
4.828158116361805363e-01
4.816100674945966720e-01
3.055145422233488950e-01
4.084442922229341022e-01
4.724046364193406622e-01
4.432361231094585907e-01
5.170159928180924069e-01
4.315957886106643882e-01
4.204835821795884776e-01
4.551090039718274083e-01
3.736650478626354355e-01
3.301134550666984246e-01
5.865596302166440346e-01
3.694685607158911811e-01
3.604956820649989901e-01
3.061174725170072164e-01
4.877648993093258167e-01
3.413198500274697844e-01
5.063056042722782202e-01
5.299996388149039728e-01
4.897385371247206520e-01
5.080723892528792307e-01
5.365966297902287074e-01
3.918886749286042970e-01
3.922003489996692127e-01
4.965635823690322526e-01
5.364722834269740614e-01
3.856030991404912900e-01
3.348938045732365865e-01
4.440643783366396424e-01
4.362258736122373581e-01
4.946426069479042953e-01
3.926282011419555129e-01
4.354512706412291823e-01
5.778800413006863756e-01
3.591488263996379104e-01
4.455884884566528870e-01
4.281639037761935107e-01
5.789763841636947905e-01
4.744351068386608583e-01
3.686388884489976148e-01
4.251645656338522428e-01
4.808063904994142046e-01
5.051396084817051380e-01
4.535957945327503404e-01
4.776312445931844564e-01
5.050968048427241230e-01
4.982975710616038834e-01
2.845693078366937079e-01
3.327292064228890012e-01
5.535075997097763656e-01
5.620775267504313222e-01
5.464126420592358979e-01
4.278545933709657079e-01
5.336112396090845200e-01
5.230204435328875689e-01
4.296989009023159944e-01
5.780225596580402803e-01
5.942244682443933446e-01
5.504452353260393949e-01
4.844748397662074768e-01
5.408970271845577882e-01
6.390282851203652470e-01
4.916575055032413877e-01
4.608139762589658628e-01
6.893540928735669704e-01
4.370108283178119057e-01
5.259328796692190888e-01
7.160670466561360747e-01
4.680692504055498637e-01
6.279507503287038439e-01
4.717098328742951874e-01
5.360757104560902597e-01
5.047586487177861958e-01
6.474911296156299345e-01
4.582229559616466941e-01
5.307599473160570236e-01
6.811453645137094393e-01
5.448927214416844356e-01
5.600665093923731241e-01
4.416003775195551095e-01
4.476143431203729595e-01
6.521487282404659913e-01
6.123000085713549145e-01
6.049252196760936950e-01
5.824015096933989888e-01
6.396744835523417994e-01
5.715981559776395216e-01
4.452024256005445713e-01
4.581351320963489848e-01
4.640333441168990602e-01
6.076864234411566423e-01
5.681918665292697845e-01
6.457037898643964713e-01
5.131332467666667174e-01
5.212648739058437508e-01
4.578683250315034314e-01
5.405519022395075535e-01
4.403050504307018942e-01
5.584487332522792835e-01
5.980091678083057083e-01
6.295916769524760870e-01
6.654542664227005577e-01
6.018944047337362324e-01
6.762162102736722913e-01
7.257152561532640433e-01
5.467545757058125400e-01
4.161326364323426619e-01
5.751582854469008410e-01
5.946880082717898031e-01
4.808813838625268788e-01
6.061872331266247027e-01
7.804421199637432416e-01
4.823917308160123318e-01
6.386944444888064121e-01
5.707573686810796243e-01
6.946172673695206745e-01
5.069503651532573096e-01
5.704937669740985928e-01
7.794150322566916200e-01
5.528237194276375277e-01
5.613077578158571779e-01
6.699502855265579981e-01
6.189762332915864640e-01
7.089912600070976678e-01
8.032704900172417117e-01
6.318150769858922322e-01
6.180053619896395123e-01
6.710669091044869639e-01
5.325090565658199271e-01
8.423842013483233693e-01
6.859089629294820023e-01
6.004019462024807741e-01
5.847917730978191564e-01
6.366816129697638882e-01
5.497768194372332218e-01
8.120402923846586907e-01
5.970910735764861643e-01
6.741726237834412272e-01
5.384122043255374912e-01
6.243669550740685859e-01
7.295380474311392582e-01
5.832726337163389729e-01
6.661223527784146947e-01
7.346110365831377553e-01
6.921410720945255779e-01
7.868922270460393387e-01
4.865356486042990980e-01
6.533075737692155549e-01
4.740898271853200008e-01
5.920926324708666311e-01
6.656235032028237075e-01
6.215829884432888530e-01
7.212213181510556126e-01
7.598168979924774247e-01
7.640728780881733684e-01
8.093119667132597783e-01
8.325749352210759513e-01
6.611699765492562442e-01
6.649835241016378573e-01
7.496902878003646187e-01
5.995990319428308180e-01
6.164044475948673441e-01
8.111879564833123224e-01
7.400652653672131764e-01
8.308807222759038158e-01
6.381577272300401615e-01
8.533825198306895787e-01
7.265588819485224725e-01
8.432973384249760063e-01
6.032463658170703624e-01
7.631019130563895247e-01
6.897884029281254881e-01
9.060366949834580685e-01
7.667748459621637203e-01
8.686171662963781959e-01
6.649437238869052580e-01
8.789893152248711150e-01
7.719191759311593293e-01
7.313665092300195569e-01
7.284465500408188188e-01
6.772605502833736191e-01
6.281520915435122587e-01
6.291191821238285575e-01
7.383798376919158413e-01
9.291108296173908876e-01
6.783893230182599376e-01
7.936582517892540878e-01
8.329484181647927032e-01
7.143553650696735646e-01
8.690873824870901654e-01
7.905108566513887602e-01
8.383846124555531798e-01
6.818831623339219883e-01
7.195730876542050236e-01
7.523026737844121792e-01
7.784121943669792820e-01
8.570056129572025672e-01
7.253603871351079757e-01
7.904489403423688998e-01
8.384851736988948590e-01
7.023925312664979215e-01
8.536065169027510224e-01
7.884388604645902188e-01
8.108229606849769455e-01
7.398942377108920221e-01
7.275118337870795093e-01
7.015764682419194376e-01
8.641908763855904452e-01
7.254348653536573099e-01
7.840358330504171303e-01
8.993982962701823070e-01
8.006265558043277331e-01
8.067321194139221996e-01
7.268450645367275920e-01
8.869998893119704908e-01
7.280479129392212201e-01
7.890188801678984509e-01
6.734315279926430531e-01
8.148603849903995888e-01
6.911267254312158936e-01
8.149497773255618416e-01
7.526498439351668734e-01
7.267898190216486309e-01
8.119208702819169510e-01
7.689730973305823891e-01
7.938610768219022118e-01
8.845046578251132274e-01
7.588211084257167061e-01
8.446119952629643768e-01
8.222368151207540832e-01
7.270492363168671313e-01
8.796789522325831889e-01
7.432624170584468670e-01
8.830873994589395481e-01
8.629569544530603098e-01
8.277902538617737394e-01
9.080752862398496772e-01
8.291492909852564708e-01
9.631334836138716327e-01
1.010059970288080367e+00
8.731408872729717885e-01
8.032646952757807046e-01
9.120199917048477101e-01
9.297400934082726831e-01
9.224470773455215600e-01
9.055309576609408273e-01
8.902820544182148410e-01
8.565808246076462851e-01
9.976005053402527967e-01
9.176395296893831155e-01
8.319533953732675124e-01
8.054700783740844638e-01
1.082386245374444167e+00
9.924760630270994533e-01
1.102209241965599773e+00
9.641488371411801594e-01
1.000731367684690287e+00
8.588624494244505581e-01
1.004893316634559497e+00
9.817091438414639049e-01
8.652178439941041743e-01
9.987378379960629715e-01
9.170499780805204670e-01
1.012449809140481660e+00
9.186709880061396660e-01
9.944294843205436774e-01
8.463509879146815518e-01
8.536466130256221696e-01
9.325164239611128947e-01
9.332234007990258817e-01
8.901924454544856147e-01
9.753629176255760314e-01
9.378312878756152049e-01
1.009111121081134543e+00
1.116657756802627244e+00
9.326677557785019168e-01
7.716218323657121347e-01
7.986217253398985028e-01
9.998363417729299041e-01
9.193715424839675743e-01
1.086411769168566410e+00
1.028223128054604585e+00
8.541503651827341281e-01
9.628086169962145613e-01
8.792750189830598195e-01
9.768134610010545948e-01
1.070339396927152631e+00
9.646921894352795679e-01
8.931728757969381594e-01
1.049912073248721489e+00
8.230700286558448875e-01
9.212020267052193345e-01
9.593656635000888944e-01
1.049934947410155583e+00
9.410747696791482708e-01
9.575106742949528460e-01
9.389682616581975783e-01
1.102357665010163634e+00
1.044728538990386646e+00
1.078851872382365684e+00
9.487098137240438378e-01
1.085356762100772698e+00
