-9.860072807615286594e-01
-9.983677330936848726e-01
-1.044597498488441190e+00
-1.143804276872687042e+00
-9.847277909477996083e-01
-9.373652029774696137e-01
-9.479787482718395886e-01
-1.071254204235576823e+00
-9.889058865974196255e-01
-8.002982078697151724e-01
-9.953888306603544400e-01
-9.188891574448124766e-01
-1.012539011109845788e+00
-9.066700961331747299e-01
-1.041250517710007761e+00
-9.020733024507703313e-01
-1.036161561424666644e+00
-9.873742037260339055e-01
-9.159395063837353357e-01
-9.670050071577114270e-01
-8.896730538240670283e-01
-1.024011843316477988e+00
-1.110423784926780177e+00
-9.677695371113057554e-01
-8.884713022853691911e-01
-1.015764239820456050e+00
-9.986620399032440920e-01
-9.882682906986719473e-01
-1.104134389097960689e+00
-1.045536982729536879e+00
-8.863882092907893195e-01
-8.768874221066018659e-01
-9.029525005323834064e-01
-9.935284081043724846e-01
-8.889962153198697203e-01
-8.744321116793910553e-01
-8.866581847284570328e-01
-8.178884584463144147e-01
-7.685369640083850040e-01
-8.939370756841129584e-01
-9.275591884460067105e-01
-9.558074702401030409e-01
-7.903237915924570256e-01
-9.888464063500124190e-01
-9.257209131126699075e-01
-7.617244291009512835e-01
-1.189199021399585332e+00
-1.076360190148552443e+00
-9.590429014129923102e-01
-8.760560220832629419e-01
-7.790264557646863208e-01
-8.916396491795395285e-01
-9.857622906432915721e-01
-8.071471192543209217e-01
-8.860120874004536740e-01
-1.012005771142330479e+00
-8.670318418377879199e-01
-9.066574507014769635e-01
-8.523421500772684345e-01
-8.065552631724597354e-01
-1.055452957928603164e+00
-8.095927344076172538e-01
-9.915867853454266578e-01
-8.851964007730016570e-01
-8.403871042793346069e-01
-9.252523201738866998e-01
-7.781573422192126221e-01
-9.368889718032227254e-01
-8.962684785971123391e-01
-8.557536605277735742e-01
-9.099419101152992351e-01
-9.290171541426185398e-01
-8.499693646740961173e-01
-7.952857539570776790e-01
-7.626112064900133491e-01
-7.249759935331082650e-01
-9.086163441456216461e-01
-9.005491933430638252e-01
-8.379468205913293000e-01
-7.516641268644618235e-01
-7.200330263526861785e-01
-8.159872822788144520e-01
-8.417717260839610027e-01
-8.063853455069984744e-01
-8.649110628961836911e-01
-6.707185320472413004e-01
-7.008223636682096025e-01
-9.587835294393011187e-01
-8.511071005787669286e-01
-9.084188033067792656e-01
-8.584311227217826801e-01
-7.608812192967648880e-01
-7.179878480787231787e-01
-7.446998021320414551e-01
-6.738231450470055783e-01
-8.524648149829228139e-01
-8.631055139387335817e-01
-8.529384670187144524e-01
-8.981010821099347785e-01
-7.653058113924362527e-01
-9.032219932524792050e-01
-7.238897973314528667e-01
-7.590827871074627975e-01
-8.259041920326054553e-01
-8.947883112097616554e-01
-8.254907154471256003e-01
-7.808555340105423070e-01
-8.344196231003683240e-01
-8.738844206353864053e-01
-7.659273314980798997e-01
-8.730668667250438553e-01
-8.220126950405532984e-01
-8.059165389409330693e-01
-9.062035595485035122e-01
-8.800711846982094411e-01
-8.003956070897909614e-01
-6.955052921142815814e-01
-6.998939777656569827e-01
-8.195922235358198416e-01
-7.970180519392452423e-01
-7.916879169903934255e-01
-7.457641711677691632e-01
-7.647608601886635160e-01
-7.166005292876330701e-01
-7.920053126855973735e-01
-8.639921234419676299e-01
-7.425377475160590546e-01
-7.702574067010041770e-01
-6.980364639416175576e-01
-7.429760750636350553e-01
-8.068576806518585887e-01
-1.013352303036844315e+00
-7.538157484144387688e-01
-8.699683403775700929e-01
-7.905796681769460266e-01
-7.476640988259906084e-01
-7.475285448222833695e-01
-5.763028805380477904e-01
-7.994381908340025822e-01
-5.739714158692641455e-01
-7.985678555844664128e-01
-5.556545267547472466e-01
-7.199539374740898667e-01
-7.498717653321044230e-01
-8.096413688449998203e-01
-6.935457764970008876e-01
-5.626038176148990821e-01
-6.325627063833424435e-01
-7.423587026042347548e-01
-8.056446738516650496e-01
-6.176850915297729117e-01
-7.838968009520427271e-01
-7.519994337591552336e-01
-7.001504838604813985e-01
-6.222003009845055166e-01
-6.697765739953502884e-01
-6.998148464921498668e-01
-8.989418653708373119e-01
-5.208641080857194794e-01
-7.625651767277955573e-01
-7.595729228208689676e-01
-5.391565213324094330e-01
-6.342107516626176444e-01
-7.223032270801100774e-01
-7.146940552105098821e-01
-7.262725827682597890e-01
-6.685507620376607285e-01
-7.454864821350617454e-01
-7.028505779302361978e-01
-6.608246080029086533e-01
-6.227556121218305041e-01
-5.615313313929141126e-01
-6.661293111081314500e-01
-5.974323981091482771e-01
-5.551397196436200776e-01
-5.212582066287946292e-01
-6.468415839473683482e-01
-5.710035126810572015e-01
-6.436930928380486527e-01
-5.974322584163833660e-01
-6.614755621510243211e-01
-6.264130308945162762e-01
-6.179740300228938610e-01
-5.923549906951202093e-01
-7.433377937943856928e-01
-6.487734505329609824e-01
-5.484108626209446280e-01
-6.222841653137812790e-01
-6.194358544962059732e-01
-7.644538789529227163e-01
-6.636941392915748361e-01
-4.558042053441608843e-01
-6.053626144195196623e-01
-6.144132588403193873e-01
-6.276243110648181966e-01
-7.861497294302164374e-01
-7.385520754543652977e-01
-5.564969779113809745e-01
-5.593925175805110062e-01
-5.208336869467083963e-01
-5.931186306334544911e-01
-5.736987503829917845e-01
-6.221769390961197077e-01
-4.379598788817896660e-01
-5.797243490493007023e-01
-7.358513441519866083e-01
-6.996075030172976827e-01
-5.114521728990877314e-01
-6.687427189782254588e-01
-5.811072822238630975e-01
-6.295169847703872001e-01
-7.282846571557826110e-01
-4.970148330103493217e-01
-5.919810284838481484e-01
-5.815745193168730953e-01
-6.927551593705582045e-01
-5.966631522503244023e-01
-5.004010652209763821e-01
-5.860633687789837953e-01
-5.491525459536008569e-01
-6.282320598294621750e-01
-6.102984630854291215e-01
-6.706314482644609720e-01
-4.815974269248695649e-01
-5.675239107466772959e-01
-7.532803684108025921e-01
-6.956280095214404380e-01
-6.310141678045163571e-01
-5.921179717336376713e-01
-6.404506866335787363e-01
-5.208317186027576762e-01
-6.485674822144077423e-01
-5.072638878273760810e-01
-3.819826809514872967e-01
-6.595717452020255500e-01
-4.990983968933607740e-01
-3.866405685657475777e-01
-5.169656938823067316e-01
-4.528438845383164213e-01
-5.615540235764585608e-01
-4.725756640677212794e-01
-6.547124946061918527e-01
-4.170440631929249742e-01
-4.975071865186393993e-01
-5.860101848683902936e-01
-4.969372573148791994e-01
-4.427468043162267608e-01
-4.336605478698145610e-01
-4.923484894567146664e-01
-5.306236507085060339e-01
-4.773549749767491690e-01
-3.970712991595817254e-01
-4.441562412223890588e-01
-5.120058887904371803e-01
-3.947192629546057985e-01
-6.021894265524529999e-01
-5.482426132979868472e-01
-5.602834728836504352e-01
-6.758050410800646723e-01
-4.162001292398055941e-01
-4.304540210156299618e-01
-4.241839467448114687e-01
-5.550708502861577687e-01
-4.826290003163361542e-01
-5.332919645314196933e-01
-4.862509276102122691e-01
-4.506552410281920440e-01
-4.574708840543177946e-01
-4.769954553890023430e-01
-4.786984206662890928e-01
-5.878265332936734033e-01
-4.163283945778283313e-01
-3.859699192537486279e-01
-4.944521602933059645e-01
-4.558139599201964098e-01
-3.836690141536494014e-01
-4.235853866748794383e-01
-4.880665138512236267e-01
-3.343152544207637633e-01
-4.213126944363022597e-01
-5.361530343140469279e-01
-3.049201658083502964e-01
-5.070222505716434069e-01
-4.705460344470578926e-01
-4.914700510895581020e-01
-4.502545898270315372e-01
-3.967822053214910549e-01
-2.587236375669367261e-01
-3.878431913051273439e-01
-5.049973785209659338e-01
-4.480821497267372666e-01
-4.661616294069851896e-01
-3.798956512995625423e-01
-3.747268639269384360e-01
-4.154883331341787667e-01
-4.863274161601712775e-01
-4.508068600813203708e-01
-3.469725737190366144e-01
-4.344092145266830185e-01
-3.729694586298450409e-01
-3.365898761191893906e-01
-2.672584270707081822e-01
-5.217485991951055224e-01
-4.752192995345847493e-01
-4.128184959056506731e-01
-4.387456463836704179e-01
-5.629742194873615935e-01
-5.774855286646813912e-01
-4.198832356967592272e-01
-2.432533031234251908e-01
-4.065625127086772150e-01
-5.324842620377016056e-01
-4.516140587143244733e-01
-3.007021822168626790e-01
-3.141036336187686961e-01
-3.707132893093503245e-01
-3.648694372650758133e-01
-2.951134681860879683e-01
-4.510141317258933302e-01
-4.339215395059282110e-01
-3.090881754392071357e-01
-3.269274009403795866e-01
-3.685093688675001866e-01
-4.443657122336009957e-01
-2.882907183186997346e-01
-3.570276918306765079e-01
-4.674084878830073730e-01
-3.583563503917603921e-01
-2.428209149904354547e-01
-4.050292788829882307e-01
-3.851764068295071008e-01
-2.672902230326968942e-01
-5.185826433656037793e-01
-3.392661777895766839e-01
-2.931683066173691454e-01
-2.957852700357662679e-01
-2.817172214048402901e-01
-2.672057981388867298e-01
-3.044384249591725600e-01
-2.597939051737077065e-01
-2.374276524050300541e-01
-4.377618598259884752e-01
-2.393750238019835552e-01
-1.402995310934256890e-01
-4.517945470687889653e-01
-2.154448460156948020e-01
-2.024520061960250750e-01
-3.170127628031956801e-01
-2.167290926405810447e-01
-3.958462385758115265e-01
-2.701229911324978805e-01
-3.161391962893009278e-01
-2.501784517210403624e-01
-3.077129704271983623e-01
-3.562060509123092800e-01
-2.034257884024661400e-01
-1.828495133238261239e-01
-2.430964197065768884e-01
-3.087409517786922075e-01
-1.456911952241182195e-01
-2.293857227143749900e-01
-1.742510876854224955e-01
-3.273019346284190001e-01
-2.774057302282236237e-01
-1.847263338276959044e-01
-3.727533449174578739e-01
-2.809618080798714224e-01
-3.695013282948238498e-01
-3.869129109211953965e-01
-3.738714107635949246e-01
-2.443243762328323188e-01
-2.087712627464064774e-01
-3.264220507467998633e-01
-1.803284420002917721e-01
-2.341301307380970753e-01
-1.406659008604328742e-01
-3.118567466014151579e-01
-2.731918527060012147e-01
-3.163608082963031420e-01
-3.769221460609645802e-01
-4.494044425589023839e-01
-1.904460369411969944e-01
-2.363574019355134670e-01
-2.516420504967626370e-01
-8.582343080699725291e-02
-2.292360820502294949e-01
-2.818235579367016630e-01
-1.977391741871493414e-01
-2.121333488613523777e-01
-3.147135193220838567e-01
-2.461130182352317952e-01
-1.714353426692548643e-01
-2.238288243698906832e-01
-2.003377829663569032e-01
-6.050190403485636824e-03
-3.711186378954270393e-02
-1.726230055698152466e-01
-9.432849998764863964e-02
-1.694138078347533494e-01
-2.899901395771541379e-01
-6.105425613556049458e-02
-1.443463592145108332e-01
-2.861631391707491687e-02
-3.073212028525697526e-01
-8.764408428248560146e-02
-1.940432784930920529e-01
-4.438584894567795119e-02
-1.135087591759065123e-01
-1.646962984394389762e-01
-1.373307186359532805e-01
-3.205396998102803541e-01
-2.407844819347178256e-01
-1.604359994953930280e-01
-2.902899233912789589e-01
-2.366651661724246403e-01
-2.335754783929206158e-01
-1.370150134023959132e-01
-1.238929120295174935e-01
-1.850958710779489758e-01
-3.469217315972386029e-01
-2.244449934051417905e-01
-2.436384971843774949e-01
-7.599569235114470023e-02
-1.693800597259956520e-01
-1.438501186745534122e-01
-7.884481222505715370e-02
-1.122116672000887244e-01
-1.932651197036718560e-01
9.664151964764774311e-03
5.523551822367877423e-02
-8.696630966732132872e-02
-1.052198227052920793e-01
-3.132585310277528068e-01
-3.958407068671645351e-02
2.532788657647658953e-02
-1.814048717013315160e-01
-3.423201421032126220e-04
-1.521983077741290158e-01
-1.051062898552652392e-01
1.527640431986014742e-02
-1.254319328212701590e-01
-8.747801540629021599e-02
-1.237307958463788327e-01
-2.397410995827870817e-01
-1.630331402958663523e-01
-1.159088256274040801e-01
-8.951671262941980622e-02
-2.315812281228986358e-02
-1.204807985481231997e-01
-1.726474917292511735e-01
-4.794445063759906686e-03
-4.279093606160942753e-02
-9.770383172419572215e-02
-8.352990594349911369e-02
4.922994473240415586e-02
-2.196846064170208598e-02
-2.517539833247419909e-02
-1.330844263717513021e-01
7.102446892290638185e-03
-8.811189970800882695e-04
-3.471416033797278949e-02
-1.758923385169299525e-01
-6.345128624607961065e-02
-8.894214937869049376e-02
-1.752284026531742978e-01
7.371053056716671270e-02
-2.574189358342584555e-01
-2.223002389418229224e-02
-2.896256852728099074e-01
-3.681958085266370112e-02
-1.729069076549874517e-01
2.754377112693872851e-02
-1.326428416048908432e-01
-3.673352532279333671e-02
-3.970903056952527349e-02
-1.289665014473914684e-01
1.644814276982166368e-02
-2.003254175429880837e-02
5.905161703593828776e-02
4.848889438284797321e-02
-2.096120440903816995e-01
4.283552865961393757e-02
-2.376107085417643039e-01
-1.047752470048095713e-01
-1.346177748151273883e-02
7.619018833323378806e-04
4.649911080823426572e-03
-7.880330582902109237e-04
-2.650569766359332433e-02
-2.339218248475933085e-02
3.345806395586588267e-02
-1.590262596763346858e-01
-4.867077695970531415e-02
-1.124594413069823495e-01
1.009835529611750327e-01
-1.718200421636070785e-01
1.441592523636399115e-01
-4.042904183592417600e-02
-7.730701855686211710e-02
-9.773646795671980803e-02
-1.004898468661302169e-01
1.119411457431647161e-01
-1.704847500153683637e-01
5.639572104012905568e-02
1.088048075905172912e-01
1.527806882137050688e-02
-4.254650681310608029e-02
-8.573757050063776641e-02
6.989827582834229336e-02
-1.099262504110559285e-01
2.665304482833001296e-02
1.482489694853562912e-01
1.796202557971789127e-01
-2.216088259613889153e-02
1.186621927504430130e-01
8.957732948890367863e-02
1.892372329120453334e-01
8.456954465250365871e-02
-5.422613321600553565e-02
-6.164438217208225573e-02
8.967131140749509677e-02
-1.568678020840252527e-02
5.915257151450176339e-03
5.574301293214966452e-02
1.835282554999651816e-01
4.917370190372004519e-03
1.209365852680780451e-01
-8.267999437438165733e-02
1.074792566705698310e-01
7.229019371129095928e-02
7.675206215294455570e-02
9.245980153884879316e-02
-1.672071690886411596e-02
7.254521924266135735e-02
8.962819374366719216e-02
1.847014419930448625e-01
1.512976911129920443e-01
1.931887434841424722e-01
5.411784276716135461e-02
9.082346426767989866e-02
1.090895514755693130e-01
3.273574103859384216e-02
-3.309728873184164359e-03
9.413635277283623204e-02
1.450760185110418210e-01
1.805565895390340847e-01
1.934660273119387097e-01
5.147546914133775686e-02
-3.978785154375256809e-03
1.213204799178648208e-01
7.401452532040379839e-02
5.016493296886288811e-02
2.659483047852437831e-01
-1.845918353663205183e-02
1.673114767331004282e-01
1.835193185023057671e-01
2.674420070831378185e-02
1.492825054605664559e-01
1.211266504711793618e-01
-1.498333189810396524e-02
6.771972607209923722e-02
2.026802771462416289e-02
2.520456469184448878e-01
2.153483166772306445e-01
1.022139726730203202e-01
1.997652675742699335e-01
2.111140784575087914e-01
9.015562652720493508e-02
4.873220203222679986e-02
2.480826873357777629e-01
2.455733822310409223e-02
1.664555366911673329e-01
2.160137335459818286e-01
2.014855216703684837e-01
2.618837387130106692e-02
2.400909193817095388e-01
2.646790448424224396e-01
1.002242939016589479e-01
1.794435741365199011e-01
1.251840598900769153e-01
2.227404108920522097e-01
1.692374185183877500e-01
1.336284451922027383e-01
1.590153582105530150e-01
2.482776669371047351e-01
-8.563493592884108274e-02
4.185469439087134008e-02
1.631896929483439007e-01
7.584674262022227109e-02
1.447353183960181922e-01
1.866071023016720454e-01
2.637801150237900627e-01
1.130500575352559600e-01
3.201772075785115912e-01
1.248839108378014123e-01
7.157803888194712305e-02
2.295087687975524426e-01
3.779484721820633997e-01
1.729448564020530377e-01
2.282939621438029032e-01
1.465195663065359255e-01
1.768941721552670931e-01
1.363005566652627232e-01
2.497370364842833035e-01
2.139830454268831783e-01
2.050320841537853211e-01
2.154302601488415625e-01
2.539465539081384726e-01
1.924940266953360235e-01
2.558906207094002738e-01
1.455962631500542226e-01
2.861465623502094102e-01
3.749456274869720218e-01
3.265902820262281958e-01
1.646073432386128965e-01
1.476593831887346997e-01
2.257737564190984425e-01
2.284433039714549307e-01
2.433586992980719954e-01
3.781436745743643191e-01
1.645896343331338663e-01
5.493358927325808772e-02
2.844963266006157454e-01
2.710609453871419827e-01
2.384499029590544106e-01
2.493973893090684901e-01
2.578733435134989427e-01
4.074643935339496426e-01
2.918005283785825577e-01
2.241292856903816522e-01
4.834378962240163391e-01
1.981481704763619067e-01
2.822438658124281630e-01
3.199693610645089614e-01
2.799553819436846336e-01
3.878108669145411969e-01
1.936254155507000363e-01
2.088757537012079502e-01
2.380840918577006859e-01
3.174955938739349448e-01
3.120202808034030495e-01
1.805714688951049751e-01
2.858605681569483803e-01
1.430015489603971290e-01
3.244856795147661455e-01
2.733228963295505909e-01
2.403443574347495226e-01
4.318978092075139719e-01
3.567342487182423305e-01
2.372920268792257370e-01
1.503596757936171563e-02
3.481887616191882695e-01
3.142111438339599827e-01
3.976738078684625699e-01
3.992924596010347660e-01
2.488868719351046976e-01
3.373366221834793732e-01
2.224264184482797058e-01
3.341962094369791414e-01
3.745758765465046491e-01
3.341607877902936785e-01
2.759477816402552963e-01
4.098044224035580774e-01
5.377109994352257116e-01
2.476665026842395367e-01
2.049355621782078252e-01
3.951700106816388169e-01
4.254752644342018608e-01
2.963243975292215171e-01
2.793110892881015550e-01
4.031951549370419996e-01
2.877033065739425521e-01
4.769555331937327947e-01
3.628129110131258495e-01
3.817890521706241436e-01
3.687590853638600952e-01
3.145869972095555744e-01
3.463229443835326715e-01
3.901474521803133810e-01
3.391603696083225206e-01
2.949213002376878112e-01
1.603204772119675992e-01
3.024920904097029295e-01
4.365297018419889152e-01
2.485472735115780429e-01
4.641344331845417281e-01
3.943734885809700996e-01
4.455694315086902169e-01
3.967834593598489890e-01
4.844984003125686334e-01
4.338533481089992816e-01
3.025443019607382267e-01
3.948746794627238099e-01
5.246102830963446095e-01
4.524929973190717769e-01
4.755177403961364235e-01
4.111364208754973437e-01
4.270066235867390758e-01
4.065946398309243093e-01
3.710257013708508356e-01
5.465771186162788897e-01
2.851014870782295207e-01
4.527379411121715824e-01
2.436010788692901385e-01
3.205961437526571034e-01
3.595020270906985060e-01
4.112049686420887751e-01
4.361917415787269214e-01
5.778765312121874054e-01
4.029158338973474751e-01
3.899650601054659993e-01
5.368945745645671286e-01
4.451113194766064818e-01
4.974863984518094751e-01
4.733876496629696451e-01
3.405080226878692828e-01
3.231638092520202066e-01
4.597820886315093225e-01
5.090875815019322292e-01
3.153847337527613259e-01
4.531643746064408784e-01
3.133723557271090865e-01
4.483591026925095036e-01
4.882385754191682636e-01
5.883312194269517681e-01
4.675089771117735826e-01
4.050490881447004754e-01
4.989382019503130206e-01
5.504639621184471698e-01
4.886903223105342198e-01
5.066227591292609134e-01
4.498117943881759784e-01
4.837868342830811685e-01
4.621587972121543597e-01
4.124161966284375924e-01
4.459207087096525579e-01
5.619569789717736574e-01
3.775193433519768993e-01
4.368908207133759269e-01
5.139558844005142069e-01
6.082145701202720245e-01
5.786798150040560751e-01
4.651011134295079397e-01
5.528702089552927079e-01
6.071920088308786490e-01
5.775085242872638469e-01
5.719188744226096910e-01
3.830718517174140914e-01
4.612943212339347121e-01
5.902554014024696816e-01
5.607234405528006560e-01
5.515707000025528162e-01
5.239812312080706080e-01
4.699419370511855321e-01
7.632904908197262195e-01
5.320361689331029043e-01
5.259033401360723170e-01
4.521703459077610621e-01
4.803621488014463980e-01
3.627216737220754217e-01
5.468814984186279871e-01
5.924670904562281404e-01
4.516761057251209577e-01
5.682547299816902431e-01
5.093870727201696980e-01
4.106117511615075544e-01
5.362113761437536930e-01
5.000527751738919058e-01
5.443898225399457225e-01
5.321542961189377197e-01
5.628380234771135360e-01
6.590509406941660320e-01
5.421736900920556268e-01
5.291793853163421213e-01
5.960529439639675742e-01
5.905756452663902811e-01
6.056764479673205637e-01
5.646649875327303114e-01
7.058801339823550514e-01
5.974269356775491202e-01
5.513091161635184090e-01
5.380292736512919394e-01
6.903480476403682786e-01
4.522220192115047888e-01
7.103372233282004844e-01
5.429676907492498872e-01
5.842218148486519880e-01
6.754447656717890158e-01
5.030276135658723335e-01
7.161858042473471242e-01
5.501497299290583065e-01
4.832471928038382103e-01
5.740399544618236538e-01
4.821050389377627976e-01
6.240621649476650878e-01
6.986443505833159762e-01
5.481935540811916363e-01
6.267099459301832542e-01
6.719496507876679958e-01
7.182343225144213195e-01
6.588483130330191617e-01
6.042212798780413063e-01
5.763588326014547070e-01
6.159100420497061190e-01
6.231361504634452819e-01
8.240086214988089353e-01
6.430683637452709878e-01
5.940065288910512109e-01
5.990213672760740238e-01
5.548138385810187367e-01
6.718420934951475632e-01
6.113171890965050093e-01
5.833508737715543679e-01
5.340695152277274982e-01
4.206354117367283041e-01
6.481692586529892441e-01
5.587602200394923280e-01
4.926906916047908425e-01
7.258191927718369296e-01
7.914994363262130017e-01
5.962532937669137167e-01
5.877359193071995946e-01
6.972554443421477011e-01
6.293856251059548601e-01
6.225173827019951922e-01
6.184242327600197875e-01
6.971919232833245772e-01
4.987829935453610419e-01
6.614602943090938103e-01
8.333866838364872853e-01
5.536036609853731694e-01
7.744570121788585393e-01
7.142378927212720274e-01
7.473101082565954956e-01
6.666808857934101162e-01
7.809554053566547527e-01
5.904443498599302176e-01
8.482526685498378294e-01
6.956118704679875586e-01
6.331818924400972604e-01
6.098586726552368553e-01
6.580164729145228097e-01
6.321902337494225144e-01
6.953005901659582433e-01
7.011730907250773859e-01
8.664571135563137183e-01
8.341411866436397871e-01
7.945976455510200820e-01
7.375969910802341323e-01
6.732610581439316677e-01
7.206388397119666278e-01
7.015859777354810367e-01
7.010336971528826622e-01
7.266284036424813797e-01
6.631133427215715193e-01
7.804246301715543899e-01
6.490326300590816277e-01
6.383144574550615458e-01
6.601461010180963429e-01
7.195477380869885753e-01
7.606382857275062470e-01
5.938794175174271217e-01
6.939780590666470017e-01
5.567256191777900654e-01
5.828818478747489484e-01
6.979001327771213736e-01
8.010684259739082602e-01
6.218121037459091172e-01
8.500456504921772849e-01
8.642351366495272247e-01
6.701825589452512499e-01
7.299827096522134573e-01
8.065378085344699910e-01
6.756433399504716553e-01
8.154351493512905780e-01
7.120878461118482772e-01
7.377214950111747882e-01
6.248407059312648393e-01
6.688759620534242556e-01
7.536068260215068593e-01
7.183452971479369342e-01
7.113485794912884908e-01
7.557868368172050433e-01
7.870053443336914034e-01
7.851534635570209808e-01
7.111970363001165474e-01
9.344534961712946952e-01
7.806947109207585944e-01
9.342911046061849190e-01
5.881059099185788064e-01
7.212483517194334670e-01
7.700656089024221496e-01
7.533507675952409999e-01
9.290604467875179795e-01
8.484020417472154518e-01
7.987217518659475157e-01
6.844259304994610993e-01
8.728136942373763141e-01
8.065252583471415049e-01
7.505725785889983959e-01
7.652994037924822912e-01
6.715213036439390271e-01
8.411905421632926982e-01
8.841104080142297983e-01
8.534316665022406712e-01
8.698808290458095449e-01
7.554133152770098336e-01
8.343678912143628335e-01
8.569533993647708847e-01
9.227463660324376482e-01
1.041151619718100552e+00
7.399288183227696880e-01
8.479507883590897688e-01
8.945846083465415211e-01
8.218675196176125075e-01
6.839052444216803250e-01
7.326085877872496877e-01
9.010149954763139180e-01
8.602354073027026482e-01
8.408812352658685541e-01
7.942333056848900341e-01
7.873726852889277872e-01
8.809560776686263806e-01
7.906300587769081734e-01
8.704756235212958160e-01
8.445988741346973638e-01
8.245967718699307447e-01
8.551511466892921520e-01
9.314703902726761964e-01
8.737849155764502163e-01
8.557210201155792673e-01
8.503873899546422477e-01
7.986937143603196620e-01
7.652468427615785052e-01
8.182454343763686522e-01
9.131807974675723028e-01
9.795362017805236965e-01
9.108187906212181773e-01
9.412218431337544544e-01
1.001284550589831124e+00
8.718243085853296659e-01
9.212396278157967133e-01
8.477334397668321309e-01
6.216043402503980131e-01
9.082114709740410907e-01
9.834154423956498192e-01
9.024903126355473537e-01
7.800951596433665092e-01
9.161976977728620852e-01
9.062096522619601524e-01
9.846109440695818282e-01
9.717683610021679019e-01
9.534799458822876828e-01
8.481640729371805465e-01
8.669671037952000336e-01
7.158263416232981680e-01
9.774213035626625468e-01
1.058660343979835439e+00
9.589251706979378120e-01
9.107891823107231444e-01
7.977037495220634655e-01
9.012556490376482099e-01
9.725799333020530568e-01
9.748499536493006046e-01
9.426943863689073444e-01
8.785674058223452709e-01
9.469492775781240823e-01
1.110729680721695090e+00
8.686233727230144863e-01
9.590927666887812952e-01
9.532693098325117909e-01
9.894797059991388144e-01
8.622507508864787340e-01
8.238840332063187555e-01
9.564888583008447354e-01
9.584786904083354431e-01
9.023460309383468658e-01
8.879093027976324715e-01
9.076047180340006681e-01
9.855139588536785400e-01
9.930392462265758002e-01
9.761486272658124186e-01
9.693234578456070283e-01
9.174323117001884631e-01
9.499935862289310418e-01
9.618794314045682192e-01
8.638116902646889583e-01
8.695251188648088769e-01
1.000628446530920312e+00
1.005443238702121933e+00
1.013077247010828463e+00
9.904378720280605508e-01
9.514901100822110713e-01
1.004831324968996631e+00
8.529096537716260862e-01
9.467696827347936717e-01
7.664432301541134196e-01
1.013264419258754767e+00
9.649115677546709069e-01
9.791765740755371539e-01
