-8.478232602923231331e-01
-9.849764020561692091e-01
-1.141962946985182192e+00
-9.489971599778715960e-01
-9.814496832053424269e-01
-1.135012496225555667e+00
-8.492538669037300592e-01
-9.650220041952979333e-01
-9.193440000508015242e-01
-8.357347683064746402e-01
-1.042033834288402128e+00
-8.637047578383120205e-01
-8.317233352053222672e-01
-1.012532293694423657e+00
-9.143557630008177783e-01
-8.548233353959093783e-01
-8.952562074694395688e-01
-8.926085374479800771e-01
-9.160720956661625447e-01
-1.014363735724404636e+00
-7.784199580434547627e-01
-9.314265932425100925e-01
-9.690805776315090103e-01
-1.021202094075684075e+00
-9.405505566080738511e-01
-9.358915790477682073e-01
-1.045850278560618074e+00
-8.030611718655707998e-01
-9.163512468309689130e-01
-1.017757470346405846e+00
-1.078931807380381969e+00
-9.254666524770094327e-01
-1.005341437570676399e+00
-8.437506891557239319e-01
-1.088164328747162068e+00
-9.145668901164663023e-01
-8.212856343635399625e-01
-8.978070732594727321e-01
-9.218366667544197757e-01
-6.432402493394437926e-01
-1.007491470287481317e+00
-9.075489651570445293e-01
-8.916685804313237984e-01
-9.389932808121598251e-01
-8.987490085013930541e-01
-9.169577772908134028e-01
-9.958919733863510482e-01
-9.561425685222877391e-01
-9.883714775568712696e-01
-9.348555321395604079e-01
-9.461317609595767397e-01
-9.197249098065316542e-01
-7.421762748709710422e-01
-9.014524703501713976e-01
-9.250498575428162118e-01
-9.986166688899298371e-01
-1.039657078265127099e+00
-7.599363671689404187e-01
-9.006432146976588449e-01
-9.148148422114653622e-01
-9.098392129662847827e-01
-8.752262739516997181e-01
-8.818529836260814436e-01
-7.509305328880349073e-01
-1.033045924684504957e+00
-9.310083380707219192e-01
-9.170392170839181123e-01
-9.074264281996806680e-01
-8.304106135707596259e-01
-6.490219540392438979e-01
-8.071087524616425979e-01
-7.522890966253964473e-01
-8.574297154224241879e-01
-8.487608407063812477e-01
-7.775502637998437105e-01
-8.303324361281576582e-01
-9.999905395356262217e-01
-7.293138465057175113e-01
-8.751698975503459099e-01
-6.714885465694052646e-01
-8.519919939249841478e-01
-8.252625562429759531e-01
-7.473790552277128629e-01
-9.000530180537863467e-01
-9.221512566645369002e-01
-5.680854108663990765e-01
-8.907630588510286884e-01
-7.740550028732210430e-01
-8.575982733108729050e-01
-6.920149074601077421e-01
-8.557016890590148916e-01
-7.383772144925694336e-01
-7.473893300224325742e-01
-7.159659049442138601e-01
-7.741749305633294220e-01
-8.069654307738655108e-01
-8.641853779303763083e-01
-8.584691466972035334e-01
-8.082116608184040096e-01
-7.438825846367392858e-01
-8.869788017972144445e-01
-7.877654218174907630e-01
-8.784447035795018843e-01
-8.820438798024713423e-01
-6.784409355928886498e-01
-8.075769134777350811e-01
-8.132428144271890424e-01
-6.853318319514136725e-01
-6.109025660293033733e-01
-8.667946780039769150e-01
-9.056723747494083154e-01
-6.948435088550766192e-01
-8.041908955101650935e-01
-6.741033409111679697e-01
-6.682298148804509674e-01
-8.296050869596375277e-01
-7.453582764566004659e-01
-7.490099989880701914e-01
-6.411819653134905872e-01
-7.383779638985449312e-01
-7.522226118167792963e-01
-8.380793147758590633e-01
-8.024144403755359978e-01
-6.547018460253591909e-01
-8.425066462549676283e-01
-8.532258845996628649e-01
-6.981680342694533969e-01
-7.798843497155847349e-01
-8.885585663175338267e-01
-7.523552213413491341e-01
-7.696659124161315813e-01
-6.940019773871031195e-01
-7.004578979661812976e-01
-6.213636465025863531e-01
-6.216376107936356643e-01
-6.985092226830410533e-01
-8.603842116590257882e-01
-6.773605190917580954e-01
-6.958645777042148373e-01
-6.868012874303571769e-01
-7.086278593540278337e-01
-6.865708686499908397e-01
-7.254260820540433530e-01
-7.638169076525511692e-01
-7.018563664159304105e-01
-6.127471582844854492e-01
-6.768646016227387596e-01
-6.684833638549098067e-01
-6.641143487573246684e-01
-6.452527516779467121e-01
-6.444481424949982662e-01
-6.606516960269024352e-01
-7.813034780013032865e-01
-7.400414652388243031e-01
-7.270150399788832818e-01
-5.592356004646994450e-01
-6.299525531721836824e-01
-7.016015661136876247e-01
-6.869838072173823917e-01
-8.777150216858268239e-01
-6.370270088097211847e-01
-6.829294936570790009e-01
-6.469722626195046900e-01
-6.161638147699839418e-01
-6.399772187780911059e-01
-6.379075528570571363e-01
-6.410798972859490519e-01
-6.013880811540703863e-01
-7.059175914193873691e-01
-6.243284023307936748e-01
-7.856446855714281918e-01
-6.545388370352345220e-01
-8.139841892716380700e-01
-7.345712360279457176e-01
-6.861379100471672876e-01
-6.799433937498220448e-01
-6.819697550593604163e-01
-6.129554648649334636e-01
-6.823037304520883639e-01
-7.624018820218366743e-01
-6.247140175891982006e-01
-5.566682145692651851e-01
-7.056473157913476513e-01
-6.099322530430977274e-01
-7.043509000518908270e-01
-6.178226999886005100e-01
-6.583575755830843867e-01
-6.280964888333733231e-01
-6.910001429187523359e-01
-8.009080224950789750e-01
-6.364039921818324119e-01
-5.481766760247143155e-01
-6.953143796297723833e-01
-5.490685630258274053e-01
-6.861091414039558467e-01
-5.773468393532825704e-01
-7.819059527928206021e-01
-5.522705962713585492e-01
-7.073325156070748854e-01
-7.217421402893778870e-01
-5.438778295676836017e-01
-5.016443750684089764e-01
-6.500827099854269431e-01
-4.703368561628289979e-01
-5.724043329980090800e-01
-6.752678955427909857e-01
-5.421089837395665079e-01
-6.357996951752128423e-01
-5.297988033542280206e-01
-6.380191984823658791e-01
-6.489831466083147982e-01
-6.405849403511214568e-01
-6.802110538027424935e-01
-6.901444759762250802e-01
-6.112949439004042862e-01
-7.332136215929530021e-01
-6.520073419066073628e-01
-4.950811774703771095e-01
-4.468412128398313587e-01
-5.260720392874590479e-01
-6.668106110784086660e-01
-5.604008979337982144e-01
-3.175453600646075403e-01
-6.048214523272529286e-01
-4.936020781372433830e-01
-3.957248555192195427e-01
-6.195964462524744532e-01
-4.693624841396953906e-01
-4.314641800662206705e-01
-6.839451866933209390e-01
-5.010118178701128411e-01
-5.922980022588897331e-01
-4.111308354512702157e-01
-5.580946566973933320e-01
-5.613685962160582799e-01
-4.607121677773258761e-01
-5.134089448456721216e-01
-5.879548833566612398e-01
-4.643893675861201498e-01
-4.827360288080979056e-01
-4.877243542282564404e-01
-5.870734538401032321e-01
-4.428065842740133151e-01
-6.137089462188122235e-01
-7.688785904047387154e-01
-4.002269271901437997e-01
-4.385277175194942645e-01
-5.310665129128819828e-01
-4.171701471304334330e-01
-5.318218145890760695e-01
-5.587266504311426685e-01
-3.721091279516006156e-01
-5.748378077432422240e-01
-4.297029787301007153e-01
-5.861042833004741492e-01
-5.775512672981963913e-01
-4.274218528813308882e-01
-3.815069190429267731e-01
-4.523159882743012505e-01
-5.647508479075470378e-01
-4.085697814452072807e-01
-4.876785695374752372e-01
-4.102371499271051936e-01
-5.983939818659920196e-01
-5.664792940459424386e-01
-5.020047682293565794e-01
-5.770336293756059831e-01
-3.668449112275373181e-01
-6.310010186853344250e-01
-3.865183015327708915e-01
-5.064264813228914752e-01
-4.401868602631565652e-01
-5.375000265752178930e-01
-4.777934576316253956e-01
-3.480894011010113309e-01
-5.045098817330297969e-01
-5.853776747652802426e-01
-4.158835363361934601e-01
-5.083966740276911755e-01
-5.351309419657399591e-01
-3.629621004486129898e-01
-3.534892665584885574e-01
-4.500083460163259996e-01
-6.378054392855541099e-01
-4.262693701025774273e-01
-4.462321626486163151e-01
-5.318416915863372063e-01
-3.874135233872431638e-01
-4.581461780338306755e-01
-4.642666147188175829e-01
-4.225383615144078231e-01
-3.542997788607776810e-01
-5.847827325503613949e-01
-3.488257325120376895e-01
-2.572737190157068921e-01
-3.725889919182194809e-01
-3.925860707344507872e-01
-3.928529892585807537e-01
-4.665279700816645780e-01
-4.289996194575146360e-01
-3.970757901134902013e-01
-3.537522866773681884e-01
-3.866500070346977069e-01
-4.772114772561338314e-01
-5.120079646061724832e-01
-3.411184030076710449e-01
-3.760399169000602226e-01
-3.898824031131563617e-01
-4.819606474045178834e-01
-3.170310507396885691e-01
-4.146792872855835643e-01
-3.732862642376696405e-01
-5.502512551675231567e-01
-3.481083241706220410e-01
-2.097451964930458213e-01
-3.803050505086391642e-01
-3.530275812395197721e-01
-3.543827632251420057e-01
-4.229715035715183591e-01
-2.789274427958708946e-01
-3.471608683785171734e-01
-4.147979351409036841e-01
-2.065071024693161950e-01
-2.043613356136531056e-01
-4.826116333978467399e-01
-3.780544600489765261e-01
-4.603138562219954433e-01
-2.668566705429900598e-01
-4.629288367996186593e-01
-2.489800789119893942e-01
-3.763670691684559699e-01
-5.674335422394736206e-01
-3.378073764192794370e-01
-3.766661992260925129e-01
-1.758764545034014470e-01
-3.580744504912909965e-01
-3.080198773863401795e-01
-3.967121911331554784e-01
-2.364508195048186101e-01
-3.335234011918745689e-01
-2.810090098184767626e-01
-4.099736148351157961e-01
-2.244948222391606463e-01
-3.417752709922279308e-01
-4.359878894868474131e-01
-2.842880743808584021e-01
-2.109671505450919360e-01
-4.041574312684949044e-01
-2.978287002006491657e-01
-3.993197209191749475e-01
-2.565461244431533339e-01
-4.287127230331233552e-01
-3.204718047100298395e-01
-4.153483663696129757e-01
-3.473796306332624373e-01
-2.067748291940324501e-01
-1.778890263491383072e-01
-3.447068653708633135e-01
-3.665744490188728721e-01
-3.828310490057227899e-01
-2.303601805838436933e-01
-2.620613688586295176e-01
-3.409686955013593312e-01
-3.421200896357314281e-01
-1.992007406112520362e-01
-1.119624251604056792e-01
-3.155993137558865125e-01
-3.132492771942657628e-01
-2.709141391766571316e-01
-3.092863511702121371e-01
-1.365977401101212997e-02
-2.495577432566414844e-01
-2.391487791574020139e-01
-1.412824186061817089e-01
-2.354143500462826388e-01
-1.294469573318883238e-01
-2.933550331603230754e-01
-2.375919943759258746e-01
-1.551043251444862436e-01
-2.066627696164297923e-01
-1.911546509864995858e-01
-3.938517095311806493e-01
-1.832681792004032528e-01
-1.594831447660512713e-01
-2.129296092791178596e-01
-1.464846968001485006e-01
-2.230372811952325285e-01
-2.440272820577250312e-01
-1.849986828365929870e-01
-2.463158945327865168e-01
-1.493521708927480485e-01
-2.121958395215365334e-01
-6.022078316538427567e-02
-3.334535253685261824e-01
-2.782470298482715432e-01
-3.358913461268588363e-01
-8.505168375418811766e-02
-1.828588259622137280e-01
-2.655549599131087346e-01
-1.333850860339789168e-01
-3.139518423454566998e-01
-1.408148662948769114e-01
-2.918289222527744586e-01
-1.488968018097275303e-01
-2.041022672677322847e-01
-2.919602382102053917e-01
-2.908473059260043847e-01
-1.951677390300058657e-01
-2.383239371682076627e-02
9.033297641183801741e-02
-2.978796737183267429e-01
-2.250514468003886048e-01
-2.080048507261038904e-01
-1.487075568527932157e-01
-1.913108349372043548e-01
-2.015843485670756607e-01
-1.692570676325073631e-01
-1.241890951664094411e-01
-1.410635664352566099e-01
-1.689124500268775753e-01
-1.842449438788721916e-01
-2.998013045090150083e-02
-1.902991194785406404e-01
-5.451631571719134373e-02
-1.395210841876259877e-01
-1.832187779037992570e-01
-2.574724656196592312e-03
-2.032324005941364142e-01
-1.939072556649196755e-01
-1.810046293237117243e-01
-2.498051741438949980e-01
-2.465434922308739826e-02
-2.269560152982807721e-01
-1.165055724301259088e-01
-6.985891716892464465e-02
-1.337500498922220560e-01
-1.104294628738355655e-01
-1.759480393191061309e-01
-6.943618052955630171e-02
5.380916891098035809e-02
-1.077950868347487406e-01
-9.358298156891521613e-02
-7.494059692822610530e-02
-2.407748238299678434e-01
-2.114406458715143711e-01
-2.318550877631391782e-01
-1.308161427266625598e-01
-9.913859664471477706e-02
-2.055632330884667180e-02
-8.268286621013137827e-02
-2.052219278923692047e-02
-9.684744685987244084e-02
-1.137742353331341362e-03
-2.248777845589416680e-01
-1.122355629219408402e-01
-1.839060785987221835e-01
-2.190735523746028812e-01
6.638568492266709586e-02
-1.339495818284244522e-01
-1.181023658874384152e-01
-3.317105583158016374e-02
-6.908200169368200472e-02
-4.109147615926263264e-02
-7.259414941543852751e-02
-6.203268155674165896e-02
-6.675790508732785955e-02
-5.269928077659767618e-02
-1.533231165224366310e-02
3.367871307120559599e-02
4.101162596977443731e-02
-3.973906257790628394e-02
-1.000939040376520595e-01
-1.152837113600513747e-01
-2.148822897023016099e-01
-2.251017655669809436e-01
-4.546640012619636989e-02
6.495118546486215727e-02
-4.325212181780987292e-02
5.226114716160210755e-02
-1.927415351273885635e-01
4.059652752314285573e-02
6.359041716186712712e-02
-2.194474549409967112e-01
1.637909077049922446e-01
-9.315402577995780808e-02
1.409600322624203180e-03
-7.011911636862772079e-02
-2.323770498171614379e-02
1.526020886510974159e-02
-1.381079059839830647e-02
-4.989751906406186127e-02
-5.727652749202993832e-02
-7.024383280502491389e-02
-9.242508477663370636e-02
-4.474484755264618308e-02
-2.462970902602354493e-03
-1.748971127593028640e-01
4.083734802292467159e-02
-6.121143620044292022e-02
-2.683226011553405815e-02
2.452723639852362816e-02
1.442076397879741290e-01
4.124642849805364164e-02
-4.548988270581081489e-02
-4.342747557830296812e-02
-5.265554546176041961e-02
-5.648989285022115031e-02
5.398554152194644934e-02
4.848498800276218601e-02
3.800155200817158241e-02
1.685379918748363681e-01
-7.203987946077988758e-02
-2.168810803962129691e-02
4.585589600190433796e-02
-2.023773264923720352e-02
1.531372584871989462e-01
-1.562185736714529795e-02
-2.828499275051615108e-02
-2.816666229684043968e-02
2.483590009033262783e-03
-8.095676367783549710e-02
-1.732861803898176969e-02
1.000875477866953051e-01
1.467416452094977980e-02
-3.036618265822267626e-02
5.411341762057084170e-02
4.228148481457948138e-02
5.891355526690593425e-02
1.632765268646309831e-01
7.682434714785039975e-02
6.097686161123582610e-02
1.522275043873241585e-01
-5.712938076365980250e-02
1.867083942584458478e-01
2.178946912874274999e-01
1.648494515009674144e-01
6.701980948197004684e-02
-1.065710919614660801e-01
5.524346040566489174e-02
4.478181384783488234e-02
-3.156956846177486065e-02
6.409496079630495891e-02
3.687926191453087810e-02
1.021367816954866087e-01
8.547534479450831502e-02
-4.556596892883635341e-02
2.005717497791600357e-01
1.340696488919198848e-01
6.604077264597119079e-02
9.103251443808348109e-02
5.587221663646949749e-02
1.936484406275192915e-01
2.697386732649965091e-01
8.516160170584372024e-02
1.003509519896821599e-02
1.566455720036794286e-01
1.351594554680552451e-01
1.527051402700157212e-01
1.542671757004301647e-01
2.388612395183328796e-01
1.483398628588149248e-01
2.335450263028585396e-02
1.779313125126913142e-01
9.130403922006065376e-02
2.146255080314789926e-02
1.562569341730846439e-01
2.000523680385139502e-01
1.524576024312183087e-01
1.814541104894248635e-01
1.045706464723073631e-01
1.640131354457887436e-01
1.604678247868308039e-01
1.964666417333443549e-01
1.854894450672461559e-01
1.677901551207010289e-01
1.541882662483737843e-01
1.515291578549324003e-01
8.821672989262552278e-02
2.412944963812639343e-01
2.671712265827502208e-01
1.113503835450799506e-01
1.750715620813536044e-01
1.282487487764361056e-01
1.428900678541799862e-01
5.205454514423250162e-02
1.887739709638454055e-01
1.267818245421010181e-01
2.879836057790157167e-01
1.725167567414289116e-01
3.586832366260554739e-02
2.508724399123423709e-01
2.566771354357981205e-01
1.609747413074497091e-01
2.820213373741132790e-01
1.110026996768949947e-01
2.317508488440567227e-01
5.926651103181804908e-02
1.345228557764602262e-01
2.173530121563434225e-02
1.282091031748686938e-01
1.817003498213381474e-01
1.579788938048955760e-01
2.834238976833129975e-01
7.823029930619919414e-02
3.312331603987117012e-01
3.484717412794544611e-01
8.240194185379184910e-02
4.055106769723821475e-02
1.851712030951215282e-01
1.297776898806090040e-01
2.024006510118346036e-01
1.780618513322947127e-01
1.316337279263350979e-01
1.719150918859067012e-01
2.860392032471420487e-01
2.233799908324359540e-01
1.228968886594560272e-01
2.273570545030346723e-01
3.388931899515520429e-01
1.812174792117959843e-01
8.142356160184861802e-02
2.621590471089519925e-01
2.209755007386232650e-01
1.287952587661604364e-01
3.047084222287338995e-01
2.794950981964742232e-01
2.640486257872093345e-01
2.936108712737637849e-01
3.947372931439199761e-01
2.748094941969900784e-01
2.548267719769533035e-01
2.633891649210911012e-01
2.087600290758042376e-01
1.568923038924960600e-01
3.663814826934970736e-01
7.247492368859682899e-02
2.426217845195982048e-01
8.558832388997912599e-02
1.223433287635323080e-01
1.373537390092806343e-01
3.781849430792610378e-01
1.667006513351381169e-01
4.705338452419552953e-01
3.279156281039048437e-01
3.276683920113583337e-01
4.105199680961031938e-01
1.627825766392416995e-01
2.741469403439542596e-01
3.604412405044103429e-01
2.261100761708591533e-01
2.452116064884755087e-01
3.383024385050947824e-01
3.221851315479234423e-01
3.132284689823334189e-01
3.449190258362664352e-01
3.748737671947290351e-01
2.901811240213928444e-01
3.553634228430533337e-01
3.275330454326682572e-01
3.541100606473845946e-01
7.126603656583989366e-02
3.087076619463424709e-01
4.459088062031813515e-01
4.078061756092399848e-01
4.350805886005519874e-01
4.628927158562229360e-01
4.002869976621978854e-01
4.318083390751019657e-01
3.622358351514453623e-01
2.185222025580404182e-01
4.277950299646720023e-01
2.793402755307677343e-01
2.807849865610086426e-01
2.618007345233123728e-01
3.790835843540507621e-01
4.036219633128230178e-01
3.872345732008111718e-01
3.469337626000665864e-01
3.826042276446715573e-01
2.789430135677624656e-01
3.726629473586830499e-01
3.173505175681617940e-01
3.594694696885534224e-01
4.407171276107849645e-01
3.428120558627707481e-01
4.740383666561274745e-01
3.738438454050169168e-01
3.054961064977399499e-01
3.847249537090101090e-01
5.246234322370858516e-01
3.518395342781713842e-01
3.198401504176758836e-01
4.359528602243853412e-01
3.168752007094026713e-01
4.803976246046524623e-01
4.656747587818490519e-01
2.748495280636679694e-01
3.133404367769587195e-01
3.061691564611079830e-01
3.267850008170707365e-01
2.947709460710284390e-01
4.285210621365835859e-01
1.901189355892280441e-01
4.350609575048867139e-01
2.704099959954124333e-01
2.788902521233840304e-01
3.961127253552795269e-01
4.970555938764882331e-01
1.915711290781584308e-01
4.064450202827366576e-01
5.113613205491824854e-01
5.164915551542362815e-01
3.913920401234947111e-01
3.200977302699541949e-01
4.290220167573556287e-01
4.948526528737922647e-01
4.691959941218130092e-01
3.793387825117650602e-01
3.563321821950347079e-01
4.105353723529369114e-01
4.492769986698229023e-01
3.786300741405951853e-01
4.176487040351639091e-01
3.143284315196985812e-01
5.777906021869100295e-01
4.299081435980320332e-01
6.293197836019177593e-01
3.065332271443767520e-01
5.248271412815440629e-01
6.707974610772574620e-01
4.279976703165959684e-01
4.014732753859421299e-01
5.044725031376817714e-01
3.184208862621406566e-01
4.474054539483470205e-01
5.789547289430708732e-01
4.146130880573022370e-01
4.937775193296606857e-01
4.582981811524017846e-01
4.810937029437816759e-01
6.500432272178716664e-01
5.528669620472058677e-01
4.738170298309571926e-01
3.930643618690046748e-01
4.601068016365593705e-01
4.429963334067573699e-01
4.905703809618225941e-01
4.444031058494479214e-01
5.051962006378564185e-01
4.145442604418132504e-01
6.266009203138783734e-01
5.149527697725472253e-01
6.107609330874799181e-01
5.908112470186905885e-01
3.523607006179223511e-01
4.965662103814192929e-01
5.417050544135064705e-01
6.899584888095717794e-01
7.046641202694785555e-01
5.903517998386946797e-01
7.133456163618453472e-01
7.287857693265045178e-01
5.684769607985972195e-01
3.602977329135099160e-01
3.499727755642040861e-01
5.477741521271011216e-01
4.797719549185089360e-01
4.296337370466202232e-01
4.676296189018074312e-01
5.250301226744373828e-01
4.063486330251333545e-01
6.565122254333287666e-01
4.964046295935323760e-01
5.873223923510807465e-01
5.542871172236967237e-01
4.633741738233435603e-01
4.775801334337980153e-01
4.642934820432359500e-01
6.255796939531846901e-01
5.279589344313656563e-01
4.592665738166051281e-01
7.340611340294105336e-01
6.043659949483087823e-01
5.893578250750978187e-01
5.667335173319104635e-01
6.248402777453564427e-01
6.229075862673553177e-01
5.331885614651243888e-01
6.308497345051518046e-01
5.331660941833318290e-01
6.416495277913316642e-01
4.737748575899217163e-01
5.323393640881888267e-01
6.788826437947349524e-01
5.353812044107960633e-01
4.522348344530425779e-01
5.481627277659680830e-01
4.750165085907104845e-01
6.218081675050063373e-01
7.183235847760740533e-01
4.976074080412433154e-01
6.892492930477502888e-01
6.094517635603106109e-01
5.792814199634900296e-01
5.319270157225648443e-01
7.466985792236349173e-01
6.605880192403887907e-01
5.267085594208059662e-01
5.537145677454556880e-01
6.474036898622724800e-01
6.484828202873654801e-01
5.226586049491114272e-01
6.248986736540568243e-01
6.075744050033895505e-01
6.133980793443273294e-01
6.677488695215718639e-01
6.720786667724532037e-01
5.658700814998652850e-01
6.300730409071874094e-01
5.845817857179808064e-01
4.388693438851326567e-01
6.894979154500062712e-01
6.119230274794560387e-01
7.343036619253514585e-01
5.959238799077019033e-01
6.676308708484834931e-01
5.873227772299131066e-01
6.136587951508590821e-01
6.044721740204425098e-01
6.411763662355015603e-01
5.993242802298092142e-01
6.033519923113406236e-01
5.714565157103596027e-01
5.537580759251435891e-01
5.147733018587556941e-01
6.495792096528275605e-01
6.699095106268285749e-01
7.610955988615534240e-01
5.385194471800868188e-01
6.581444452488405261e-01
6.675144863910013049e-01
7.248926450056966120e-01
8.146076544819194076e-01
7.359477065346676783e-01
5.965333194374056180e-01
7.738959529781768154e-01
4.597051717970419560e-01
7.039852739943579518e-01
7.327462540887558218e-01
7.038798865939223104e-01
7.989552172456959589e-01
8.370990704440955943e-01
6.700489985315728481e-01
7.039678916212059878e-01
6.888195348158101528e-01
6.095880401452387076e-01
8.464099814180681136e-01
1.068660147265739324e+00
7.419377299076331811e-01
6.985277821728054226e-01
7.797038832055699364e-01
8.361126425282074948e-01
7.256113496910806537e-01
6.462312431036011384e-01
7.446362093647558300e-01
6.448500519763266103e-01
7.001119887432090128e-01
7.902997945419308889e-01
6.471644209187531471e-01
6.754863694245319961e-01
7.567431601783044526e-01
7.823842847022984826e-01
6.414912762227781284e-01
8.341275936985487194e-01
7.523439508798166475e-01
7.083130990309365327e-01
6.977436845591743486e-01
6.628491474709992115e-01
8.647809089026744500e-01
8.160615851197919879e-01
8.263630196653161120e-01
7.478220557896863019e-01
7.116828480581470773e-01
6.897111917371150369e-01
6.413532094391419802e-01
6.632279416041345632e-01
8.152366714578863638e-01
7.195402624931023228e-01
7.277930043324727372e-01
8.771405150778904813e-01
6.504202801213008200e-01
9.209572676037515171e-01
7.258997030452037924e-01
6.674370508552480707e-01
7.654755966253582455e-01
7.898398994424976616e-01
8.231475923254036875e-01
7.406101437364508433e-01
6.740982715381822477e-01
8.898424182421551532e-01
8.399855144107405414e-01
8.862842647384359118e-01
8.569660127952630768e-01
7.264310510119033060e-01
8.068927437467732222e-01
8.345831423276468541e-01
8.082699361230591961e-01
7.534685289968128252e-01
7.638349992910413722e-01
7.891180880030721490e-01
8.442905919838179507e-01
7.868695463587407346e-01
7.800589220327349693e-01
6.854511709925334983e-01
9.185219101380881490e-01
8.462500130124277486e-01
7.378949109807044771e-01
6.806386108584295824e-01
8.098545561368726275e-01
8.026313071534537658e-01
7.684469517371658176e-01
1.043125623470513297e+00
7.969289322733483782e-01
8.526080367046680042e-01
8.565894304569865447e-01
8.366294793899361482e-01
9.241636534826566107e-01
8.490798674304538274e-01
8.750475368639712981e-01
9.572341326687361374e-01
8.492435766492054672e-01
8.193001132104886786e-01
8.417567637694167715e-01
8.711887078408812046e-01
8.216715119016629876e-01
9.668102413599171108e-01
8.462680933162209929e-01
8.778691915493908038e-01
9.323285601110304910e-01
7.853903007760412169e-01
8.924141757736626657e-01
8.378042513020407256e-01
8.291834142965128773e-01
9.260809229091853112e-01
9.037138012575836044e-01
8.460756405468944363e-01
9.474060105928903130e-01
9.123361638497320403e-01
9.188772923867049025e-01
9.456123304011870845e-01
8.577443159774150727e-01
8.434869042858834653e-01
8.887928153459414560e-01
9.294103222582553725e-01
8.891255405711662174e-01
7.644538889712436669e-01
8.415230521373041617e-01
9.453744003192785517e-01
8.199497635326554734e-01
1.046734182593742624e+00
8.873536314661609747e-01
9.191246322062314178e-01
6.797706954423572423e-01
9.504135084328982908e-01
1.086384702274489467e+00
8.373694126684927408e-01
9.085540012052000236e-01
9.201863438452713151e-01
1.030079328272798245e+00
9.537815029098172248e-01
7.996804586691664829e-01
9.038131144108603188e-01
9.433486559686441453e-01
9.217709628407362299e-01
1.020480925899690083e+00
7.786919994419360114e-01
9.294975756100166686e-01
9.187713745816947775e-01
9.897177105608692127e-01
8.782085736178063540e-01
9.666773466036072682e-01
1.004189613472117770e+00
9.439171631020637498e-01
9.085668379395022143e-01
1.016548406559601547e+00
9.750112914312950574e-01
9.016941190339615719e-01
1.002781361909658386e+00
1.100860454983206171e+00
1.174121375420275726e+00
9.617971264112987750e-01
1.038550129829674651e+00
1.054677863020443640e+00
1.038470573733887514e+00
8.907486305559103590e-01
1.039349606362469647e+00
9.967322869994214019e-01
1.109182069542393068e+00
1.070742285718734976e+00
9.539010919855179793e-01
