-8.461054894321921038e-01
-9.958064593140895093e-01
-1.146545637265450113e+00
-9.519001891116055658e-01
-1.004649336203161214e+00
-1.129172002354547510e+00
-8.457426623357587880e-01
-9.697222769213676985e-01
-9.065810033684085223e-01
-8.297187664032242838e-01
-1.033287551285742456e+00
-8.514779804658002549e-01
-8.406759579669852434e-01
-9.846207695915333291e-01
-9.251555596325498065e-01
-8.662703226579777649e-01
-8.984957793783833191e-01
-8.902322243160160076e-01
-9.281944548533781481e-01
-9.878729753661020796e-01
-7.714812779296040812e-01
-9.243794258424032906e-01
-9.625601181842102783e-01
-1.019584900585341236e+00
-9.385931481476553762e-01
-9.501321254657412174e-01
-1.044224907247737422e+00
-8.169673657718603543e-01
-9.071231736445077853e-01
-9.874966227502524063e-01
-1.089881462966447501e+00
-9.552141882007996188e-01
-9.938629633859725754e-01
-8.148706453790132143e-01
-1.061802558325711576e+00
-9.222851975737970109e-01
-8.144451820760112426e-01
-8.908326939467678951e-01
-9.357935982961116395e-01
-6.554465754198343097e-01
-1.022838772913742922e+00
-8.931046027774715013e-01
-8.985013096720578796e-01
-9.348585389663579548e-01
-9.145355524711259454e-01
-9.046036634030699686e-01
-9.848618353632918598e-01
-9.368257284335674839e-01
-9.893931815707905919e-01
-9.487172227337620223e-01
-9.495074617394060335e-01
-9.296901506925226988e-01
-7.531051122484794247e-01
-9.155024911894003026e-01
-9.143433792433153240e-01
-9.980506619913712685e-01
-1.044950671382320007e+00
-7.438798334856592254e-01
-9.091341885924852928e-01
-9.061806624162762613e-01
-8.950978956311904655e-01
-8.933787516686517716e-01
-9.159170398703574412e-01
-7.665761515045602659e-01
-1.035690681912069699e+00
-9.576101071299567558e-01
-9.093225769835904249e-01
-8.776778091246506541e-01
-8.482355777728218804e-01
-6.326600547851336520e-01
-8.109542077101126178e-01
-7.487962147302964500e-01
-8.455442062301307127e-01
-8.355003647848080472e-01
-7.689090299729941513e-01
-8.245286707989185615e-01
-1.001912975469536171e+00
-7.369812528865696821e-01
-8.441894900261466272e-01
-6.806069454311576283e-01
-8.626297312796183947e-01
-8.193274692419844074e-01
-7.469185794545218915e-01
-9.037540040616960368e-01
-9.174661690721631624e-01
-5.654459692120492598e-01
-8.636407396699389283e-01
-7.787522957924964961e-01
-8.433080252567529689e-01
-6.732341914768590341e-01
-8.650148771849434093e-01
-7.464348052322697935e-01
-7.410057260647524568e-01
-7.059280650624342179e-01
-7.641840951960835460e-01
-7.812856129631960966e-01
-8.525788507778957470e-01
-8.654720456919988703e-01
-8.113825395532986429e-01
-7.255753872592264342e-01
-8.968450260565717924e-01
-7.964740030436113782e-01
-8.667575546978893986e-01
-8.730253264263165836e-01
-6.839797623137553462e-01
-8.161645642820511970e-01
-8.052231195459431667e-01
-6.573244338093594541e-01
-6.118121397949288776e-01
-8.582385170157478260e-01
-9.188002944056256061e-01
-6.829304508201448076e-01
-7.880249950060935760e-01
-6.859962167803059785e-01
-6.585530708998325045e-01
-8.307128434669681649e-01
-7.334711629706816005e-01
-7.166153076140122646e-01
-6.360160906369367595e-01
-6.950217979251959166e-01
-7.561349968372943486e-01
-8.555043797977117670e-01
-8.007089566989814555e-01
-6.841242612948525981e-01
-8.351408116901352097e-01
-8.682805084929873241e-01
-6.830712231729181294e-01
-8.013431766030443271e-01
-8.681760309372698048e-01
-7.314638582422168245e-01
-8.124931730017576070e-01
-7.301167039055602714e-01
-6.827142720280586774e-01
-6.158660855547173352e-01
-6.031351764576268204e-01
-6.992876124605664767e-01
-8.565749240700486489e-01
-6.775502137884148457e-01
-6.918087896083268129e-01
-6.761854484451673697e-01
-7.205083770159613765e-01
-7.039893853028692527e-01
-7.095615555283352194e-01
-7.599880973695309905e-01
-6.883437615326560843e-01
-6.207180430114104253e-01
-6.637235463106483380e-01
-6.865797684117573851e-01
-6.804357676680337086e-01
-6.188624161356067743e-01
-6.288848825067409054e-01
-6.391942570566084836e-01
-7.960591985950752347e-01
-7.535093960330060403e-01
-7.456730483349441885e-01
-5.681988761417033906e-01
-6.376442941263656961e-01
-6.899874445941975853e-01
-6.838970668325388136e-01
-8.615678812372414841e-01
-6.189998283793075595e-01
-6.718910674787218484e-01
-6.264724927076383842e-01
-6.243375044375505389e-01
-6.539787171175877045e-01
-6.435265107169609866e-01
-6.211432627996492650e-01
-5.889861443217312420e-01
-6.865731171318893988e-01
-6.309307309929186314e-01
-7.842858875360403381e-01
-6.658409779413451135e-01
-7.928154380529996992e-01
-7.413971653432441800e-01
-6.846984565191944760e-01
-6.748889480769849625e-01
-6.658900113314790703e-01
-6.283861473870228087e-01
-6.882325732087165582e-01
-7.527342941520472896e-01
-6.258950701075760570e-01
-5.566823461493507486e-01
-7.178633940336512920e-01
-6.065025039499298831e-01
-7.025100769770051823e-01
-6.273580778904660482e-01
-6.664079623204992586e-01
-6.535923565632184573e-01
-6.969492604865962226e-01
-7.771544245896295777e-01
-6.454943843536069537e-01
-5.614119727482381750e-01
-7.055054705050675112e-01
-5.676023073818424747e-01
-6.817428969444933040e-01
-5.556932770931081178e-01
-8.022079649866709072e-01
-5.317060730897630316e-01
-7.174635031483138636e-01
-7.417606121158225596e-01
-5.400202448181075088e-01
-4.830828244728715415e-01
-6.581987695433638708e-01
-4.916852164820125770e-01
-5.724328106472122979e-01
-6.784675041576841981e-01
-5.437094374711007871e-01
-6.306313332960481466e-01
-5.272668323014292335e-01
-6.264754833592032224e-01
-6.326228102140355469e-01
-6.342632424887767462e-01
-6.903087313356792709e-01
-7.048830364501841306e-01
-6.332258916659361248e-01
-7.313588975819754756e-01
-6.566642220093119597e-01
-4.812404739737101700e-01
-4.698826668957743480e-01
-5.128796701343120157e-01
-6.688300155983285533e-01
-5.638475240501626962e-01
-3.011529463660148620e-01
-6.331345066872260396e-01
-4.844847066512318889e-01
-4.162662456050882365e-01
-6.073830713424211991e-01
-4.804988482109822656e-01
-4.366358149010213241e-01
-7.025315026631233639e-01
-4.928577200850730589e-01
-5.780315598317130599e-01
-4.255268897480020684e-01
-5.778520115458728457e-01
-5.399737382830298582e-01
-4.571576749915454707e-01
-5.294358494324207243e-01
-5.961497777753920202e-01
-4.587902275270761554e-01
-4.972744623513104534e-01
-4.991004256896827140e-01
-5.778875119702775454e-01
-4.251917701147309159e-01
-6.268826524444376380e-01
-7.616423172925912422e-01
-3.825900023523257643e-01
-4.149933398031074305e-01
-4.706513834057460821e-01
-4.243647709382659672e-01
-5.191778069104335813e-01
-5.770649164899747108e-01
-3.810201224896974659e-01
-5.721586113370566995e-01
-4.357318717455722079e-01
-6.008453660303073596e-01
-5.814096574406442119e-01
-4.304253206554282674e-01
-4.010108063263642664e-01
-4.522888165032584173e-01
-5.643220061268524601e-01
-4.229374151191749309e-01
-4.790982812990159934e-01
-3.945812823458710317e-01
-6.280366835413269122e-01
-5.657864239895558089e-01
-4.863042774693206449e-01
-5.470528966562078210e-01
-3.573234703846505100e-01
-6.102211321397857935e-01
-3.878496850776214644e-01
-5.073265351942941592e-01
-4.600756169774445903e-01
-5.434510240003416204e-01
-4.696182367456867568e-01
-3.403455648562587199e-01
-5.050664790996542974e-01
-5.944117189845574689e-01
-4.081549320469685105e-01
-5.118713270677804905e-01
-5.518417002352514755e-01
-3.664242983895162342e-01
-3.589483273332647606e-01
-4.573160700847592741e-01
-6.536134144649726752e-01
-4.424496563326938414e-01
-4.403322760122866386e-01
-5.432179000381350820e-01
-3.846192139433816659e-01
-4.541768768050231109e-01
-4.660031072053409940e-01
-4.229845065938768744e-01
-3.834011803487341608e-01
-5.714141673704179469e-01
-3.470118177584330943e-01
-3.025237518445390017e-01
-3.890446054732514813e-01
-3.870867108844640581e-01
-3.933044766927258351e-01
-4.925086459704626773e-01
-4.496717558234357703e-01
-4.036510819624947177e-01
-3.552007804504665467e-01
-4.035448037777747965e-01
-4.913833398113209849e-01
-4.994353857958053200e-01
-3.456196109655516602e-01
-3.750496841873976472e-01
-3.824396561989787946e-01
-4.816878768209954531e-01
-3.325142930375210026e-01
-4.443026221387881280e-01
-3.729799795595689638e-01
-5.505104107347685849e-01
-3.667361741176872192e-01
-2.336688607888533498e-01
-3.755961605919142521e-01
-3.379304928483889414e-01
-3.540165312056151592e-01
-4.438389272023415266e-01
-2.878241331209699383e-01
-3.527169982311185725e-01
-4.120680060610069084e-01
-2.083853508265682553e-01
-2.020037906747670919e-01
-4.623202103998252377e-01
-3.840081839672586095e-01
-4.412397262091892203e-01
-2.926734346586168933e-01
-4.529597367674664254e-01
-2.495140040740750909e-01
-3.561638411469174592e-01
-5.863644427974115114e-01
-3.188591172453553724e-01
-3.715705910351043140e-01
-2.078705122101179303e-01
-3.785835811737221501e-01
-3.170025869715027422e-01
-3.853569379264978889e-01
-2.301862588851801839e-01
-3.289541752565581789e-01
-2.620318526577894436e-01
-4.181718861257750497e-01
-2.405973579001099982e-01
-3.420928427331352828e-01
-4.595544163138504112e-01
-3.074014382411495716e-01
-2.056109494979882768e-01
-4.003831851597330904e-01
-3.029138030775732626e-01
-3.773770864979428818e-01
-2.444207539849538591e-01
-4.073010174730831712e-01
-3.130729247881486876e-01
-4.138940097876528945e-01
-3.300328024350160372e-01
-2.208506447009482010e-01
-1.683073590360515126e-01
-3.629266405034468068e-01
-3.626702354915076199e-01
-3.876930127385784242e-01
-2.426777735544799752e-01
-2.776345710785318999e-01
-3.474548925718464187e-01
-3.505336208869943571e-01
-1.979735138591341426e-01
-1.083056845708573052e-01
-3.072960661082818068e-01
-3.106271239544637353e-01
-2.874056713775512417e-01
-2.994533535030167171e-01
-3.707704563957853888e-02
-2.621232097402949046e-01
-2.531621254609452421e-01
-1.156733496194340821e-01
-2.132474142446511289e-01
-1.567784408550504660e-01
-2.952593992183936700e-01
-2.518650380774254405e-01
-1.535911054042064794e-01
-1.912015935483613316e-01
-2.270409943748699921e-01
-4.113439465132605055e-01
-1.827585325773286307e-01
-1.493956638119209590e-01
-2.180329262682845493e-01
-1.616194202264393531e-01
-2.514678856071353441e-01
-2.503748443011785119e-01
-1.857633966351047439e-01
-2.626252415751345048e-01
-1.648256326527544058e-01
-2.304913938793816675e-01
-3.217695164674930913e-02
-3.402736294053986255e-01
-2.773149143891248114e-01
-3.149251546726984929e-01
-8.275783505862478739e-02
-1.775381615172010874e-01
-2.745944244999564687e-01
-1.304462261176596583e-01
-3.153650680018079133e-01
-1.081678070745915321e-01
-2.692997428193695808e-01
-1.214548289460945646e-01
-1.882653634980133994e-01
-3.026555909140640765e-01
-2.887980092357562700e-01
-1.855916813806372245e-01
-2.598402808573112288e-02
1.106546824117407013e-01
-2.686039465305426477e-01
-2.124737353204778079e-01
-2.275421895445346732e-01
-1.389686897558223000e-01
-1.874247279379809006e-01
-2.205113677717690512e-01
-1.428104553703162249e-01
-1.026287046152236648e-01
-1.244555859390355373e-01
-1.732532609013301972e-01
-1.787784363624025930e-01
-1.807973065700303750e-02
-1.657561528737332146e-01
-8.420700862262719966e-02
-1.251426598691610381e-01
-1.983951772015329074e-01
4.223026504188496025e-03
-1.981340216578710844e-01
-2.152093155234921507e-01
-1.791703299494830093e-01
-2.672714701164626283e-01
-2.152186454218459402e-02
-2.211799182901083294e-01
-1.152918884646571690e-01
-7.047886127588563754e-02
-1.403730141796649400e-01
-1.242627758881508504e-01
-1.734156349382442175e-01
-8.024922227004960273e-02
5.133512427369604086e-02
-9.790809867556163337e-02
-8.253945239892074293e-02
-6.769257703518963276e-02
-2.172196831331145717e-01
-2.236466373340890712e-01
-2.015299440454832725e-01
-1.440817340282420922e-01
-9.972182521603764616e-02
-2.422420416353282535e-02
-7.868784090540804910e-02
-1.021748789184565541e-02
-1.067215552422025593e-01
-2.474834055704212702e-04
-2.220276233545154798e-01
-1.233157221578122936e-01
-1.834307722750779801e-01
-2.301112778213697529e-01
5.341823211067626975e-02
-1.396425956720189765e-01
-1.027981559297059672e-01
-2.034572553649116253e-02
-4.308431481464450319e-02
-2.638496634026084309e-02
-6.256920647880753750e-02
-4.248048813543459090e-02
-8.012530856649997812e-02
-6.030524707567574277e-02
-6.242832763773678226e-03
2.433211428073561375e-02
3.851017315850864542e-02
-2.733932072012095621e-02
-9.202430769345729122e-02
-1.203116146096524647e-01
-2.005461625452574781e-01
-2.016513135189750283e-01
-4.539353244530847792e-02
3.438133513602529417e-02
-5.986100346097496250e-02
5.038030800612740973e-02
-1.852670034789704323e-01
4.511160243172995105e-02
6.566704087866907791e-02
-2.266589901590597145e-01
1.520825902332044732e-01
-9.517238475845123113e-02
-1.068725560992557933e-03
-6.434385695431017738e-02
-4.630040497011039813e-02
1.541448038742655388e-02
-7.087039578767303886e-03
-3.430534517683354878e-02
-2.672429247469459979e-02
-8.049622568845568593e-02
-6.625485131293511187e-02
-2.428877033678097930e-02
-7.116868140199436414e-03
-1.658257304337582561e-01
2.503128614550849396e-02
-7.738071437420376841e-02
-3.750438154257650092e-03
2.555268636964717552e-02
1.381730314411510341e-01
4.904321537362880956e-02
-1.405366142371640079e-02
-5.447153011779141268e-02
-7.071285660600913625e-02
-5.977311530857291194e-02
4.474689937615975582e-02
5.086103079313433056e-02
2.263069358555578128e-02
1.731442890956753355e-01
-7.291803344073535809e-02
-8.489887458584493077e-03
3.863539724004428494e-02
-3.351659914005137436e-02
1.529629890673935566e-01
-7.638091689300957089e-03
-3.536143768750592276e-02
-4.535998171264839229e-02
-8.913473362748195947e-03
-6.504706149116254443e-02
-5.447130220591824001e-03
1.019798321206895342e-01
6.978323911604686521e-03
-1.639975915026457495e-02
4.389015611835075242e-02
3.519239029846846917e-02
5.411457452234661597e-02
1.770713237572005827e-01
9.468813070542808630e-02
8.157317378117724671e-02
1.728799274023216648e-01
-8.176085114632973549e-02
1.922707765136008329e-01
2.025597037224803332e-01
1.708509878104708113e-01
7.641950458090883413e-02
-1.016461598375557329e-01
6.250916724252605916e-02
2.877120149737413118e-02
-3.512069096069168200e-02
7.710014412255086769e-02
3.741499009203497206e-02
1.125619514014790240e-01
9.305347684360633365e-02
-5.555993134132162364e-02
2.042663384448463182e-01
1.290339306615103376e-01
4.550985759221244653e-02
7.836490446089569573e-02
5.784124644534633514e-02
1.895904230862302531e-01
2.974568913464465947e-01
1.007463513229556878e-01
5.204890796762662135e-03
1.548042810214609877e-01
1.237237291395181932e-01
1.492592800770871919e-01
1.503353268599220138e-01
2.736298275079140918e-01
1.745186735989171234e-01
3.062190370079077850e-02
1.728581109693207440e-01
1.010482440317626296e-01
4.572149572147012758e-02
1.687924110622892881e-01
1.976561705802247493e-01
1.697333582459565338e-01
1.762682192998718256e-01
1.152848961561299956e-01
1.836620846946836472e-01
1.552197294056487098e-01
1.982144485235449727e-01
1.870167869706674812e-01
1.546300294341180770e-01
1.368887179102053486e-01
1.299880837779549270e-01
9.033370996562163635e-02
2.277283670550875883e-01
2.709538082340454124e-01
1.143899481151434971e-01
1.526063904264516879e-01
1.192810531200884788e-01
1.464373112970982493e-01
7.714647469121038714e-02
1.771105047568559965e-01
9.399283659890633746e-02
3.037897352709276189e-01
2.103161986981993969e-01
3.285371844446041689e-02
2.444269173911718107e-01
2.743633059299662169e-01
1.374435523739007126e-01
2.755675383779896404e-01
9.857928823464784385e-02
2.115620154399147912e-01
6.769774571287547060e-02
1.275062715850469042e-01
6.336767256195542652e-02
1.069740325041437928e-01
1.682291726101401708e-01
1.562000116445955988e-01
2.884457920352996863e-01
6.988780058322136002e-02
3.259942176014013482e-01
3.623068820284238711e-01
9.855903059434575897e-02
5.352344380302357513e-02
2.131253058833143255e-01
1.283223982349188663e-01
1.977946253569593249e-01
1.601598006625863657e-01
1.465437969418521003e-01
1.864790618010045697e-01
2.902684277060657569e-01
2.294266257477556858e-01
1.243988464204936334e-01
2.162695506232452936e-01
3.416252046451611069e-01
1.620151960196732355e-01
1.140526682809323566e-01
2.635588794252029521e-01
2.144801123120573250e-01
1.261873408252707496e-01
3.349723772856372794e-01
2.778364016579214502e-01
2.668937299094209514e-01
3.053306809252578358e-01
3.812732502136841339e-01
2.649539528836374891e-01
2.394201609497354777e-01
2.503772715072792310e-01
2.067699461599955824e-01
1.480586508153136083e-01
3.547824254705705949e-01
5.953208377022058823e-02
2.365655944265720456e-01
9.496385858224684617e-02
1.420527168905159066e-01
1.427840403853497808e-01
3.652609020370608528e-01
1.849781123292222607e-01
4.710037488051219134e-01
3.446577647939293998e-01
3.206827246187622382e-01
4.136543252522497105e-01
1.612287404707674066e-01
3.216994967245108139e-01
3.296973299966234894e-01
2.165914442664415018e-01
2.483234140147250468e-01
3.501316259889475924e-01
2.830762714870930785e-01
3.197546618825952147e-01
3.357490013302459331e-01
3.754880634565332942e-01
2.893739537146797214e-01
3.631057707666283663e-01
3.005586071280638705e-01
3.657394290065132392e-01
6.339052919530328845e-02
3.268504488934244612e-01
4.359535139755254529e-01
4.042533150256951147e-01
4.203948450363744760e-01
4.532681835247877600e-01
4.033824541444759881e-01
4.232162742324807048e-01
3.377538544239052642e-01
2.259754980406726843e-01
4.197288732411777468e-01
2.971865594050134840e-01
2.913366148449029747e-01
2.853412567860630911e-01
3.968537682197415539e-01
3.894333856567724905e-01
3.892532060529260152e-01
3.354788922067324375e-01
4.052608255934418979e-01
2.877833122993432857e-01
3.718262758575917593e-01
2.967235159347646478e-01
3.459114378212819196e-01
4.264743199612514024e-01
3.318255711805280228e-01
4.676939373398111832e-01
3.716403979442458594e-01
2.804230248448161267e-01
3.818170092019302908e-01
5.115546925114201615e-01
3.677385573312247913e-01
3.002321268825285383e-01
4.388566302634004379e-01
2.967602734027248168e-01
4.759626024675552292e-01
4.700757601986322864e-01
2.844749135146195651e-01
3.276670225603847131e-01
3.083064116341368011e-01
3.152180924704495735e-01
2.927849819951616750e-01
4.361181314635408923e-01
1.912747070836951502e-01
4.213800956486840055e-01
2.813042386620426272e-01
2.778028300288503116e-01
3.954876045205469315e-01
4.811163796362307177e-01
1.844256175160799704e-01
3.983178075631549908e-01
5.062368328903169568e-01
5.114661190787959111e-01
3.775199537439432595e-01
3.318771085106856922e-01
4.246009566448454842e-01
4.798463795572311952e-01
4.613431729960983385e-01
4.071295985119795513e-01
3.582147684299414880e-01
4.059385218418027907e-01
4.468954584122951101e-01
3.787783367299091264e-01
3.977001933385649335e-01
3.176288949544293083e-01
5.609143852742123348e-01
4.275721693627719255e-01
6.424500241280020063e-01
3.019229463600019980e-01
5.205552925779640683e-01
6.446557427633740067e-01
4.239899936356595900e-01
3.817543085343284015e-01
5.166635598851259115e-01
3.200861298553607792e-01
4.585019676907394204e-01
5.730922799638062948e-01
4.156867326198245838e-01
4.859155486974114369e-01
4.443652369269329716e-01
4.732353231866168186e-01
6.291434791260098747e-01
5.391218321889418297e-01
4.821741451488970043e-01
4.010246799072959001e-01
4.528803153433099138e-01
4.484168391503231543e-01
4.825401249466254039e-01
4.478214337176498749e-01
5.171563355239559012e-01
4.332903091026343856e-01
6.192706732790718149e-01
5.316154814137801221e-01
6.023092421718108103e-01
5.675731888112348633e-01
3.782001425630269753e-01
4.882810196468521657e-01
5.145180519472145608e-01
6.928195628910287507e-01
6.963397453213620025e-01
5.809018542973828358e-01
7.148887928495502031e-01
7.200055197662057482e-01
5.624522468390437124e-01
3.536508846383943361e-01
3.183290456799725554e-01
5.406300062488949010e-01
4.745702895240238584e-01
4.075952388662354431e-01
4.703456502971622433e-01
5.165652271353441405e-01
4.223451497213265848e-01
6.486886200935945146e-01
4.883120626438600675e-01
5.734890706367458124e-01
5.265970804219429757e-01
4.797286808113371825e-01
4.899207603824854429e-01
4.891731583740941969e-01
6.186695764351481941e-01
5.328396571586321295e-01
4.323519623072989426e-01
7.716398333994156644e-01
6.047277080519193326e-01
5.876682723770358940e-01
5.719138642768054615e-01
6.115494007011083033e-01
6.026613130303548616e-01
5.384227332622889550e-01
5.946384825024940701e-01
5.369161697281963352e-01
6.408094028316145829e-01
5.014394222173319537e-01
5.317265484902302664e-01
7.029560525854098296e-01
5.180595134651357903e-01
4.500674240175587260e-01
5.493967175160391347e-01
4.770338017159208022e-01
6.123050004769946542e-01
6.805433723532653412e-01
4.449002593150818141e-01
6.618516389830630953e-01
6.108380628763516729e-01
5.859266634040696253e-01
5.612406815352529721e-01
7.517173379124403310e-01
6.610464545442225059e-01
5.425616397503164601e-01
5.870423410953324872e-01
6.540108204821130089e-01
6.518803287024077520e-01
5.390448272320761403e-01
5.818926847753919107e-01
6.290208121040788969e-01
5.960013010335929451e-01
6.856281940557793497e-01
6.658311613976166665e-01
5.629034197779931858e-01
6.208963509635481159e-01
5.922767679545459796e-01
4.282873476880940666e-01
6.837200343923379720e-01
5.875040136861591211e-01
7.268647367463773046e-01
5.692656870489328780e-01
6.540953999817959996e-01
5.847266839011073802e-01
6.106820774793457751e-01
6.184867726499371221e-01
6.488274965063759447e-01
6.032110946387860828e-01
6.226741804989618378e-01
5.848212486130304200e-01
5.472120366024549876e-01
5.300701706454858941e-01
6.534592672343582098e-01
6.534330727948969297e-01
7.653886552073850824e-01
5.384315555980805357e-01
6.544928358580607286e-01
6.681212065655719456e-01
7.243889416870588072e-01
8.265651298235708877e-01
7.312759378482319716e-01
6.111749574015785669e-01
7.855587376613620831e-01
4.467432033222503152e-01
7.053630227737219816e-01
7.441011276707546473e-01
6.920817708662216905e-01
7.928336356078837799e-01
8.391761862745700240e-01
6.346346671014565510e-01
6.942109367382430785e-01
7.242640022331700012e-01
6.137814642189998171e-01
8.467229322995677432e-01
1.064351316121279645e+00
7.431534324263890934e-01
7.171602203920217633e-01
7.883552518487770833e-01
8.584837273160382809e-01
7.194937558944787259e-01
6.767816669068936752e-01
7.494749367664867989e-01
6.365825370031519270e-01
6.953125000452801130e-01
7.874015759320973640e-01
6.797789736562535046e-01
6.826103454440519691e-01
7.528219695472683215e-01
7.789873759130054864e-01
6.227597592289692008e-01
8.530455406119434869e-01
7.518663493586471569e-01
7.117043776973208669e-01
6.986770753911671905e-01
6.466899077323806644e-01
8.536398719994878759e-01
8.271902941245512508e-01
8.390289893875805260e-01
7.506423803319643984e-01
7.235455322753759910e-01
6.891974272841075999e-01
6.511706085504597175e-01
6.717686197256749203e-01
8.312073781763369418e-01
7.163400401087803848e-01
7.215155907322445827e-01
8.831086528015426040e-01
6.548299604786020911e-01
9.176193441871655088e-01
7.120941930660560359e-01
6.572655127762245808e-01
7.827668060388764948e-01
8.009269528191622634e-01
8.051184696400121021e-01
7.774728445961471834e-01
6.720311281092030686e-01
8.874457298771197822e-01
8.418715579723955456e-01
8.788274596378781167e-01
8.564070749760167578e-01
7.536532404335476443e-01
8.011275443052751077e-01
8.176454894421800734e-01
7.906355648510312584e-01
7.459105346209242704e-01
7.456880650914570197e-01
7.808069988572454712e-01
8.510953293309799772e-01
7.768794546918678101e-01
7.902539734108720015e-01
6.901359688223416278e-01
9.272891824714496467e-01
8.383784126900788447e-01
7.696799514904851813e-01
6.609586895447985277e-01
8.158056635792022560e-01
8.076475371746919540e-01
7.797921298368821752e-01
1.051640801472729203e+00
7.712035655996818395e-01
8.449426542054315759e-01
8.672859933818485301e-01
8.361207438789277635e-01
9.266046032466154214e-01
8.695879814417221132e-01
8.592964280702839464e-01
9.674342122822712220e-01
8.321632561496014047e-01
8.105934010467722439e-01
8.339700991727220236e-01
8.496086181781622448e-01
8.384812034385096258e-01
9.615112443212744386e-01
8.486537781114269485e-01
8.692824109979472302e-01
9.364039077624072283e-01
7.812726050026341795e-01
8.962010355636814696e-01
8.233096627038173354e-01
8.422049434986214056e-01
9.603247352393867731e-01
9.061877777150638691e-01
8.606079713597669656e-01
9.190548210704808652e-01
9.092103986055125597e-01
8.976105062653396693e-01
9.552395987346241624e-01
8.386655830370073339e-01
8.296504332534053727e-01
8.869025923010231960e-01
9.385091648033254685e-01
8.532883069206342874e-01
7.510272415804791768e-01
8.304906236403106767e-01
9.651820860308617522e-01
8.133412678702180987e-01
1.045299182230920998e+00
8.560625845524668653e-01
9.297521324326866177e-01
6.732144979796413908e-01
9.500932340461287762e-01
1.066544730681424635e+00
8.255162088438667833e-01
9.030381112709965352e-01
9.461633641930652372e-01
1.029628289793362850e+00
9.683954142329058712e-01
7.771828476283442200e-01
8.893953467905091337e-01
9.267487143699124630e-01
9.215522853397745129e-01
1.026438439483259968e+00
7.729608098871957322e-01
9.078361198901344631e-01
9.152946280633579290e-01
9.634634079113914007e-01
8.767993816975807597e-01
9.651616136068433827e-01
9.988750636830679985e-01
9.412375368437152501e-01
9.088682451190924771e-01
1.037931504650558390e+00
9.581124488359021862e-01
8.700447225969807352e-01
1.003933040568418367e+00
1.088469777717484321e+00
1.156465308839687678e+00
9.591465180879154007e-01
1.039380417751960772e+00
1.069423208293455163e+00
1.051805001969105202e+00
8.932520382186893704e-01
1.042491601122222500e+00
9.908891251345415263e-01
1.139765636113504010e+00
1.078032942351206502e+00
9.411687235673950047e-01
