-9.951223610093781202e-01
-9.983694458439635877e-01
-1.057018917445806006e+00
-1.121279187021746671e+00
-9.915880446076064114e-01
-9.158497416053061890e-01
-9.251985615975827359e-01
-1.069334853953136877e+00
-9.860245865325218961e-01
-8.079800304026757418e-01
-9.962246213886778445e-01
-9.330018253828209485e-01
-1.008297249030982501e+00
-9.053592792185558569e-01
-1.024585708736129863e+00
-8.871128820820649574e-01
-1.033367683336721576e+00
-9.983763992514872454e-01
-9.313638127198358152e-01
-9.603243337257715284e-01
-9.042557197754561571e-01
-1.034562773840492333e+00
-1.109181839371468747e+00
-9.800351839429123357e-01
-8.976289071253030771e-01
-9.995757912677964985e-01
-1.014988176215584792e+00
-9.844810987418829429e-01
-1.138583135916237721e+00
-1.023559957362390804e+00
-8.773566308482094733e-01
-8.803003380890358498e-01
-9.123307522169151751e-01
-9.748219162804618865e-01
-8.901497425442500555e-01
-8.719107252635329708e-01
-8.919962392922582417e-01
-8.345006407216908340e-01
-7.705245983156783218e-01
-8.825946716818716675e-01
-9.410872536885686035e-01
-9.548110742811545260e-01
-8.116544372046347045e-01
-9.776869565276451457e-01
-9.305050614007257526e-01
-7.733800292383540276e-01
-1.193268249561772576e+00
-1.066444655318632417e+00
-9.611663869094209112e-01
-8.540685984177291967e-01
-7.809520916824062020e-01
-9.086332736734041848e-01
-9.773656109271222636e-01
-8.193724449777595176e-01
-8.936813346078049669e-01
-9.982895448332066435e-01
-8.635006293703929581e-01
-8.873236371382664522e-01
-8.371059076181330827e-01
-7.910695775232742255e-01
-1.071844390872851882e+00
-7.977689134048339126e-01
-9.986940844768268377e-01
-8.717779561742322603e-01
-8.522052761250705766e-01
-9.040223131209903507e-01
-8.038324618569610003e-01
-9.405659590545734083e-01
-9.026573889912210547e-01
-8.663280364221112029e-01
-9.067872024206341530e-01
-9.386579476107077546e-01
-8.543045732358909294e-01
-8.002064662602683676e-01
-7.832822169028318404e-01
-7.265724266254929287e-01
-9.107015938831245494e-01
-9.171366959898710203e-01
-8.589785727013155014e-01
-7.732191295994080837e-01
-7.128984105879466737e-01
-8.495449924415365839e-01
-8.575191195941985756e-01
-8.176909212457211806e-01
-8.520292657746084686e-01
-6.983788789365935612e-01
-7.109099294969218885e-01
-9.713548516022164625e-01
-8.365583361592541234e-01
-9.149307455006966405e-01
-8.563304455222574552e-01
-7.545047453118141068e-01
-7.340616464513418649e-01
-7.375635543938244831e-01
-6.510160283182938601e-01
-8.594376053445541563e-01
-8.719044477334375598e-01
-8.495019478159865356e-01
-9.222618447679269416e-01
-7.770077742523412434e-01
-8.901736704384601850e-01
-7.336868614933088617e-01
-7.491462994308664136e-01
-8.443526724350307600e-01
-8.950127036287911508e-01
-7.937193542580026628e-01
-7.754114380875110069e-01
-8.357609703830510828e-01
-8.903736152053880470e-01
-7.679176265130898127e-01
-8.619321814732300302e-01
-8.443332329153776517e-01
-8.080734954169762618e-01
-9.086857034495616769e-01
-8.602177819651476431e-01
-7.771864429522807871e-01
-6.846118197772989022e-01
-7.224838447492012428e-01
-8.159840726298736024e-01
-7.816417448764938491e-01
-7.747093167060247199e-01
-7.414869514842420406e-01
-7.774220275588924478e-01
-7.084197487039605168e-01
-7.847156993136538139e-01
-8.645782563338364479e-01
-7.486870288369886772e-01
-7.836291678784328418e-01
-6.787257435676993245e-01
-7.394577126719122928e-01
-8.036467739315737990e-01
-9.730438915162290536e-01
-7.588152536993735264e-01
-8.657314683910961595e-01
-7.996223888737726826e-01
-7.590304746374229028e-01
-7.469349643636260527e-01
-5.894232284410483302e-01
-8.075839935174914386e-01
-5.805224309344878542e-01
-7.999479061036607330e-01
-5.721602725517475063e-01
-7.277512773299880111e-01
-7.334425459963552774e-01
-7.858645400105457313e-01
-6.495911285022141213e-01
-5.550996052292509475e-01
-6.224913188888278048e-01
-7.306462186589364194e-01
-8.040998712549771721e-01
-6.169219896263009595e-01
-7.649055607321048056e-01
-7.502812861898369157e-01
-6.797550448909744913e-01
-6.332970867348173272e-01
-6.728193053549766933e-01
-6.878539550427962279e-01
-8.752077863759347709e-01
-5.003268333910954047e-01
-7.363548734929766804e-01
-7.531388519337002263e-01
-5.373192423620373193e-01
-6.223010214306752275e-01
-7.256510702702847482e-01
-7.076364436458627560e-01
-7.378006177976724755e-01
-6.632771041881624363e-01
-7.434986238036006556e-01
-6.989212609999398973e-01
-6.572778062560541423e-01
-6.366245254637169504e-01
-5.962287946259733351e-01
-6.983558994890001204e-01
-5.994316261873162688e-01
-5.468884018505084654e-01
-5.078189475761141214e-01
-6.392547464565909721e-01
-5.581266029776632553e-01
-6.545857542367137238e-01
-6.137567868025328721e-01
-6.685329006701742349e-01
-6.432053646654715129e-01
-6.155355558506098168e-01
-5.853954436568614694e-01
-7.147229921631398364e-01
-6.652451730120439999e-01
-5.769596905663829656e-01
-6.103003108886565498e-01
-5.980209723673937106e-01
-7.639838814409102286e-01
-6.718792107998743379e-01
-4.743461561509210167e-01
-6.043190756870014946e-01
-6.026798602024632245e-01
-6.239652312528601863e-01
-7.868464255692757536e-01
-7.317006169193535081e-01
-5.395292147439645358e-01
-5.595349198474911523e-01
-5.370994867845015897e-01
-6.023939836585971985e-01
-5.937735538877946251e-01
-6.150537470788252081e-01
-4.402815510667448806e-01
-5.738593095191073523e-01
-7.303714054588831273e-01
-6.824069391566434106e-01
-5.063280336081685817e-01
-6.538297953294005538e-01
-5.878345043965124139e-01
-6.069931067338351083e-01
-7.076128500163146873e-01
-5.239206330100281139e-01
-5.972552615241496499e-01
-5.943561423805580057e-01
-6.832968197511225528e-01
-5.960728436064530733e-01
-5.246237129346208450e-01
-5.853695628342229229e-01
-5.298345386577523186e-01
-6.137446216300093127e-01
-5.998482640674301924e-01
-6.659176534452181384e-01
-4.771225316443507558e-01
-5.786553886815903880e-01
-7.470718009441251750e-01
-6.877157279986892968e-01
-6.425847563058743050e-01
-5.824982862487861901e-01
-6.559819480584236917e-01
-5.301949056755256295e-01
-6.280202436446776781e-01
-4.996937619401101704e-01
-3.912208918643800271e-01
-6.424138798797194294e-01
-4.958381016480531978e-01
-3.897970470326626025e-01
-5.089604928153126373e-01
-4.637487851929640859e-01
-5.715574017642620630e-01
-4.575454784036732114e-01
-6.593696656529198785e-01
-4.344705905576261018e-01
-4.711435886198376277e-01
-5.830248722272718398e-01
-4.748398145877619214e-01
-4.531069943007693390e-01
-4.287667459100374390e-01
-4.622240948195036614e-01
-5.279385207654936352e-01
-4.702437092609287883e-01
-3.967253670007023780e-01
-4.514559607709855427e-01
-5.086187951691663045e-01
-4.224383138851701136e-01
-5.931999791175807113e-01
-5.235057007477623703e-01
-5.735659971846732708e-01
-6.824810363541554681e-01
-4.297921636975761128e-01
-4.345686467674982345e-01
-4.173579577560661558e-01
-5.306122282394707401e-01
-5.119881226028633048e-01
-5.258255502291661054e-01
-4.676045763190211924e-01
-4.421309423120713955e-01
-4.871838989211729198e-01
-4.948897277609572432e-01
-4.495120514081136220e-01
-6.052664715516113958e-01
-3.988051823567191345e-01
-3.703578674708393192e-01
-5.156580057205032430e-01
-4.361758718874490515e-01
-3.822825310725048720e-01
-4.197410800684377441e-01
-5.154160286030041727e-01
-3.384831403648011494e-01
-4.015163037335554574e-01
-5.401379759165682026e-01
-2.890595493331168941e-01
-5.163294731749269451e-01
-4.746287077480278449e-01
-4.964123765116091325e-01
-4.338423284893037080e-01
-4.175005066917781837e-01
-2.733191264966409184e-01
-3.847520693325401364e-01
-5.073541603386688692e-01
-4.431948887738952347e-01
-4.431651298394104210e-01
-4.027444706705073929e-01
-3.688368749532038304e-01
-4.024121998789395582e-01
-4.787236136116181373e-01
-4.300212529728669741e-01
-3.695495557113555041e-01
-4.476424961909817313e-01
-3.611679814413037981e-01
-3.242179960087699930e-01
-2.452462030525255354e-01
-4.982015258301472627e-01
-4.476247880791489608e-01
-4.318900164508261974e-01
-4.227309781370749420e-01
-5.378342352611615862e-01
-5.751460309189770914e-01
-4.038295810613630188e-01
-2.294340845467622292e-01
-4.349915322503267734e-01
-5.492238302611979206e-01
-4.416442885209114211e-01
-2.949052465788661315e-01
-2.970463280637288261e-01
-3.695804624663613369e-01
-3.554386897337731832e-01
-2.908877679860606968e-01
-4.573146390096071712e-01
-4.170324584542771662e-01
-2.967022387617512802e-01
-3.449539913203646946e-01
-3.802711014036684323e-01
-4.348339131183653894e-01
-2.874095129198240284e-01
-3.462392732454429578e-01
-4.695368717829166427e-01
-3.701480072854005932e-01
-2.347794550432092953e-01
-3.978522416627081615e-01
-3.842962146200573081e-01
-2.896434517619111415e-01
-5.130444125745237116e-01
-3.543991249178238268e-01
-2.643733469720279672e-01
-3.021744385569776203e-01
-2.702534939164828454e-01
-2.769719348574469775e-01
-3.164943772213238971e-01
-2.520899550295929714e-01
-2.410075044910963693e-01
-4.349587745135667372e-01
-2.565347732011420967e-01
-1.441332474337033986e-01
-4.317863027073946536e-01
-2.282513527056332647e-01
-1.909180225220007965e-01
-3.123099783270357199e-01
-2.011288288847216110e-01
-3.876014112745178597e-01
-2.811294580741445226e-01
-3.137791535568559276e-01
-2.676573694103315249e-01
-3.143172183021095134e-01
-3.733965805150019079e-01
-2.144842696450131037e-01
-1.989454416729333486e-01
-2.223383987062152733e-01
-2.844746177743345816e-01
-1.304474847513626967e-01
-2.373500353132964313e-01
-1.925017850773713401e-01
-3.301893275852703646e-01
-2.867876540639101579e-01
-1.954045548589222470e-01
-3.865353522094143734e-01
-2.699298936549187067e-01
-3.876050408125245039e-01
-3.822066258752745416e-01
-3.510824752826222639e-01
-2.157811572103369435e-01
-1.964528192704137755e-01
-3.360200263882068272e-01
-1.727326140170361291e-01
-2.156791934256946097e-01
-1.607386422611020715e-01
-2.997669907771621234e-01
-2.523649812412348536e-01
-2.982426497577432278e-01
-3.823964497096173920e-01
-4.596294052441327604e-01
-1.947947060545424658e-01
-2.281546112091727696e-01
-2.483718334932163707e-01
-8.433684976018153423e-02
-2.330663070331955855e-01
-2.673029273586716714e-01
-2.030753930844879651e-01
-1.898945457600579867e-01
-3.043490158749752594e-01
-2.381942928979406127e-01
-1.980260968897600282e-01
-2.082465636132099784e-01
-2.010339490414491948e-01
-8.479918824903304869e-03
-5.559891381126335491e-02
-1.661741610791582779e-01
-1.013322453482112945e-01
-1.906652287891432151e-01
-3.126788764284365030e-01
-5.949735221102293165e-02
-1.380671273016154943e-01
-2.963337299523313359e-02
-2.962774683066873860e-01
-1.192421525912241431e-01
-1.663568301567387442e-01
-4.347616692745050887e-02
-1.134924593458282588e-01
-1.843097106302683252e-01
-1.210548061226024152e-01
-3.098189851937181438e-01
-2.114958808593566109e-01
-1.623185301671589142e-01
-2.958100561863810096e-01
-2.283225519317575170e-01
-2.194487435836806610e-01
-1.423998291911340031e-01
-1.336321307135524827e-01
-1.458312311884764345e-01
-3.459585520293111394e-01
-2.145932374899721662e-01
-2.547552854605620865e-01
-8.425320115239902374e-02
-2.111539708132845472e-01
-1.467817304774927667e-01
-4.818348576775341452e-02
-9.322504495853424500e-02
-2.231514166874591365e-01
5.308442785903193673e-04
3.394922233830657832e-02
-8.269470374436663218e-02
-1.003776231693950666e-01
-3.066894997574989290e-01
-4.258125119535998565e-02
2.508808458266331698e-02
-1.775853886693270212e-01
-4.133606208440222113e-02
-1.428900814307700051e-01
-9.572489457536616231e-02
2.107936970867162890e-02
-1.171530418504945908e-01
-6.353657688168608264e-02
-1.079743961120929879e-01
-2.428685363199238334e-01
-1.467356446706946649e-01
-1.269496091299399110e-01
-7.907994190872315310e-02
-1.246984028613589215e-02
-1.482990079084872126e-01
-1.821211031201804276e-01
-6.406238050730714631e-03
-5.077117609939316156e-02
-8.747700946897797591e-02
-9.124479271222284138e-02
4.720543961457453197e-02
-3.953221175685416727e-02
-1.790811652248673960e-02
-1.557442492320532390e-01
-6.511884255804657740e-03
1.407317120308227516e-03
-3.968339492246700240e-02
-1.710979143850513140e-01
-7.388263857977302174e-02
-9.106369921591148109e-02
-1.640229910383062539e-01
5.954053261981712836e-02
-2.514531333860466900e-01
-7.739067895275958918e-03
-3.054913159908712594e-01
-4.045275111122412226e-02
-1.577304608687054299e-01
4.657335512226274538e-02
-1.222941544832795852e-01
-5.266798429915494489e-02
-9.866587035644717660e-03
-1.246814258610186577e-01
4.222018997352459946e-02
-2.651972189527741774e-02
6.866890212378057301e-02
4.807483836777973196e-02
-2.004813134192959811e-01
3.301952127605108089e-02
-2.256955322870741742e-01
-1.088368521013757945e-01
-2.954841117000825759e-02
-9.700308507403014938e-03
-7.525648371007738653e-03
2.837495327094931644e-03
-6.471472655915695704e-03
-4.285561657952664805e-02
2.925132355235194812e-02
-1.460392099287453616e-01
-5.410207924696521647e-02
-1.075900507910512449e-01
7.487853757933476961e-02
-1.613590198032757161e-01
1.291284560819807581e-01
-3.556418022079491092e-02
-6.930853147891692656e-02
-7.640231639119091089e-02
-8.076503637525186963e-02
1.278337362637529395e-01
-1.505560959716031877e-01
3.226388033484630519e-02
8.573073860164312499e-02
3.894879846895059339e-02
-5.048779333221372484e-02
-7.457735204797129314e-02
6.872616364029854319e-02
-1.249051743501447959e-01
2.766022394247466890e-02
1.556712469800842769e-01
1.348279064022130103e-01
-2.042553556314424812e-02
1.335812300476150460e-01
6.952324785275150465e-02
1.891187599644595096e-01
7.140022392936425100e-02
-5.121220724341489505e-02
-7.487030713776053614e-02
9.876240631299625095e-02
-1.708277909005365830e-02
3.239667447523155580e-02
7.299018858161701595e-02
1.740393017500714845e-01
5.331721384710694060e-03
9.415853593435304092e-02
-7.159474829024700671e-02
1.020353567795801997e-01
7.529435118032137830e-02
7.234220314066862334e-02
9.338549410381653815e-02
-2.989053417067619178e-02
8.975262114052126594e-02
8.950118613113157429e-02
2.081754383451174528e-01
1.505526585665702410e-01
1.613657149486679154e-01
6.687755157784508464e-02
1.051200153908982554e-01
1.011071904261112292e-01
5.130040890420804051e-02
1.976938673814494785e-02
1.081967949184310801e-01
1.411855756619460056e-01
1.998916619575356601e-01
1.880406925913426786e-01
4.224243352548185532e-02
1.282134721684503875e-02
1.392835561693887836e-01
7.309995858389729817e-02
4.975265825941173337e-02
2.469060943304328959e-01
-5.584176810657997918e-03
1.760485914000391172e-01
1.710165100724778675e-01
3.835663422853251292e-02
1.385619981119396438e-01
1.242491387101216926e-01
-1.557446760193840693e-02
3.087098629911852465e-02
2.652818213534770091e-03
2.466516506248715435e-01
1.995307218172814590e-01
1.027233514054526065e-01
1.972025793854189080e-01
2.327432031943878488e-01
1.099063349661737604e-01
4.554078169559357125e-02
2.447554863211736098e-01
3.703714382625380303e-02
1.629479884358654151e-01
2.448623537234600467e-01
1.814427575434115480e-01
1.111177160375324130e-02
2.604018705092526753e-01
2.844240945892833050e-01
1.193788098190334962e-01
1.804902069950110877e-01
1.240674133373645127e-01
2.253265234306771891e-01
1.712542138643211032e-01
1.388083330374081659e-01
1.630545608985880801e-01
2.485703881744763533e-01
-7.400695384802016830e-02
4.511016996738458074e-02
1.540797084788324001e-01
1.025792620803275823e-01
1.580802638176205810e-01
1.782297682720576371e-01
2.708412109915293575e-01
9.864757036134934320e-02
2.837563359378382777e-01
1.379559417429728208e-01
6.489379623266743058e-02
2.134024913268560142e-01
4.060587522277845918e-01
1.914280298978357220e-01
2.555142344270641130e-01
1.520251779369688194e-01
1.708499197500182587e-01
1.448506709985126206e-01
2.649098888547762320e-01
2.020073069349543615e-01
1.979820024745642393e-01
2.074977480904648675e-01
2.627155251979266803e-01
2.028780836750360972e-01
2.559949744008679917e-01
1.494020761760491978e-01
2.872726277641419745e-01
3.537190289642075935e-01
2.917529733726045849e-01
1.713446000636582311e-01
1.491489726618913658e-01
2.419313348415716713e-01
2.207781537940557148e-01
2.688145508072258272e-01
3.944299037412640763e-01
1.318209956574871167e-01
3.362688382637037121e-02
2.640450562807110657e-01
2.662965020079129386e-01
2.510606931071560632e-01
2.509158557338844187e-01
2.586479285750621915e-01
4.445465851611115071e-01
2.824214501121061205e-01
2.294145073062429097e-01
4.714677849900951179e-01
2.208365734472303721e-01
2.863618466668458873e-01
3.245234593314724192e-01
2.792447479871106863e-01
3.889787197487050707e-01
2.097489942186417100e-01
2.179572855016123356e-01
2.168674892213519056e-01
3.123586038792209862e-01
3.122054835152818786e-01
2.118703034860313639e-01
2.891355400480693505e-01
1.449586940304130878e-01
3.352473032848261036e-01
2.812249545466005141e-01
2.524890750462632227e-01
4.133117671265701953e-01
3.278449938918004958e-01
2.291582331408767992e-01
2.961596682235305075e-02
3.389983161628862818e-01
3.082120635527846320e-01
4.075798235387064761e-01
4.108074520953224895e-01
2.602478834411338093e-01
3.517550514514971027e-01
2.257314059954415864e-01
3.361076597724803050e-01
3.791641132792885616e-01
3.035171782124533868e-01
2.939322261270010950e-01
3.873252129303938474e-01
5.396956879285245146e-01
2.491845733639878879e-01
2.021813821176486059e-01
3.797847820495241500e-01
4.113778194027270518e-01
2.941154030670731223e-01
2.827863534798042977e-01
4.131064258216078922e-01
2.940086639301826565e-01
4.895711288305115150e-01
3.448109943251932985e-01
3.674741752988793242e-01
3.675376020263519394e-01
3.197277098263129891e-01
3.801388600353077241e-01
3.882802195116366040e-01
3.343045594795188702e-01
2.973512065345717548e-01
1.786494981785706759e-01
2.911195009995949379e-01
4.202805798748616706e-01
2.368718638382915631e-01
4.819259949311039959e-01
4.026674288702902227e-01
4.496951272849445957e-01
3.898515154659471516e-01
4.596643131905283619e-01
4.378909821160270055e-01
2.979619746329861263e-01
3.826325714463247318e-01
5.384786351219968958e-01
4.415255497379594884e-01
4.550060868334517283e-01
3.963956857140645829e-01
4.307327794204711680e-01
3.818678078006073062e-01
3.626466471806630287e-01
5.485922600792736414e-01
2.657626617618170095e-01
4.673056380800670317e-01
2.486168290280111604e-01
3.207048096120813097e-01
3.426431439678840896e-01
4.101853000802387905e-01
4.405123168177121906e-01
5.735503805693120682e-01
4.034083008613486565e-01
3.774179445995887727e-01
5.275773744813244681e-01
4.481691685242504275e-01
4.935439136050223108e-01
4.743735770059386292e-01
3.599565214344832009e-01
3.261396164254383168e-01
4.551820247735237635e-01
4.969730304585396330e-01
3.152136724146092361e-01
4.503084045360415399e-01
3.295905922114877873e-01
4.638669416464623607e-01
4.892637529144279185e-01
5.658388024244138670e-01
4.777732527540717866e-01
4.037524022962817871e-01
4.825075744909982922e-01
5.409273580509186274e-01
4.641000384831914238e-01
5.045360034312347253e-01
4.370944765942860188e-01
4.983799248803634230e-01
4.510880722301350287e-01
3.922082800355904952e-01
4.338293429974359183e-01
6.007857085460532875e-01
3.977631772267440913e-01
4.471279856846639422e-01
5.088161138515433501e-01
6.081911794686124528e-01
5.864023519787405769e-01
4.806039546427818832e-01
5.497557918335772564e-01
5.919246905603683384e-01
5.709145789780499802e-01
5.772842563577742503e-01
3.849798814343411424e-01
4.535772685331725396e-01
6.020586143225068465e-01
5.391265837851918485e-01
5.290157501561623121e-01
5.492924973483996887e-01
4.818757277154703256e-01
7.755338627480036218e-01
5.060587826353324381e-01
5.296436717480518253e-01
4.304860262628630307e-01
4.679202686436280678e-01
3.789781953776180656e-01
5.338281809712872583e-01
6.028433923749254575e-01
4.547536535786330658e-01
5.902492652696992304e-01
5.019263260085650158e-01
4.283061331005487693e-01
5.418176524399693772e-01
4.835706502981404475e-01
5.260686152790516878e-01
5.261903865769362865e-01
5.784442595451674274e-01
6.566180792870480731e-01
5.480307795962149342e-01
5.224992691504209974e-01
5.836392505396497121e-01
5.711209805873240786e-01
5.951481355245974436e-01
5.856765075169675372e-01
6.980058896769036902e-01
5.901669115579384339e-01
5.687329472148087151e-01
5.392586088523484422e-01
6.762467225286715733e-01
4.490790670766200421e-01
7.251387499891501776e-01
5.566783781874733439e-01
5.939661133603207910e-01
6.581485676204471558e-01
4.817526749916831164e-01
7.120955219795166435e-01
5.704472071177042469e-01
4.802070710339155224e-01
5.855022302386841959e-01
4.976331372696835564e-01
6.324370318705216931e-01
6.773202743221349298e-01
5.423910343470313977e-01
6.400763296492686383e-01
6.600668068713280157e-01
7.243112077751261424e-01
6.571120532614331822e-01
5.966943540989174677e-01
5.673054813680454833e-01
5.870320007349528746e-01
6.285320720005406203e-01
8.307399262976297161e-01
6.260926497894142573e-01
5.633483678405243333e-01
5.882436996863980028e-01
5.512140784345095357e-01
6.644403482576728415e-01
6.185272006711293180e-01
5.840971076988620281e-01
5.158856751793342577e-01
4.256344208829763165e-01
6.367471832761830708e-01
5.745559479377867484e-01
4.816962856252315905e-01
7.455686966304035934e-01
7.777117358365698285e-01
5.943274951631424274e-01
6.109691663529844829e-01
6.766067346435552521e-01
6.208212114665584425e-01
6.165532886892655107e-01
6.294005813969462126e-01
6.925207550914546095e-01
5.012782149745420579e-01
6.620252387874984157e-01
8.313327179899192565e-01
5.567130418675800829e-01
7.792826275977073891e-01
7.177764365213388231e-01
7.620568277800147117e-01
6.823270856104214355e-01
7.803964859340219995e-01
5.866211798191086624e-01
8.601078940237515402e-01
7.051770981034279906e-01
6.364428392898054954e-01
6.058351672845347924e-01
6.545549210763289549e-01
6.589217771130655432e-01
6.914094386063882602e-01
7.240919345330640855e-01
8.721452839402665802e-01
8.304456130757601473e-01
7.956207640886957533e-01
7.376324398185341025e-01
6.861221072140422095e-01
7.220208069590225985e-01
7.102046307560020422e-01
7.141913128168274616e-01
7.232904099596613179e-01
6.543093224851176393e-01
7.474368719853937693e-01
6.637171250469349193e-01
6.642317889811392151e-01
6.398063543922292151e-01
6.975719984278243579e-01
7.896073621195057735e-01
5.751456981837594906e-01
6.880222045955219912e-01
5.604279645345645600e-01
5.883730534270067425e-01
6.710909772590332167e-01
7.983588119607673006e-01
6.293866810271357970e-01
8.608491454484368255e-01
8.629301555430120008e-01
6.759182575363769097e-01
7.423996393347725986e-01
7.977779076288513682e-01
7.016708790607950608e-01
8.369883293479877251e-01
7.057533863754351655e-01
7.436192125136443787e-01
6.209568101003892782e-01
6.864144368176569033e-01
7.517929800873313084e-01
7.347305505513449519e-01
7.211666740154680788e-01
7.545865366784582084e-01
8.091820032716864342e-01
8.047467835489802157e-01
6.987189737796206668e-01
9.269681792746667925e-01
7.622796789025507724e-01
9.124419857565359004e-01
6.208885959370961105e-01
7.128975650093309913e-01
7.442450412165055873e-01
7.526000191852677546e-01
9.280850216268708985e-01
8.899859504064956406e-01
8.020514731257467611e-01
7.032979263900185352e-01
8.724139398996835215e-01
8.179090279142978703e-01
7.588507666846866506e-01
7.713378404780198982e-01
6.986684610019923136e-01
8.427146912920618904e-01
8.812940294244978601e-01
8.798211443468362258e-01
8.659491094309134107e-01
7.476573024699086911e-01
8.338960489837538015e-01
8.652523234567219834e-01
9.010698869486792884e-01
1.058040183416888658e+00
7.513165928686719175e-01
8.201311091713899826e-01
8.958575092489245995e-01
8.067566234175943540e-01
6.801997910003072523e-01
7.278051705193089305e-01
8.866766074596840186e-01
8.567336844701767262e-01
8.716844016466046563e-01
7.825562091680554611e-01
7.718364086530266066e-01
8.865192337909454379e-01
7.816000626076236024e-01
8.654662666513089908e-01
8.352423770408590187e-01
8.270050512304737422e-01
8.406722137671492900e-01
9.236936477909736265e-01
8.759765457879222783e-01
8.474318129960667356e-01
8.359240227398380130e-01
8.008117603845870125e-01
7.514956057676761558e-01
8.276455292918969420e-01
9.346855806368923325e-01
9.696959895526534590e-01
9.294994118436364916e-01
9.383760511533334459e-01
9.913235406465662480e-01
8.990270998618475895e-01
9.013205392550343031e-01
8.410793754753874696e-01
6.033072759183055744e-01
9.025027578440329989e-01
9.600572668163034340e-01
8.757934942166264447e-01
7.948892843843050615e-01
9.244925916507993335e-01
9.046871826951645712e-01
9.982891158743685267e-01
9.679551364720473394e-01
9.450168664501151783e-01
8.332414891433223003e-01
8.592947096342076208e-01
7.245320520887369442e-01
9.974091303231668038e-01
1.074130654637635018e+00
9.837476179648847463e-01
9.233819485825619511e-01
8.252920003287141926e-01
8.983598654036730746e-01
9.912906209691573212e-01
9.677032102953018189e-01
9.211956748442239329e-01
8.931734049275377174e-01
9.551037932149472054e-01
1.104437932150300838e+00
8.645106680880353389e-01
9.720479948588960362e-01
9.516324622171594694e-01
9.863334745671459292e-01
8.767986357499440997e-01
8.269137810727531512e-01
9.634755195087043589e-01
9.541566142503166148e-01
8.976532010215003687e-01
8.779487179628365778e-01
8.888400481025708899e-01
9.727329284360439754e-01
9.770891079152073111e-01
9.865785315095920716e-01
9.849002511407533023e-01
9.246197967848107657e-01
9.646295533718354243e-01
9.504531596758235557e-01
8.750979730013468405e-01
8.649145633094128538e-01
9.951166364362811212e-01
1.006951086407755769e+00
1.008342866684554195e+00
9.963325041196371412e-01
9.580667023231218549e-01
1.011678427607525910e+00
8.554613212324813087e-01
9.385676285416515441e-01
7.753323140108774325e-01
1.005183427439771959e+00
9.617744823707455870e-01
9.542861190561618967e-01
