-1.067400168052193399e+00
-9.544115729303934703e-01
-1.033963928243657016e+00
-1.066111092505936719e+00
-1.058181733413934511e+00
-9.727813100546572889e-01
-1.210588982917133016e+00
-9.787244440521936095e-01
-1.079005507805404385e+00
-9.828053251648398714e-01
-1.004703454838538512e+00
-1.004445806705361877e+00
-1.024431404480302898e+00
-9.406668117198420109e-01
-1.140805230265581782e+00
-9.783576705438293830e-01
-9.317817082274356677e-01
-9.680618607102535744e-01
-8.690507427242945004e-01
-1.061183320218849868e+00
-1.144422490076872023e+00
-9.785091576591430362e-01
-9.341966505305903112e-01
-1.025455108625295875e+00
-8.665133959368006566e-01
-9.461247690614297268e-01
-9.779588880313233590e-01
-1.026206818170118495e+00
-7.847545679965650667e-01
-8.873328371864154240e-01
-9.753875267682382555e-01
-9.508996574748317387e-01
-8.839297577361373559e-01
-1.052610937787096912e+00
-9.558708493951048046e-01
-9.261907250562325666e-01
-9.735813012630349927e-01
-8.950734085865674761e-01
-8.232606084946335612e-01
-7.986764244231818743e-01
-9.741114689840733032e-01
-9.893418015055794879e-01
-8.118708201315371076e-01
-8.379556895981891129e-01
-7.901488988719020945e-01
-8.616175493950301023e-01
-1.043507726233885213e+00
-9.316149658177622639e-01
-8.760638705738775789e-01
-8.571669472559384495e-01
-9.425210421649727888e-01
-9.839659011502907004e-01
-7.697687262497598937e-01
-1.015991115966592861e+00
-8.939992509152783207e-01
-9.155155367558240886e-01
-9.368478240193067741e-01
-8.218278845119119103e-01
-7.903376859922761621e-01
-8.587064528638119754e-01
-9.046042939164024022e-01
-8.361782311473570095e-01
-8.914985607061699513e-01
-8.798925375982281638e-01
-8.954312446151216909e-01
-9.318567940867592547e-01
-8.940454905394524809e-01
-9.616945995119410284e-01
-7.876648907285609402e-01
-9.276342543591488132e-01
-8.957080841769511359e-01
-8.497100732230657982e-01
-8.613475263174321661e-01
-8.922139814469103314e-01
-8.060697725246050993e-01
-9.581627274703801156e-01
-8.302676510565035750e-01
-8.626144040675410851e-01
-8.419514121870224077e-01
-8.417058037463656106e-01
-6.959065953243118718e-01
-9.968721286364696788e-01
-7.427894302199631316e-01
-8.780182920928386592e-01
-8.272586307047772314e-01
-8.374617297724762377e-01
-8.087745787740397985e-01
-9.235942541783866977e-01
-6.997252589763260922e-01
-8.702965154763837585e-01
-6.152022537713932593e-01
-6.762920237171378135e-01
-9.168297688653102018e-01
-9.244530005960830410e-01
-8.389112048900807528e-01
-7.445000156740226860e-01
-8.225745824911560033e-01
-8.471727877119739070e-01
-8.981537731884770004e-01
-6.966175736529693907e-01
-8.613611805563586854e-01
-8.857326773527034458e-01
-8.701147901386208083e-01
-7.942352447318512532e-01
-8.056693060082738000e-01
-6.636188808061148636e-01
-1.032678420136736719e+00
-8.466804996563263019e-01
-6.896136796590093265e-01
-7.593132816668618501e-01
-8.263274912430871311e-01
-6.451932999161502647e-01
-6.761614360563850123e-01
-7.914705548920168976e-01
-7.914870269727073415e-01
-8.306360560023313688e-01
-7.702329591182500712e-01
-7.437229215145093608e-01
-8.633210735071833453e-01
-6.488395835800643274e-01
-7.163207500551801443e-01
-7.501083286646175186e-01
-7.905295292706167043e-01
-7.223818242123493105e-01
-6.057739111513896768e-01
-6.583674305306596031e-01
-7.308871033060064804e-01
-6.358785802924131758e-01
-8.192538871293565395e-01
-6.679149987534198640e-01
-7.454364851618009435e-01
-6.724505463188645837e-01
-6.378876934097635898e-01
-8.162576035231408067e-01
-6.468653197514020459e-01
-7.839948970320999022e-01
-6.191411608444162828e-01
-6.160863386182388046e-01
-5.276990062620436905e-01
-8.171646872395320615e-01
-8.252450446120971339e-01
-7.623964894931842817e-01
-7.130538162429159721e-01
-7.001045520828683699e-01
-6.915855127744812147e-01
-6.289819552288656856e-01
-7.669023565997411529e-01
-7.694246337481310816e-01
-7.198462522714534906e-01
-6.145089385980927466e-01
-7.729501315892093327e-01
-7.371870810859041390e-01
-6.902562593823761139e-01
-5.869708843317884561e-01
-7.225814017726395200e-01
-5.769649355183849027e-01
-5.137411528576758535e-01
-6.744997122159914760e-01
-7.100781213250989543e-01
-7.153076707377054033e-01
-6.794778906898839566e-01
-7.043626968698801782e-01
-7.319291276319336292e-01
-7.391428513060134264e-01
-6.500658540098727123e-01
-6.664297048074122598e-01
-6.621086918298881852e-01
-6.814073602101911042e-01
-6.696997181448469671e-01
-7.462581296713403090e-01
-6.805118934509140072e-01
-5.404685882571571565e-01
-6.766566938246136864e-01
-5.694849556490272358e-01
-6.844133905544687035e-01
-6.185649580288717919e-01
-6.578261517175021389e-01
-6.471008977983733201e-01
-7.792249878307456745e-01
-5.814272226662020593e-01
-7.138918184596623195e-01
-5.144033972462748183e-01
-5.963969103554725981e-01
-5.039358244329864567e-01
-5.055578365057177281e-01
-7.666712634154745354e-01
-5.996983396146563505e-01
-6.541031722420472816e-01
-6.214930877083412186e-01
-5.171457057553666692e-01
-5.586289092833371939e-01
-5.144649837857981911e-01
-5.080966747221935531e-01
-7.125503846162632993e-01
-5.565885501194860474e-01
-4.006202385104947195e-01
-5.180398041736884451e-01
-6.059569141937252157e-01
-4.818879509468531053e-01
-5.115278641137999127e-01
-5.574588181384934060e-01
-7.318501705964358672e-01
-5.913055640335760366e-01
-6.828131328023034907e-01
-5.737276722397832707e-01
-5.645255029149459647e-01
-5.810762141122429725e-01
-3.939945120966300007e-01
-5.114580343302397303e-01
-6.705896918212891356e-01
-6.465782257537838751e-01
-6.323888787013955959e-01
-5.803388146624468558e-01
-5.941513042030828196e-01
-7.823347148738918344e-01
-6.555779422751838448e-01
-5.581941227091681279e-01
-6.913818225772471182e-01
-6.491368985741119424e-01
-5.645948657278896388e-01
-5.664227153883455435e-01
-4.044677913752954823e-01
-6.174045291694233439e-01
-4.705660461383368021e-01
-5.961149439689624741e-01
-5.700604254477044108e-01
-5.745978751421865205e-01
-5.341820322360431028e-01
-4.748151594454422253e-01
-5.015649709324433436e-01
-5.528901675859649867e-01
-5.855911465150328565e-01
-6.359737871506937479e-01
-5.657632440053754763e-01
-5.575735089237454645e-01
-5.283010081317829343e-01
-3.938726913844404209e-01
-5.456979794715801635e-01
-5.509996276727423536e-01
-5.984559176140905601e-01
-5.532874765300870301e-01
-5.539164064506852947e-01
-4.194946495443890866e-01
-5.678185887307763968e-01
-4.191731999764334859e-01
-5.041647471226599064e-01
-4.087536005958862240e-01
-5.381667001021769314e-01
-3.588754845587308062e-01
-5.268124582339404061e-01
-5.618827026833622673e-01
-4.820569709508192302e-01
-3.017929764368760814e-01
-4.760329621039665615e-01
-4.466140810632419633e-01
-5.634786723003195608e-01
-4.626568846611232022e-01
-5.056404479457524692e-01
-5.135722365857373628e-01
-4.939882017599521724e-01
-4.005804006653513882e-01
-2.898309875393261237e-01
-5.430155422323255099e-01
-5.296102858237164979e-01
-3.865630863461188560e-01
-3.827885125165072511e-01
-6.515385885179374448e-01
-3.412090561660788279e-01
-4.704113269171588674e-01
-4.130700653596228733e-01
-4.619115323934087081e-01
-4.034838188409795023e-01
-3.862645052280539448e-01
-3.641089532513318572e-01
-4.313584700665180627e-01
-4.644004026974306587e-01
-6.260689851724647870e-01
-3.989796068951022567e-01
-3.972044618300168972e-01
-3.506974499426186997e-01
-3.351002092816889877e-01
-6.324906085815669154e-01
-2.771357205152796266e-01
-3.653209638385268576e-01
-4.044771727921940285e-01
-3.866528588081560303e-01
-4.506186901485919605e-01
-2.417806358856362248e-01
-5.199538344203438189e-01
-3.314790391348401699e-01
-6.713375985010225921e-01
-5.320216540353157608e-01
-5.379351213420066058e-01
-3.485024126042591819e-01
-4.410671365494228113e-01
-4.387630853715691059e-01
-3.921914346235317317e-01
-4.479936454838496229e-01
-4.653715843135717289e-01
-4.232119933498026398e-01
-2.881036763422360480e-01
-4.206735469401832184e-01
-3.961198542823355928e-01
-4.272456891852904892e-01
-6.304474381874145550e-01
-3.753508969963062492e-01
-3.748949982394495506e-01
-4.658081045178384949e-01
-2.412496247003263761e-01
-3.230734045128426657e-01
-4.097541832182017840e-01
-2.793992025404847257e-01
-3.754861318078643873e-01
-3.879804873604097981e-01
-2.889189947037719697e-01
-3.032873731338732726e-01
-3.774132564224383923e-01
-3.824041442943304503e-01
-2.202738497208135415e-01
-3.567194514498229774e-01
-3.241217555049824006e-01
-3.587355690813896492e-01
-3.987879170131357620e-01
-3.634172393620668795e-01
-4.386755465308860846e-01
-5.371130584577241684e-01
-3.731285794662219102e-01
-3.495503109995810043e-01
-3.422299266691802844e-01
-3.466075720250154091e-01
-4.446913870783693601e-01
-3.856469387728838072e-01
-3.181052560351047553e-01
-4.037108601539258212e-01
-2.461312097876000304e-01
-3.612316322783991618e-01
-3.720386268645471395e-01
-3.539032832594364297e-01
-3.753050926961824518e-01
-3.253040977901673902e-01
-2.521100710224458141e-01
-2.459433593325898171e-01
-2.565878545365220531e-01
-4.486095324867215850e-01
-2.638585816297611686e-01
-1.797310048334502253e-01
-3.458815017303865647e-01
-4.598573045015285077e-01
-3.790319495944620143e-01
-2.971220230902134052e-01
-2.746613605318205531e-01
-3.021455450672522747e-01
-2.053309880320157155e-01
-1.518537443747928206e-01
-3.906924646805907675e-01
-2.499468370649183813e-01
-3.336273598615158709e-01
-2.059558613706410080e-01
-2.946197562043412765e-01
-4.159023732062561152e-01
-3.508322041444528749e-01
-1.780631480258385579e-01
-7.970137167890230245e-02
-3.896604621963012938e-01
-4.000514712616748958e-01
-3.578891604550253902e-01
-3.776170993214756910e-01
-2.908366730601953387e-01
-2.693982663952085854e-01
-2.178509206840752721e-01
-2.065582613183372107e-01
-2.665571770149242625e-01
-3.040933772169925331e-01
-4.004096607665626889e-02
-3.308198223398874926e-01
-2.396976068240734281e-01
-2.755546429713534029e-01
-1.877594189377468081e-01
-3.159288207582501840e-01
-3.248265076844065180e-01
-1.044916311074145093e-01
-3.088062313629140188e-01
-3.884980408180567224e-01
-4.578073172133146906e-01
-3.148380478883364697e-01
-2.750056987394297603e-01
-2.282210060906316451e-01
-1.654469453470993612e-01
-2.761076501132846417e-01
-2.663836125690997592e-01
-2.004633494722140308e-01
-2.441104079164262974e-01
-2.164129653683783960e-01
-1.583878660343775446e-01
-1.128910614098556642e-01
-6.998761950922391395e-02
-1.748666607418402630e-01
-1.732357059910083763e-01
-5.035248701592130033e-02
-1.872068069100925602e-01
-1.008767232596178426e-01
-2.192227018105470382e-01
-1.920185454961835514e-01
-1.966147068329494596e-01
-3.031590871835292411e-01
-2.989240556923997150e-01
-2.049480058196461590e-02
-1.660518793156100514e-01
-2.378031620743000785e-01
-1.574437621131832832e-01
-1.173517227547186403e-01
-3.697434588247292681e-02
-2.770348632303895053e-01
-1.381372008882314206e-01
-1.239478415817010237e-01
-1.912582992469256671e-01
-2.748061823507146895e-01
-5.981674986052608334e-02
-3.324886103398403403e-01
-2.080721226476068553e-01
-2.221624330338095865e-01
-3.452568716100946900e-02
-1.495846878431910387e-01
-1.888190462483888832e-01
-1.235798383300621972e-01
-2.286132405797675626e-01
-1.133665371299436980e-01
-1.275504884124759319e-01
-1.234064537546136486e-01
-1.420433337214337677e-01
-1.729212119846469942e-01
-8.845162144438544621e-03
-3.315799262916465512e-02
-1.983149630554013054e-01
7.145221252128553489e-03
-1.512678144103654088e-01
-1.355965007344862860e-01
-1.650586759624941557e-01
-1.501848368334815498e-01
-1.073533774386141032e-01
-1.245883972554008706e-01
-1.255833608547710090e-01
-4.324791794917102333e-02
-7.158844858603798100e-02
-1.856362301205863319e-01
-2.826167847505051678e-01
1.620128686195449960e-02
-1.661613081615017917e-01
-9.179969367092338794e-02
-1.560472107208743242e-01
-7.862915181454051272e-02
3.555257241365631510e-03
-1.988212305481663056e-01
-9.111694198900864572e-02
-6.797542125099374777e-02
1.328137378197583388e-02
-2.580761335624984776e-01
-1.328988505733399161e-01
-6.553363530023115224e-02
-1.231874810984599500e-01
-1.191834128515255886e-01
1.263087709637213292e-02
-2.331161214602241183e-02
-1.198084570995975179e-01
-1.872186839701129868e-01
-8.745210371082504097e-02
-1.241725398747376558e-01
-7.071278516169786366e-02
-1.059226420256813156e-01
2.757142879988492418e-02
-1.050877964187228314e-01
-9.831218196081789595e-02
-5.212446470571387852e-02
-4.049505384544987985e-02
-8.224249345652152876e-02
-4.267510368096034956e-02
-2.138098743318084249e-01
5.933097986292263509e-02
5.255526897594916397e-02
-2.847070850981280737e-02
3.056222919566924795e-02
5.745978353021291563e-02
-2.021723878892892762e-02
-8.422856114776997027e-02
-1.601927430465715230e-01
3.934634623910417128e-02
-1.275521418803686122e-02
-1.478780458200840316e-02
-4.534935533042368933e-02
6.679031493194129143e-02
-4.848001269867213692e-02
-1.308156370488812101e-02
-3.754507851026073206e-02
-9.493186520556370911e-02
-2.995389616188738700e-03
-1.590119984987300727e-01
-1.037658522269705313e-01
5.764263477210217895e-02
-1.355278987056420838e-02
1.951247818356344199e-01
-2.457435696780742307e-02
6.399744475844523252e-03
5.772324028642317889e-02
2.395422519124968189e-02
1.568595428774869904e-01
9.985902014853420550e-02
-6.277344211990740740e-03
3.235859777785249358e-02
1.286590318524521159e-01
-7.976503601381125519e-02
1.301925776693282737e-02
-6.380395637670506492e-02
4.366101877741999926e-02
5.632147707045827983e-02
2.272367888600002744e-02
3.211253025815017075e-03
9.165077493929361940e-02
-9.347060641191387576e-02
-1.748654892239783669e-03
-1.423395475072782891e-02
1.077878528011715492e-01
9.632991579236922786e-02
1.460297202500244196e-01
1.361775716599423168e-02
-5.902525261200403106e-02
7.569122546896822623e-02
-4.135610334272676880e-02
2.092237052671654940e-01
6.436334646931950176e-02
2.029315693528797593e-01
7.301547747974576619e-02
-3.108728035058394915e-02
7.380252576614927153e-03
7.306953746774942637e-02
1.316482870724067500e-01
1.098251794935325848e-01
3.213577041286291153e-02
1.324081328385451062e-01
1.276635872501720170e-01
1.521496304402137345e-01
5.773444044495721489e-02
1.692400138037883084e-01
8.151077739784226561e-02
1.361951406496806904e-01
-3.633543445982010539e-02
1.711227827985287997e-01
-9.441095709426781946e-02
4.906662666359074693e-02
2.014175323675855001e-01
1.197796569011980172e-01
9.608228488223159725e-02
1.505963460896447004e-01
9.130638832511590863e-02
2.827003330900115449e-02
2.402500430778228280e-01
1.528727251980438809e-02
6.426883561029930747e-02
2.895921050153813514e-01
1.066608144166446837e-01
9.442531925991912156e-02
1.238011412965342312e-01
1.804975310696747548e-01
7.725592333699089764e-02
1.423647067332218241e-01
1.279402118031531255e-01
2.076073178925613438e-01
7.336380681221268962e-02
1.208616805491961738e-01
1.549301079992968788e-01
1.078298321136353100e-01
1.441898461192203107e-01
1.127903800966452152e-01
1.965411225548146235e-01
-1.098603441759806072e-02
6.945906291091834273e-02
5.331981040026090302e-02
8.462522560279844841e-02
2.461178901994575119e-01
2.772670727030947524e-01
3.755712296423469043e-02
2.041841384081420352e-01
1.440592193739727023e-01
4.314434494970390693e-02
-1.501890335474730624e-05
2.210495296596803882e-01
2.361872469973974598e-01
2.958991688663022979e-01
5.815042598518643802e-02
5.183909376076550890e-02
1.610101752850419676e-01
1.498759063977606054e-01
1.713239808613846726e-01
2.676190998259783127e-01
1.299947239173834257e-01
1.552428183710861109e-01
1.779854047212632295e-01
2.475900760350481511e-01
2.462922254538324751e-01
2.063319060940436156e-01
2.133744592778831217e-01
2.333922203618797875e-01
1.158982582715409465e-01
1.835855092435717817e-01
1.926073381505223614e-01
1.688748684607455919e-01
2.781444488449901220e-01
1.834049462642888539e-01
2.487545866207605538e-01
3.247636441423263909e-01
2.930642203768373810e-01
3.323264614978883591e-01
2.303468530790523661e-01
4.704927303668311050e-02
1.491966308266277352e-01
2.212306614699134366e-01
2.476313251368229829e-01
1.143565082332838462e-01
4.504971186349567280e-01
2.531149500072271130e-01
1.859745993696907684e-01
2.190077300630467461e-01
1.927408944597162332e-01
3.248468025357901801e-01
2.875599445720313230e-01
1.873683475107332241e-01
3.086404327623154531e-01
3.267584657668223813e-01
3.104423266541925241e-01
2.041204618301381002e-01
1.599342987698176011e-01
1.557048727656132059e-01
3.817759306555782439e-01
3.087164470827514218e-01
2.968753161381287864e-01
3.938173669835489110e-01
3.734228557337763710e-01
2.464916587921831270e-01
2.779505808083575502e-01
3.347782403319077282e-01
2.509585794054719488e-01
2.473357259206380721e-01
2.262160729800573589e-01
3.330229411201340306e-01
3.345880725200069405e-01
2.433883857937786943e-01
2.998699120320169609e-01
2.559788042446543010e-01
3.116093309980546011e-01
2.464800363900853941e-01
2.162974851275930865e-01
2.088373039436943190e-01
2.043546726960497606e-01
2.388678372275880868e-01
2.396422093607505355e-01
3.682707449681262291e-01
3.469936448673758278e-01
2.102401668265626578e-01
3.877197713105385302e-01
3.966261935245762871e-01
1.454797150639801084e-01
3.679196328942006544e-01
4.855648132292488817e-01
3.331305874141659573e-01
4.602029962115545825e-01
4.010949391216060977e-01
3.578352619148362779e-01
2.016188604533100392e-01
3.495317909463300232e-01
3.363976698824359124e-01
3.789923368064174181e-01
3.470717077144370721e-01
1.979906420442688608e-01
2.351455082367869542e-01
4.439619436253678941e-01
3.138533771337690959e-01
3.845961509481692908e-01
3.174443409125412008e-01
3.090525000716095594e-01
2.572565299230381575e-01
4.191274139502296214e-01
4.656776925080328700e-01
3.496114715324418754e-01
3.991266002172774718e-01
1.696244041446004214e-01
3.839174022534889152e-01
4.757125979903796265e-01
3.167043253667480296e-01
4.004955078397385848e-01
3.671583359794705625e-01
4.630542221647583334e-01
3.965287042381410165e-01
3.916683642719313019e-01
4.004197547618898456e-01
4.282197420277940592e-01
2.978199339128893008e-01
2.763726496779457253e-01
3.327508900198091202e-01
4.910168746355434433e-01
4.528297322338690201e-01
2.861051605199627090e-01
4.016204883688649918e-01
4.716900911622592396e-01
4.454966053813647076e-01
5.229382311924564153e-01
4.398203051573097433e-01
4.355099783706078420e-01
4.541168864230027968e-01
3.657780616470188706e-01
3.528459812797837825e-01
5.841292668611112182e-01
3.908392350888934552e-01
3.601565757024499659e-01
3.257237261786243843e-01
4.537904533194729861e-01
3.214000595323551757e-01
4.873071699173813220e-01
5.255607785233062934e-01
4.988716830709705174e-01
5.112662816761799345e-01
5.398917303534221945e-01
3.966800698649658452e-01
3.784117276294831633e-01
4.945557339360732163e-01
5.767304024373891558e-01
3.600520668376727129e-01
3.143672954946005738e-01
4.456935307284594083e-01
4.284110640710737661e-01
5.072716390655322982e-01
3.745802238443504684e-01
4.305284235411316329e-01
5.896697580891401280e-01
3.388272415452072139e-01
4.592022696570569051e-01
4.496960891859420051e-01
5.563447684188133069e-01
4.711616186977197196e-01
3.856801404418981338e-01
4.098785661373611777e-01
4.780201633633613389e-01
4.922093214055278665e-01
4.736724959965638027e-01
4.755909806256501948e-01
5.159436722116977903e-01
5.082219606372838649e-01
2.921305629374039148e-01
3.326303944565465187e-01
5.523714246868239863e-01
5.427686386516356043e-01
5.437699320657672919e-01
4.066265984055495442e-01
5.299100706999921861e-01
5.218364457610069618e-01
4.389937974560668144e-01
5.904086918965010256e-01
5.688481156429892049e-01
5.571822074516360468e-01
4.889420773055671576e-01
5.273589491163140908e-01
6.080120827959523133e-01
4.709882841346099691e-01
4.641964399448397782e-01
6.663453132334848927e-01
4.363911658815139982e-01
5.056611723636097455e-01
7.273454540125617873e-01
4.786942041782558110e-01
6.325569904851375824e-01
4.687243708101401785e-01
5.224572167706964532e-01
5.316926169508371380e-01
6.585983329097517824e-01
4.557516292596507923e-01
5.198419464508440280e-01
6.972992650242610946e-01
5.356815024522062485e-01
5.573661257235246191e-01
4.494892402186297375e-01
4.634896801526645627e-01
6.528472037256185523e-01
6.110665311545433465e-01
5.874319026307719405e-01
5.695747612481608657e-01
6.555725395182618875e-01
5.610579286289834045e-01
4.383220305445322817e-01
4.566793638419687218e-01
4.456963741171630078e-01
6.406455568012263679e-01
5.735473458453613782e-01
6.542946427101229423e-01
5.110298373216182188e-01
5.221985631994775501e-01
4.700134188207827357e-01
5.204054307259726730e-01
4.206996646132974971e-01
5.662125053718126688e-01
6.146289011709160643e-01
5.993210471170377085e-01
6.558227555534752451e-01
5.919871037985200424e-01
6.598777617260781492e-01
7.121752106852082820e-01
5.571832061835266803e-01
4.185642087081397067e-01
6.211430707177185706e-01
6.097875677461708221e-01
4.625656732774400259e-01
6.046682927102844385e-01
7.712642322396058292e-01
4.812028140597415793e-01
6.310593094361559574e-01
5.801349289493813455e-01
7.166271897520378742e-01
5.142632993477792569e-01
5.760457939251402149e-01
7.837720830835946950e-01
5.634342911882230798e-01
5.606532836769914097e-01
6.807400565580601359e-01
6.169321063231369973e-01
7.309529140694516203e-01
8.039450529491342090e-01
6.218307374776129715e-01
6.058332321624324557e-01
6.867293298899963538e-01
5.313718220629151112e-01
8.377974575140650915e-01
6.732646436046748617e-01
6.072742434919975452e-01
5.843266888542010262e-01
6.501489305490807391e-01
5.491923401453495668e-01
8.047145466378092804e-01
6.217603066878174545e-01
6.695662338266018532e-01
5.382249768180604743e-01
6.172413392654991782e-01
7.367235392096883606e-01
5.895228299423664886e-01
6.618436116439727623e-01
7.076209516997993276e-01
6.956064860471684597e-01
7.829340770708744790e-01
4.969557790926786289e-01
6.536443442915731428e-01
4.877695271725140946e-01
6.133180132694072695e-01
6.636315444299683008e-01
6.206460993428843942e-01
7.040771139111581256e-01
7.462820164452896865e-01
7.611357727069691936e-01
8.077265468304810625e-01
8.168878965891325228e-01
6.489135249736946998e-01
6.623917939225429929e-01
7.720517000636334393e-01
6.053880628771030059e-01
6.164741224952383636e-01
8.077802194285649273e-01
7.484165817294423650e-01
8.266006466555121390e-01
6.203835014247698343e-01
8.627665188933912876e-01
7.334961046721317768e-01
8.550932333569853938e-01
6.179542695130924024e-01
7.779518579419570923e-01
6.681110628512301197e-01
9.142875687812475061e-01
7.581928746157265975e-01
8.492917015141794312e-01
6.675965480322550993e-01
8.968030537031808080e-01
7.607175175775242604e-01
7.192077252077313521e-01
7.323918645705513875e-01
6.914932777139125575e-01
6.222037408556642113e-01
6.388982686949941092e-01
7.206765116371014468e-01
9.477805792555396014e-01
6.629663611755548525e-01
7.864736441980370030e-01
8.205945858302511331e-01
7.056701072404885089e-01
8.738454914508703153e-01
7.813382932753766275e-01
8.326262699375368559e-01
6.799478954210232962e-01
7.357484687349431507e-01
7.675006008451494832e-01
7.686126596450354453e-01
8.450904406048322937e-01
7.394630870745262374e-01
7.826518518957926718e-01
8.319568031937064623e-01
7.239384902947803013e-01
8.634733503784488562e-01
7.824788119821807220e-01
7.875184166867034152e-01
7.340537309721149040e-01
7.315391608441390581e-01
7.055760919846997270e-01
8.678638540390528622e-01
7.231388382429380091e-01
7.842345917772360897e-01
9.090232373438206226e-01
7.902551303948679440e-01
7.997269954451168283e-01
7.375553515036079588e-01
8.860100914755351109e-01
7.393996248431271567e-01
7.863956991503605609e-01
6.887239588551117286e-01
7.787354294270761867e-01
6.936476032009635251e-01
8.245870403628963174e-01
7.239828345159710077e-01
7.251936319921731267e-01
8.199233036300517252e-01
7.689813513612823170e-01
7.995240791710627182e-01
8.907685469275596901e-01
7.680119514332910402e-01
8.479193128033697402e-01
8.096798357697124748e-01
7.314164882613995999e-01
8.650246434730017864e-01
7.418522730082849348e-01
8.989347190417387168e-01
8.588877565140118353e-01
8.295892830641502513e-01
9.309942432161752990e-01
8.044894504770180310e-01
9.573920659458952098e-01
1.008077212714935778e+00
8.917598321356926538e-01
8.173318669877295273e-01
9.142130550919277399e-01
9.183514598969549914e-01
9.233887796077803189e-01
9.033491079553777059e-01
9.071727966377087782e-01
8.573211741026176558e-01
9.881461409295124731e-01
9.163071859457457835e-01
8.272619038788173729e-01
8.017184422608985006e-01
1.077517353981927606e+00
9.791445055687880705e-01
1.088536412854863134e+00
9.572084896907596674e-01
9.909924335377624516e-01
8.593862345822883553e-01
1.006437144816421769e+00
9.773039089809940627e-01
8.646312591887334031e-01
9.854424740168291619e-01
9.200330138081107556e-01
1.021191576643999843e+00
9.125851339609271085e-01
9.696421278304095948e-01
8.438141530653604505e-01
8.730937427157675623e-01
9.282743473295890224e-01
9.402323289722805955e-01
8.851077079983075135e-01
9.776385616354271724e-01
9.418937284852026970e-01
1.032642648383490958e+00
1.077518951035311812e+00
9.313594307983452669e-01
7.882437377346642737e-01
8.005196013149292744e-01
1.007688506007313300e+00
9.256410630548549401e-01
1.088351883260656683e+00
1.023592401295892129e+00
8.446869452048552107e-01
9.574043614442275807e-01
9.027404865397223865e-01
9.552253649045272521e-01
1.080192269585099396e+00
9.916193475177670358e-01
9.017730152428204971e-01
1.021362683993544351e+00
8.457511078424334583e-01
9.268412985387481928e-01
9.673466445813460046e-01
1.045967282923607300e+00
9.458393278180998731e-01
9.448732109362836251e-01
9.420476358415287299e-01
1.109908340966017759e+00
1.030647437515987974e+00
1.051675367952076723e+00
9.752098012429128993e-01
1.076468426672226197e+00
