-1.005281876392974061e+00
-9.587077577043615628e-01
-1.184707121365134785e+00
-7.595604536899631665e-01
-8.244687167369713077e-01
-1.123456661835740888e+00
-1.120173747136211873e+00
-1.188226121207472508e+00
-1.101440668107532828e+00
-8.693502783838255032e-01
-9.762652663305149137e-01
-9.971457655931581510e-01
-8.845018777424865641e-01
-8.828632688658917260e-01
-1.135149305277596277e+00
-9.471839395957586394e-01
-9.536309776734018806e-01
-9.797357826717488782e-01
-1.096346251597877464e+00
-9.183755312928363335e-01
-8.912303994209989089e-01
-8.916606962708698569e-01
-1.078476837070895256e+00
-8.718968473589434609e-01
-1.085254384718686405e+00
-9.312075338844153505e-01
-8.633013430001836852e-01
-1.053621229759504230e+00
-9.451734688925945704e-01
-9.601118664642150913e-01
-1.005817064399447069e+00
-1.018598113509484149e+00
-7.722053089099092382e-01
-9.005391156718303147e-01
-8.496620229951485914e-01
-7.662348040677625649e-01
-8.235284656388710545e-01
-9.213634907147970621e-01
-8.099015673642675495e-01
-9.314954353380131558e-01
-9.197495875704004842e-01
-1.091618022711950520e+00
-9.300793567941578743e-01
-1.040844377112223551e+00
-9.692896654667998435e-01
-9.874346522632660994e-01
-1.049778292163132010e+00
-7.242554632914316448e-01
-8.665083662510498774e-01
-1.013271550681123401e+00
-9.687244060288419112e-01
-9.565023722551103669e-01
-7.938765632700142127e-01
-8.584574934223673237e-01
-9.726471213449465747e-01
-9.588592291511167653e-01
-9.685420241381703654e-01
-8.898538191089937488e-01
-8.519659504519657700e-01
-9.710325986798541420e-01
-8.208270822897830721e-01
-9.289778056651641913e-01
-8.692973890608591825e-01
-8.461541087803496897e-01
-8.536450526105719971e-01
-9.929956404209711041e-01
-7.254519612661429750e-01
-9.107991377437415492e-01
-9.739727852242140438e-01
-7.565836871546532949e-01
-8.533253372600126951e-01
-8.670934123273434935e-01
-7.403387623208645962e-01
-8.284408355015994152e-01
-7.517208405386206493e-01
-7.861237335223899558e-01
-9.178578539348294374e-01
-8.356020473131963167e-01
-8.697626297312954780e-01
-9.177252642431937835e-01
-9.346687105305047094e-01
-9.134713918258786647e-01
-8.301941678409808789e-01
-7.857904018697646764e-01
-8.038570071680606333e-01
-9.371543514757287863e-01
-8.179397405851838165e-01
-1.012094599320893407e+00
-8.687036781649057904e-01
-9.502943169551503200e-01
-9.516645675675735605e-01
-8.793725752565739739e-01
-8.168106754254736979e-01
-9.960738857757643894e-01
-7.567229749694386332e-01
-7.605855811441571968e-01
-9.301375672084735147e-01
-8.170570681219957443e-01
-7.359627629736196219e-01
-9.499170972183550443e-01
-8.249907220911597561e-01
-8.327296784746515135e-01
-8.164049517911955434e-01
-8.193605018829684949e-01
-8.581525336904468615e-01
-7.495418725272151583e-01
-7.585398742478755008e-01
-6.942616849934291068e-01
-8.942059976530840615e-01
-7.830641433831411202e-01
-7.938370094082513040e-01
-6.647193468618417533e-01
-6.818053102473954352e-01
-7.424812731772268970e-01
-8.114906251418855243e-01
-8.386431706470424130e-01
-7.965397543568478733e-01
-8.529230797049816015e-01
-8.586945847817643029e-01
-6.939456898699708498e-01
-7.383024805423763492e-01
-8.342864131827147922e-01
-6.624050888284321870e-01
-6.323055894483710082e-01
-6.715929361497537942e-01
-6.788128820593032353e-01
-7.274111623697117057e-01
-5.866610996270411604e-01
-6.502777102197966341e-01
-5.803870853167448773e-01
-7.531133135697460901e-01
-5.802475378956751806e-01
-6.408850755786947850e-01
-7.847774248405638975e-01
-6.850015939853022484e-01
-7.328268600961760360e-01
-7.239948480895362914e-01
-6.862973664991375289e-01
-7.117576756378763969e-01
-7.341221130657273886e-01
-6.759827798361799367e-01
-8.685968612434811220e-01
-7.695197869602119489e-01
-7.541453792565603331e-01
-6.801096515911831952e-01
-6.541380736356618986e-01
-6.321576799839258021e-01
-6.923643697169340472e-01
-7.587255857652496216e-01
-8.345505481878007226e-01
-7.454905162114896511e-01
-6.906247460099812496e-01
-6.528042831877042262e-01
-8.041647887666913963e-01
-6.474950903147810299e-01
-5.413965652689106678e-01
-6.858780734210404573e-01
-6.254404204621362151e-01
-5.166754050504974716e-01
-7.372283356060785886e-01
-6.084884198192714866e-01
-5.690306489228302844e-01
-5.389024059718838799e-01
-8.130999396049131134e-01
-7.048866866592631286e-01
-5.789027434483791090e-01
-6.927791325210521656e-01
-6.873013251573718563e-01
-6.857381944496895310e-01
-6.014039536869019154e-01
-5.295122762958885954e-01
-6.094463994628632753e-01
-7.628956673346460882e-01
-6.357404384190866731e-01
-6.910918816411660837e-01
-6.169230940793793971e-01
-5.294000995469604343e-01
-6.615170530098173352e-01
-7.074273020374112209e-01
-6.059344573043180526e-01
-6.500988315108241489e-01
-7.277364174109374195e-01
-6.479898432268674791e-01
-7.264108623801199816e-01
-4.363726761939895060e-01
-5.416816632247017926e-01
-5.734708523975328154e-01
-7.699825721351347685e-01
-7.650498490106930616e-01
-6.308151412003023539e-01
-6.120104205009077036e-01
-7.294093042671416782e-01
-5.727045687795143669e-01
-7.249015971428053318e-01
-5.548769846595210664e-01
-6.864445771859963852e-01
-5.843900811461384404e-01
-6.710916796258409311e-01
-7.098764577238914075e-01
-5.262611633852368742e-01
-6.509605115867177494e-01
-5.540983695798016306e-01
-5.288543700737676767e-01
-6.228758051761500436e-01
-5.594282522258330337e-01
-7.138289853925541273e-01
-6.437731562041125732e-01
-6.987493436457781204e-01
-5.726745529331704887e-01
-7.011773817589206370e-01
-6.478718092368007664e-01
-4.431653034779657330e-01
-6.887638234197362985e-01
-5.328046689628602728e-01
-6.593921338593308201e-01
-3.844858400770294615e-01
-6.581622591380513754e-01
-6.042416274745068261e-01
-5.459242106601523981e-01
-6.461512143993380919e-01
-5.659039639386546083e-01
-4.976874223709239486e-01
-6.032107696805252273e-01
-5.709472954196520567e-01
-4.932627378107825034e-01
-4.783181772328827241e-01
-5.523953749027548099e-01
-5.930107174250859314e-01
-4.265848629494503608e-01
-5.689748417181806905e-01
-6.781476064510407742e-01
-3.545054648844328526e-01
-4.560633419820415146e-01
-7.026474507955534632e-01
-5.959677944648202885e-01
-5.944075303921110276e-01
-5.979181748135456997e-01
-5.206220546440204489e-01
-4.943146210856736444e-01
-4.193447807981673381e-01
-3.970325315865638194e-01
-3.177534025094288506e-01
-5.599534074339668210e-01
-4.537161230488571118e-01
-4.420698649700009475e-01
-5.643579822856621409e-01
-4.904912167201835871e-01
-4.497127669322626420e-01
-4.096115476534846200e-01
-6.071029876584184137e-01
-4.009071381325294281e-01
-4.684403358122428696e-01
-4.815459504468828644e-01
-4.954553675952818592e-01
-5.205032245026430804e-01
-5.629502220866066109e-01
-6.177879561108247097e-01
-4.693967019924012440e-01
-3.498484403851727098e-01
-5.095963801678895511e-01
-3.849972810284920666e-01
-3.759498683555309029e-01
-6.506578946279044651e-01
-3.789655301067247350e-01
-4.322666196556881335e-01
-4.024866836832843853e-01
-5.019585537645295803e-01
-4.164840422123156638e-01
-4.269039392221266604e-01
-4.945684838245010262e-01
-3.827642592365261276e-01
-4.147141437215925985e-01
-2.903074988358889663e-01
-5.051409301577082234e-01
-4.367645628982058659e-01
-4.352568710013275943e-01
-3.449358124206194365e-01
-4.796271864293344400e-01
-4.183252844487027056e-01
-4.206417208502791216e-01
-3.810268873747930662e-01
-4.479797192983525078e-01
-4.832051951495834330e-01
-4.288858407589652977e-01
-4.132678042070184188e-01
-3.846059229498220988e-01
-2.637002853558300663e-01
-3.152615994392691245e-01
-3.445675030497153957e-01
-4.440497328413646194e-01
-3.607724957124514020e-01
-4.182928329284152369e-01
-3.066488889383053862e-01
-5.197146534162643272e-01
-4.127952270218289144e-01
-3.569278066175183284e-01
-4.086501263348374380e-01
-2.121428245925451872e-01
-3.142271620840224045e-01
-4.589742830239970650e-01
-4.855224468739805510e-01
-2.999406644590272841e-01
-4.915906940628143595e-01
-4.728429954537906044e-01
-3.275501753771156155e-01
-4.310192265716371596e-01
-3.083096514080883033e-01
-4.189578063331274582e-01
-5.611120265276423602e-01
-3.558694954818378831e-01
-3.854063450635743515e-01
-3.177588597931051417e-01
-2.881885290312316550e-01
-3.245068005713336312e-01
-3.702981350548594786e-01
-4.126572436420631318e-01
-4.876036864351541156e-01
-3.294630470744653317e-01
-2.265465253977332893e-01
-4.161300176351805935e-01
-4.377761753255078880e-01
-2.580507508221668855e-01
-4.404188472629747553e-01
-4.015517984587045341e-01
-3.145957904193716348e-01
-5.689413039529729321e-01
-3.690772935109319919e-01
-3.399430527382806821e-01
-3.816662712636029742e-01
-2.577984037548283758e-01
-3.487916471351401038e-01
-3.031119651673199189e-01
-3.190787051271963271e-01
-3.644785507460149288e-01
-2.358590410553285666e-01
-1.982318650542727601e-01
-5.750265826597541347e-02
-5.278497862681652553e-01
-2.004087645241593718e-01
-3.478041503605213691e-01
-2.801465820800116968e-01
-2.190222424121193168e-01
-3.016022906309212548e-01
-3.590048365090136029e-01
-4.785907495300459891e-01
-4.214717526269377013e-01
-4.106896108062440542e-01
-3.867564818932581194e-01
-2.502129495741096665e-01
-3.014802587782463017e-01
-3.991132006215970529e-01
-2.699852540662363576e-01
-3.246751298747962422e-01
-2.565509025342554428e-01
-2.849773804259179144e-01
-2.158250634900452103e-01
-4.813444818336671815e-01
-1.505950409484726749e-01
-2.605789833496638952e-01
-3.372330495977312048e-01
-3.976925366383513571e-01
-3.097231717160044973e-01
-1.900135249006045524e-01
-4.928816005231572706e-01
-1.560088913982407566e-01
-1.820315367107773474e-01
-4.403581968471410174e-02
-3.512534077739341565e-01
-1.841433755397958172e-01
-2.861175321892389656e-01
-1.891062923475448354e-01
-3.320299562484502198e-01
-3.034662608584630106e-01
-2.167063226027657608e-01
-3.101285048017964341e-01
-3.719000355151638737e-01
-3.291195901752134167e-01
-1.627332781424461472e-01
-3.146909957631680577e-01
-2.140708937415844726e-01
-3.323959664199730990e-01
-3.128129921485110487e-01
-1.865746865024349443e-01
-2.654326737922655388e-01
-1.802991295893646428e-01
-2.624381429823581247e-01
-8.143653442999444769e-02
-2.634598770093513065e-01
-2.824988585895112370e-01
-1.147454880032921648e-01
-7.664222419574127920e-02
-4.201702079174368665e-01
-2.260234891548635605e-01
-3.831690136223087628e-01
-8.642444585194981876e-02
-1.937313078344019834e-01
-2.775779092038095364e-01
-2.115324119418551529e-01
-1.778813311110112039e-01
-1.488732940885383882e-01
-1.020006265231850895e-01
-2.743527516845455372e-01
-3.217939102418162500e-01
-2.298842273426217886e-01
-1.802741390504958297e-01
-1.996040429891508539e-01
-1.925123619237235073e-01
-2.637460252981103093e-01
-2.206000813087724832e-01
-2.082557524458406029e-01
-2.017004703034489255e-01
-1.883673566129682175e-01
-1.730909562917952171e-01
-2.320525074048349901e-01
-2.330814126178753498e-01
-1.250996562641766841e-01
-1.919288947088380881e-01
-2.800130856443851513e-01
-3.320732254269153638e-01
-2.301470095149331652e-01
-2.614650121238554226e-01
-1.308284729844339800e-01
-8.837102017256877329e-02
-3.396652458782035700e-01
-1.400632407915457234e-01
-1.537502665680651470e-01
-1.285705214938446528e-01
-1.019285985464344069e-01
-1.375141133622992118e-01
-1.189341024075171310e-01
-1.681890732084649620e-01
-2.802611991514401546e-01
-3.311213915844783418e-01
-1.979070830666982972e-01
-1.245617175086125988e-01
-2.266632544570291730e-01
-2.941883208329251209e-01
-2.675712968971188932e-01
-1.708461964078788198e-01
-2.306179432114426331e-01
-1.111924772962318286e-01
-1.406579083929155316e-01
-1.847897063382852589e-01
-1.793821713170052345e-01
-5.552557524749879986e-02
9.223706907215790951e-02
-1.851363248546485374e-01
-1.328772805471146734e-01
-1.547821044934893642e-01
-1.028695271531084865e-01
-2.885519458051859498e-01
-4.237758915626450851e-02
-2.899830679444890050e-02
-1.506095956423434135e-01
-1.743504656051557411e-01
-1.453228032670470238e-01
-5.312371662592171168e-02
-6.860241432225643032e-02
-3.338848148643534103e-02
-1.549044456515724644e-01
-1.368689699049154863e-02
1.686463092486579010e-02
-2.134573516937453286e-01
-3.298006279069025382e-02
-5.932838151235476920e-02
5.746803465573945002e-02
5.570680330836400018e-02
-6.528032298096739239e-02
-4.859922395764776359e-02
-7.796773451608875194e-02
-1.450469654574980394e-02
-7.772298080859900427e-02
-1.149155789083882995e-01
-4.406657121362411722e-02
-1.681486950502874278e-01
-6.186639079375937794e-02
-3.300568208611223686e-02
-1.729771609980019706e-02
-1.384631913299774753e-01
-4.926167758468978121e-03
-1.516230148550402335e-01
-2.191432658956762956e-03
-7.167045592696015543e-02
1.499014176043932806e-02
8.141663754255389074e-02
8.324432496463116810e-03
-8.529292587633841016e-02
5.016105619923146020e-02
1.116149036499503033e-01
3.833846156604012179e-02
-4.228511523979656961e-02
2.160302046896864225e-02
9.530362777766686333e-02
-1.510682588491520650e-01
1.055906975403517328e-01
4.051766928917656385e-02
-3.312801919509855003e-02
4.665412086862759464e-04
-1.053986277221170692e-01
-3.918520242567239548e-02
-9.897572924978211006e-02
-8.567572563918628148e-02
5.424552931866002958e-02
-6.215765830766783323e-02
-1.003912050065756401e-01
-4.767589183763787201e-03
1.098508698867617511e-01
-1.348203937522785348e-02
1.726434805904777381e-01
1.138504672784754063e-01
-3.409192957467242768e-03
-4.230406812299431635e-02
8.397901751548916827e-02
-2.150534456333964145e-02
9.320481128090132503e-03
-1.107686304662180710e-01
-2.878342565299248437e-02
-1.217885253636218079e-02
-1.449247085395710850e-02
2.316325912048181335e-01
6.304572581392164921e-03
-8.969464062685528205e-02
5.829189555464248627e-03
2.701010102104908425e-02
5.332260062012963986e-02
8.303131414272230115e-02
2.048615931049308295e-02
1.807125180194419645e-01
-6.401235922606428319e-02
1.038590800930404984e-01
6.306634973531398403e-02
1.139406349338397961e-01
7.812325835691306952e-02
2.255408138759956715e-01
2.092824872749874665e-01
-2.973857365090745719e-02
9.643636417981672759e-02
8.622281149661376043e-02
-3.957499514987634914e-02
1.218113503780507423e-01
1.867207034989680769e-01
8.753388247675208955e-02
7.163926350017098266e-02
1.961750821293856140e-01
1.719412497216770697e-01
2.070439498040257675e-01
1.448247531417559686e-01
1.650756916013415287e-01
1.234990794533016439e-01
9.040811841858739650e-02
1.003059386142973325e-01
1.283938434875643055e-02
-3.947034478263367063e-02
1.640466711030894864e-01
6.773590591293859875e-02
1.847761571057807417e-01
2.241075985077214117e-01
1.013786078618356679e-01
1.921701737254848663e-01
5.846095293451171460e-02
4.574500825974227303e-02
7.630052781717651389e-02
1.305080488296395391e-01
2.513748314982053866e-01
1.589259198988650090e-01
4.688503234371088624e-02
-3.823973064887528639e-02
1.462218117771983128e-01
1.233939094027558109e-01
1.184218297941093678e-01
-4.846561332117044207e-02
2.113549796581059848e-01
9.981779749548458369e-02
1.121827808475144156e-01
1.365989501793372363e-01
1.694577713663597829e-01
1.805202113857439228e-01
6.316993069532413074e-02
1.919905543633149692e-01
2.584630209405122669e-01
1.256087007823946111e-01
2.237038820921382898e-01
1.750917736460298746e-01
2.178934260038187798e-01
1.443063758713664935e-01
1.187414337093236349e-01
2.390951255742223003e-01
1.572075239000524371e-01
2.468018807972683082e-01
9.944115034929155994e-02
1.770788837571377339e-01
1.582336498258591628e-01
2.967919080798581133e-01
3.046056686468991415e-01
4.149053343757296702e-02
1.795764833075147171e-01
2.715497400500234138e-01
3.245090227186503418e-01
3.395791118599628677e-01
4.540357867573942968e-02
2.093635051861531537e-01
1.610143736820489890e-01
2.070297490495215664e-01
3.260683127350980093e-01
2.673678470963514187e-01
2.167779846803171429e-01
1.027308305292806839e-01
3.363011760905345593e-01
8.756914711255486816e-02
2.683488923240450186e-01
1.090185830077097101e-01
1.980761551916235819e-01
7.340391375605340163e-02
1.875465590126958182e-01
1.838773679119862503e-01
2.981411662958368680e-01
2.035827924750716889e-01
1.108100026033254637e-01
5.640003209890417230e-02
2.989947443728552812e-01
1.437096011970551701e-01
2.484595462718021397e-01
2.643463850652704727e-01
2.307300692901168016e-01
3.168434518555752755e-01
3.588226842380184967e-01
3.133462144423652118e-01
2.623925286933782020e-01
2.777587291416735438e-01
2.373126334867803056e-01
2.569363983716734801e-01
2.106262289671320675e-01
2.750676347997433324e-01
3.693899024266284470e-01
2.093576057933948797e-01
1.241926018461384784e-01
4.006394631624288216e-01
2.159790008258929139e-01
1.717242335564727884e-01
1.591305515003940685e-01
3.497028663219566846e-01
4.617217947305631287e-01
2.714411584317433790e-01
1.045011666954069052e-01
2.788454513297657367e-01
3.237985711621158003e-01
2.397103952727559495e-01
2.142613075889960028e-01
2.446377436126516980e-01
4.521642853239281057e-01
3.287631655328552838e-01
3.187225849000316358e-01
1.585086955691921706e-01
4.104067395353693803e-01
3.245511054529540140e-01
2.558632282477991682e-01
3.156257360273700963e-01
1.762249254477775973e-01
3.253628146218223716e-01
2.587935019358655886e-01
3.045320346282410218e-01
2.703910252538349601e-01
2.242361239576323995e-01
4.615499815589435006e-01
3.362662348457579053e-01
2.151384851241182894e-01
3.571589421732745961e-01
2.585555909522246343e-01
3.040371070540814347e-01
2.478028473771557993e-01
2.455723409077124886e-01
2.448296152628128552e-01
3.950681573615076325e-01
3.582801645306236682e-01
5.034553765675912063e-01
4.471728267567269266e-01
3.904646061862434014e-01
3.246018227666970790e-01
4.097123204326912904e-01
4.512299625584254570e-01
3.184410565209450095e-01
3.519752637327110412e-01
3.818975052626666367e-01
3.419003645601765284e-01
4.480556880392390084e-01
3.479723634645414121e-01
3.317812734643423855e-01
1.241889923167700249e-01
3.947856191681460292e-01
3.881768706430663851e-01
4.608558134726076783e-01
2.766256413144286830e-01
5.090843486792924200e-01
3.813455434108508069e-01
4.002596260041420551e-01
3.532650017342831572e-01
3.834897552639356388e-01
3.518649411322422593e-01
3.169237218573781045e-01
2.409124587858245681e-01
5.617545192276298671e-01
2.916212189478946670e-01
4.587951066747987805e-01
3.416451042169843522e-01
3.334143834703763853e-01
3.473535643741855194e-01
4.859458704796970063e-01
2.895012549440594274e-01
5.326115137749805051e-01
3.866351461845811688e-01
3.334556145490715218e-01
3.867025605994974802e-01
4.790667776385884591e-01
3.911355041947345290e-01
3.638133570207648937e-01
5.054601345793447997e-01
4.931873304983009354e-01
4.506621307134506815e-01
3.102250977953152633e-01
4.882591210871777831e-01
4.571032738185750732e-01
3.620319269427046960e-01
3.394240406318637659e-01
4.199051052614044544e-01
4.736663432595699663e-01
4.059568581068899173e-01
3.515285539466305731e-01
2.798639014971212036e-01
5.720806707034639116e-01
5.242188580235793705e-01
4.502062004061382350e-01
5.365667742654840477e-01
4.606609455291589827e-01
4.406413752034315512e-01
4.426189389305332234e-01
4.524744481183982092e-01
5.124781372121027800e-01
5.831770530979525358e-01
3.544404442954304790e-01
5.318727770310899272e-01
4.738605685298183934e-01
5.686427263477924487e-01
4.568220647188758199e-01
4.003178696935573710e-01
3.772439937295481993e-01
4.874364764594595889e-01
4.190321608372890583e-01
4.018588285929652337e-01
4.596333105938004704e-01
5.391156410362279994e-01
5.612721420301077790e-01
6.109941800982620075e-01
6.102584234356314141e-01
4.805606752837959794e-01
4.745435022794708413e-01
4.922297324011790098e-01
5.329698749520381806e-01
5.500010887633444145e-01
4.610849894566445006e-01
5.671319402728625114e-01
5.479599014837914783e-01
5.337596330172336145e-01
5.952368773634748589e-01
6.516073863540369215e-01
6.405561652363360725e-01
6.659389186658895010e-01
4.824366811196529325e-01
4.957631355698620679e-01
5.544803674125688975e-01
6.148707529977770481e-01
5.442404851638167340e-01
5.015738699277919599e-01
4.166598315492277549e-01
5.432636963921441131e-01
6.125451203883424123e-01
5.601967983076246993e-01
4.662737674123403342e-01
5.646451797344301804e-01
4.063835680928862271e-01
5.250609206892211667e-01
6.035613508559551921e-01
4.997635953858873270e-01
5.802933186857134329e-01
4.975974720485477065e-01
4.589174370325824759e-01
7.189408032040178753e-01
5.445725867506219231e-01
5.081207714955870980e-01
5.487532268047006223e-01
7.788263938580405332e-01
4.220188773912721403e-01
6.886130404646301217e-01
6.143754474183362735e-01
5.505847116932676144e-01
6.306798305903695834e-01
5.834930874814997503e-01
4.993145709383686737e-01
5.407256037966138296e-01
6.100376970539702626e-01
6.280042728195821544e-01
6.410612848785967044e-01
6.468352375922520325e-01
6.600070532041406590e-01
5.108630069394000106e-01
4.819433030974694665e-01
5.752423198424565509e-01
7.032951195644737696e-01
5.253412962093929606e-01
7.998075986796090442e-01
6.039843253400825063e-01
5.499007308014011164e-01
6.558905311995149034e-01
7.278075941578686647e-01
7.324337833658569608e-01
6.362426311025055625e-01
5.404152409442704030e-01
7.996497581065140636e-01
5.516412255235348949e-01
5.657977160585889731e-01
6.584166611351989218e-01
5.556437336441302222e-01
4.575316854475529604e-01
5.770759359273536226e-01
6.139913098934757230e-01
6.275600825020314355e-01
7.245739191055927675e-01
5.419143047116989909e-01
4.823464189662328150e-01
7.097540332812737329e-01
6.603747925734271274e-01
6.434483633401625324e-01
7.479808815258096599e-01
6.910576908354361114e-01
6.984354826813997663e-01
7.246963787475622087e-01
6.603331713095953459e-01
6.409290978901052149e-01
6.912469402893971493e-01
6.575979018301291168e-01
7.404999875035661594e-01
7.236948692661194782e-01
7.302922651092721429e-01
7.563286036624358166e-01
6.124875966476601707e-01
7.348751522260131841e-01
7.404981924256333059e-01
6.712819218171240943e-01
6.928049702242446983e-01
7.212354962048291851e-01
7.719601446835995251e-01
7.592861696952125650e-01
9.121723383550811581e-01
5.253882919517901540e-01
6.607835855632474553e-01
7.366284553440245464e-01
7.272995386736923473e-01
6.946863652513149967e-01
7.070739873800373498e-01
5.264277142486473160e-01
6.963354685800500210e-01
8.067183868041672978e-01
7.921693881377301905e-01
7.162506950028102448e-01
7.052259105391543992e-01
7.508579519225411225e-01
6.570964684957412150e-01
7.132231038872346440e-01
7.528978290574862564e-01
7.131991181278110048e-01
5.996722238376964720e-01
7.206641925000185633e-01
7.087340821929639656e-01
7.139499564961977462e-01
8.584253539515619424e-01
7.498250426562432791e-01
6.439729994037921568e-01
8.117936867859224526e-01
8.495570870855372325e-01
8.466015828776000118e-01
6.759544221617854731e-01
8.778742069268165027e-01
8.394982866238879238e-01
7.553419103807041957e-01
7.009883087172402716e-01
6.410248135200323771e-01
7.566431703851287383e-01
7.190051007591007348e-01
7.766328192473438419e-01
7.883609062989419547e-01
7.517483716229438340e-01
6.965230029876413598e-01
8.441497450617884146e-01
7.982572811980450656e-01
8.940168102533518901e-01
8.127904872191646923e-01
7.230577430337060685e-01
7.509036927459774580e-01
7.807189572492335694e-01
8.185515265923672956e-01
7.287762979819425446e-01
8.925131344254680910e-01
7.758897228351536723e-01
7.929118366161062026e-01
8.703595284116982800e-01
9.157697705855555315e-01
8.398538890739020157e-01
7.420199174480851534e-01
8.637689115938943507e-01
9.133002084643585539e-01
8.462878550422584523e-01
9.570596575189308508e-01
8.029282667396229201e-01
1.084052270184782563e+00
9.796348965026431266e-01
8.307846455527012619e-01
9.854134022532983206e-01
8.029824517615917756e-01
7.631454322182736894e-01
9.080600276781071178e-01
8.965170776137367792e-01
8.463605728298946307e-01
9.248791046112454506e-01
8.106503623395500124e-01
9.383628824787439981e-01
9.005191366089109195e-01
7.628275753931792469e-01
8.680133074904321511e-01
8.819011154661317020e-01
9.404037186019152950e-01
8.610179884734390221e-01
8.235081605130913918e-01
9.555695396870640401e-01
8.993334791414121510e-01
8.945516111972877660e-01
8.996013267515653444e-01
9.405069025370178526e-01
9.142333481744006063e-01
9.491184957028672153e-01
8.951893849369901845e-01
8.897598168523350726e-01
9.234562985435559312e-01
1.016447177299607318e+00
1.080775495598188307e+00
9.523445139572455087e-01
9.744357127350079528e-01
8.796388812605395735e-01
1.015698345007078451e+00
8.031484027024662353e-01
8.110845666578105906e-01
8.078695089259408935e-01
1.067694483615603041e+00
8.503031299582095581e-01
9.325049677668746373e-01
8.485910281285297119e-01
7.595987429701023252e-01
8.500339788480489878e-01
7.893904448026145548e-01
9.052545322511210690e-01
8.752422977786959990e-01
1.075611727259584871e+00
1.025007982640469884e+00
1.023394179001411608e+00
1.101072517937446538e+00
9.468604035515150175e-01
1.011353218609465809e+00
8.822243484270508862e-01
8.425100823943391104e-01
8.436201445333727511e-01
8.681421096707031548e-01
9.940667800077911398e-01
1.075092636455498463e+00
1.055899998280017016e+00
9.363754502451052675e-01
9.372057364061161522e-01
1.020194002667332400e+00
9.158381789097986836e-01
9.861031572506455678e-01
8.539694233886050423e-01
7.768063518204277873e-01
9.654786749522099587e-01
7.962709195784642979e-01
9.364370289081513921e-01
1.078624220640128417e+00
8.857072993626535773e-01
1.070752595452060918e+00
9.462619159542010605e-01
1.079442287352470720e+00
1.047853633504711723e+00
9.761222077967508515e-01
1.067608735826981903e+00
1.053009226269122633e+00
9.740230352842016437e-01
1.121110304964707538e+00
9.899331701367066749e-01
9.721794396497043245e-01
1.009705371477144453e+00
8.656472098679303118e-01
1.093805395816007886e+00
1.071684962616164860e+00
1.024184898437562552e+00
