-1.015437863973042365e+00
-9.743918287570779713e-01
-1.183584534981912073e+00
-7.430212737518175903e-01
-8.240007265585581608e-01
-1.088597755559541191e+00
-1.088534661040190921e+00
-1.177256025370314374e+00
-1.097518324846575632e+00
-8.586024459490932959e-01
-9.858311178656506968e-01
-9.987805390172271869e-01
-8.959895005554817660e-01
-8.718341638392129722e-01
-1.117215233747842484e+00
-9.522458279122941738e-01
-9.795261515601200175e-01
-9.769606231629249793e-01
-1.077925748214051183e+00
-9.263472327444535193e-01
-9.016756630523545812e-01
-8.806365259425736891e-01
-1.081865360178699387e+00
-8.631032317832656453e-01
-1.073141380156452440e+00
-9.497184203093611554e-01
-8.633975460142612190e-01
-1.055639044834989493e+00
-9.304292862441340128e-01
-9.600511158472507800e-01
-9.943279803422571117e-01
-9.806375391578460166e-01
-7.938818741704452009e-01
-9.134652377308002391e-01
-8.587987284773300756e-01
-7.912951334992429642e-01
-8.335065498430884734e-01
-9.019339310334095750e-01
-8.076029662636089457e-01
-9.219347326099174289e-01
-9.047827756566636515e-01
-1.094626599076399254e+00
-9.460923116433601621e-01
-1.046296344825096813e+00
-9.668808548423950544e-01
-1.012879588121525565e+00
-1.024971257504670774e+00
-7.300957816963165037e-01
-8.734003077066033738e-01
-1.040575555336092473e+00
-9.745664576274343238e-01
-9.602520044159329471e-01
-7.623795743146529746e-01
-8.768137094048702451e-01
-9.677754813437633441e-01
-9.765491027837401861e-01
-9.660574102598477042e-01
-8.702748104851999456e-01
-8.645573276460406520e-01
-9.693218899176824221e-01
-8.015396255508152601e-01
-9.397648857000884259e-01
-8.708612153084942520e-01
-8.466255067699790526e-01
-8.710942583196178424e-01
-9.953200844692103866e-01
-7.117232412327074709e-01
-9.103946393346480370e-01
-9.744464250752739032e-01
-7.477899878221512253e-01
-8.358788369012934982e-01
-8.622745981416255479e-01
-7.345796384246759958e-01
-8.219778959527582751e-01
-7.589195291938548582e-01
-7.916422006363562636e-01
-9.171080385270945490e-01
-8.481101102799235569e-01
-8.668037764062289652e-01
-9.009487697779609006e-01
-9.332722941899294078e-01
-9.095300643828754250e-01
-8.059458728333532829e-01
-7.673080815382411490e-01
-7.995756661408180976e-01
-9.468628501558454813e-01
-8.220904029616628028e-01
-1.020563359281329241e+00
-8.623994627958514458e-01
-9.383788979770735228e-01
-9.360016971993280199e-01
-8.760565182362105574e-01
-8.160257732393407792e-01
-9.829917182309799717e-01
-7.345993803481009055e-01
-7.537596256522847149e-01
-9.166657416799826041e-01
-8.119730172977449589e-01
-7.114636461700849512e-01
-9.486557412252071275e-01
-8.104169741167716046e-01
-8.160693559114365891e-01
-8.136538046239363275e-01
-8.034108200388291321e-01
-8.419396603374653676e-01
-7.523902066734515781e-01
-7.536052837177339425e-01
-7.075709581503658585e-01
-8.889182776911555006e-01
-7.700415518887705479e-01
-7.840038844920639294e-01
-6.847654877686872865e-01
-6.634252410392074140e-01
-7.637631288694968212e-01
-7.865923993225293342e-01
-8.323388976004655326e-01
-8.055316273142554273e-01
-8.524638571385605434e-01
-8.525948066548951765e-01
-7.115872717945226356e-01
-7.175093221671428045e-01
-8.391585570460388110e-01
-6.842994781056660480e-01
-6.166346232036288288e-01
-6.875471689540489928e-01
-6.811019826302069369e-01
-7.133801360118116053e-01
-6.013327060543118829e-01
-6.550622816924710490e-01
-5.432804572027734036e-01
-7.615854032779973970e-01
-5.978263380077352140e-01
-6.552016804325925259e-01
-7.973147055529752336e-01
-6.785939363215750531e-01
-7.493737973961167587e-01
-7.107999819900033822e-01
-6.663028630122049822e-01
-7.128367479568490372e-01
-7.289957802343024484e-01
-6.402507947017781476e-01
-8.811501783714535962e-01
-7.759221293573079770e-01
-7.453755696667505593e-01
-6.847747792942737721e-01
-6.584922965290445074e-01
-6.187395041264616147e-01
-6.964777189080028075e-01
-7.597157999238982606e-01
-8.171267649830997737e-01
-7.305574646770532921e-01
-7.057960696001227552e-01
-6.431330468321444505e-01
-7.960699242918197749e-01
-6.653789396370619613e-01
-5.195409319891028943e-01
-6.941580763411675514e-01
-6.692033897822767807e-01
-5.179484129001570292e-01
-7.474063991075992064e-01
-5.991097192207343047e-01
-5.871141960591280684e-01
-5.351992428740737218e-01
-7.844079065797885386e-01
-7.122796983052059883e-01
-5.669725016429334463e-01
-6.780172444070359239e-01
-6.760651694459273164e-01
-6.862306555649705375e-01
-6.034144535765277872e-01
-5.429415013239273780e-01
-6.040283351347538465e-01
-7.661509070625205364e-01
-6.276057589692040084e-01
-7.123262282499616127e-01
-6.214681724739330448e-01
-5.104739073010584605e-01
-6.590855687058920775e-01
-6.971688159370714732e-01
-6.045374729391336244e-01
-6.372767990328112031e-01
-7.407831966985840566e-01
-6.354982612523125685e-01
-7.215883790853960811e-01
-4.484056993237958699e-01
-5.460814119881507445e-01
-5.455674339553265861e-01
-7.860593289212551849e-01
-7.658873056175783400e-01
-6.486832688353089127e-01
-6.281542683525939141e-01
-7.381103781968040289e-01
-5.412191750658185141e-01
-7.105673599786109795e-01
-5.824161734383053179e-01
-6.846263004501145222e-01
-5.957348534010862284e-01
-6.325916863556316772e-01
-7.153556459499507136e-01
-5.287668115409710490e-01
-6.694283993901225527e-01
-5.543582157585926762e-01
-5.413956298700132175e-01
-6.254829406002714309e-01
-5.467475270404061893e-01
-7.392103537422691772e-01
-6.662955072098177833e-01
-6.880818080590629382e-01
-5.892171941358812504e-01
-7.159884331838370919e-01
-6.143178893214429337e-01
-4.472087083424734488e-01
-6.738115081987965382e-01
-5.350818283828671085e-01
-6.655713020183604556e-01
-3.735658727489264974e-01
-6.548262317747973738e-01
-6.027272209940583991e-01
-5.300275002679276648e-01
-6.465846601060288856e-01
-5.661619692172503715e-01
-5.031222651677046409e-01
-6.184042460874829006e-01
-5.687950077996614118e-01
-4.848817050749036350e-01
-4.686073090605192282e-01
-5.300239604514557223e-01
-5.821474577197625067e-01
-4.277961427507833148e-01
-5.714812082825037054e-01
-6.712780978669058429e-01
-3.718428064849947368e-01
-4.445072165661235752e-01
-7.273754893945374445e-01
-6.112573407890650179e-01
-5.910244215109450305e-01
-6.174292484027593675e-01
-5.185855422837893913e-01
-4.931355330677441584e-01
-4.264655180837843562e-01
-4.114807169267565290e-01
-3.027159757798249529e-01
-5.456756055288313201e-01
-4.656985703001718657e-01
-4.373783545011537544e-01
-5.628066409916875346e-01
-5.144454497014151473e-01
-4.323573254637286811e-01
-3.945368225390790129e-01
-6.123500372609153031e-01
-3.803101429654729970e-01
-4.769773985802357452e-01
-4.900761759955923891e-01
-4.997663545798469720e-01
-5.123990241078121288e-01
-5.696116002572072512e-01
-6.209514508914687481e-01
-4.596382070444367529e-01
-3.306468244432103076e-01
-5.276631555854488509e-01
-3.777416747722587287e-01
-3.808867104004344806e-01
-6.432498315227744845e-01
-3.843155807186695028e-01
-4.316129410221634655e-01
-4.092324758839157028e-01
-5.044121096769579315e-01
-4.386429719099039226e-01
-4.108988103302623207e-01
-4.994368274386692952e-01
-3.892405506497944034e-01
-4.331468096390638789e-01
-3.020862504874605725e-01
-4.998730614277377970e-01
-4.317291076827146079e-01
-4.121353657779449620e-01
-3.699742684886629385e-01
-4.859251456504060096e-01
-4.245889020517216172e-01
-4.295701136261890762e-01
-3.714707720508079181e-01
-4.304181695836447052e-01
-4.970698503260250756e-01
-4.221524928319445591e-01
-3.959346115529387977e-01
-3.934212715980101027e-01
-2.938800516142686670e-01
-2.958531861305798705e-01
-3.187442605673764251e-01
-4.399647618022456408e-01
-3.711991499095468883e-01
-4.248149416039959103e-01
-3.121495334384215559e-01
-5.052753552566340289e-01
-4.216897121446156471e-01
-3.632910131069050919e-01
-3.848578128369734008e-01
-2.376077147442799686e-01
-3.226240293936348258e-01
-4.952126761954883105e-01
-5.222302394401460157e-01
-3.116307369030975605e-01
-5.058282849523407787e-01
-4.679936228992392366e-01
-3.235804162105127002e-01
-4.090287654557411279e-01
-2.943730870397799904e-01
-4.251156521289741752e-01
-5.609593122946346933e-01
-3.631562723381102087e-01
-3.906579994198074446e-01
-3.083980499376802742e-01
-2.847931355104418305e-01
-3.404377376775558628e-01
-3.978413530100624040e-01
-3.927067389391432628e-01
-4.714567508041195287e-01
-3.189913358974157953e-01
-2.205733994712010537e-01
-4.351994491092264217e-01
-4.388197244575446354e-01
-2.390189163507361603e-01
-4.399561620029690534e-01
-3.884766300228168490e-01
-3.288621656705316143e-01
-5.824576489394643897e-01
-3.798899427106855464e-01
-3.220758029453650306e-01
-3.906405629177029382e-01
-2.610349110715101673e-01
-3.437161578399265394e-01
-2.862849783806309945e-01
-3.267906928082743301e-01
-3.493234833307449216e-01
-2.359403503443555372e-01
-1.635858880615689293e-01
-4.612125473366145145e-02
-5.147818232705807517e-01
-1.666714981243490878e-01
-3.451980031268904181e-01
-2.828691263963823421e-01
-2.219951967438238694e-01
-2.985907591100829261e-01
-3.580835594963321933e-01
-4.700571632471674532e-01
-4.161796900459012738e-01
-4.015724261366893089e-01
-3.796787496610249391e-01
-2.343673715127659873e-01
-2.905736957952203547e-01
-4.082854378097413584e-01
-2.813333889139295607e-01
-3.106138452571930997e-01
-2.625693660504413995e-01
-2.838191860687456769e-01
-2.200086443082168719e-01
-4.832119457611723790e-01
-1.650890943058863358e-01
-2.578087274857027711e-01
-3.452440523019241758e-01
-3.859159762892924728e-01
-3.119330760322849283e-01
-2.013474728237338862e-01
-4.830800788809765933e-01
-1.524179344612153486e-01
-1.702313901226892578e-01
-3.605571823977948842e-02
-3.405220756040899799e-01
-1.807262692918138458e-01
-2.791550670486112606e-01
-1.861676249063309030e-01
-3.677345424671787377e-01
-2.894136216123217586e-01
-2.109446630333413897e-01
-3.243575575400129418e-01
-3.399175431888757370e-01
-3.304380632272077012e-01
-1.489120330589310814e-01
-3.132677100124243719e-01
-2.126361923575549040e-01
-3.249673179619267382e-01
-2.951945031010234088e-01
-1.861415475263928643e-01
-2.445994132121837861e-01
-1.814750502683804834e-01
-2.632053728945807913e-01
-1.012603072199035753e-01
-2.755119312608425575e-01
-3.125158496537051023e-01
-1.061011714901771846e-01
-7.797116040295794248e-02
-3.960322043873615305e-01
-2.306212535120020224e-01
-3.729193504065378417e-01
-1.009312244445477458e-01
-1.881055256562036981e-01
-2.649395865092953883e-01
-2.036559916400031978e-01
-1.906091014817589691e-01
-1.745582336049145700e-01
-1.217933577866435468e-01
-3.002070928823906693e-01
-3.227911540594520790e-01
-2.335544836963337201e-01
-1.824023858869025239e-01
-2.172730211131881639e-01
-2.210859583237680115e-01
-2.595182727728030381e-01
-2.329028202033850969e-01
-2.150544675095649172e-01
-2.112641157901161415e-01
-2.121544862749114302e-01
-1.852028937099066130e-01
-2.221347310669198327e-01
-2.363319870170060011e-01
-1.234213979269462996e-01
-1.876332698263222243e-01
-2.822760406904316621e-01
-3.374757779889344111e-01
-2.590798029326563667e-01
-2.469115479597708829e-01
-1.220839233861440720e-01
-8.555335597169287654e-02
-3.175629785460720167e-01
-1.297853225300860114e-01
-1.498551154694336696e-01
-1.110023388732862409e-01
-1.127182342853295105e-01
-1.406761696360465663e-01
-1.203417035882662356e-01
-1.695398598419482761e-01
-2.692435333301199107e-01
-3.315974258220886761e-01
-2.025227411968261448e-01
-1.230915913890977820e-01
-2.402552892824200148e-01
-2.928119929631328722e-01
-2.756321863538998551e-01
-1.656285442038107347e-01
-2.023550793307977713e-01
-1.376470831489318425e-01
-1.448113436209322591e-01
-1.761944495556893864e-01
-1.738923670156819756e-01
-5.584759412301491810e-02
1.029436212502294751e-01
-1.770849977670316544e-01
-1.389783339723673905e-01
-1.407133083914470228e-01
-1.079614018556866173e-01
-2.823930802010748420e-01
-5.068106977484785475e-02
-2.375395374774501994e-02
-1.825352895574696432e-01
-1.885982622879770754e-01
-1.637286360291971277e-01
-5.740276033814193518e-02
-4.720161547473374769e-02
-4.893194902188877093e-02
-1.560680194451216918e-01
-1.225495454915022375e-02
4.189313201090150152e-02
-2.103838224413695501e-01
-6.099584952815369221e-02
-4.489896255261424662e-02
5.031403449402736816e-02
4.647159040219018405e-02
-7.987770882542133410e-02
-5.598977978793357596e-02
-8.789023900675843604e-02
-1.732184936603252401e-02
-7.697335799440709059e-02
-1.012357083950601727e-01
-3.907922263711070127e-02
-1.850419907190504198e-01
-8.763574855260665430e-02
-1.623550297196669351e-02
-1.656881220735742857e-02
-1.405981354962976548e-01
-8.440299976142699723e-03
-1.544142387019399598e-01
2.010347177351222425e-02
-4.906641261141116150e-02
-2.479906547365039182e-02
6.394364245436519323e-02
3.694796073502036593e-02
-7.296491437875671227e-02
3.083539744712510480e-02
1.122888920803355589e-01
4.315759489677799265e-02
-4.397248848556295497e-02
2.137522093635802270e-02
1.003308274880422984e-01
-1.387411691399541014e-01
1.088722516441220367e-01
3.118225568965586614e-02
-5.916756680578060673e-02
1.193663166209130676e-02
-1.279955698338708370e-01
-3.372698414055934346e-02
-9.894293843369621200e-02
-8.572850649306319737e-02
4.191404244163092485e-02
-4.223104187822651623e-02
-7.733450663865230890e-02
3.542382957298988080e-03
1.168650501961386728e-01
1.006466319653869478e-02
1.713547946659630949e-01
9.910694194700603310e-02
3.580701030099010026e-04
-2.692861866225723655e-02
8.145602031413831656e-02
-1.623993384328953349e-02
-5.025495410774104450e-03
-9.388124079575872749e-02
-3.141825775768322671e-02
-3.416665080347090246e-03
-3.025547397425761009e-02
2.399557487550231516e-01
-5.794456279238548863e-03
-6.749243565735776884e-02
-5.943585104302020507e-03
3.060701838925802831e-02
3.965111542966136271e-02
8.556671439186387673e-02
-1.894625584798878548e-02
1.558000501734573551e-01
-5.783349148510218141e-02
1.117582543395687356e-01
2.919532298698575973e-02
1.138460227742918718e-01
6.844892076433392591e-02
2.246577581772553622e-01
2.065247842030666636e-01
-3.623293799683218602e-02
1.063262957066728465e-01
1.105536907340159136e-01
-4.398865933910394571e-02
9.907333515918419209e-02
1.868619928431442812e-01
9.145193521215340404e-02
8.637856683912649436e-02
1.844351795292185348e-01
1.843479155293287763e-01
2.151635455961701804e-01
1.341091387037290084e-01
1.612816857913272894e-01
1.141078666303474154e-01
8.709326084476372298e-02
1.131123578326418272e-01
3.189387107810210537e-02
-4.733423731522417438e-02
1.337322490606587255e-01
5.570506418979596919e-02
1.526153840563262143e-01
2.467418114378772120e-01
1.017823928354432556e-01
2.124908213445288463e-01
3.570517981501326876e-02
5.092497933629318296e-02
8.759967065050287827e-02
1.053227977405834237e-01
2.503475438853202673e-01
1.544441033213913572e-01
4.744573212802855045e-02
-3.249081010132225805e-02
1.296063582963741245e-01
9.254760915337617577e-02
1.319709972740007453e-01
-4.718094023946056009e-02
2.063398881126184969e-01
1.172866948794608483e-01
1.144149028743716850e-01
1.302008466610946880e-01
1.748581513628169881e-01
1.984825138034854997e-01
9.059084287618028586e-02
2.014856975862565625e-01
2.465130934041595279e-01
1.106646203847876792e-01
2.225132386697138975e-01
1.460877849264933526e-01
2.419806110797812493e-01
1.513466624971847030e-01
1.189504719512178982e-01
2.270131037740674429e-01
1.686232102328286964e-01
2.339681235617975530e-01
9.431003399329951353e-02
1.904304251074231402e-01
1.690749465831550558e-01
2.847340634748181110e-01
3.189679486813081222e-01
6.142458688219344654e-02
1.680385380803807172e-01
2.446009171883531674e-01
2.933852063229048235e-01
3.502433453702546995e-01
4.318203231253213426e-02
2.079800476177368074e-01
1.710323468640096711e-01
2.195943753366339235e-01
3.317451060680736696e-01
2.840989054214860809e-01
1.966748177438865652e-01
9.726486451537634526e-02
3.161656883831066578e-01
8.613774941764260062e-02
2.830683641626939862e-01
1.021663458276936692e-01
2.036170251427805444e-01
8.011950809911262683e-02
2.002424147825217771e-01
1.937586108510876426e-01
2.882083684014275504e-01
2.053422935894528845e-01
1.190941316565281294e-01
7.298714244402801365e-02
2.953777541538383788e-01
1.441978045582901491e-01
2.562812590837482141e-01
2.590132309436640190e-01
2.434664339399776334e-01
3.056895202154762958e-01
3.833891986678088504e-01
2.983635584225749482e-01
2.664474346030279439e-01
2.858920845138710476e-01
2.241428456550910719e-01
2.689262059078501577e-01
1.842227575875571011e-01
3.109513413312907093e-01
3.629622914522605548e-01
2.215752501045436251e-01
1.136663039031789585e-01
3.895578640451390351e-01
2.094303816922195582e-01
1.555599275870575837e-01
1.540448097317427545e-01
3.684781818533049980e-01
4.750976965098439586e-01
2.718846358911687910e-01
1.133908202352360839e-01
2.935377617023965380e-01
3.262996357621599786e-01
2.364324242340694326e-01
2.246018764110390142e-01
2.388609287402621295e-01
4.493049980520329445e-01
3.298500558323670395e-01
3.001691471236839770e-01
1.704774786834106770e-01
4.121559599831284837e-01
3.129985702967565397e-01
2.923775550919145982e-01
2.923358896470306112e-01
1.705594502515618283e-01
3.200800456927784809e-01
2.689889880437706937e-01
3.011681006236766600e-01
2.424549024478237780e-01
2.380187526659782171e-01
4.956259286009523923e-01
3.323525768843970107e-01
2.117302010338074914e-01
3.654353393347937184e-01
2.676736391509618174e-01
2.672204518301907195e-01
2.308457265501765443e-01
2.634296815533545000e-01
2.244730435753475861e-01
3.706502309464394518e-01
3.604102172435298956e-01
5.115841464275109329e-01
4.484791124674229468e-01
4.226434820611211785e-01
3.290252545876712897e-01
3.801523067380569443e-01
4.554574990095595077e-01
2.956491781199173108e-01
3.533540682018027623e-01
3.888962243049076117e-01
3.470202710281715119e-01
4.447651838444200978e-01
3.561109867354995684e-01
3.148430813330055922e-01
1.285598119563298447e-01
3.877805358914186984e-01
4.184523798897105129e-01
4.477704371084517687e-01
2.728197372123153941e-01
5.003915030148468057e-01
3.867550503297884079e-01
3.741409954475847233e-01
3.749890803026613706e-01
4.011351054202301758e-01
3.248705540712351625e-01
3.454680695831592319e-01
2.384028445730936863e-01
5.938744389640043808e-01
3.238842459703781818e-01
4.738513451039100821e-01
3.288214705610646993e-01
3.562370628692915209e-01
3.549230435661420158e-01
4.927965415482876144e-01
3.023421683009180905e-01
4.976641241381936642e-01
3.915149568114162926e-01
3.441422575101311110e-01
3.600316071688811626e-01
4.892405944703107079e-01
3.876416275356334151e-01
3.734533516714271251e-01
4.925422462252581624e-01
5.092651397558527471e-01
4.457544619476358494e-01
3.156103726622301875e-01
4.845212410099833944e-01
4.334347015764665745e-01
3.510366737898009126e-01
3.366798091578536711e-01
4.237039556812908780e-01
4.738160120617659343e-01
3.835020488318447995e-01
3.337735039597957143e-01
2.719738399397960693e-01
5.651200192693419666e-01
5.090423095580777213e-01
4.778665894887343391e-01
5.248789506114117653e-01
4.585558413800507882e-01
4.293621849628499465e-01
4.487923476794535294e-01
4.510912620064151946e-01
5.276608663021602474e-01
5.680657080961311056e-01
3.704756565470990193e-01
5.296912443891159672e-01
4.731750856339734801e-01
5.685167321624869929e-01
4.435499773303959725e-01
3.978865297968429138e-01
3.993002562226024565e-01
4.691214653552354674e-01
4.429133874966776907e-01
4.009642330044178027e-01
4.670136166995448312e-01
5.519324265610092706e-01
5.531816312226345289e-01
6.026614868250639301e-01
6.013286689000753027e-01
4.769622298230346558e-01
4.689441516756729933e-01
4.959582320463403748e-01
5.236182404860838524e-01
5.217803357042986034e-01
4.545347526776408187e-01
5.791092279414522537e-01
5.407803366753506369e-01
5.436685870296606993e-01
6.073772324343790219e-01
6.462762698274062689e-01
6.288085320989074134e-01
6.670931279603667940e-01
4.971792301750876941e-01
5.190997799617843578e-01
5.371733515058869646e-01
5.879673080820726483e-01
5.444522891608504223e-01
4.986209223906805099e-01
4.325631298873582886e-01
5.509909997338517940e-01
6.114737895919089006e-01
5.720011844250049160e-01
4.810152289137974990e-01
5.600412506312939520e-01
4.143234236260111003e-01
5.419162772836917386e-01
6.111799545005058842e-01
5.094313827368731618e-01
5.683536920842889861e-01
5.124786699940986345e-01
4.628294542546365076e-01
7.143074606648576186e-01
5.292690338608303513e-01
5.250207192931651834e-01
5.485992009841872408e-01
7.644653971355861444e-01
4.092764312075171107e-01
6.862656258164294698e-01
6.231586113685669837e-01
5.592948722607918866e-01
6.136536221395841872e-01
5.637938411872079891e-01
4.894112569565214343e-01
5.396527191744032725e-01
6.250933270449948731e-01
6.285451063892990575e-01
6.355275059415577132e-01
6.691937355028211298e-01
6.729463796430102951e-01
5.099977469073747605e-01
4.914388107750692902e-01
5.969544798550958653e-01
6.892133528325400382e-01
5.381692725740643279e-01
7.996659232542189244e-01
6.063380469077246371e-01
5.610916965028057701e-01
6.531048152693710307e-01
7.291073359978277324e-01
7.072176569586118289e-01
6.484230169025763102e-01
5.640192926421968567e-01
7.944537371941784443e-01
5.617355581635647965e-01
5.657974456794658824e-01
6.646100914917745239e-01
5.692780148337683865e-01
4.685566463106429769e-01
5.707424112110149883e-01
6.018957763467949196e-01
6.319620579985658626e-01
7.345281061165988001e-01
5.285859475181943212e-01
5.063964590361474949e-01
7.117632467866347179e-01
6.539070778258357919e-01
6.441853253034000026e-01
7.612205665239129004e-01
7.198644151061482921e-01
7.254978922411999820e-01
7.425311528458707899e-01
6.703010886922144973e-01
6.565870720258355497e-01
6.957153898634371725e-01
6.579858578615089826e-01
7.343649157665325111e-01
7.216264389575904881e-01
7.662005460231127163e-01
7.541386649443772017e-01
6.279287662240131684e-01
7.410202498589117948e-01
7.423589380134095750e-01
6.604343759808282144e-01
6.808723272867837073e-01
7.117126771765142079e-01
7.733665664023465780e-01
7.319207839650030412e-01
8.966537465663002582e-01
5.376209690475528546e-01
6.419727637123714414e-01
7.196533727491670751e-01
7.255420781357123650e-01
7.172633430613730710e-01
6.921718140463066771e-01
5.272019385514828960e-01
7.024514372696054609e-01
7.872507629622108594e-01
7.985102535624518660e-01
7.137254719179151330e-01
7.088783704367915828e-01
7.593501865283580621e-01
6.444122877978442077e-01
7.121388124750707149e-01
7.539620168777024789e-01
7.120451043184586881e-01
6.096443356974224903e-01
7.341458201593364929e-01
6.977380485831394807e-01
7.082326907093230428e-01
8.662357748376764421e-01
7.469028074981105547e-01
6.421807223918748475e-01
8.120212571687084324e-01
8.614103570493274464e-01
8.544775312172788739e-01
6.775049337543871397e-01
8.773273259933481727e-01
8.256837801421084144e-01
7.808219425320795937e-01
7.123199795360996012e-01
6.264238882840312828e-01
7.400239031854285443e-01
7.069240165358042782e-01
7.659232115497841553e-01
7.902320301283263237e-01
7.781066976614551267e-01
6.725029575759006173e-01
8.448192186446039642e-01
7.777314757773652332e-01
8.829320594760955432e-01
8.111050155179625465e-01
7.404565661679320954e-01
7.369017403086207674e-01
7.840468989025647373e-01
8.165980639786777351e-01
7.309489334849513797e-01
9.027338770582373773e-01
7.729743016809248468e-01
7.874366824014603639e-01
8.574811836317521863e-01
9.180618963419433509e-01
8.371873948032145796e-01
7.599094051086908719e-01
8.789172333687831351e-01
9.173973692503802901e-01
8.462302025168619846e-01
9.595160280481046522e-01
8.101434296393470458e-01
1.110323638285508174e+00
9.873227251399694371e-01
8.360052981976815456e-01
9.871950469510430981e-01
8.101328157938880725e-01
7.718209066558677778e-01
9.263682245777969948e-01
8.765323026204427936e-01
8.254429972766240686e-01
9.062384561654608373e-01
8.327582352153961587e-01
9.156311814093271995e-01
9.050266944821773185e-01
7.567179246607302900e-01
8.702902144689331765e-01
8.730911579419937674e-01
9.345625469398018970e-01
8.679175787522266372e-01
8.327605943172676772e-01
9.542059023187877687e-01
9.067460961737034975e-01
8.896936577767551313e-01
9.026891199697005819e-01
9.430853316781563356e-01
9.387585811229567367e-01
9.449971842293513058e-01
8.786832046995488588e-01
9.000133924584989842e-01
9.133362339679576003e-01
1.003548810960418036e+00
1.062044996353143977e+00
9.751221970056002109e-01
9.726968800429653950e-01
8.746237256985524011e-01
9.931894511614086651e-01
8.240599238046192321e-01
8.106280197843450663e-01
8.034897898499090418e-01
1.045386258476487695e+00
8.640573806373392785e-01
9.384066089994517190e-01
8.672960475402973213e-01
7.693574454259796136e-01
8.669068473767708172e-01
8.067699557048864101e-01
9.238000475480817597e-01
8.983404865403521455e-01
1.072887485204737201e+00
1.013096858488653274e+00
1.020993243985102383e+00
1.100172582033631663e+00
9.454914636304928566e-01
1.003396583145468535e+00
8.712352792035353843e-01
8.570599367478461961e-01
8.416197134155007920e-01
8.537045853802434081e-01
9.769769797581036030e-01
1.068585085406342339e+00
1.045466806373851476e+00
9.322557734892934489e-01
9.287898783993373542e-01
1.013428918843610749e+00
9.159326384949034727e-01
9.711273598609059254e-01
8.386211737330347971e-01
7.767949343076583357e-01
9.663314547336001592e-01
7.963016225670630499e-01
9.377379377456470655e-01
1.065256409705554352e+00
9.137079312651466001e-01
1.033654034395867116e+00
9.626056953545890638e-01
1.049824744720859293e+00
1.047205853049646862e+00
9.685958533407356130e-01
1.077075187179146853e+00
1.033952047357770576e+00
9.798495103231973369e-01
1.104194261359087159e+00
9.737923606760184869e-01
9.777243327089834013e-01
1.012922320492738004e+00
8.602150997751148997e-01
1.103967517055886027e+00
1.060745319162330613e+00
1.030441814226030539e+00
