-8.437605682326471124e-01
-9.789641044198093001e-01
-1.164940519279989983e+00
-9.657943860484974330e-01
-9.766107466181443986e-01
-1.108076877928312554e+00
-8.459574436974749423e-01
-9.879448757207713872e-01
-9.238591937577111946e-01
-8.169720662474019290e-01
-1.021336510726316815e+00
-8.687654675892706457e-01
-8.300406437160895434e-01
-9.860606705491568036e-01
-9.205494314407638434e-01
-8.693081050082388517e-01
-8.774640360372892856e-01
-9.097524475037980229e-01
-9.257431632689715473e-01
-9.970288061564503979e-01
-7.568017320719466756e-01
-9.436786812280294479e-01
-9.666076439454363012e-01
-1.007122232920373728e+00
-9.249503956376468050e-01
-9.380457302046056878e-01
-1.040018918119809399e+00
-8.288607368859705060e-01
-9.039292568479438961e-01
-1.008875960881869149e+00
-1.076246728811926179e+00
-9.484162951143083609e-01
-9.905574605241259656e-01
-8.329150534527983707e-01
-1.057652228286780183e+00
-9.096614418903715693e-01
-8.408453146971488490e-01
-9.054284235382992208e-01
-9.467691611029402932e-01
-6.612409708932311947e-01
-9.970041286176509754e-01
-8.721474683010782547e-01
-8.827098420235111043e-01
-9.406348139265188202e-01
-8.847000390042463192e-01
-9.034685849564739746e-01
-9.867108045271197891e-01
-9.512916685672542227e-01
-9.679434601559847584e-01
-9.393010399741239524e-01
-9.521237942159254120e-01
-9.469718020233729439e-01
-7.315790847883456571e-01
-9.157424691612066070e-01
-9.078040678455259194e-01
-9.909152629569225601e-01
-1.045695314655888497e+00
-7.632824811241469831e-01
-9.179453768898204746e-01
-9.193638292557291258e-01
-9.136154923447972198e-01
-8.788268874279703269e-01
-8.943461282565157155e-01
-7.690678202647778239e-01
-1.022259550297660580e+00
-9.500271125788324333e-01
-9.109377443832752386e-01
-9.100049644470429300e-01
-8.604599589990962194e-01
-6.305830505575911182e-01
-8.109128948470195608e-01
-7.454709813249158490e-01
-8.479608398117755019e-01
-8.594260053692271972e-01
-7.654337923819712897e-01
-8.218000082963500263e-01
-9.974261156650424676e-01
-7.164308368809598759e-01
-8.623281419113264512e-01
-6.937181574564207365e-01
-8.407973456667814371e-01
-7.999748846820347037e-01
-7.480427137513199209e-01
-8.768338730488990374e-01
-9.208266924263515119e-01
-5.655151528283871576e-01
-8.806365450935216277e-01
-7.710433485204177817e-01
-8.675223491637754636e-01
-6.981491244498805315e-01
-8.719311247609687898e-01
-7.452308449912011801e-01
-7.580479432925317784e-01
-7.247386410196088313e-01
-7.526733043867300799e-01
-7.839969532411551478e-01
-8.401230826830273779e-01
-8.494992217007714119e-01
-8.012637212385204100e-01
-7.226962029833745582e-01
-8.802579590761154815e-01
-8.119617960609532004e-01
-8.723400964175361816e-01
-8.701002741274638241e-01
-6.709136260987845768e-01
-8.176211278153436846e-01
-8.060415769930128205e-01
-6.375204212198748444e-01
-6.099585095929316303e-01
-8.697538086174838590e-01
-9.046001328362642813e-01
-6.856843996216036574e-01
-8.137732313983667698e-01
-6.780382541144674979e-01
-6.688648454376514563e-01
-8.117190312807734953e-01
-7.587671409235774433e-01
-7.334872618452528137e-01
-6.501442144352242991e-01
-7.020495794167243009e-01
-7.683852199792476911e-01
-8.306287748889329414e-01
-7.857024218528619874e-01
-6.563925909165609918e-01
-8.503351148363780254e-01
-8.525628272294680787e-01
-6.916925522978686347e-01
-7.924275935157760742e-01
-8.948961721527626256e-01
-7.336761285949314759e-01
-8.031870032645849200e-01
-7.129879161447251201e-01
-6.876509253230731478e-01
-6.136613617288643185e-01
-6.097806933372962312e-01
-6.818372161842329859e-01
-8.454244049115549053e-01
-6.594532002138426829e-01
-6.966853907268847346e-01
-6.786357296591589705e-01
-7.238164636414993192e-01
-7.068289722518844576e-01
-7.112933540056869397e-01
-7.601152434453636308e-01
-6.880127091910948067e-01
-6.051505507081129664e-01
-6.603810741042984711e-01
-6.804828125541684258e-01
-6.967676892331698957e-01
-6.063095085615456403e-01
-6.211290835003562272e-01
-6.553004077006311379e-01
-7.900367323006939335e-01
-7.244356956649938839e-01
-7.388535071766192397e-01
-5.534990031152409173e-01
-6.263754040925879618e-01
-6.880587374652691324e-01
-6.928795721246638895e-01
-8.816326918104286925e-01
-6.465693295303301946e-01
-6.561919579553829873e-01
-6.379570706573532979e-01
-6.169521905551376140e-01
-6.437260999288783037e-01
-6.357783475535504492e-01
-6.219018014439939845e-01
-5.988591957272230148e-01
-7.195172392547557472e-01
-6.192552223883526219e-01
-8.028950065160419536e-01
-6.506658308319859252e-01
-8.011057730405036770e-01
-7.375060940310090851e-01
-6.957007824021366194e-01
-7.001265286196761695e-01
-6.468773869391618581e-01
-6.141998910241717180e-01
-6.821973408718431386e-01
-7.604818237268896608e-01
-6.465885699379454454e-01
-5.470793805097310392e-01
-7.378599595173647163e-01
-6.064481225478565163e-01
-7.057418817529516053e-01
-6.117352315651769512e-01
-6.708727682744104470e-01
-6.402766825206984702e-01
-6.940994812987899554e-01
-7.989455545547889947e-01
-6.304984397154476117e-01
-5.437215833816958499e-01
-6.978462739529053271e-01
-5.746351676970966604e-01
-7.091880106467465250e-01
-5.596878922092453079e-01
-7.781937611628878537e-01
-5.424042232823650389e-01
-6.903960056069631257e-01
-7.258939580104615263e-01
-5.207877759409162977e-01
-5.050362942138763023e-01
-6.444308535328677756e-01
-4.821652907851728953e-01
-5.760546631565732767e-01
-6.917598618157398960e-01
-5.428022503758579420e-01
-6.336250320735614672e-01
-5.304941795469594323e-01
-6.300584863289319104e-01
-6.481750055281048084e-01
-6.579634278365683597e-01
-6.802621271471877007e-01
-7.039160516445356341e-01
-6.077775125035580484e-01
-7.270083481955020854e-01
-6.659137718149849006e-01
-5.055596998127382946e-01
-4.464570783028075640e-01
-5.135750448608595864e-01
-6.701071768195142608e-01
-5.716480184974354062e-01
-3.139421922363913597e-01
-6.277481386755542347e-01
-4.758367322275081079e-01
-4.045234399347447107e-01
-6.220664269393707535e-01
-4.858746607842652221e-01
-4.511272822605839616e-01
-6.832426496007310002e-01
-4.936179363330908121e-01
-5.809872458233656944e-01
-4.155157720105890906e-01
-5.305500229283710567e-01
-5.618507095417486497e-01
-4.555381126987494977e-01
-5.195360927974979059e-01
-6.074445228544934627e-01
-4.671031855289397572e-01
-4.893392051929919551e-01
-4.714139570470680107e-01
-5.711080187744451697e-01
-4.502716854621534592e-01
-6.437946601368226274e-01
-7.606025761450857514e-01
-3.868581798421663054e-01
-3.912667125103535537e-01
-4.936079007349377656e-01
-4.057523338805033020e-01
-5.308548626318804198e-01
-5.722152222636307517e-01
-3.671490540401564084e-01
-5.825649935750886188e-01
-4.315307388292325963e-01
-6.089682806616495414e-01
-5.857035027186086040e-01
-4.338168824077394681e-01
-4.095207537127363295e-01
-4.592991679445549424e-01
-5.570431561791430175e-01
-4.195672745911482870e-01
-4.950183732361438937e-01
-4.088115748799575622e-01
-6.239488834551619734e-01
-5.575595482739591491e-01
-4.938675782442585316e-01
-5.591432629693263712e-01
-3.690382405127516363e-01
-6.128954327014823900e-01
-3.926623468501511671e-01
-4.900051508328271410e-01
-4.500982647729676045e-01
-5.487574648576485359e-01
-4.767835035412766875e-01
-3.570278443537973079e-01
-5.068030117878915553e-01
-5.784010393004245243e-01
-4.296800339023315041e-01
-4.918151005945048393e-01
-5.462044103746084289e-01
-3.663286668920717193e-01
-3.811599578198491822e-01
-4.614639775127650778e-01
-6.213329985381003118e-01
-4.420127662386411638e-01
-4.340691060642956622e-01
-5.494855383533777671e-01
-3.806185581430630571e-01
-4.497879777321733274e-01
-4.547730120353663530e-01
-4.326994079850769448e-01
-3.801085194953520707e-01
-5.809633519507432231e-01
-3.536570851428335049e-01
-2.790957906658104171e-01
-3.660374420167999410e-01
-4.057991359241510665e-01
-4.051276729628517370e-01
-4.650536669948323043e-01
-4.335524826346910388e-01
-4.047344985133611850e-01
-3.626951464080016563e-01
-3.808218956714353176e-01
-5.013939156686927356e-01
-4.970576111995540503e-01
-3.540642201628719232e-01
-3.672789406367914511e-01
-3.951215414671636061e-01
-4.865714705295872133e-01
-3.188498389447518844e-01
-4.515062155452970738e-01
-3.663810723865835728e-01
-5.748901262562926551e-01
-3.436821541634644817e-01
-2.291321508110270577e-01
-3.849579907848306726e-01
-3.472965830225374639e-01
-3.380506366894024950e-01
-4.559799828760600637e-01
-2.707461975499531603e-01
-3.566005487297161380e-01
-4.142994279440436189e-01
-2.106951283502747907e-01
-2.069218771418856184e-01
-4.833976606490438810e-01
-3.779160081766287371e-01
-4.799408114080207510e-01
-2.776837917717454585e-01
-4.847380972915330544e-01
-2.344785695601307174e-01
-3.649163018631615962e-01
-5.688309753412739145e-01
-3.276935410622043854e-01
-3.749804493599153132e-01
-1.931383515213462299e-01
-3.631640957118196789e-01
-3.071638457643153242e-01
-3.546733359376112449e-01
-2.348941189123464612e-01
-3.551875173454835943e-01
-2.780187455438941080e-01
-4.158861048167720176e-01
-2.129606296632182427e-01
-3.382975228317036676e-01
-4.530350836165010775e-01
-2.955339547628096364e-01
-2.083609591563535535e-01
-3.734684357578856861e-01
-3.027995232697884287e-01
-3.902321217309941415e-01
-2.589345151624544705e-01
-4.108162183517801158e-01
-3.358580017309699683e-01
-4.198426181213328334e-01
-3.329509150476508972e-01
-2.120562214540199775e-01
-1.860864232407235530e-01
-3.701231960018377953e-01
-3.582440593615770497e-01
-3.742207746136292368e-01
-2.236740837824419126e-01
-2.689610531850954445e-01
-3.418950320972179435e-01
-3.532641224720148854e-01
-1.768115465816633980e-01
-1.049981611209654664e-01
-3.331824722304768116e-01
-2.981449327561798701e-01
-2.941564720712940839e-01
-3.098522672483615681e-01
-2.397093798253897845e-02
-2.503189449915364517e-01
-2.487389020722035327e-01
-1.056460440278981366e-01
-2.043151689861355813e-01
-1.507336207307262421e-01
-2.869042429397560268e-01
-2.454540160050304731e-01
-1.400698466491233918e-01
-2.058045459417840450e-01
-2.357317413213056712e-01
-4.031816174971999400e-01
-1.554966586231087411e-01
-1.577404395919259072e-01
-2.175691753524174876e-01
-1.753467052985853702e-01
-2.327341606733026314e-01
-2.211781998483968448e-01
-1.912549595566087612e-01
-2.541483817269870604e-01
-1.594550453734316087e-01
-2.385657336433762432e-01
-4.815781490212871913e-02
-3.185608610406420738e-01
-2.933730569532181920e-01
-3.340431670538679954e-01
-1.009134229062856603e-01
-1.851957672370797003e-01
-2.560166970549998533e-01
-1.419069430729761327e-01
-3.161488344455722355e-01
-1.019122817151418559e-01
-2.779148236919629089e-01
-1.356099761250196267e-01
-2.062805503690242070e-01
-2.993363208708479384e-01
-2.960625878533220678e-01
-1.676325081788802296e-01
-3.995184940726456690e-02
1.024017228854428030e-01
-2.878896473207949724e-01
-2.196673366000624072e-01
-2.134611232262899616e-01
-1.507833385751724264e-01
-1.920442695938502919e-01
-2.139092669397349156e-01
-1.588829666907402016e-01
-1.233242867573134116e-01
-1.335676895746071291e-01
-1.689448199579376975e-01
-1.767789780115425480e-01
-4.271186511567494348e-02
-1.919877035429662093e-01
-6.039376235243320429e-02
-1.296604079330484771e-01
-1.895202873576646851e-01
5.876835737597077992e-04
-2.214786371556679290e-01
-2.009710230897274741e-01
-1.946836442773319520e-01
-2.414615087977097785e-01
-3.594766150904374347e-02
-2.323894873600094724e-01
-1.153742181814265549e-01
-7.334127469669000920e-02
-1.391405875049492591e-01
-1.069819228230416835e-01
-1.803433259104392505e-01
-7.100992543448512995e-02
5.392130066308233050e-02
-1.037717396615085580e-01
-8.729969932768935625e-02
-6.881855552385995889e-02
-2.319805905435733950e-01
-2.191961350419135424e-01
-2.049298827493551967e-01
-1.541859215077092393e-01
-1.040303723980321726e-01
-3.323930426565737534e-02
-9.500396727677179465e-02
-2.610934658002417655e-02
-1.136146769334317602e-01
3.142990746640569270e-03
-2.114591277905369382e-01
-1.005093699877451646e-01
-1.999778880608735210e-01
-2.375034954386147923e-01
7.599107806164838441e-02
-1.549868114079542836e-01
-1.005161655859654057e-01
-2.816740726991655633e-02
-5.943857956793308084e-02
-2.834813906682217416e-02
-6.555536240661591352e-02
-4.476221896081596097e-02
-7.034306858539474128e-02
-5.183040765676027312e-02
-6.998434393547754706e-03
1.555400784931145267e-02
2.972013161059457870e-02
-1.344035805197309370e-02
-1.039908373414894088e-01
-1.158351380767160405e-01
-1.890227119921361332e-01
-1.972718336337056788e-01
-6.514718304758453093e-02
3.811062727663017125e-02
-5.185135490595099012e-02
3.107968260499300445e-02
-1.735398621158369681e-01
4.869774224865114354e-02
7.070212074664182500e-02
-2.275803908874486359e-01
1.600636845287843057e-01
-9.518996823793769713e-02
8.884957047902770910e-03
-6.730226095255725793e-02
-1.439226318521622840e-02
2.527583247446319945e-02
-8.182976535361010523e-03
-3.380002781919388272e-02
-3.899627343234621929e-02
-7.436339115250008291e-02
-7.775239081122582718e-02
-3.163218849283577772e-02
-7.523389854701680209e-03
-1.755552414135711226e-01
2.733937717628997024e-02
-6.997497109928256520e-02
-2.134458465652680492e-02
3.821035683531245897e-02
1.447167940335503111e-01
3.516166976546337281e-02
-3.847930847236563645e-02
-6.634721933453854859e-02
-7.290867376910821485e-02
-6.457482864351783702e-02
5.628161383053227607e-02
4.377749740843937809e-02
3.681624905044626056e-02
1.823444382873719571e-01
-6.920051439323712805e-02
-3.332508514299107466e-02
6.068468751668663203e-02
-4.114529894373562813e-02
1.332644456401346489e-01
8.554697286508984935e-04
-1.943986420571366946e-02
-2.948840874178206006e-02
2.111721806810470947e-02
-8.855778876698534863e-02
3.446815341633798716e-03
9.771391530075221321e-02
1.391050869026056250e-02
-2.343838396966727716e-02
7.174302781328890932e-02
5.568689933158552097e-02
4.959911005332048178e-02
1.574481097954743003e-01
9.974476974112132799e-02
8.267229185930562163e-02
1.349135250645724371e-01
-7.762218347555456532e-02
1.752189151128839550e-01
1.963047909433414673e-01
1.653910953128494288e-01
6.618526626306878158e-02
-1.365383425846928289e-01
6.111035645691907658e-02
3.210134001027271922e-02
-4.739647282500778630e-02
7.275579031710649458e-02
4.292198125006127518e-02
1.094210687522392672e-01
1.029618956322373435e-01
-4.975595264147199270e-02
2.261847585713208375e-01
1.264733131755022555e-01
6.429775044589938759e-02
8.027210446948178368e-02
6.468080094524618351e-02
1.843535274873895069e-01
3.019658572163008148e-01
7.039267792421834147e-02
2.754364965356232049e-03
1.638342871603019890e-01
1.441528599966558910e-01
1.473856166512806376e-01
1.307175240811534467e-01
2.504444163852354022e-01
1.741616005888460550e-01
2.798843025672805018e-02
1.533673698912418060e-01
8.513927048651717677e-02
4.176618024259093342e-02
1.637465758550092909e-01
2.114678866524385970e-01
1.392747657848920351e-01
1.890365615019773682e-01
1.033168653484524968e-01
1.736607816264202631e-01
1.671880237231254673e-01
2.215893614734701367e-01
1.622643548121239787e-01
1.780714713596866505e-01
1.405909738794758335e-01
1.590326766559561344e-01
1.039204123675017549e-01
2.277528378638606077e-01
2.567806253657696769e-01
7.526635242978581275e-02
1.696481768238937149e-01
1.317690762271412908e-01
1.321798285690877206e-01
8.190537013768715846e-02
1.838047522316060556e-01
1.376160564404346476e-01
2.831407321643089059e-01
1.936276525216540367e-01
4.156428185141178289e-02
2.367227313071310346e-01
2.620427344094946598e-01
1.374586053793864504e-01
2.780577171287953453e-01
1.002443885640005028e-01
2.329712490858784901e-01
6.296177059986302060e-02
1.356492134705524488e-01
3.860952761570953656e-02
1.253680123826346471e-01
1.517711980389605253e-01
1.432054667297484318e-01
2.850206012576923520e-01
7.991740634950161848e-02
3.507784620074382853e-01
3.658061730027692970e-01
7.528436366088647747e-02
6.824138801523049747e-02
1.896468862027945179e-01
1.178294335564397666e-01
2.015527197765832612e-01
1.754280638246066559e-01
1.248595587428567161e-01
1.841327338714340012e-01
2.967014082496510219e-01
2.050608280262107563e-01
1.499711520795599662e-01
2.126368941061522189e-01
3.193526450961534091e-01
1.605646344272301240e-01
1.049647832920998225e-01
2.569721112341878388e-01
2.122983570320203794e-01
1.412909605493539444e-01
3.326875504059676469e-01
2.824422647871940861e-01
2.821082588178769890e-01
2.963470143953119695e-01
3.960143098852588195e-01
2.697930622141495038e-01
2.421367390235679151e-01
2.520385928222664829e-01
1.992703994112757226e-01
1.753876437742974415e-01
3.667142446979362314e-01
5.683215145512918176e-02
2.326283945210076698e-01
8.716825829595778452e-02
1.276137643523229670e-01
1.447281888845714237e-01
3.653111485679298998e-01
1.839027396317188534e-01
5.025169852157247430e-01
3.504475747077610559e-01
3.362657938388425305e-01
4.148302286240053705e-01
1.594643237313910777e-01
3.052883448025660029e-01
3.434742621506929883e-01
2.249424405688798534e-01
2.264789362085840307e-01
3.219172827359870204e-01
2.897562087232503081e-01
3.036150838606551106e-01
3.322847404379161151e-01
3.688155166390984507e-01
2.846428957798050607e-01
3.605964386131709776e-01
3.035804181754699904e-01
3.441998392734391121e-01
5.467014973130240180e-02
3.448812459824607823e-01
4.512758751071162533e-01
3.890122373120466492e-01
4.148509209031105982e-01
4.453666287414698166e-01
4.232645768509643580e-01
4.255414550023610687e-01
3.388825930415260701e-01
2.192534818180462974e-01
4.319180845604316255e-01
2.915355472118936198e-01
3.006281118299683475e-01
2.757782467442534413e-01
3.929276850990384151e-01
3.971597909116752478e-01
3.821078037890512924e-01
3.519586288614532932e-01
4.060348751168711967e-01
2.846758276674196675e-01
3.659136918581603615e-01
3.127865523765541167e-01
3.438729163118557919e-01
4.491561071778316094e-01
3.340667035106937854e-01
4.620352044721129925e-01
3.850243940487059202e-01
2.717755537693288259e-01
3.697035127598622406e-01
5.033879457720374928e-01
3.740268956308372972e-01
3.094250596160460498e-01
4.279871704769398488e-01
3.190672165954225870e-01
4.771249087342484541e-01
4.795037958783806564e-01
3.001862433701701360e-01
3.174543671301895409e-01
3.064899676199523970e-01
3.291618197804207502e-01
2.865351969109977692e-01
4.350427583547105681e-01
1.974920598340210720e-01
4.273735538434241810e-01
2.612127157622393114e-01
2.695727152012767913e-01
4.155433831399736322e-01
4.771075468266884334e-01
2.146373922008350810e-01
3.934925877426683205e-01
4.919698615857698298e-01
4.979327893161658580e-01
4.051064696480577987e-01
3.200704677280764576e-01
4.352255867305221404e-01
5.056188807248960249e-01
4.528649668859078270e-01
3.987462070224089827e-01
3.552663065772247442e-01
3.974565258471337015e-01
4.466610993001070007e-01
3.777781787574246430e-01
4.209068691054220213e-01
2.877809503695574755e-01
5.781768138269208768e-01
4.195431032513862735e-01
6.392464778281675697e-01
3.099281717939341152e-01
5.347801989346063767e-01
6.566088484631644739e-01
4.183184413650519740e-01
3.784134654660197272e-01
5.279049506491034771e-01
3.044401720711630843e-01
4.569678910732604682e-01
5.690567066587804979e-01
4.114577302191879671e-01
4.768517498724081372e-01
4.426558027071509915e-01
4.798896684816326141e-01
6.265948783967617564e-01
5.491578777073532480e-01
4.861106967409331014e-01
4.212398577818833312e-01
4.366275379137217194e-01
4.220319859676358587e-01
4.983981824379095649e-01
4.398035416925866747e-01
5.132117740334178890e-01
4.053166538027745402e-01
6.213015072830940788e-01
5.592945867109669900e-01
6.109020917318668253e-01
5.929874961283061463e-01
3.581680048112007020e-01
4.828959751817870072e-01
5.303412000352419886e-01
6.639899683508707628e-01
6.876442581907395990e-01
5.799343995969794552e-01
7.074193866080938919e-01
7.135413643589708643e-01
5.725477970173949993e-01
3.641246405181947088e-01
3.125725005537329237e-01
5.450385168650242473e-01
4.799036787391657288e-01
4.113096318487141634e-01
4.748275444559070801e-01
5.067348055370718418e-01
4.245117309382767101e-01
6.553109213710537340e-01
4.865628284691511096e-01
5.847449659824581758e-01
5.446702696196293880e-01
4.581246267032855202e-01
4.914137877507295249e-01
4.882916786757895422e-01
6.250619928788345714e-01
5.136773336424076408e-01
4.671277785741295707e-01
7.483889925587627889e-01
5.973172951755858495e-01
5.792200462100656200e-01
5.722471579637991024e-01
6.235475053322817596e-01
6.271191085069977023e-01
5.466210565335687388e-01
6.185386505702381577e-01
5.551472203074607759e-01
6.354920724168801049e-01
4.573357910266500070e-01
5.203335196131309015e-01
6.790351785366203208e-01
5.085864081523568947e-01
4.534383388158875761e-01
5.420137100620916470e-01
4.547742063119381561e-01
6.120563103151983597e-01
7.093988594319099450e-01
4.481405058009112485e-01
6.620951602974207706e-01
5.988634061052249269e-01
5.857398929100722240e-01
5.406219545483286204e-01
7.291867450691034147e-01
6.515633862483601879e-01
5.573765250264157700e-01
5.874332278960520126e-01
6.597916559589047658e-01
6.328621307072026525e-01
5.468817711111367830e-01
5.951613289884363223e-01
6.033951056871030838e-01
6.095442889094091488e-01
6.853194964175373105e-01
6.663307129114254268e-01
5.921918246627178029e-01
6.321694123917482866e-01
5.846931953180705133e-01
4.451347319936100333e-01
6.813400693661815222e-01
6.098350975469147839e-01
7.212148411526935199e-01
5.973190355838262633e-01
6.512552856591040662e-01
5.743218255888645762e-01
6.396250339535810570e-01
6.272488633859018003e-01
6.422167048394120670e-01
6.102495348832646105e-01
6.031980882217964357e-01
5.802250466055389744e-01
5.540258982481222061e-01
5.188768437137296630e-01
6.515130857100640549e-01
6.454996250307997174e-01
7.771209103130406470e-01
5.426770838593628632e-01
6.738256472182067025e-01
6.820584997417699080e-01
7.166557035075560300e-01
8.228611341415971170e-01
7.258865816018061912e-01
6.139652609477578293e-01
7.689172742895539203e-01
4.560754136199055009e-01
6.993137256788239942e-01
7.397986331137063054e-01
7.030613605557025636e-01
7.803175383885010419e-01
8.452570560344629946e-01
6.562952515293442035e-01
7.125758754900005654e-01
7.238255314444345112e-01
6.246813260647378074e-01
8.471044212442471188e-01
1.070590902434347624e+00
7.305170914255589842e-01
7.087058615074774970e-01
7.721374426051139661e-01
8.700170561932573099e-01
7.264014195120421791e-01
6.663219173046359689e-01
7.590869308828817053e-01
6.451256828980286295e-01
7.174106553141015308e-01
7.610634837420320320e-01
6.640701301628473274e-01
6.785532873038572221e-01
7.372123352329946755e-01
7.793352151601898870e-01
6.162566770144726203e-01
8.333258430758522239e-01
7.549749228478779273e-01
7.037364456040041683e-01
7.236267952807421411e-01
6.616244319373109084e-01
8.287004728954733279e-01
8.221939494070847898e-01
8.283252040490602930e-01
7.447990255152433514e-01
7.160468123787415706e-01
6.823941387867701325e-01
6.628519462144552010e-01
6.446779950437724338e-01
8.331399944256978607e-01
7.301979095283532839e-01
7.154139578649884035e-01
9.017587228933356958e-01
6.696125364400469238e-01
9.120723839176181347e-01
7.109250643036577610e-01
6.670596053249958635e-01
7.729352374260091141e-01
8.175515953876264508e-01
8.167242473528865121e-01
7.642163555457834878e-01
6.649883699125818115e-01
8.831736152307411158e-01
8.270783204148641765e-01
8.708195654825084953e-01
8.560206993406616061e-01
7.456279706824172626e-01
8.138957842178548008e-01
8.291749008524453846e-01
8.166642462928539459e-01
7.459717243973907896e-01
7.751291949486637245e-01
7.753860478541356738e-01
8.200839977431563232e-01
7.757689810030652389e-01
7.781440158229054882e-01
6.902064714694913228e-01
9.229938258738434875e-01
8.564243892965773819e-01
7.694335435729631190e-01
6.869089834010672080e-01
8.026427214568999657e-01
7.945641882832765734e-01
7.715141607637694410e-01
1.028045662657457227e+00
8.114424626590591716e-01
8.698248300836676217e-01
8.651458923637517229e-01
8.270895207989983344e-01
9.264712612103734868e-01
8.534286396747040593e-01
8.781653652441246960e-01
9.434128658762791497e-01
8.355665467718327299e-01
8.071555217018698825e-01
8.475998479517899975e-01
8.655479324596805357e-01
8.316014374930452702e-01
9.634184856842405997e-01
8.493257596275494148e-01
8.750259476299568906e-01
9.235291783312958858e-01
8.054500048591821670e-01
8.882987810771061366e-01
8.248377571448400891e-01
8.272814632169411819e-01
9.441484122144822022e-01
9.123865192558797688e-01
8.605463489344308270e-01
9.422142339351406992e-01
9.105278968341251611e-01
9.037439934947200104e-01
9.367645277966338835e-01
8.717387998153888207e-01
8.266025447823273087e-01
8.947700735987254017e-01
9.421284188670214776e-01
8.540470627355004618e-01
7.494960666748091693e-01
8.370846640763809354e-01
9.536364147599620811e-01
8.075929473324059416e-01
1.070457155267189098e+00
8.761648337186959123e-01
9.235525351775537573e-01
6.867732217118720506e-01
9.477886740770489205e-01
1.080330126182073691e+00
8.397891874061497175e-01
9.198626163259309152e-01
9.333400931336366391e-01
1.029268611434152492e+00
9.734629067114817236e-01
7.852300749340253017e-01
8.957065744365824145e-01
9.193685398018357491e-01
9.143167029932980361e-01
1.018515003647135986e+00
8.007963887685271009e-01
9.189189052977988492e-01
9.200495694328791885e-01
9.470727189565552040e-01
9.024241230220862997e-01
9.833350740283767211e-01
1.005141431072110958e+00
9.609966524228632512e-01
8.993232226927450057e-01
1.016791033138275679e+00
9.864838245942599837e-01
8.930025981221234588e-01
1.020535842918034897e+00
1.075944907154324781e+00
1.151770707011207318e+00
9.518882894722590082e-01
1.042383652201058775e+00
1.049465321987994360e+00
1.056057012128717387e+00
8.949643655569562428e-01
1.053571232183564854e+00
9.856262750745204970e-01
1.119946886892552396e+00
1.068791185655222131e+00
9.357787872094515125e-01
