-9.949155269016591863e-01
-1.011375141958823720e+00
-1.040902557960281527e+00
-1.130906125670713580e+00
-9.932263256926954220e-01
-8.997359691026631801e-01
-9.190705169266069063e-01
-1.060938656386931189e+00
-9.976855288921242515e-01
-8.024242903291238793e-01
-9.994932745943455599e-01
-9.289770345275185637e-01
-1.028300020221244004e+00
-9.281438578810414786e-01
-1.037657555909145657e+00
-9.065551654565766615e-01
-1.046613777798568901e+00
-1.013838500520633623e+00
-9.426128956116055502e-01
-9.606521822522852139e-01
-9.194214661109558762e-01
-1.029377671428744589e+00
-1.108344374330156423e+00
-9.794801793771189535e-01
-9.036352488362746627e-01
-1.014918010909551693e+00
-1.022578810156203666e+00
-9.752370031318905452e-01
-1.114839802002087987e+00
-1.023013526134925577e+00
-8.706255317762653378e-01
-8.813296422850331879e-01
-9.099582405826244225e-01
-9.762739939988344107e-01
-8.774528834889496753e-01
-8.742496341588655850e-01
-8.886843193725699752e-01
-8.177104764923364133e-01
-7.701415178480750523e-01
-8.844073699199392902e-01
-9.316820676212717034e-01
-9.455626116973567807e-01
-8.323968448138249210e-01
-9.783210022538660899e-01
-9.364751919624801912e-01
-7.651791949915331958e-01
-1.187132243020259548e+00
-1.100910348350515600e+00
-9.432644099996659870e-01
-8.636829771212342077e-01
-7.711686187392855496e-01
-9.081657315922943008e-01
-9.727233527462210150e-01
-8.197766624595355101e-01
-9.062610677208998711e-01
-1.014782354723650304e+00
-8.703654002085272623e-01
-9.040948930695446029e-01
-8.288789825578840587e-01
-7.903917591932080322e-01
-1.054925337186602308e+00
-8.098511965393755396e-01
-1.008583008359831723e+00
-8.733323626091651359e-01
-8.180916512314340139e-01
-9.047717435474905701e-01
-8.149406481968134441e-01
-9.362937826957904441e-01
-8.922538486521487400e-01
-8.608042483653733923e-01
-9.107944829962946187e-01
-9.511366911183268824e-01
-8.315062739828156246e-01
-7.949540562211727668e-01
-7.770022501486149036e-01
-7.127272725443757340e-01
-8.947120225171533159e-01
-9.054606895052470517e-01
-8.273798479743101897e-01
-7.890008905673481232e-01
-7.297122830659199533e-01
-8.329635606861984787e-01
-8.643084332201576014e-01
-8.114662121893736479e-01
-8.561922144883479247e-01
-6.876214531173487909e-01
-6.983505679891771623e-01
-9.514822857374790610e-01
-8.627891761336817789e-01
-9.288659516974088204e-01
-8.615810843193397739e-01
-7.551147420319536119e-01
-6.980298194344657370e-01
-7.401964342923049722e-01
-6.753118184574508076e-01
-8.560535914439794114e-01
-8.860320543883771771e-01
-8.357049491286120402e-01
-8.853967636634894056e-01
-7.722495006982520449e-01
-9.081642260481315176e-01
-7.458909341822561601e-01
-7.671221161132248945e-01
-8.371111722104362940e-01
-8.938738427511556672e-01
-8.031779229705915402e-01
-7.924612772050970699e-01
-8.425503764377392235e-01
-8.718709843100955759e-01
-7.829588677242741435e-01
-8.672219594808814325e-01
-8.372734112677896468e-01
-8.075187354502926240e-01
-9.099577862829407726e-01
-8.627509341586558911e-01
-8.100961185993380553e-01
-6.900845524018900390e-01
-7.031976277265643560e-01
-8.448750550296311168e-01
-7.853531917490209624e-01
-7.884211048571376779e-01
-7.275407449817853367e-01
-7.774202772113539828e-01
-7.196951849503538945e-01
-8.033589363449211707e-01
-8.667457338805276690e-01
-7.507009552098625749e-01
-7.645428603909009135e-01
-6.584278686844483586e-01
-7.397881029681230292e-01
-7.801352613401751901e-01
-1.009157339493919281e+00
-7.334319394724508889e-01
-8.647544946889814677e-01
-8.003544846497373522e-01
-7.647592778872160935e-01
-7.540056271564836710e-01
-5.966208301260702562e-01
-8.073350175266240658e-01
-5.796160241354335607e-01
-7.997651865536434812e-01
-5.733174685531672310e-01
-7.499666511314372341e-01
-7.790010864236954768e-01
-7.957576110622809340e-01
-6.563396209252627678e-01
-5.743989435195617776e-01
-6.564171530106212016e-01
-7.452567551911899457e-01
-8.026422539343424090e-01
-6.117459831803505610e-01
-7.798685709705425184e-01
-7.698498894400467307e-01
-7.176880981977231677e-01
-6.338204989258137134e-01
-6.846232831002477814e-01
-6.990479333204233647e-01
-8.799778988018429615e-01
-4.997460166782199953e-01
-7.445675221581053993e-01
-7.457121992763747764e-01
-5.471544904622760441e-01
-6.399539844463101312e-01
-7.518371293905350417e-01
-6.912811171098777185e-01
-7.261876206791617605e-01
-6.399457007890969606e-01
-7.381090783343186024e-01
-6.991326693733824760e-01
-6.587814281324012589e-01
-6.218473858303511514e-01
-5.680611577250602728e-01
-6.671207173937693247e-01
-6.091970621306648237e-01
-5.529941236197359888e-01
-5.181515142249109029e-01
-6.477505853091298782e-01
-5.754841798970904421e-01
-6.657476562080004712e-01
-6.054053237848003866e-01
-6.571281643821753615e-01
-6.357221510921884366e-01
-6.278339905221791417e-01
-5.746862692993215393e-01
-7.272061696977231149e-01
-6.481777431201355411e-01
-5.715173379648318397e-01
-5.918340562283402884e-01
-6.131184509525796633e-01
-7.644914405672755819e-01
-6.807152739682897913e-01
-4.593409989568867369e-01
-5.947489103640651864e-01
-5.928588188770634870e-01
-6.478571097904659570e-01
-7.709491307649981584e-01
-7.155941261929067432e-01
-5.499821198996995841e-01
-5.679459416017199613e-01
-5.262687706066615512e-01
-5.928607376297035936e-01
-5.910111521079176589e-01
-6.131521855851322922e-01
-4.522196071491364489e-01
-5.745289486967255499e-01
-7.442439969158639590e-01
-6.857374967210663197e-01
-4.866044883224855955e-01
-6.793119026064413646e-01
-5.862579520840620617e-01
-6.192687179774727380e-01
-6.905457323328461072e-01
-5.135233746290204238e-01
-6.046575187499679815e-01
-5.860951958941849060e-01
-6.936842845662856138e-01
-5.785913665956564644e-01
-5.270194281221738386e-01
-5.922250240807589439e-01
-5.261174086765308955e-01
-6.346150405394374028e-01
-5.923461737866850818e-01
-6.522894712211526613e-01
-4.646326913857284358e-01
-5.886125888466664513e-01
-7.545904925114338413e-01
-6.919591391091477472e-01
-6.171939965641348724e-01
-5.731913187894017714e-01
-6.393621205441092359e-01
-5.371410245904509884e-01
-6.283701386006800282e-01
-5.130065410918670521e-01
-3.774951507643221627e-01
-6.600844668207278554e-01
-4.821039703363655393e-01
-3.658045819960534240e-01
-5.258499612721899696e-01
-4.744604452123761806e-01
-5.480322580810050859e-01
-4.532183669093952094e-01
-6.369469307470511099e-01
-4.039105111991304620e-01
-4.686094202252536478e-01
-6.003587303807640385e-01
-4.715215850853384238e-01
-4.545330096953352217e-01
-4.207506152201694882e-01
-4.647072262722080627e-01
-5.185839418899165221e-01
-5.052456645212088926e-01
-4.019731033150842348e-01
-4.476576839585549861e-01
-5.211724999431838201e-01
-4.415037258356100391e-01
-5.967712432921896681e-01
-5.326939902829113116e-01
-5.566068417522491707e-01
-6.727484178978931917e-01
-4.310434986516095135e-01
-4.164359160124786463e-01
-4.020283010419908321e-01
-5.572276646278127021e-01
-5.084520163186529995e-01
-5.370002953676902280e-01
-4.661150388462574901e-01
-4.615585090805540136e-01
-4.636553901916121712e-01
-4.831987580541772243e-01
-4.539286572362281058e-01
-5.847982294656404179e-01
-4.034591782748116473e-01
-3.723983080524835843e-01
-4.943839366936194080e-01
-4.287396934412723293e-01
-3.807980271526693605e-01
-4.007020050963538971e-01
-4.870370698178231872e-01
-3.240280332392032614e-01
-4.138127220864334932e-01
-5.470752079724925387e-01
-2.988697560397275965e-01
-5.087204975136567775e-01
-4.786861568701660796e-01
-5.114730928547401856e-01
-4.598299538727006475e-01
-4.196836131763430067e-01
-2.521999715222684180e-01
-3.887255126746466116e-01
-5.202858151299684097e-01
-4.423030845756804608e-01
-4.539762611301204620e-01
-4.044035692295598894e-01
-3.702331661121485706e-01
-4.103259882442829576e-01
-4.968532929828665123e-01
-4.270247388763677154e-01
-3.953275830582005379e-01
-4.602643608830865873e-01
-3.561738281848860765e-01
-3.515681627000827869e-01
-2.777579860205399154e-01
-4.904479643369381026e-01
-4.669511292078519227e-01
-4.338720512677891605e-01
-4.219057380192773876e-01
-5.583810201085016578e-01
-5.811171338123827246e-01
-4.199404655510784456e-01
-2.248298820686331911e-01
-4.178693640607714088e-01
-5.320105300094546408e-01
-4.250412175779234580e-01
-2.879644108764883859e-01
-2.915214280077555453e-01
-3.943089893371520827e-01
-3.604488665228071098e-01
-2.929292324179753604e-01
-4.425904875356743706e-01
-4.357501978748432037e-01
-2.976298558305067177e-01
-3.307845005959933471e-01
-3.651026809884360680e-01
-4.293995018735583535e-01
-3.006491048507538011e-01
-3.444995391300743059e-01
-4.713654969877958401e-01
-3.521748901140764332e-01
-2.678717463358946671e-01
-4.002818260897476055e-01
-3.947210764898890778e-01
-2.569193226862812041e-01
-5.005125935348255783e-01
-3.691369742031674339e-01
-2.938692089333589941e-01
-3.073929526078601482e-01
-2.739126735297259807e-01
-2.706958426042953558e-01
-3.038505632733283224e-01
-2.608770126874460638e-01
-2.366604831035095391e-01
-4.232539351982208542e-01
-2.444517718977507470e-01
-1.363342583245941153e-01
-4.562670821393662868e-01
-2.605716206936544155e-01
-1.913287440683286433e-01
-3.493615664579883817e-01
-2.159202461942640039e-01
-3.769746760271772690e-01
-2.679399598404043070e-01
-3.015989183092978032e-01
-2.530983900162488420e-01
-2.907102719511816535e-01
-3.738123303640076833e-01
-2.200988825368808410e-01
-2.193133484253016741e-01
-2.303882324594983544e-01
-3.038635200267543190e-01
-1.295948828144681542e-01
-2.240026935203481007e-01
-1.887682545928380529e-01
-3.000943887186813819e-01
-2.911100493304516479e-01
-2.016725548070403828e-01
-3.837406887441963121e-01
-2.780700508422236927e-01
-3.911276717172060269e-01
-4.030093263360663980e-01
-3.572443496918392136e-01
-2.420162915900510026e-01
-1.984689843518220309e-01
-3.476006492136058390e-01
-1.791456834031839862e-01
-2.140419363083239657e-01
-1.345749180405417245e-01
-3.154299459107605119e-01
-2.684963197836512383e-01
-3.045914650752744590e-01
-3.848229883449650890e-01
-4.388673779795774221e-01
-1.816799383646892918e-01
-2.285953261178806095e-01
-2.601827987899349992e-01
-1.047849641736982862e-01
-2.293227796364348259e-01
-2.877202112549930857e-01
-2.274093595683820412e-01
-2.047999643695505023e-01
-2.868309256279267805e-01
-2.344427411988893040e-01
-1.493777936229644943e-01
-2.238264837453101674e-01
-2.294175131527382283e-01
3.706509160007493992e-03
-5.612445637772457002e-02
-1.692325182319651400e-01
-9.612123015131061876e-02
-1.952829396519101535e-01
-3.124440828120497171e-01
-6.245097061784785769e-02
-1.217497560653316852e-01
-3.538540737420997617e-02
-3.019568615681735846e-01
-1.100428281168723543e-01
-1.801452255782214629e-01
-7.642347654884946995e-02
-1.099006681351558795e-01
-1.666525401852414767e-01
-1.376381265485524252e-01
-3.273175417344930671e-01
-2.238259531291300342e-01
-1.590726675669313916e-01
-2.848509562886422097e-01
-2.479061993133896136e-01
-2.016754033776655686e-01
-1.470578873542900122e-01
-1.385267320770046384e-01
-1.662580597293107920e-01
-3.680230224333768674e-01
-2.173503896070699548e-01
-2.411098367967347833e-01
-7.615649143492379813e-02
-1.766558850649911916e-01
-1.527288912311322300e-01
-6.370430124156768736e-02
-1.068195521439791601e-01
-1.991478597808294393e-01
2.777207163412362054e-02
5.540844790394260783e-02
-7.061381698446420052e-02
-1.060684566611804769e-01
-3.179615868684381730e-01
-3.638786021322783226e-02
1.904824753650065372e-02
-1.955140284197030287e-01
-1.649690389235160259e-02
-1.579086344396238017e-01
-1.016893298523649097e-01
1.189719647401498055e-02
-1.338337829920000221e-01
-6.180921494310126496e-02
-1.190397522799881563e-01
-2.359104612833546888e-01
-1.475588169733589028e-01
-1.125436968446251879e-01
-9.703031551606157434e-02
-1.416661007721128213e-02
-1.166623361534338127e-01
-1.592676651735498716e-01
1.355268737284349642e-02
-5.836517069069301761e-02
-7.239918770422751337e-02
-9.929354309274122936e-02
5.863095928696881315e-02
-5.258064212252669400e-02
-3.608317542504396735e-02
-1.562245649984489171e-01
1.189943835191191457e-02
-2.207347257540534513e-02
-5.008094588513276046e-02
-1.891961505150951683e-01
-5.911158864439812477e-02
-9.937062598982658590e-02
-1.899905418311553240e-01
4.622034586546631962e-02
-2.378676557597145247e-01
-1.325017958944125530e-02
-2.819523193905055236e-01
-3.316667763092955717e-02
-1.553523861419404128e-01
4.751116439231604233e-02
-1.333903453864673516e-01
-4.854374733062829378e-02
-3.241352485733735300e-02
-1.174298940953397569e-01
3.083829634685635729e-02
-2.973431341593373717e-02
5.394352330222186576e-02
5.910461229701091668e-02
-1.909758615544613070e-01
5.028913668481750643e-02
-2.147494611607313197e-01
-1.150932278027314570e-01
-2.388979884658087860e-02
-1.988712348441494526e-02
6.391616982766404635e-04
7.516434615820367579e-03
-7.341305713605994834e-03
-4.950044597866030960e-02
2.736106616830787791e-02
-1.756566162681418020e-01
-5.472424215958363730e-02
-1.355704320750349690e-01
9.885626422368516686e-02
-1.591215593721888311e-01
1.143321804021550231e-01
-2.147992681329156939e-02
-6.325011746632626386e-02
-7.602411715848224338e-02
-1.056228093946072061e-01
1.091015017476073129e-01
-1.664461230781323908e-01
3.584751667723045515e-02
8.124066561170745215e-02
2.413658034413330641e-02
-5.921710896308416544e-02
-6.519645992542386082e-02
6.722413633600107796e-02
-1.136353992642003957e-01
1.949232051316187112e-02
1.472391422174178510e-01
1.608667443104897787e-01
-2.505797526042863668e-02
9.356718527242724459e-02
7.660073717190654663e-02
1.825080247113010090e-01
7.222279393993732977e-02
-7.085715493513085328e-02
-6.435794414241075012e-02
8.742923188057916128e-02
-1.736245971167878904e-02
1.107557455029442930e-02
8.256132627997600504e-02
1.584692072423877773e-01
1.638658530449000131e-02
1.016794143591442101e-01
-5.481790969796371954e-02
8.472649097460928369e-02
8.389133877056040300e-02
6.239863128092967143e-02
1.018587550440540890e-01
-3.073996870979244997e-02
7.940015312970004346e-02
1.053922211254530450e-01
1.954587427789043763e-01
1.410627247308413046e-01
1.612913038863330595e-01
4.592477333715187793e-02
9.127739396563917806e-02
1.124941093901271200e-01
3.435259532587710274e-02
-2.470089925295976090e-03
1.047456988974545256e-01
1.247810790720673135e-01
1.796034755439730179e-01
2.034334842389199649e-01
5.178498832942805136e-02
2.837421391324889547e-02
1.265607965037803539e-01
1.009051506300316092e-01
4.002693460167165707e-02
2.560705681158794156e-01
-1.347527705888184810e-02
1.728375965935672887e-01
1.613918755082088263e-01
4.443515154852583499e-02
1.237913009610075166e-01
1.169669649894723162e-01
-1.965362106631027631e-02
5.685034454547426008e-02
7.738590568579672979e-03
2.456596992996110396e-01
2.116127269360208729e-01
9.757441944947722878e-02
2.190137992253711197e-01
2.207087035240951067e-01
9.704275475984483479e-02
4.189446147349751293e-02
2.273443563815386870e-01
6.238897217569498721e-02
1.841602330782362851e-01
2.224947653753713006e-01
2.080348006209289113e-01
2.101180086559936364e-02
2.244933340324425930e-01
2.682746722474597112e-01
1.243648777819449935e-01
2.038232293757162306e-01
1.105801946834574639e-01
2.394327590287782803e-01
1.762561166352463182e-01
1.486426045897891179e-01
1.713871166391877365e-01
2.463000480611248488e-01
-8.217066413721295370e-02
6.015730704666111955e-02
1.500402600277103426e-01
8.971337206067503400e-02
1.441170497595998246e-01
1.763695349913342592e-01
2.691936365740166814e-01
1.044568384382316834e-01
2.831309706964482698e-01
1.233432755607564851e-01
6.853450279745014473e-02
2.090377453741182334e-01
4.016370435025570229e-01
1.793610171128293407e-01
2.205153707859232870e-01
1.359890517867715087e-01
1.840534776256606830e-01
1.508523896228094185e-01
2.703926494463379515e-01
1.990723116351969524e-01
2.201804819627942167e-01
2.215786842288625935e-01
2.447264846027146779e-01
1.782141257244393429e-01
2.578098001226038494e-01
1.464201575506019481e-01
2.589837036189604480e-01
3.544943353388638196e-01
3.095584227917506648e-01
1.614632454587162091e-01
1.659576201075762814e-01
2.584162149142236187e-01
2.298427048309751308e-01
2.665242283969871395e-01
3.810320953112966147e-01
1.423459853690927923e-01
3.347852658443614682e-02
2.641166752498285142e-01
2.680813995968900354e-01
2.421583524205886961e-01
2.468910270156351727e-01
2.815089992685575471e-01
4.405301413997659288e-01
2.956158897653945461e-01
2.366832844513479528e-01
4.701486254080631810e-01
2.155050488252701624e-01
2.736165861729180082e-01
3.211081379486468435e-01
2.889877462779955053e-01
3.934300875313989088e-01
2.156757240544962262e-01
2.007502095185829671e-01
2.304324536597341933e-01
3.108840610103901225e-01
3.082477008917138828e-01
1.757123480189445863e-01
2.918856767950432918e-01
1.450720958082425405e-01
3.347424735524006101e-01
2.732292900817722692e-01
2.381021034057925756e-01
4.458692935556118897e-01
3.426770747224782143e-01
2.540632385555277595e-01
2.564951028017500162e-02
3.589163248075837864e-01
2.872581615071468919e-01
4.005534495873891987e-01
4.026365949608232686e-01
2.588774918441111850e-01
3.345910970363570325e-01
2.187323623884696866e-01
3.437289137950744200e-01
3.774980093872813969e-01
3.141804396606495131e-01
2.991101819303545462e-01
4.012946100340039624e-01
5.261594042798227733e-01
2.365720576154340116e-01
2.182109980280924344e-01
3.920260192292532309e-01
4.115601685866884241e-01
2.954617892463881623e-01
2.752630475926952092e-01
4.160258861472774239e-01
3.076738896938893686e-01
4.903712698103839251e-01
3.745613036636182280e-01
3.456037444333441844e-01
4.057724747739649973e-01
3.019977024929167975e-01
3.617095029364534864e-01
4.081442999721551779e-01
3.520740341874400436e-01
3.107952607919283183e-01
1.803839069104198334e-01
3.138014537325110598e-01
4.403102439160204717e-01
2.369532978301170933e-01
4.804825741488306656e-01
3.968690666267769562e-01
4.809826484340284924e-01
3.932819771287541788e-01
4.401750006466776388e-01
4.463385449289413165e-01
2.946436199044011328e-01
3.749536079023511048e-01
5.202008616035707078e-01
4.379530838752035971e-01
4.567526111892172280e-01
3.993798332924952676e-01
4.369793620092892739e-01
4.075682003700491496e-01
3.506389532579722856e-01
5.360313312837390320e-01
3.010523321518752682e-01
4.286081091917270935e-01
2.370402896081933164e-01
3.310400847574931915e-01
3.577286612775299468e-01
4.110875173670284211e-01
4.270643268931197944e-01
5.926599151976108537e-01
4.178210170537480783e-01
3.757867285786711253e-01
5.395219538948710092e-01
4.513781681638215915e-01
4.919583790381583110e-01
4.472479877906219148e-01
3.615505667647914700e-01
3.344683858696531620e-01
4.444192942296863458e-01
4.967783606944710662e-01
3.235127372292846970e-01
4.695803074285784251e-01
3.145405441191846951e-01
4.631876012229586559e-01
4.857633471862231045e-01
5.854568077279306282e-01
4.745261169931764833e-01
4.105254969132502429e-01
5.103958635644957331e-01
5.558839171838171334e-01
4.811478898432935414e-01
5.121088609684980586e-01
4.583709473272296608e-01
4.644617535266460373e-01
4.508451874557385941e-01
3.942826353909363313e-01
4.338126256734988195e-01
5.648562049406714580e-01
3.908337912555177041e-01
4.150611774345022709e-01
5.161096669578530971e-01
5.996578425430414416e-01
5.909369425407828835e-01
4.600282841597903016e-01
5.499394803819549482e-01
5.951565300317174234e-01
5.803835028640702554e-01
5.714795991233160288e-01
4.076235891038157977e-01
4.565104328585701254e-01
5.945906176012304423e-01
5.407395928591781642e-01
5.437438664103173558e-01
5.412757036632621643e-01
4.737303144753365891e-01
7.668810025107990480e-01
5.325604256566288663e-01
5.124189440880001500e-01
4.211109061544754950e-01
4.672757710837879830e-01
3.624577098130282171e-01
5.542364198085841798e-01
5.987388814935008519e-01
4.536705025960502402e-01
5.841713459584805257e-01
5.202018115247574181e-01
4.187459730550780468e-01
5.439144643141431423e-01
4.854565798976696045e-01
5.423667488739052356e-01
5.114039507287986286e-01
5.608093610499633730e-01
6.429151135488861968e-01
5.495185512734863664e-01
5.140751474205589311e-01
6.052601793755180148e-01
5.930800734932477614e-01
6.350843799219949570e-01
5.757326298130387432e-01
6.966488000870999509e-01
5.862329054740890166e-01
5.333019863412931105e-01
5.458201033850460515e-01
6.697856780861746184e-01
4.710348383549101126e-01
6.984538109662834504e-01
5.704022042095716616e-01
5.740848778501352889e-01
6.431380692084431860e-01
4.971023504790262892e-01
7.192371551490426285e-01
5.448954321641942267e-01
4.917971108973124283e-01
5.802335906442963598e-01
4.927404466104253200e-01
6.229129764502944200e-01
6.948118930344353572e-01
5.147045646868481095e-01
6.381479342782611086e-01
6.804217831731295130e-01
7.222469416877937975e-01
6.311694394943723196e-01
5.936134381718440878e-01
5.868885216558067386e-01
5.919692852339313305e-01
6.282052971062040969e-01
8.143205624215195115e-01
6.531919516742386023e-01
5.926282717639524966e-01
5.760450124936219440e-01
5.554482334704441415e-01
6.609233502066463872e-01
6.068734017237571443e-01
5.850984076423775271e-01
5.363308739221087640e-01
4.019835757558066214e-01
6.404808314478633857e-01
5.694916469892700173e-01
4.754653729517469563e-01
7.203508021663829197e-01
8.031153023147262759e-01
6.102806333732668786e-01
5.910341562275734928e-01
6.949917394448612562e-01
6.210066672759390061e-01
6.188447354202475381e-01
6.134218890473740471e-01
6.777512316922634783e-01
4.849422203067136894e-01
6.701081370029144946e-01
8.326488268734959508e-01
5.608116730489144386e-01
7.726364122197846296e-01
7.324506934854281281e-01
7.430280591516980060e-01
6.744117051391985695e-01
7.859906460852540411e-01
5.877346093539673744e-01
8.515565449303150736e-01
7.070038433220079410e-01
6.334388609359604683e-01
6.233600190662432761e-01
6.422034154377666004e-01
6.462380843961689214e-01
6.805575528486295100e-01
7.168202314286339361e-01
8.577421983066486622e-01
8.244879687429659265e-01
7.910374449653744255e-01
7.441355242936317227e-01
6.750005465895405621e-01
7.136850697541882171e-01
7.240081189615079627e-01
6.966880100873181769e-01
7.328445018037976766e-01
6.551187216556845216e-01
7.819806578402519470e-01
6.523213482896146331e-01
6.430577886290863576e-01
6.254972943967191945e-01
7.188324667349756947e-01
7.661874730888893481e-01
5.976671359532850225e-01
7.029361687534066983e-01
5.480753766602691757e-01
5.828374871291445158e-01
6.975870783299058520e-01
8.007865134532315965e-01
6.194878514497546007e-01
8.402943570061397471e-01
8.463650771965697261e-01
6.675826012078850402e-01
7.406069546046136765e-01
8.086838941871438147e-01
6.948108235411635247e-01
8.210709920229556369e-01
7.047442807169561618e-01
7.250485581112912081e-01
6.345255223622325857e-01
6.948124919794904653e-01
7.524318695752946207e-01
7.232906516365654737e-01
7.131933578735434320e-01
7.464512971085156545e-01
7.902292143305734706e-01
8.097081082058665835e-01
7.039260148854822319e-01
9.071922862663468479e-01
7.504416167643360724e-01
9.025278561773024677e-01
5.960368149773402902e-01
7.241460945259694526e-01
7.475641518669714491e-01
7.418777306269367378e-01
9.427297450936886758e-01
8.456311108225438300e-01
8.327822311057385685e-01
7.002819011352823253e-01
8.742219554196825060e-01
8.197892116598339829e-01
7.263383925278548148e-01
7.711420845742185115e-01
7.024416570021728701e-01
8.476382997759855931e-01
8.847545231187147197e-01
8.761833529028912881e-01
8.438945733014249218e-01
7.688509268408708630e-01
8.166686493746336817e-01
8.609565915237156197e-01
8.957809586136467050e-01
1.071549589535202962e+00
7.388545780113313644e-01
8.442063578325204043e-01
9.048130184688231159e-01
8.129875325021971300e-01
6.901074252240232410e-01
7.210037067603279892e-01
8.914667870981471953e-01
8.438480820081784017e-01
8.662983589634094539e-01
7.860606805131951091e-01
7.567705535984121656e-01
8.984513767143855745e-01
7.995646775112948967e-01
8.706090364940468618e-01
8.479403909637505121e-01
8.204998698223781028e-01
8.366859946618515620e-01
9.301691226945806301e-01
8.658858994779997653e-01
8.491322903761833185e-01
8.429709991863932883e-01
7.807754525018468783e-01
7.487039738906383635e-01
8.354782950382928508e-01
9.128993049274998217e-01
9.588628816557177581e-01
9.033299150936664468e-01
9.427336747072814216e-01
1.004077960923013046e+00
9.054560229688587425e-01
9.188296650177563141e-01
8.670473179253526119e-01
5.875986706155618133e-01
9.078242478193031539e-01
9.471573096228292910e-01
9.017293023761944193e-01
7.953089906154028332e-01
9.097710248722702397e-01
9.275475914765787255e-01
1.008333700904041175e+00
9.729269354253839985e-01
9.554929117912431824e-01
8.495862875817848936e-01
8.497686107441537740e-01
7.188813550686884435e-01
9.861191406679103988e-01
1.076397374963909526e+00
9.623559765677777156e-01
9.259967054766052863e-01
8.356358021148889703e-01
9.125649292025329595e-01
1.001256515108739586e+00
9.793970770097483181e-01
9.187095863029614007e-01
8.711829907684517371e-01
9.471338783711448217e-01
1.115047378804272515e+00
8.643275228659990095e-01
9.481190094093898679e-01
9.155959456759769077e-01
9.946280045649510404e-01
9.002452611500986190e-01
8.278221227310390562e-01
9.723406363281023035e-01
9.674090302450293333e-01
9.057567649696510736e-01
8.727336436066461811e-01
9.126495908391677458e-01
9.737192101850733472e-01
9.846716842537437397e-01
9.792704900581677974e-01
9.708542255216767725e-01
9.350761340409007305e-01
9.647527555962581713e-01
9.541073299669425856e-01
8.724319862665378400e-01
8.632569008425114987e-01
9.949092390394168595e-01
1.011083556609675416e+00
1.004336896829502779e+00
1.011449044846805867e+00
9.570979652559222783e-01
1.008996858609283009e+00
8.479824247907074009e-01
9.435399820917824698e-01
7.770622626422771795e-01
9.837148594387556955e-01
9.518834914838291139e-01
9.657411629370246109e-01
