-8.813730620807727068e-01
-1.118154553241011540e+00
-9.519908555239382508e-01
-1.021127946181050516e+00
-9.723545507388678955e-01
-9.910070025547714767e-01
-9.695798084126544536e-01
-9.604505941017041915e-01
-9.356677677994537090e-01
-9.874088452088105594e-01
-9.631303995263652551e-01
-9.777637771357490237e-01
-9.944665093945205259e-01
-7.406833310661079528e-01
-9.225985045906510695e-01
-7.441705174411871182e-01
-1.033198889987825497e+00
-9.533778301362657581e-01
-1.019568057166638342e+00
-1.120501368801944730e+00
-8.696493677515951815e-01
-1.009174074236813601e+00
-1.034476394353963213e+00
-8.162420258825362485e-01
-9.651087323926326178e-01
-8.744951686931750068e-01
-8.745678217972979729e-01
-9.292598692900128077e-01
-9.938018468500049440e-01
-1.040667002779105399e+00
-1.018538411520059528e+00
-9.502907279147148056e-01
-9.629860209136602567e-01
-9.976871422419003599e-01
-8.927414182381794294e-01
-8.644632625098834788e-01
-9.077345262542778626e-01
-9.740997423148674006e-01
-8.818111160291618456e-01
-9.554105566996967669e-01
-9.691439133645396442e-01
-8.880833362921712881e-01
-8.575547399753319366e-01
-9.374858172134999945e-01
-7.182888443371077125e-01
-8.657774010253315167e-01
-9.016497234812528294e-01
-8.704320589159062482e-01
-8.590600084420276783e-01
-7.598523252850262200e-01
-9.075014774539114093e-01
-9.302295833762928012e-01
-9.969486708143202591e-01
-8.694467952732518601e-01
-1.041202849083115112e+00
-9.428925055622621176e-01
-1.086466443363588663e+00
-9.160480434785103210e-01
-9.925652410615544152e-01
-8.700109640284482415e-01
-8.358379114763652140e-01
-9.590378590059391861e-01
-1.004250692194351036e+00
-8.566641422711821496e-01
-9.729994336629216312e-01
-7.996241572784763552e-01
-8.589695548455159591e-01
-8.477541773122712065e-01
-8.338180909519189443e-01
-9.610179774998092173e-01
-8.668438386723088529e-01
-7.032212499649193038e-01
-8.250400029560381876e-01
-8.137192499115443178e-01
-9.170634779670285841e-01
-8.207857695348055316e-01
-9.206861350120558729e-01
-8.701564750882299082e-01
-8.248618410629405817e-01
-8.245300753959244888e-01
-7.473308258788177172e-01
-8.189710668817191674e-01
-8.314548229575632332e-01
-8.203007947408995637e-01
-1.004186552532051691e+00
-9.261683038586655536e-01
-7.635453922559904960e-01
-7.703766841558224998e-01
-7.792473440498354220e-01
-9.406528299080164635e-01
-7.250664762936391838e-01
-8.861628753412195136e-01
-8.657240446499216979e-01
-7.490683289417395807e-01
-8.307305588372554395e-01
-8.066007467877670534e-01
-7.617444853247670178e-01
-7.420553267490049842e-01
-9.240948729317960408e-01
-8.509366481308467955e-01
-8.457933862536712866e-01
-7.623823245843983631e-01
-9.200473853595910745e-01
-6.845744790965251347e-01
-7.810246058801026958e-01
-7.317997709937684725e-01
-5.847900803901305844e-01
-7.863204008729446359e-01
-8.705981836703663435e-01
-6.754158963354616185e-01
-7.803250122004210532e-01
-8.013798708793714587e-01
-8.498007673868994694e-01
-8.690298680668755438e-01
-6.417739043251334818e-01
-7.200852815666143325e-01
-9.243398754891510860e-01
-6.595997736861834992e-01
-7.262444347965024694e-01
-9.097102948730633187e-01
-6.981447596982478521e-01
-9.759692665707321302e-01
-7.553774264075948652e-01
-7.920317385374128216e-01
-7.045697557715656645e-01
-8.248863125340454294e-01
-7.690401047137612744e-01
-7.945180786504155712e-01
-6.579163558948606383e-01
-7.430546252387926209e-01
-6.228673241724084209e-01
-6.801637749306561620e-01
-8.202387987519452750e-01
-8.253862131620383069e-01
-9.729370647474776534e-01
-7.352520152190804570e-01
-9.218500871195602908e-01
-7.048465941032850957e-01
-7.271544605261590632e-01
-4.451933224904011110e-01
-7.060494017701739455e-01
-7.146027818120316288e-01
-6.647285730331508047e-01
-8.584806251247034670e-01
-6.941716418466301608e-01
-6.660037561766333214e-01
-6.238596140493688491e-01
-7.618511747256154765e-01
-5.155215638014764012e-01
-8.345055856096895708e-01
-7.746962929375649232e-01
-5.537299143941474266e-01
-5.777136451063874523e-01
-7.506408108227322629e-01
-8.176594171937943134e-01
-7.208524506055907777e-01
-6.440795981656319835e-01
-6.200889793626648272e-01
-7.055930095670088775e-01
-6.055970747315665426e-01
-4.892730810025106569e-01
-6.626630588399653465e-01
-6.549964181585620215e-01
-6.986046041028489695e-01
-6.718981330963138543e-01
-6.874821025809509933e-01
-6.914763572041305872e-01
-6.047191830537540502e-01
-5.685465531423242735e-01
-6.829394566854711801e-01
-6.300912643496007215e-01
-5.995308902711172783e-01
-7.555829574043624319e-01
-6.608034033537877328e-01
-7.029686983711109782e-01
-5.876252945907649572e-01
-5.674336626046067034e-01
-5.839585146403838412e-01
-7.167346591784107268e-01
-7.555220351921599908e-01
-6.538046646311934662e-01
-7.334824319190825781e-01
-6.363867769668666297e-01
-5.236666618779067806e-01
-5.802802048389029688e-01
-5.209871103476081400e-01
-5.604021943761110514e-01
-6.477932175978433627e-01
-5.761415486449330547e-01
-4.825939503658385199e-01
-7.151812479214231244e-01
-6.387998438529765011e-01
-6.211065066402886581e-01
-6.096836963696232736e-01
-6.093070538602761710e-01
-5.498469408009281079e-01
-6.632148515229531194e-01
-3.646786407770803984e-01
-5.680948561636192107e-01
-6.024842117783866247e-01
-6.447368714479603247e-01
-7.052958855187962950e-01
-7.504921959143089349e-01
-5.533953274036860215e-01
-4.115559339257895410e-01
-6.416600829897368685e-01
-4.699844223881367578e-01
-6.471219226046516226e-01
-7.880890638179134378e-01
-5.272422164595579330e-01
-6.838337107672840531e-01
-5.753501743272012581e-01
-6.059842284205351204e-01
-5.358983364827122342e-01
-5.730893645618203580e-01
-5.463890156604406245e-01
-5.116741703634318794e-01
-4.921818720561910165e-01
-5.527912121863793882e-01
-5.115849106998922036e-01
-5.615308264579492725e-01
-5.420562357234841588e-01
-6.006133552869182823e-01
-5.776977512740885112e-01
-5.084499658585495130e-01
-3.976730448118018235e-01
-6.510230342785021662e-01
-3.130769860775852731e-01
-6.924934483573276234e-01
-4.686349180675118409e-01
-5.739834468616685781e-01
-4.762196795136903749e-01
-6.797485832398125760e-01
-4.975184485288973169e-01
-4.992639280600070784e-01
-4.856793913334326307e-01
-4.821495034964450310e-01
-6.681351885911585020e-01
-5.378436617959609922e-01
-6.233088119504525126e-01
-5.062825637296578529e-01
-5.425663923024615087e-01
-5.672901672096570813e-01
-4.461124881099642336e-01
-3.837962361451100479e-01
-5.029665735393775705e-01
-6.599624809328427100e-01
-4.834357310987421608e-01
-4.954198741652448557e-01
-5.603487082099897210e-01
-4.520243072229109260e-01
-4.154174555857470530e-01
-4.624561141155368316e-01
-4.836703779230997480e-01
-4.403865835485217817e-01
-3.916548253749935760e-01
-5.358662616761133979e-01
-4.472693946641698171e-01
-4.706412805314942882e-01
-5.784665580395739193e-01
-4.585235076933955045e-01
-5.568469121207925143e-01
-4.711039284355387768e-01
-5.743567944940608516e-01
-4.120731630407869495e-01
-4.522940014821614230e-01
-5.604708889344686140e-01
-3.241990891432058874e-01
-3.041332822108128719e-01
-3.588377808528966928e-01
-4.973277497326432095e-01
-4.983339880783105302e-01
-2.698918177708898858e-01
-4.037012219834197335e-01
-3.912136977246512548e-01
-4.684002217590411132e-01
-3.909236144898203258e-01
-4.445039977421302302e-01
-4.190798227080354543e-01
-5.558229518402358904e-01
-3.352967536123558356e-01
-3.685589972367829814e-01
-4.671258662444920939e-01
-3.496636260584770062e-01
-3.171823816469777069e-01
-4.531173789558289311e-01
-4.099938416524036566e-01
-3.041665713206724297e-01
-6.190611631254892000e-01
-4.439715748779533011e-01
-3.087908446899339521e-01
-3.011779973950984290e-01
-3.069538478363344480e-01
-4.582437611205979477e-01
-3.720916790465603752e-01
-4.086489533711566424e-01
-2.134668750711521401e-01
-4.384570826124971066e-01
-4.297202350568378737e-01
-3.869964632269152216e-01
-3.745034707077076197e-01
-3.075779282191564712e-01
-4.405029024089852085e-01
-4.520704082136851598e-01
-3.694464381769944628e-01
-3.486647618570793417e-01
-4.210137096219711550e-01
-2.806780714989701164e-01
-4.699107640437504840e-01
-4.829452370182151233e-01
-4.262469705446563784e-01
-3.228114507045602433e-01
-3.005235461630568761e-01
-5.384330155543444185e-01
-3.479550388560446739e-01
-3.218169102485254895e-01
-2.678041130826380178e-01
-3.732641592781105189e-01
-3.904171667997133888e-01
-3.499550465349670625e-01
-3.042205360863192709e-01
-3.476958741114654639e-01
-3.488741963340611929e-01
-1.955324794659983045e-01
-4.575260821162109859e-01
-4.772031776667256531e-01
-3.811960937122675364e-01
-3.534632104148062726e-01
-3.238072702204275455e-01
-4.180998462061976673e-01
-4.348060129151604114e-01
-2.123113606999474101e-01
-2.948145967659668853e-01
-3.851659296996803317e-01
-2.581679001493830117e-01
-5.064405710865650390e-01
-3.853867598630628111e-01
-4.526275418239467108e-01
-2.409872158843937850e-01
-2.353742793012371382e-01
-4.782737836478714311e-01
-3.552226539418644191e-01
-3.352745454980373130e-01
-5.318131440254683096e-01
-2.735479172853670371e-01
-3.521679068045812655e-01
-2.678448818472324855e-01
-3.077295930352081932e-01
-3.346663537212002382e-01
-2.808789715052215641e-01
-2.792717882992559741e-01
-4.107739302192071063e-01
-2.141381912542461019e-01
-1.508433952091486618e-01
-2.681064580030618760e-01
-2.711090642812043483e-01
-1.961930946863021386e-01
-3.635630829357099358e-01
-1.929645508241449314e-01
-2.810293669838132558e-01
-2.148813613897118946e-01
-2.498357708878904959e-01
-4.020125420269368144e-01
-2.073942496721088158e-01
-3.316076000092315068e-01
-3.855117838516235462e-01
-1.937492313044073822e-01
-2.609028067251558669e-01
-2.436609598037136337e-01
-2.994247672203754762e-01
-3.139373331980127579e-01
-3.076026237451046086e-01
-2.685608256407769900e-01
-2.893386810162781320e-01
-2.695194688886294876e-01
-1.726311307629259106e-01
-1.268178692416736808e-01
-2.578292896698933800e-01
-2.965638642823049120e-01
-3.142485800618607938e-01
-2.726000180880883694e-01
-2.007032961830244044e-01
-2.218315588486368187e-02
-2.910615287089540204e-01
-2.161232918610582754e-01
-2.785430089123467345e-01
-3.308951261894803597e-01
-1.906206474347454105e-01
-5.462740821511792577e-02
-1.952401301335901784e-01
-1.763114988216021028e-01
-1.879317881158555081e-01
-1.762464647149098174e-01
-1.397903262797203228e-01
-1.653194518886471898e-01
-1.898844442497020502e-01
-1.375526763887517934e-01
-2.621620293682928593e-01
-1.634884618163140735e-01
-2.025349812321441401e-01
-2.242000648239374505e-01
-2.671746184631251797e-01
-2.045079628532823490e-01
-2.492529304836412773e-01
-1.356733648735932059e-02
-3.433087384046339396e-01
-2.511005692604948991e-01
-4.162170278061691486e-02
-7.130989884244987032e-02
-1.983509350811042682e-01
-2.130541980744688202e-01
-1.964128297550333246e-01
-2.063025493251074427e-01
-1.523826511178193455e-01
-5.691057438605105073e-02
-3.394999408762987558e-01
-5.966853339786312715e-02
-1.440156848778592902e-01
-1.870494420332855789e-01
-2.475876610833092906e-01
-9.366727243061226393e-02
-2.418811107886620348e-01
-1.013795513557811112e-01
-1.175034690083129052e-01
-2.472582128941268678e-02
-1.624122834608843491e-01
-1.727036493746786361e-01
-2.859144187005909776e-01
-1.350218265265510920e-01
-2.099054835818410791e-01
-2.002521807050236802e-01
-2.104392659981620950e-01
-1.607406058470483567e-01
-1.704436914495937594e-01
-1.025817906791034878e-01
-8.486620411341493087e-02
-1.509322863910415313e-01
-4.442880883766871930e-02
-7.173705706982975994e-02
-1.547907669137878750e-01
-8.476317151232078129e-02
-1.651230240218092560e-01
-2.650473096573020548e-01
-1.724898424627211435e-01
-1.395366823858334715e-01
-1.277330752582009343e-01
2.908941980848478437e-02
-1.581579520472693734e-01
-1.124789783080156896e-01
-2.283174375249515664e-01
1.175075145978829970e-03
-4.675228492155825144e-02
-7.202523191662281443e-02
-4.809001370709956036e-02
-1.704924563293904460e-01
-3.090422996812285383e-01
-1.340596186543150936e-01
-1.949317192226973361e-01
-9.914374064562475608e-02
-1.204543923623203061e-01
-2.202277348559733561e-01
-1.778254159555477665e-01
8.065132726049611955e-03
-3.717253449971602303e-04
-9.327790553834353071e-02
-4.638819762415279796e-02
4.508090798689509573e-04
-1.971123247011581925e-01
1.355130787443060113e-02
3.234438044670376843e-03
-1.108103564719828751e-02
-1.598230998180127926e-01
-2.715022104752000745e-02
-4.693863910576145243e-02
-9.100634370178918575e-02
-4.228359014901543478e-02
-2.002411489049077953e-01
-1.599804196182006907e-02
-5.957491872996757698e-02
-3.757277377978703731e-02
-7.380749892257508493e-02
-6.445770354797587809e-02
4.690312358380807622e-02
-6.226785488157175752e-02
-1.604140130312290413e-01
2.078177037837046146e-02
7.180608542172162156e-02
-1.460359567968953221e-01
-3.885020336791733531e-02
8.272120536468294261e-03
6.024339111212372033e-02
-6.609858190596009167e-03
-3.485908827559807549e-02
-1.244799793206846292e-02
4.585617998544178758e-02
-8.924960264300355051e-02
1.722209596915370289e-01
1.248654346755041951e-02
7.186528899764832272e-03
-1.181815694302720821e-01
-8.786602251847140665e-02
9.255156107944806365e-02
-5.130193227092059993e-02
1.056303609240833025e-01
5.452990513883943652e-02
2.054260523428401083e-02
1.018148305076291282e-02
4.843591343445793895e-02
-1.674098789585339725e-02
-7.923398481462777532e-03
1.275228439284538939e-01
2.195813570931782685e-02
-9.671079294388640335e-02
1.063978885147843709e-02
4.264065448357701182e-02
-6.057464796513397504e-02
1.459429656413360234e-02
5.600680477153179709e-02
1.109396869605704661e-01
4.230898995310692495e-02
-2.544519939678578924e-01
-1.929095551750766302e-01
8.142408388924080032e-02
1.139166326848071037e-01
2.727850774870582695e-02
4.309522113944690147e-02
2.229278281130036080e-02
-2.662427605633702760e-02
9.842938697509419355e-02
4.198270044246989185e-02
5.752888043946282476e-02
1.378494987823728757e-01
1.884687931662050453e-01
9.197542449671751441e-02
-2.847215415027377558e-02
9.030170473012659460e-02
8.316426208369724279e-03
1.185805260545570727e-01
1.404083374685360930e-01
-5.543021104887562583e-02
2.552394245324797820e-02
1.897927228682655121e-01
1.133748972384955589e-02
-5.916666338750774246e-02
1.073060585126991845e-01
1.638740594749553137e-01
2.872421926965340946e-02
1.461555378015345075e-01
-7.802501533139723222e-02
1.245123779775568068e-01
5.180820150218259749e-03
1.296539979336887860e-01
1.507012020737053537e-01
1.536650632193543031e-01
-5.915450256807900514e-02
8.454337902681370587e-02
1.072996494089184655e-01
1.172982136251287111e-01
7.677891134656457395e-02
4.478912965259888163e-02
1.597228309543083091e-01
1.332465315391408167e-01
1.853512172102437239e-01
7.439351546659361825e-02
2.864769300468176794e-01
2.273280804781093178e-01
7.285933177876335876e-02
1.153351570856300454e-02
1.676528559867614676e-01
2.684898538309272720e-01
2.093032270869454314e-01
1.300203781217705856e-01
-4.037573545542606085e-02
5.994941516129487225e-02
2.109998027558104283e-01
6.215878597015270235e-02
6.556080987047263609e-02
1.522854554951369177e-01
1.577353094275946721e-01
2.095913943707748417e-01
6.243688875590532039e-02
2.880391760240595400e-01
1.634549307936627727e-01
2.302942505187378086e-01
-2.926645157067869416e-02
1.946394074099306870e-01
8.053107038742490786e-02
3.092318041183506061e-01
2.686177789377769409e-01
2.219501774983112796e-01
2.576805990336405450e-01
9.063916814527557542e-02
9.177424034747079518e-02
1.205982908040850038e-01
1.257176340420926575e-01
2.164826854981551640e-01
2.825467719849050208e-01
9.014750620553876881e-02
2.939711503767764023e-01
1.861212798513575961e-01
1.303876644562412257e-01
2.403429904799563310e-01
8.709196637321042767e-02
3.587385567718049950e-01
2.868624753159427221e-01
1.062046517875347507e-03
9.733656190435797939e-02
1.867925295983513811e-01
8.347786212942176487e-02
2.270090591746455888e-01
1.136771095630612766e-01
2.291559777990440916e-01
2.715095188769297008e-01
2.619749994370155766e-01
3.196543318720380666e-01
2.644966967012682968e-01
3.320926686559718677e-01
2.937837271227858316e-01
1.640067480523812460e-01
1.710870346987819757e-01
2.622996258673138126e-01
3.172591357661410094e-01
3.052389551737748064e-01
1.623527800083841843e-01
2.026648212795510440e-01
2.436438969669803556e-01
2.706082523038749188e-01
2.809066842412417664e-01
2.960684349540176896e-01
1.115969848472215392e-01
3.098371684392852710e-01
2.301487746496905795e-01
3.387340127547573410e-01
3.768304036422270853e-01
2.907698879851002283e-01
1.495158218892324031e-01
2.655180935565663036e-01
1.923077882195607102e-01
2.543323092782017736e-01
4.114249010215819680e-01
4.356125140616955993e-01
3.298753085543209007e-01
3.914204858741008319e-01
3.086296708494009611e-01
1.920066850016270421e-01
4.599100526973635139e-01
1.765808718229371910e-01
2.805821019563879970e-01
3.884459126585840250e-01
3.389044100642628066e-01
3.933088363588277958e-01
2.417313521545915722e-01
2.422661710619917752e-01
2.885450523800507372e-01
2.619491461638430163e-01
3.032673741689107527e-01
2.878544039947550925e-01
3.953438469021343660e-01
4.042058726633428467e-01
4.081169023583131605e-01
4.961440692152519483e-01
3.668903873219949152e-01
4.175608879696972586e-01
2.489184500187130722e-01
2.795543732463155462e-01
2.517033323954062651e-01
3.094657167041483525e-01
3.153961484722959119e-01
4.141864541707259706e-01
4.764998808300159316e-01
3.268523448468045323e-01
4.330826837216144587e-01
2.430731412041250150e-01
3.653747294072104967e-01
3.433404052331850420e-01
3.510126171665359229e-01
3.694522538691392133e-01
5.093709377895243584e-01
3.371073474260253833e-01
2.593817566011722975e-01
5.102790088411477409e-01
3.518218328014963703e-01
3.429754126356497901e-01
2.507118957606631060e-01
5.116852720939430998e-01
4.302963087254483288e-01
4.643299695568653407e-01
5.495057998136336774e-01
1.613194276294490082e-01
2.906924445234668197e-01
3.535535505872946516e-01
1.392823701387541913e-01
3.232986016865811996e-01
3.497348861697858746e-01
4.191272238979960041e-01
3.244806668595346388e-01
4.766257968480219209e-01
5.062209704445715941e-01
4.981754158807204513e-01
3.631428161820111633e-01
2.944018189125803819e-01
3.417142970998895413e-01
2.807264826140485892e-01
3.039748531227543515e-01
3.196424055893992144e-01
4.383205618324228503e-01
4.894593247939428848e-01
4.905982297567232364e-01
4.944640526808563030e-01
3.163923281252359332e-01
3.788914998623574282e-01
4.873108390997213935e-01
3.978757874274870820e-01
5.835405495126774200e-01
4.725318832281766301e-01
4.937817076512422410e-01
4.089348732892404970e-01
4.356070907544922766e-01
4.653715529685086283e-01
4.710672427721980804e-01
4.052680960390750986e-01
5.155511756741036899e-01
4.158893159392920147e-01
3.732777404930127108e-01
4.409123588056720888e-01
3.654085910738784637e-01
3.549401036523617825e-01
3.990897857990754471e-01
3.808101316121559332e-01
5.001392442692094154e-01
3.567942425385612903e-01
3.672322370737601260e-01
4.915125104265188338e-01
3.405519781893004971e-01
3.456144048525285895e-01
4.025249174780989314e-01
6.263427471137908986e-01
3.894416344974264699e-01
2.762401561884177403e-01
6.805068592037079034e-01
4.046613819763201225e-01
6.224639449800093427e-01
5.914464589826646801e-01
4.957464547585130887e-01
4.635052084155076302e-01
4.794543034154931105e-01
4.360749258201587764e-01
4.056351538763300901e-01
7.873398888639218107e-01
6.008972627910853515e-01
6.073451909342243438e-01
5.685404455800037171e-01
5.667883048779527311e-01
4.551142610349973028e-01
6.018551592258178928e-01
4.912698611985626962e-01
4.599394977377698202e-01
5.525880724013406686e-01
3.472875479994063652e-01
3.393721256067505632e-01
7.006192517163063460e-01
5.103632644176639976e-01
5.829684160196134668e-01
5.623364966507430340e-01
5.846449866494148884e-01
4.934417147974701212e-01
5.537583977187452433e-01
5.666188834170533539e-01
3.106159924681554108e-01
5.607570520313139850e-01
6.027392998339784480e-01
6.503293455528238454e-01
6.169933225318076087e-01
6.549909303602305943e-01
5.652116100673438837e-01
5.641227176219699713e-01
6.091867511934699886e-01
5.587151611377914051e-01
5.736758966951827077e-01
6.020988833323315248e-01
4.994383923931617897e-01
6.330691173406102212e-01
4.913704381430181178e-01
6.651502870714856019e-01
5.365582564997535275e-01
5.874843395846462979e-01
6.551114122291190611e-01
6.403719094870953255e-01
5.661692043069332936e-01
6.882675911026392424e-01
6.051348321757357152e-01
5.455145232575353553e-01
6.236699336432568463e-01
5.641433237764575948e-01
6.220876159100158231e-01
5.442161965559638714e-01
6.531100375703001726e-01
5.985226228682749561e-01
6.174929091959157068e-01
6.966998086768264598e-01
5.577429560937703368e-01
4.189097169433146362e-01
6.254522824056845121e-01
5.815075353764452837e-01
7.286581201096019589e-01
5.265629980288060175e-01
4.363561205598335269e-01
6.847207666695638295e-01
5.126181986279966241e-01
7.063430068701066489e-01
6.658322873747579695e-01
5.254114164320774494e-01
4.825939210436742122e-01
5.537584179760183245e-01
5.905689775360555283e-01
6.629557995012143046e-01
6.461397877302613724e-01
8.205015845944154673e-01
7.377239239863696563e-01
6.586022428322366729e-01
6.448681445298170001e-01
6.560237528456415168e-01
6.148838616019348668e-01
7.038321583213823507e-01
5.557777618314866386e-01
7.440510479280708633e-01
6.600910339037523444e-01
6.794763533196045424e-01
5.357803035464292485e-01
5.425083054822602557e-01
7.753658750014530421e-01
7.342513836289942253e-01
6.802050464122911810e-01
6.848081777248135049e-01
6.801487736751629098e-01
7.424911686300607050e-01
4.606950120048328712e-01
7.837562422083954594e-01
6.869659286547650234e-01
5.740398875411476531e-01
7.831784868693494328e-01
7.037867911210620164e-01
7.266122828580723336e-01
6.656433104330943262e-01
7.736089993608251669e-01
7.216657007610008945e-01
5.859614987628201099e-01
7.144517618583662300e-01
6.257660334717448647e-01
7.842085792946238421e-01
7.141433363839839732e-01
7.491667561123775965e-01
5.721007344820693286e-01
6.998384837918099066e-01
9.481473791388153050e-01
6.134813314973088794e-01
5.891705569037295476e-01
7.018589345389476541e-01
6.038233960160397373e-01
8.924757650761879768e-01
6.834480268695058980e-01
6.516645527217395095e-01
4.907394565473858772e-01
6.193975732308601989e-01
6.378566739919055983e-01
6.500252769633196870e-01
6.531429575825746792e-01
8.370858960026766882e-01
7.761604876225850491e-01
7.377814062554860497e-01
6.817664768040855305e-01
8.069172977571714700e-01
7.387807876877293678e-01
7.851608021478715393e-01
6.874259609071677879e-01
6.873020771709091870e-01
7.977972015050267540e-01
6.988599575159497590e-01
8.244825718022372740e-01
6.431335532373677610e-01
8.468971403589049540e-01
8.175436729698369875e-01
7.537528153160980571e-01
8.102917471444541775e-01
7.340423538094299483e-01
7.835386782547609785e-01
7.247641850022450427e-01
6.749660521687508297e-01
7.624435801821191072e-01
7.854975528879660773e-01
6.528455948215865501e-01
8.723676730384271050e-01
7.826198696515715980e-01
7.608460476136504891e-01
7.491637513927337233e-01
8.433361106958163766e-01
7.449443199247511860e-01
9.290219976226052889e-01
7.980485626019402368e-01
9.827090460427974072e-01
8.192267544232769705e-01
7.358541957728266247e-01
6.866593334878110522e-01
8.195042872130779976e-01
7.160120232357123360e-01
8.527513614191539748e-01
7.045753136134991212e-01
8.885394231924246267e-01
7.678357989498553193e-01
7.759721553098594127e-01
8.945024635865601592e-01
8.218185087905203190e-01
8.697298329738345490e-01
8.140864352352208400e-01
9.536107468418512090e-01
8.746371305036716448e-01
6.459277661100620849e-01
8.110623732366510907e-01
8.701869887137808623e-01
9.902971038185237607e-01
8.676483716834629822e-01
8.803204760127352202e-01
8.886897398838132789e-01
9.108973482599082017e-01
6.658092171332175013e-01
1.061968100331792453e+00
7.012369740312613953e-01
9.606890550171813814e-01
7.633280709243295270e-01
8.851488228890870280e-01
9.957125155591823873e-01
9.577004129526334175e-01
8.109926962942419770e-01
6.606364434213410908e-01
8.911888199059673221e-01
8.633336387457390959e-01
8.625417379814575014e-01
8.134254168785288730e-01
8.503892593490061103e-01
8.923978058897089616e-01
9.249289865804148913e-01
9.562612634080639440e-01
9.402324749465454934e-01
8.900319228432610474e-01
8.738904472527039280e-01
8.311665606554689001e-01
8.808583712730009285e-01
8.354419731475494215e-01
8.395063729702465505e-01
1.060575384466302840e+00
9.918174132269305110e-01
8.897702298619462047e-01
8.962579245248188942e-01
7.963432826853310553e-01
9.120639293728950436e-01
9.226010852582170463e-01
8.489688683128900903e-01
8.620250229417203425e-01
7.875502501442911418e-01
9.689205730015123530e-01
9.797561813997315294e-01
8.833276164394420205e-01
9.365697546432898424e-01
8.998048721143862005e-01
9.185114339899730362e-01
9.733502382859817725e-01
8.535527717833860661e-01
8.585544978237522606e-01
8.724598813867889824e-01
9.924475077206051932e-01
9.183974912380479250e-01
8.828327780254910939e-01
9.322863082843160232e-01
8.164524664164282131e-01
1.063363014592116462e+00
9.313993614169076007e-01
8.872777719341724545e-01
8.940486761514945258e-01
9.591501264078485800e-01
8.380174388998523627e-01
9.146754071050730017e-01
9.787362215063444282e-01
1.007699803684504181e+00
8.855193257922241434e-01
1.011295362758672489e+00
1.094419618977404696e+00
9.747488986330629102e-01
9.640952550522049469e-01
9.723716584481780778e-01
9.851916140280611023e-01
9.908270178398893568e-01
1.048468565402890018e+00
1.129117443845721436e+00
1.005443559987484914e+00
9.142718445420898732e-01
8.534028137688249860e-01
1.170963728561577488e+00
9.415460116633097565e-01
8.788774657800459966e-01
1.062564965796625183e+00
