-8.602021558539123536e-01
-9.699289513496176518e-01
-1.151896780994603464e+00
-9.505438979298805879e-01
-1.013439995756724610e+00
-1.115955601301600986e+00
-8.415059708129584148e-01
-9.865409711726171871e-01
-9.243900399053754935e-01
-8.247628932269954749e-01
-1.053683390127029940e+00
-8.618811689760838002e-01
-8.341062756955639479e-01
-9.843829553808621791e-01
-9.052135439280704077e-01
-8.740848227486269773e-01
-9.010511479258114242e-01
-8.919575799941789063e-01
-9.274045310555841803e-01
-9.761610706363955670e-01
-7.511010765595343974e-01
-9.405300143072971020e-01
-9.744024117075525959e-01
-1.008778761205647800e+00
-9.262946254546488012e-01
-9.505102094985170558e-01
-1.029645142128923219e+00
-8.056067160521668269e-01
-9.192305973415273446e-01
-1.008005879865309762e+00
-1.075487901809916602e+00
-9.656143096432655559e-01
-9.909497622925065308e-01
-8.134852143275614900e-01
-1.081131897575716039e+00
-9.307376440814291163e-01
-8.195477044641088504e-01
-8.961197030065554125e-01
-9.388786844359439110e-01
-6.472774104975426157e-01
-1.006384470267064790e+00
-9.033270776102141353e-01
-8.983571551477057548e-01
-9.333773991395026837e-01
-9.080364753613987538e-01
-9.142810101805668443e-01
-9.863210949596051824e-01
-9.504820722428368729e-01
-9.750223675963929360e-01
-9.501415110786107787e-01
-9.559577695823697763e-01
-9.327244625430357594e-01
-7.405317812083804796e-01
-9.151443803151820822e-01
-9.170560202072294276e-01
-9.850847193687691794e-01
-1.060884245532072834e+00
-7.757303158860753278e-01
-9.118588892812153901e-01
-9.147520360745468038e-01
-9.168315668068589552e-01
-8.790242953579999741e-01
-8.937919884615669330e-01
-7.552088990275018787e-01
-1.028992954922145264e+00
-9.486820820947238220e-01
-9.040060992163940767e-01
-8.989311942500762820e-01
-8.505777848976064925e-01
-6.237420714096371110e-01
-7.964557715336008092e-01
-7.426646860141482565e-01
-8.338532513578277294e-01
-8.234785494679869311e-01
-7.728002198779295728e-01
-8.214140055630333448e-01
-9.805076440541888871e-01
-7.263791141042619248e-01
-8.511387794064728674e-01
-6.972272709397459023e-01
-8.396102761060307840e-01
-8.105795485700642011e-01
-7.483161739181181105e-01
-8.775505862151876668e-01
-9.128812742731465812e-01
-5.677944479965413294e-01
-8.772157233609599869e-01
-7.535498327849097233e-01
-8.496458248761658005e-01
-6.847424418681613556e-01
-8.476798806932235308e-01
-7.535264458837950263e-01
-7.509738907635430394e-01
-7.177905093370228196e-01
-7.753503476574987729e-01
-7.707440877656316358e-01
-8.783116837633206941e-01
-8.623786041739046615e-01
-8.216134976041584714e-01
-7.141127758104172107e-01
-8.848657499967900186e-01
-7.864102440963569585e-01
-8.564059276362547823e-01
-8.814540019441564622e-01
-6.683009666145808270e-01
-8.123005964537842738e-01
-8.152587917720256483e-01
-6.551595843940783981e-01
-6.313562165873198850e-01
-8.793726031244403218e-01
-9.233728042354945043e-01
-6.952559269774496453e-01
-8.169426434889096589e-01
-6.854539792868145076e-01
-6.823407941981525227e-01
-8.217140604934434212e-01
-7.454150119310745115e-01
-7.349601574240840485e-01
-6.289073245365963682e-01
-6.980958312884337769e-01
-7.615554335716946399e-01
-8.210724679944517712e-01
-7.933522874262197710e-01
-6.680359085046131407e-01
-8.263903350653105662e-01
-8.576741238518195143e-01
-6.919925010215526306e-01
-7.905267182987947283e-01
-9.039189228575716939e-01
-7.402874589738593913e-01
-8.034805389875983028e-01
-6.944809789956670754e-01
-6.705993461733327221e-01
-6.134848598628770411e-01
-5.985494130128230506e-01
-6.946689167706965318e-01
-8.409316111319092846e-01
-6.641270582816389823e-01
-7.008012457534754658e-01
-6.952335794057764584e-01
-7.137587936811261580e-01
-7.082655045399667282e-01
-7.196365904105245237e-01
-7.613946420123429704e-01
-7.057522302532244218e-01
-5.989350518104064047e-01
-6.876092267718829643e-01
-6.924693351555810672e-01
-6.963292002880004938e-01
-6.193084489855933406e-01
-6.260422407740977579e-01
-6.470908466101275014e-01
-8.049322210795732957e-01
-7.256283195274093600e-01
-7.373827033271838083e-01
-5.412532981727055104e-01
-6.217717529371984408e-01
-6.786065390734344893e-01
-6.890145263416604937e-01
-8.380866633195118709e-01
-6.279460365225941754e-01
-6.779060373852473509e-01
-6.385519063709933496e-01
-6.049211504668736694e-01
-6.552452277302972528e-01
-6.148553875464948248e-01
-6.251853044466065823e-01
-5.871198288684853495e-01
-7.131553602779192591e-01
-6.099752346620607169e-01
-7.955918788923393992e-01
-6.667753024751548185e-01
-8.020125919044652774e-01
-7.389172153070610038e-01
-6.680529317235185394e-01
-6.945364656064246800e-01
-6.745004157944550771e-01
-6.149564190507695871e-01
-6.898362619158802111e-01
-7.674060118669990826e-01
-6.276640817968908159e-01
-5.666401729055030589e-01
-7.334453825715839814e-01
-6.121107499383356965e-01
-7.138419974117726774e-01
-6.305800414611973936e-01
-6.679811366880512580e-01
-6.451328324522555002e-01
-7.096445116577548839e-01
-7.823259217363776052e-01
-6.106488942596232095e-01
-5.285159699280134182e-01
-6.836090030570256548e-01
-5.652827310686991957e-01
-6.757371749207305989e-01
-5.770464944671263030e-01
-8.132350109991473008e-01
-5.302249044947693335e-01
-6.731764604324116386e-01
-7.044722572361170609e-01
-5.406714363513329680e-01
-5.034092433259592658e-01
-6.549691683127468744e-01
-4.752510706366420146e-01
-5.761155791387423397e-01
-6.608040869433562392e-01
-5.371935800869007682e-01
-6.617887000069209158e-01
-5.204600626393373064e-01
-6.335415047181267578e-01
-6.410391883861142892e-01
-6.438093270284995784e-01
-6.854413875530006584e-01
-7.223337294192748725e-01
-6.109440938475368954e-01
-7.596940942733069191e-01
-6.487546410823231691e-01
-4.802670826203578880e-01
-4.580890719755828511e-01
-5.184101609040264735e-01
-6.547511952020279580e-01
-5.501627326451677957e-01
-3.143352452043355338e-01
-6.024517124470197826e-01
-4.714354768395183637e-01
-4.022238971563525389e-01
-6.130037624316376776e-01
-5.014942929667741689e-01
-4.473753998724542824e-01
-6.815862257698847015e-01
-4.927989788970040252e-01
-5.669526631963661689e-01
-4.360354255820363401e-01
-5.652919603355728295e-01
-5.473736905349162463e-01
-4.638856939203538365e-01
-5.074848834367653438e-01
-5.934246238983955646e-01
-4.738558005797714467e-01
-4.836033288096793226e-01
-4.764597833179833319e-01
-5.720878648928788834e-01
-4.364168975762431901e-01
-6.153464469843484830e-01
-7.668837675740832749e-01
-3.871828804433804505e-01
-4.128244676912537492e-01
-5.008687757667674711e-01
-4.125311585795086167e-01
-5.258799968142927606e-01
-5.797567307863111807e-01
-3.748435992228481006e-01
-5.791610347422500027e-01
-4.278836567759818910e-01
-6.005694904784165677e-01
-5.753958350160918167e-01
-4.366452712678977610e-01
-4.017605748660300069e-01
-4.569572718384973808e-01
-5.659216485779114958e-01
-4.023865939413838744e-01
-4.874005778402137334e-01
-3.966941412425169511e-01
-6.205706489810657311e-01
-5.613422246443440233e-01
-4.639258970569408169e-01
-5.599599863584614479e-01
-3.650470098642719097e-01
-6.215987644395304379e-01
-3.823569664847821792e-01
-5.064564143891254755e-01
-4.561048323574768970e-01
-5.548854219423928757e-01
-4.678451932067186347e-01
-3.445716328258656702e-01
-5.225735580815680237e-01
-5.884174719317468716e-01
-4.226085150758104314e-01
-5.112393820089260466e-01
-5.114727931482869749e-01
-3.780889210948181756e-01
-3.800501725942426190e-01
-4.591244662506792640e-01
-6.330834036413475197e-01
-4.439392687292254558e-01
-4.601999721864257209e-01
-5.220867716257066027e-01
-3.745067138119973493e-01
-4.557971110865586817e-01
-4.512494067638278539e-01
-4.255911600519187710e-01
-3.646594506427061622e-01
-5.588779264526426704e-01
-3.553916911693529301e-01
-2.837389597201195324e-01
-3.689895167650185104e-01
-4.178449839996455362e-01
-3.954242841806023812e-01
-4.711799785792694095e-01
-4.589395437052352644e-01
-4.123753971253806827e-01
-3.488543222481944039e-01
-3.856865496889098632e-01
-4.769604767101556231e-01
-4.917822301529923279e-01
-3.437369655373322952e-01
-3.865599612437053967e-01
-3.892016424427943155e-01
-4.934784190701705375e-01
-3.402560912384341441e-01
-4.243457508974695647e-01
-3.988030686807472192e-01
-5.561473389171145421e-01
-3.630288604170858191e-01
-2.218265708688858251e-01
-3.807169450754778195e-01
-3.442149718870992636e-01
-3.232099350644669911e-01
-4.338011595476302107e-01
-2.908380163575105537e-01
-3.531962782104204890e-01
-4.124964004790859784e-01
-2.040524663118658544e-01
-2.088551363540187278e-01
-4.844862819531855491e-01
-4.052556752748716629e-01
-4.455245385954439419e-01
-2.774043844564595962e-01
-4.794744167976607852e-01
-2.352955794027030145e-01
-3.719924937991560543e-01
-5.811893359627614553e-01
-3.091558738965676234e-01
-3.762272974467866793e-01
-1.786898484314680957e-01
-3.846458188617419283e-01
-3.043515336981756914e-01
-3.737855209817999569e-01
-2.354981474012917964e-01
-3.599020681408339750e-01
-2.760993383762933573e-01
-4.217602049865942226e-01
-2.227897997564629862e-01
-3.582835805939948992e-01
-4.490150838512516618e-01
-2.945317256359087921e-01
-2.310878769391400411e-01
-4.011101221295493846e-01
-2.937209512648958354e-01
-3.854572093217809581e-01
-2.619454916518458298e-01
-4.133761319008718016e-01
-3.366584266000058334e-01
-4.238717927968415067e-01
-3.284177623674490731e-01
-2.126173681713930952e-01
-1.717901178597248668e-01
-3.491554596150022172e-01
-3.510747854452772043e-01
-3.977936405780637119e-01
-2.430345386133768437e-01
-2.592832646664870455e-01
-3.562248542539386276e-01
-3.557688326823564839e-01
-1.872176603368254089e-01
-1.206614198481406330e-01
-3.277054026094846639e-01
-3.031621887214004940e-01
-2.911262482440997723e-01
-2.986898287418381925e-01
-3.610782560450623985e-02
-2.672999556076088301e-01
-2.405130371538675704e-01
-1.245318052435480105e-01
-2.208974160494513728e-01
-1.501338315047167637e-01
-2.783809203450146597e-01
-2.470865196938396013e-01
-1.382595338502674576e-01
-2.047100868297056786e-01
-2.323586229186195007e-01
-4.040623689868613200e-01
-1.739833256030830499e-01
-1.576049307878247818e-01
-2.062562915672061792e-01
-1.752585676227745581e-01
-2.455293727966962325e-01
-2.576228282706873318e-01
-1.929209938872873398e-01
-2.658264736987893673e-01
-1.432434643757395376e-01
-2.395472684768984173e-01
-6.147874823867727212e-02
-3.273736277799179084e-01
-2.986605911140499670e-01
-3.222314939014822022e-01
-9.362772576219904885e-02
-1.743860001876965937e-01
-2.879098802833664483e-01
-1.294063189597702002e-01
-2.992434522722181578e-01
-1.023111597085971242e-01
-2.667476214787886657e-01
-1.309770087552742102e-01
-2.220021610882082219e-01
-2.883341569664423232e-01
-3.021755066960293279e-01
-1.867658752768914521e-01
-3.495370876105688895e-04
7.921664860420818410e-02
-2.810724608673446645e-01
-2.132852495009264493e-01
-2.252337911467973963e-01
-1.403752978423886966e-01
-1.850223214906625280e-01
-2.073377495989340291e-01
-1.513523028904725232e-01
-1.124460992130948966e-01
-1.363957671575009023e-01
-1.774691991624493259e-01
-1.789096980094743994e-01
-2.447527047448986443e-02
-1.816489126246519370e-01
-5.802583123617947869e-02
-1.482541885374898394e-01
-1.861162429991887191e-01
-1.650964545259802491e-02
-1.957627497236014424e-01
-1.995521409118504175e-01
-1.833737347966261089e-01
-2.407895450034670537e-01
-2.251000347843843882e-02
-2.368953580510256285e-01
-1.078711715588939468e-01
-9.442520487305852694e-02
-1.437688427116740608e-01
-1.129876231026534089e-01
-1.577934040091876211e-01
-6.213624242762334077e-02
5.892292348966473442e-02
-1.047386838051592717e-01
-9.361347277264156497e-02
-7.118305680820651016e-02
-2.112487862056387500e-01
-2.133053753253213725e-01
-2.008545900008727736e-01
-1.485371092812020621e-01
-1.019250874390004724e-01
-2.174345758261397171e-02
-9.200802793512041777e-02
-2.819420165085743252e-02
-1.002910115613995928e-01
5.109279519750683021e-03
-2.193795784378237135e-01
-1.150393310494160493e-01
-1.915837425104858216e-01
-2.430928083739631873e-01
3.870681649277071118e-02
-1.386572915507156001e-01
-1.324335696604611035e-01
-2.076646895611784088e-02
-7.142362048134096031e-02
-2.882751788560177983e-02
-5.787175067461935996e-02
-3.536384169710587305e-02
-7.846242398460766265e-02
-5.796787073910380367e-02
-2.291218602291014705e-02
2.219090542928675580e-02
2.175405863040925925e-02
-3.461594997663847845e-02
-8.854906230235971842e-02
-1.163885845023494847e-01
-1.991062051955341528e-01
-2.227567971506887456e-01
-4.561557857192946597e-02
5.714650848310225822e-02
-4.871944718641262051e-02
3.640810459415253636e-02
-1.935569866620043544e-01
4.059221666160094111e-02
5.367952883990043111e-02
-2.197373348752287570e-01
1.473520407000001031e-01
-8.976214011416440430e-02
8.787674938448545095e-03
-6.863426502422792508e-02
-1.665121086973227887e-02
9.514810939157299086e-03
-1.205117018128716924e-02
-2.067590268454622127e-02
-3.455588324384206711e-02
-6.601069002122282592e-02
-8.315331146108638494e-02
-4.954435075972087044e-02
6.963555052032162395e-04
-1.653048405499829010e-01
1.470640647127747017e-02
-9.094141473577670165e-02
-2.693833182365837353e-03
3.509684753753632841e-02
1.636958422231141741e-01
6.060484274695605855e-02
-9.517632160051506598e-03
-4.984284965002984402e-02
-6.500724511664636440e-02
-7.658349305104199256e-02
5.877473023601103436e-02
3.665861210125563596e-02
3.335410286233937704e-02
1.940795869258633566e-01
-8.875357895218274895e-02
2.249143999686809784e-03
3.193318717793527245e-02
-2.817791420714214554e-02
1.482392156467669531e-01
-4.093870294463554556e-03
-2.485854455512051184e-02
-2.873740990385403177e-02
-2.243054588110419620e-02
-7.928957234483195726e-02
1.329366980530249931e-02
1.088457489600292982e-01
1.520500494624408248e-02
-2.603182249678520285e-02
7.162039311887175019e-02
5.234099506669784296e-02
5.014273929043493172e-02
1.643315636292633219e-01
9.404254356747453192e-02
6.720246952018699149e-02
1.339394158412003377e-01
-6.321238938730423806e-02
1.933066393614552569e-01
1.965047691427865284e-01
1.567072632480251970e-01
6.904386922294432349e-02
-1.080279176061167828e-01
5.996874813871377885e-02
4.641100667683873034e-03
-1.621797395008858778e-02
7.308515785237032492e-02
4.216613515781309635e-02
1.084953959193189627e-01
9.191311172346471048e-02
-6.274124158012388264e-02
2.437770636579831840e-01
1.492776860348944690e-01
4.165598422752283397e-02
8.473147845172988857e-02
6.621871554062654097e-02
2.019325944907305048e-01
2.791956184789973205e-01
8.127289857960084962e-02
3.903725483743898054e-03
1.322624760488864959e-01
1.447787983841394566e-01
1.387561831040289018e-01
1.571906307155853944e-01
2.670660722601597148e-01
1.469378451553953191e-01
3.082819714236628011e-02
1.749609233424384847e-01
1.123425765595641168e-01
2.445095737151367285e-02
1.753070556263691404e-01
2.242282865765350408e-01
1.679487442300419409e-01
1.981729989943557813e-01
1.098323550788282282e-01
1.748962639901753824e-01
1.605416821664063520e-01
2.092219065864674710e-01
2.079653052325624307e-01
1.640791565039418920e-01
1.471638156503742301e-01
1.436675244773809312e-01
9.484403220317048910e-02
2.272312234342563630e-01
2.725680882483272338e-01
1.145054821967691067e-01
1.699647937963096322e-01
1.279874816281870997e-01
1.302934865977320722e-01
7.100222980393589012e-02
1.944173734339461612e-01
1.417392662121089164e-01
2.921838319759953451e-01
1.760727299277922431e-01
5.366960027345569345e-02
2.378418948164850721e-01
2.607404150744447868e-01
1.358682084266949197e-01
2.934609317486402413e-01
1.157997093423115686e-01
2.036094432610999760e-01
7.585386309130812132e-02
1.397800735853350629e-01
3.607351474494488452e-02
1.325595236877502026e-01
1.620042429279225649e-01
1.655570299664907430e-01
2.886874865863217066e-01
8.838141429122106651e-02
3.519954991376003095e-01
3.505547139553736868e-01
8.974793103973993658e-02
4.093769152586781979e-02
1.762196730187385318e-01
1.224448164116140741e-01
2.031265759104622926e-01
1.637153111230856550e-01
1.360793674859996916e-01
2.054926960751035092e-01
2.915450806630635050e-01
2.115984331953684183e-01
1.219934551629861946e-01
2.112211407924644013e-01
3.382665542108481138e-01
1.687927144989265216e-01
1.000532801693203855e-01
2.528296414891368915e-01
2.303793698747514662e-01
1.277561626555018814e-01
3.292406418494860931e-01
2.578780077476743315e-01
2.895929098214128361e-01
3.100485654697189286e-01
4.014090055962665216e-01
2.402582874427092730e-01
2.295900174036205055e-01
2.570223975306800690e-01
2.120506547411504794e-01
1.619958818464107830e-01
3.705870406492416946e-01
4.410849710645652066e-02
2.448931207910595154e-01
7.173383405690481052e-02
1.304274130565932222e-01
1.296364630758778391e-01
3.724328630982194910e-01
1.547727135788256880e-01
4.788139588286757231e-01
3.371718451744075140e-01
3.115462422405775311e-01
4.073924956712323131e-01
1.698940830239264455e-01
3.121424429684263036e-01
3.645707850294149233e-01
2.233614763117453550e-01
2.382068605618956891e-01
3.279539403722533941e-01
2.924972733037400907e-01
3.047709026596019388e-01
3.254349561358124143e-01
3.786528039029963821e-01
2.916391916860683331e-01
3.667640603196787308e-01
3.105600616143970316e-01
3.646391665957890438e-01
5.513549068759751592e-02
3.192550369720065229e-01
4.346898917013280461e-01
3.968946265418417108e-01
4.012557650656751740e-01
4.699349377165928376e-01
4.150149219328686523e-01
4.231699944219924348e-01
3.293824193288548696e-01
2.100959734973475157e-01
4.240460433768611370e-01
2.906839014474210114e-01
3.012407989934927088e-01
2.601837951856132980e-01
3.874699339989663427e-01
3.792973376600395907e-01
4.055387448346252643e-01
3.391937752977328135e-01
3.835376777186157993e-01
2.995329524943174948e-01
3.765235205432000964e-01
2.963793418770949151e-01
3.319742920992523882e-01
4.423645041405743772e-01
3.340909486385665317e-01
4.614463847382987982e-01
3.666837196685958644e-01
2.736716235666406538e-01
3.895323025850410681e-01
5.154960615506866128e-01
3.769916910837148305e-01
3.137392455946971803e-01
4.299655820197964551e-01
3.008433028024287137e-01
4.986643559045373375e-01
4.751269856847079587e-01
2.891505091018261031e-01
3.125626578365766073e-01
3.200573160144012941e-01
3.222951765799817458e-01
2.802164775371377425e-01
4.304900449755038605e-01
1.839618805195484819e-01
4.354514401345208063e-01
2.829398888293476189e-01
2.839867515268924558e-01
4.101960256606059785e-01
5.012863228669891535e-01
1.818934666144752244e-01
4.078795800999058807e-01
5.274107515128702017e-01
5.293924513607588533e-01
3.819994942163036367e-01
3.458812988038961755e-01
4.382156163789489578e-01
5.023703101263846671e-01
4.529178393366883326e-01
4.206906985998368209e-01
3.691543150795464356e-01
4.110675404372485797e-01
4.446564039882960895e-01
3.942456639403899010e-01
4.113988880543685833e-01
3.398552000199796530e-01
5.552756305375344814e-01
4.241802478595900761e-01
6.280899881345051172e-01
3.173515199259531738e-01
5.399243250943230876e-01
6.608359946551367603e-01
4.366596235330029163e-01
3.856643307484365901e-01
5.322147984640873686e-01
3.288900245114680931e-01
4.566689138848743501e-01
5.908072993809783124e-01
4.170943804179140790e-01
4.635336411482351426e-01
4.537422296361531271e-01
4.799680553857513798e-01
6.474566990088707064e-01
5.597231054671724104e-01
4.751977455792082417e-01
4.138776315455667265e-01
4.426681005789968593e-01
4.239462832178274576e-01
4.986287194890097196e-01
4.495590147103937229e-01
5.150413715699105888e-01
4.318287064589007018e-01
6.202701062786414310e-01
5.360146895665596212e-01
6.192594819427631458e-01
5.853247627324364988e-01
3.844797655731940211e-01
5.129236875651046468e-01
5.276465110690534699e-01
6.752192757150867752e-01
7.171197737562371444e-01
5.892090382057274534e-01
7.316566071857306675e-01
7.242793305939203563e-01
5.485108600123026479e-01
3.759149541042602904e-01
3.204248148357637938e-01
5.502849370338437351e-01
4.716641649391398738e-01
4.004217181439169715e-01
4.739919008275017553e-01
5.177118745270002931e-01
4.223010787161293744e-01
6.170651018977941771e-01
5.019529499054792288e-01
5.926831753094053967e-01
5.648049288327371409e-01
4.673179079916264245e-01
4.734528034745593139e-01
4.744659515457169130e-01
6.419247543273497447e-01
5.344688051360907410e-01
4.447208794666258624e-01
7.530301774927867786e-01
6.135838026873584594e-01
5.818569214825807245e-01
5.783117818329690518e-01
6.477801498793430701e-01
5.970003833022448081e-01
5.307288142942259146e-01
6.425126583023422766e-01
5.290802555819243969e-01
6.203277007357156370e-01
4.796525361125393294e-01
5.372650801458755954e-01
6.982880797487965863e-01
5.353066324057971226e-01
4.431547560603188995e-01
5.551013875809213127e-01
4.448916812113648533e-01
6.199862402413985896e-01
6.873773593410544835e-01
4.473251442054673732e-01
6.700399356992656763e-01
5.920938014915900771e-01
5.884885268050460416e-01
5.246871632520683226e-01
7.513808841419823414e-01
6.471525319276704158e-01
5.394949462670658447e-01
5.687231614125718426e-01
6.548174969244229260e-01
6.540818647462648405e-01
5.422539634225040928e-01
5.969965562519379265e-01
6.165192868436966123e-01
6.342533779107967229e-01
6.632475064668427178e-01
6.602810730978697640e-01
5.802958250897413128e-01
6.243557586337569187e-01
5.798346117538926148e-01
4.139455399684446868e-01
6.852094965240118629e-01
6.031240665921961952e-01
7.198624088512975971e-01
5.830602299028510016e-01
6.497824255796869064e-01
5.781127907847930514e-01
6.107152708119082396e-01
6.301285908358222887e-01
6.310156012616101595e-01
6.126139880670661286e-01
5.979263183524712311e-01
5.981423749319495498e-01
5.473097211571860132e-01
5.285821349152084458e-01
6.616141066188638842e-01
6.449519047608399669e-01
7.747436742404053556e-01
5.453348507155186820e-01
6.509017151220284347e-01
6.652724913371194093e-01
6.998931270311504749e-01
8.187565117288988503e-01
7.209856542951234015e-01
5.869185247481795153e-01
7.936534033131709132e-01
4.461054417557396290e-01
7.120249135130098939e-01
7.436674406330956444e-01
6.950834733653131758e-01
7.753251982242738150e-01
8.533547239365303350e-01
6.537583041653624027e-01
7.232470385851648143e-01
7.167738950589981339e-01
6.066651041492929775e-01
8.483776073521326344e-01
1.058116279576546415e+00
7.311281452057670771e-01
6.954131602241954146e-01
7.766376587784866725e-01
8.559763573406143911e-01
6.951865048933245639e-01
6.543900926953466479e-01
7.576469103995927545e-01
6.376740674692722433e-01
6.959718556609271189e-01
7.663492795710533656e-01
6.607745243196210261e-01
6.710039497830631028e-01
7.520868012595064434e-01
7.938131785412665398e-01
6.027406028107626934e-01
8.446049760519495075e-01
7.555521961061388847e-01
7.146296570204500043e-01
7.187319783213936830e-01
6.676442232004689004e-01
8.616019631208651219e-01
8.189444852276719367e-01
8.196869215477988746e-01
7.667489531442983619e-01
7.068714833342942816e-01
7.150916669308414741e-01
6.559350638369848552e-01
6.596585888733994540e-01
8.483638927126306850e-01
7.295658654802725795e-01
7.190678199637167145e-01
8.861531283625342370e-01
6.565970677719663584e-01
9.110113738905565306e-01
7.250977501141551151e-01
6.562849314104286513e-01
7.827856644307595868e-01
7.938794676811441464e-01
8.054558184605327131e-01
7.677645743742520512e-01
6.768277065754138011e-01
9.061438972333877295e-01
8.285982040066451892e-01
8.753630113967013626e-01
8.724307785566188800e-01
7.223357652725471700e-01
7.982248112003977880e-01
8.402331740049129305e-01
8.047072789870541865e-01
7.598894521692325377e-01
7.649719262481383675e-01
7.755065983612120517e-01
8.483569437801818935e-01
7.489005378303547067e-01
7.674338191003512444e-01
6.926804957693524223e-01
8.841740552069948800e-01
8.400363071915837310e-01
7.627814577258079654e-01
6.854647500079101841e-01
8.079974401276192042e-01
7.874189713181536376e-01
7.877521283475130698e-01
1.037973059058020731e+00
8.086692588321493513e-01
8.460553455815229551e-01
8.504587741563406356e-01
8.307860100932099590e-01
9.235422942223401321e-01
8.413191384956488772e-01
8.716189446542480512e-01
9.516312543950444791e-01
8.364927114213800419e-01
7.989368682570858748e-01
8.717007969149170865e-01
8.503397890714083918e-01
8.054530176797481955e-01
9.666130654603609651e-01
8.387778673908194982e-01
8.550525731129487994e-01
9.274853965173160963e-01
8.108900242160823613e-01
8.903024420161212982e-01
8.333728399545476950e-01
8.156456155682350051e-01
9.415557627515076522e-01
9.120830533457466860e-01
8.602003108079642191e-01
9.495684967926834030e-01
8.867866607149698099e-01
8.940240046627049297e-01
9.434190369315756941e-01
8.448146133975485972e-01
8.359253323738673469e-01
8.720167828402415333e-01
9.316102026853266826e-01
8.699755565223421527e-01
7.953779740004814913e-01
8.275125511486329799e-01
9.596153834108690495e-01
8.158127138741294582e-01
1.058894492265467058e+00
8.880321694364006202e-01
8.928042839110494899e-01
7.043012592990059995e-01
9.450848668638703876e-01
1.071123090547810630e+00
8.465222608085086753e-01
9.107959212651148828e-01
9.431250098898252832e-01
1.028563364931166291e+00
9.685791423135436951e-01
8.065570148452940735e-01
8.925001454274560375e-01
9.257774256241483313e-01
9.032248149719733776e-01
1.000670480087640923e+00
7.748757616356004574e-01
9.259741787618698261e-01
9.147211907234765738e-01
9.797468395552844100e-01
8.810320116354521947e-01
9.552657364077148383e-01
1.010592965738756011e+00
9.440249714883188759e-01
9.130475227299479357e-01
1.031466153324819501e+00
9.855199901614142277e-01
9.013216521508692347e-01
9.867649274046536023e-01
1.075052339153951708e+00
1.158283793432671738e+00
9.605776859639089116e-01
1.040062274262227415e+00
1.046569502652716199e+00
1.048104052324208446e+00
8.898725453498685933e-01
1.072987507588785805e+00
9.817900271563448911e-01
1.126962614088968140e+00
1.079729086508973479e+00
9.533165891321085939e-01
