-8.690348097748398226e-01
-1.114493457615822303e+00
-9.585389872933735012e-01
-1.025534494354842563e+00
-9.477868807662910289e-01
-9.741084313312856624e-01
-9.540739184680178120e-01
-9.846802283788053112e-01
-9.402305147862124457e-01
-9.985928963946241188e-01
-9.864701237406038326e-01
-9.805856126319987265e-01
-9.961456098012549942e-01
-7.361261360982838120e-01
-9.065662919578688639e-01
-7.227052424204557513e-01
-1.027479624122634050e+00
-9.810771007422728340e-01
-1.000168474194075952e+00
-1.114084712886359796e+00
-8.806571267629436095e-01
-9.943827842852651644e-01
-1.015818217340692886e+00
-8.213807059044530012e-01
-9.667852507848849752e-01
-9.032369944440490350e-01
-8.786025937121982876e-01
-8.948456375443866184e-01
-9.930741531599204253e-01
-1.055723766176878131e+00
-1.019393197876948820e+00
-9.514388106366169495e-01
-9.471807389934019383e-01
-1.009781230300598409e+00
-8.875080977320877196e-01
-8.766769436902559498e-01
-8.999392419693901246e-01
-9.651193310653617408e-01
-8.678824725719559430e-01
-9.588431049992774957e-01
-9.630789151297539652e-01
-9.053487369837700527e-01
-8.495958902509018751e-01
-9.542914992816646791e-01
-7.239726749429031827e-01
-8.523596476070564032e-01
-8.953889851033615122e-01
-8.864350266618911123e-01
-8.601671710437154283e-01
-7.784567101626066465e-01
-8.887033579879690670e-01
-9.365558529636384133e-01
-9.951295812010488850e-01
-8.853061299046648402e-01
-1.023272298397222446e+00
-9.560838651765473095e-01
-1.089377937340169522e+00
-9.154401025542910908e-01
-9.984305456030634351e-01
-8.621514967869432500e-01
-8.327369264227204582e-01
-9.778417012844523581e-01
-9.792687070192057641e-01
-8.657309485685642514e-01
-9.693785971058604956e-01
-7.936281256189229305e-01
-8.514884408531552262e-01
-8.504950805290307780e-01
-8.194525019462988169e-01
-9.676678132219228567e-01
-8.744195694747853853e-01
-7.053562028706664710e-01
-8.322533000236992384e-01
-7.976294995726910253e-01
-9.214839046558093161e-01
-8.235330061003329760e-01
-9.363961316423725645e-01
-8.557654130294871653e-01
-8.345175200849257457e-01
-8.276838684332497031e-01
-7.692132549057677515e-01
-8.275659491743245777e-01
-8.156809218449199150e-01
-8.283124033350599547e-01
-1.006107237432295465e+00
-9.210414108139154399e-01
-7.732767271840110812e-01
-8.180829805492797480e-01
-8.055619832852534135e-01
-9.280860297839336193e-01
-7.128312781972017120e-01
-8.841374752301720541e-01
-8.718921326844318864e-01
-7.383210756427214250e-01
-8.403725308745948475e-01
-7.975692013558738358e-01
-7.711751383845896202e-01
-7.479163758552774821e-01
-9.232154976140012348e-01
-8.550657089628206364e-01
-8.413215104361428942e-01
-7.651504953746670612e-01
-9.215837055725613070e-01
-7.117317446200474018e-01
-8.067795543572112704e-01
-7.339808302170861554e-01
-5.994732485375573461e-01
-7.854656822154868490e-01
-8.758234397321893461e-01
-6.964735610368077978e-01
-7.705222382914855839e-01
-7.984799884131831282e-01
-8.371044785142451872e-01
-8.644020534409403433e-01
-6.258606997906346336e-01
-7.380020362675502321e-01
-9.161887343489668600e-01
-6.737612821348181180e-01
-7.202908996766419492e-01
-9.109297638841428180e-01
-6.879686256798897004e-01
-1.001193802379388265e+00
-7.825234601489524655e-01
-7.830700077540075910e-01
-7.046268792515707480e-01
-8.565339416366763992e-01
-7.567164516648400285e-01
-7.797292407733545927e-01
-6.662115280410174645e-01
-7.373317849224216847e-01
-6.226611159586327160e-01
-6.998136730330662969e-01
-8.194541386286228191e-01
-8.504733450015072860e-01
-9.617804631977693308e-01
-7.532379266053728095e-01
-9.245362438405273497e-01
-6.880994525735422140e-01
-7.340377305120822093e-01
-4.641084608559258862e-01
-7.258946822361310725e-01
-7.179163356999992418e-01
-6.614571003469433830e-01
-8.359413531596781022e-01
-6.861594151687216980e-01
-6.690048428825201565e-01
-6.458730244386903241e-01
-7.247698389779035910e-01
-5.347949339186299778e-01
-8.292524484743892810e-01
-7.667746056175914759e-01
-5.463792814587380420e-01
-5.655978090953218684e-01
-7.656653883289646911e-01
-8.019138155059336581e-01
-7.104175461679708148e-01
-6.314174480967236214e-01
-6.308154202223092977e-01
-7.183776253555936853e-01
-5.941460829800334631e-01
-4.865495617736631528e-01
-6.829781668678946982e-01
-6.695538582374065406e-01
-7.031986941533504565e-01
-6.800198059588244970e-01
-7.045944798721460733e-01
-6.668135036449236441e-01
-6.107037115302365038e-01
-5.620606563436957304e-01
-7.010403565503464662e-01
-6.305736063170950256e-01
-5.944657238432276003e-01
-7.824459215568514425e-01
-6.538148984713995082e-01
-6.865373973040882483e-01
-6.030577137423376310e-01
-5.939814001269729804e-01
-5.745405293212769715e-01
-7.106769041631169070e-01
-7.502170665100512670e-01
-6.347460989695395961e-01
-7.168319183960475405e-01
-6.217926958311745800e-01
-5.355159758833403227e-01
-5.899169427707732227e-01
-5.356156617346278237e-01
-5.532290977772229557e-01
-6.587885591216412484e-01
-5.612752092839951024e-01
-4.874264370398039836e-01
-7.358366584407066702e-01
-6.534784684585875913e-01
-6.434776725670657838e-01
-6.109057277319381862e-01
-6.101056146797908530e-01
-5.276973306272966235e-01
-6.610286163592700159e-01
-3.951967203792711159e-01
-5.766419269178374440e-01
-6.131315326652667652e-01
-6.396451453078040306e-01
-6.909022114922163116e-01
-7.453832449439355967e-01
-5.398905368870722254e-01
-4.125485942108939041e-01
-6.414191838892135955e-01
-4.672810992206246627e-01
-6.253459532277181321e-01
-8.058320782843726438e-01
-5.345352548538517823e-01
-6.955128368781711146e-01
-5.730466583804592062e-01
-5.786885262317651435e-01
-5.091630934799831198e-01
-5.588370492945350376e-01
-5.468841998744783384e-01
-4.926289198770059663e-01
-5.099881650255134735e-01
-5.334559405071240823e-01
-5.071978470732736444e-01
-5.737974998896480106e-01
-5.473291840336409475e-01
-6.070942573056243852e-01
-5.659232475244613259e-01
-4.854846868798510795e-01
-3.867316711314274791e-01
-6.548226405994325150e-01
-2.953615867126528904e-01
-6.779684082597878803e-01
-4.926500252591931028e-01
-5.847026880380047364e-01
-4.980516588493391628e-01
-6.916217826356798604e-01
-4.918988777451059335e-01
-4.697957962521076003e-01
-4.850359933215503960e-01
-4.640403281778113787e-01
-6.807150870499415474e-01
-5.417044261544335937e-01
-6.251916869235139007e-01
-4.951114354619556290e-01
-5.543239529636786456e-01
-5.768363733223308421e-01
-4.477420912750583737e-01
-4.288943860626974192e-01
-4.948330388044666628e-01
-6.477998718395753253e-01
-5.077291334073238405e-01
-5.197761168208665516e-01
-5.379301745408099356e-01
-4.675788522449186302e-01
-4.181791789180731578e-01
-4.460259817691599182e-01
-4.745624793831135224e-01
-4.564359325424626745e-01
-3.830429409820150788e-01
-5.095529059451456844e-01
-4.305948781784544876e-01
-4.753907960620932238e-01
-5.816562003609379028e-01
-4.605206573403501924e-01
-5.595361170138301032e-01
-4.803207079546681912e-01
-5.819130913517430725e-01
-4.076547125913127512e-01
-4.551665156928176859e-01
-5.402367751104422133e-01
-3.641527574012553004e-01
-3.094111218507194505e-01
-3.808991624455096980e-01
-4.959281760690917307e-01
-5.081439399389816591e-01
-2.751548678071356613e-01
-3.883979231986110503e-01
-4.011283115055860882e-01
-4.554737527026195276e-01
-3.860827028603383559e-01
-4.701757889273971425e-01
-4.145983447425433677e-01
-5.721200801486653331e-01
-3.344836636735334934e-01
-3.469894958159099319e-01
-4.482781924349524827e-01
-3.130670683065142623e-01
-2.975526567337428707e-01
-4.264269468984764888e-01
-4.299384681107839001e-01
-3.213915079208420345e-01
-6.180958068617039558e-01
-4.513311578363483068e-01
-3.251450617999065984e-01
-2.978940684286749963e-01
-3.123409556574361368e-01
-4.339052669483823843e-01
-3.713589163170651908e-01
-3.866619306498314534e-01
-2.060714985965931834e-01
-4.222538076832713094e-01
-4.231398050546473222e-01
-3.878801081359242175e-01
-3.818028943911218054e-01
-3.213462302522300251e-01
-4.433213151967277388e-01
-4.690614581062496069e-01
-3.878308038607413688e-01
-3.373044422925364771e-01
-4.182376728080984818e-01
-2.627723625212100012e-01
-4.700337958930242976e-01
-4.603843329714238930e-01
-4.316036934518767132e-01
-3.445703763566669853e-01
-2.851966587889691040e-01
-5.293870417333285117e-01
-3.535532533736959193e-01
-3.456329364370127610e-01
-2.811011833517517156e-01
-3.755774328584495780e-01
-3.741580308728681414e-01
-3.688573508361731590e-01
-2.913026417817459190e-01
-3.378522315780497776e-01
-3.462325781714679640e-01
-2.082229170600657375e-01
-4.460045213567060962e-01
-4.694114796347433893e-01
-4.069947761123172136e-01
-3.476511035056819576e-01
-3.206227626454091206e-01
-4.231772862629397669e-01
-4.206082192006734277e-01
-2.307945339372702021e-01
-2.924753727607646292e-01
-3.994970024460889890e-01
-2.878114535803624197e-01
-4.915716904467538062e-01
-3.695214008321186516e-01
-4.425881928775677876e-01
-2.452191010510365032e-01
-2.444284962396942040e-01
-4.750604279778694039e-01
-3.734025157809187645e-01
-3.363349106674713429e-01
-5.100601792250148980e-01
-2.767193201047264406e-01
-3.440164006596101443e-01
-2.716958995101840246e-01
-3.271642505339105722e-01
-3.291735337824676089e-01
-2.928298751223062379e-01
-2.506093215274231567e-01
-4.153430102500020316e-01
-1.995557066347494746e-01
-1.647803645771682701e-01
-2.715264893866319307e-01
-2.697315310595715943e-01
-2.000277867945014776e-01
-3.557815654770595248e-01
-1.778431819301707351e-01
-2.941956185880965080e-01
-2.284498201942161688e-01
-2.390729035914329614e-01
-3.781896832296482991e-01
-2.357925235669106334e-01
-3.241084019406876848e-01
-3.630034729336003574e-01
-2.001767466796125217e-01
-2.686440399039100035e-01
-2.379415601564268956e-01
-3.103798298301501113e-01
-3.361520674712773493e-01
-2.957965390960540786e-01
-2.755313671583360380e-01
-3.007289922548604388e-01
-2.760491210675863338e-01
-1.866690121093317056e-01
-1.300579399619867793e-01
-2.685732923850014942e-01
-2.917569048560509359e-01
-3.069715679966969479e-01
-2.682144296376705594e-01
-2.166872904014600920e-01
-1.137232172875169431e-03
-2.809383947110170032e-01
-2.447874993539735922e-01
-3.147127404399440165e-01
-3.377061615436835473e-01
-1.993892162816939262e-01
-4.769591385889053459e-02
-1.875816088396553283e-01
-1.646000351484264712e-01
-1.824579593298455982e-01
-1.676664172277372578e-01
-1.395228015180910719e-01
-1.653627137868579899e-01
-1.785817688320887331e-01
-1.601199782116096981e-01
-2.630849297148990518e-01
-1.630766322983854821e-01
-2.118270849156696778e-01
-2.261623950128897054e-01
-2.765421547161009408e-01
-2.113521805034831724e-01
-2.481498290142484520e-01
1.077305751996986659e-02
-3.417869442766718335e-01
-2.561917997210089726e-01
-5.574959272016107026e-02
-7.107041109875637808e-02
-1.779970276538364871e-01
-2.085019887832522401e-01
-2.092393192317811290e-01
-2.015493618085968386e-01
-1.657492165151972785e-01
-5.832490291826150641e-02
-3.197795849402991220e-01
-6.927943411698517240e-02
-1.554411593603219899e-01
-1.889519132982695471e-01
-2.673239616889804271e-01
-1.045461075162506526e-01
-2.369620853560299445e-01
-1.110443609908634555e-01
-1.235761960128057974e-01
-2.803651437761112836e-02
-1.834152393452275487e-01
-1.773094165295676095e-01
-2.752488400567357774e-01
-1.486919027805370108e-01
-2.206987807639111954e-01
-2.355613518546004481e-01
-2.020206368224799487e-01
-1.336968646323296595e-01
-1.738567458034286917e-01
-1.045449206285280208e-01
-9.641068552431410199e-02
-1.588881961838685131e-01
-4.032454239013897462e-02
-9.148900207595610234e-02
-1.476121258705060391e-01
-1.111803004049347898e-01
-1.539074849177509974e-01
-2.893260459734000034e-01
-1.624197859830569801e-01
-1.655439956340689911e-01
-1.592941218897503952e-01
2.751595879595676586e-02
-1.617778614214093469e-01
-1.044054708849137258e-01
-2.180570363205295570e-01
2.939011517376508356e-02
-4.030559790508745494e-02
-9.058817962239547328e-02
-4.141989034800349495e-02
-1.843103876853104395e-01
-2.992709881594419752e-01
-1.375068290870279653e-01
-1.966726901370813296e-01
-9.423541247294904555e-02
-1.224326458399875583e-01
-2.092956936416688896e-01
-1.735099936579571622e-01
2.560250553802757151e-02
-3.157073001857857875e-03
-7.401633021649327293e-02
-3.525127009014336621e-02
2.062624769403037517e-02
-1.893707912459184628e-01
3.829148260706485146e-02
-1.394847451809927592e-02
-2.175772210920865271e-02
-1.524123345526434692e-01
-3.964182668800561582e-02
-6.156993867231063539e-02
-9.131142459359534169e-02
-6.442227846116561907e-02
-2.276272861580699858e-01
8.216629941500136133e-03
-2.578616147332876349e-02
-2.436587923436080508e-02
-6.609459482256292706e-02
-6.260095759557544881e-02
4.812542665864448510e-02
-3.162983179873066902e-02
-1.445483608629166139e-01
2.526245098223399779e-02
7.687937882743473006e-02
-1.652818359695187034e-01
-6.412887999912260384e-02
-1.138882726581333382e-02
6.177666265671112600e-02
-1.235602578079367415e-02
-3.863971509989127390e-02
-2.441531303605816786e-02
4.992641680826215983e-02
-9.168247759182328316e-02
1.560360666980356859e-01
-2.481186470170976960e-02
-4.783033262316807067e-03
-1.246397390268304955e-01
-7.729525349614332907e-02
1.003777443570513378e-01
-4.858248932612677790e-02
8.500360115308197573e-02
5.117177099565154569e-02
2.143510335186179019e-02
5.478791594614299681e-02
3.348223410997468868e-02
-2.154344768320393816e-02
1.750183871357365376e-02
1.268952075840568128e-01
3.068094555215172478e-02
-1.025688811947133294e-01
1.160560036536698904e-02
4.491716754765214675e-02
-6.052500412391396273e-02
6.061242605942549280e-03
6.097511765847984933e-02
1.057539856882832446e-01
5.384421405515147502e-02
-2.756816883889401382e-01
-1.945529782378027372e-01
7.999614601577351158e-02
1.108204839471976649e-01
3.066469422100526893e-02
6.827391392596647568e-02
2.462612064774969203e-02
-2.659102383089982646e-02
9.904264675898126480e-02
4.163902520074241886e-02
5.150083464290980406e-02
1.598847969288240689e-01
1.801446960544078602e-01
7.594643243407026012e-02
-2.555187558114525165e-02
7.968784739759822433e-02
-1.019768660809541698e-02
1.010019869519420271e-01
1.393912309016173690e-01
-4.889440558965317540e-02
2.858306440553321989e-02
1.944281295079643701e-01
-1.920202163004950877e-04
-5.337148900964504977e-02
1.074207573418330119e-01
1.675434479147023537e-01
1.031436685208320624e-02
1.664513016819446078e-01
-8.869799423968265095e-02
1.067400357684697987e-01
3.603501012792467012e-03
1.447315500601342730e-01
1.624447243626360726e-01
1.555024755194538422e-01
-6.574774286862128392e-02
8.399296754598817305e-02
1.110114636993777687e-01
1.195760794870930482e-01
7.323379099169327611e-02
2.424877500946920339e-02
1.893707871535263154e-01
1.026126230332737033e-01
1.793399022900693807e-01
7.612383057048568991e-02
2.898848740957480907e-01
2.005080906337533275e-01
7.985299628167628894e-02
2.653979155617762140e-02
1.659908580766217556e-01
2.803812428533801193e-01
2.296568731643431061e-01
1.253338631700926520e-01
-1.293113294210345397e-02
5.151370316366293139e-02
1.887762424418248652e-01
5.409798704064328057e-02
7.054640389958563573e-02
1.364404454339698258e-01
1.723200167795973237e-01
2.363585316284103621e-01
4.387505016068878744e-02
3.046131334615876929e-01
1.658787565989148505e-01
2.154352325185094064e-01
-3.173211863161896212e-02
1.884617723653945753e-01
9.246392865543207051e-02
3.001662634408844843e-01
2.717503459873161775e-01
2.228197775321215657e-01
2.456774059873936544e-01
8.823114736735515606e-02
1.162638618608981961e-01
1.442387220870181286e-01
1.144087077620220272e-01
2.166475759412170576e-01
3.087717242729391964e-01
8.144870549082565414e-02
2.634937153303762436e-01
1.897735231756900454e-01
1.547692205539459576e-01
2.148104274294426741e-01
9.641759924957431227e-02
3.446184020784975877e-01
2.939466270944035009e-01
4.053690218714663118e-03
1.101683044369751036e-01
1.744378413877335776e-01
9.293924757910505818e-02
2.290417856493137116e-01
1.159783314599778237e-01
2.244993949717597748e-01
2.649215793415199971e-01
2.521949813261578077e-01
2.804240735924039551e-01
2.474706901435834439e-01
3.468451552676812821e-01
2.884361952407023533e-01
1.639249799734713298e-01
1.813513259153267665e-01
2.515136528289242390e-01
3.255546824841243914e-01
3.014519913598602274e-01
1.732682689672521148e-01
2.016660033968180887e-01
2.513116571473970051e-01
2.695404445005729066e-01
2.896129137097044337e-01
2.861901113457259171e-01
1.539152581044682389e-01
2.985048652555956639e-01
2.129387907914716827e-01
3.291218256640691675e-01
3.771692815626325190e-01
2.940590027955379826e-01
1.444077975331212182e-01
2.707789832696244070e-01
2.009503996165091511e-01
2.575810201912736574e-01
4.078856305005535976e-01
4.256284922687121330e-01
3.198719974882782702e-01
3.908284362875519835e-01
3.153393835034205006e-01
1.859860589820158949e-01
4.304749540710011146e-01
1.667353945806381577e-01
2.880117456587261149e-01
3.870018835611741537e-01
3.339046891840544151e-01
3.835345050093461605e-01
2.467856490833750527e-01
2.391239505656547748e-01
2.790710552018608737e-01
2.814589376054437708e-01
2.894267179978349813e-01
2.805844778214659496e-01
3.839579296500809646e-01
3.929778690791746465e-01
3.980842234376644195e-01
4.901213335084381173e-01
3.597902988430652371e-01
4.394892983950915433e-01
2.350436709887214204e-01
2.608536935622076669e-01
2.546312208928843135e-01
3.050814285000250092e-01
3.148668389600155493e-01
4.288997841666438715e-01
4.804620472595695357e-01
3.276408877798716590e-01
4.370984402394884616e-01
2.623588386422749941e-01
3.789405079564971968e-01
3.559304676557377145e-01
3.708609395902978667e-01
3.624488140796831570e-01
5.001762154661003601e-01
3.090524783933780162e-01
2.544271574619803022e-01
5.005864097535707158e-01
3.567097750789319233e-01
3.537811046715364505e-01
2.513606984087802254e-01
4.868281355877639993e-01
4.217769991299921140e-01
4.449761908341934857e-01
5.291863539234478164e-01
1.812539264815819784e-01
3.117411898193220843e-01
3.570222143145956317e-01
1.532553244685971872e-01
3.107965399002721174e-01
3.719171512655746747e-01
4.044175154156388063e-01
3.455344793386223023e-01
4.933259748842931947e-01
4.979800847926655338e-01
4.883130669352694353e-01
3.674772827685968135e-01
2.829881494924509355e-01
3.403789624092893318e-01
3.008941343424655912e-01
3.021851753255819228e-01
3.257255767017618875e-01
4.490039086697894533e-01
4.756540974698015289e-01
4.741719757457445450e-01
4.951019001367352179e-01
3.533526938445535337e-01
3.661423030586422045e-01
4.944293895262568128e-01
4.067293165726220683e-01
6.021864992051255694e-01
4.898954115622128902e-01
4.966856624140776333e-01
4.042993685835544193e-01
3.966224133641380600e-01
4.680702732232838725e-01
4.526245586759349293e-01
4.297226872491835548e-01
5.206590559839667787e-01
4.069800454028872361e-01
4.073021635863348089e-01
4.474730505776958189e-01
3.513826667287117123e-01
3.620824314217513940e-01
4.128490916572147285e-01
4.043656350672865663e-01
5.191290626752391724e-01
3.516766185872434169e-01
3.585043828946814504e-01
4.930081435340400997e-01
3.638906190976394228e-01
3.671219700988148649e-01
4.074362946115720474e-01
6.320639171154228686e-01
4.000110696945372024e-01
3.026280766252985588e-01
6.750518341808172673e-01
3.985309904389708335e-01
6.408321719877975164e-01
5.889109189115120380e-01
4.751949365048531160e-01
4.477233231940763170e-01
4.778233927720662022e-01
4.484519899530699516e-01
4.011934891629971300e-01
7.724364794308689053e-01
6.049445679939933207e-01
5.963320674059396920e-01
5.629219261238224137e-01
5.562417239407012604e-01
4.482839456908563336e-01
5.846438979984565076e-01
4.902934398508092539e-01
4.570304726202085166e-01
5.675598974907568595e-01
3.663566058600226105e-01
3.262672584586950864e-01
6.980498720278400793e-01
4.801320426657063600e-01
5.776269655922188218e-01
5.704308143576237722e-01
5.736296529469000482e-01
5.023216855585080909e-01
5.463471314613072005e-01
5.703966229005174027e-01
3.391997692745171711e-01
5.565878429317716591e-01
6.020304869394891290e-01
6.342397206801232423e-01
6.258802152978620859e-01
6.806728098618410883e-01
5.720889252303615891e-01
5.807800127251315780e-01
5.981737864525904502e-01
5.597998469199889637e-01
5.565478209378702523e-01
6.181243252887076434e-01
4.986433482265674177e-01
6.411595802661346211e-01
4.835036017380876516e-01
6.741515392761950887e-01
5.278510757806043063e-01
5.864520960914558767e-01
6.386889923454523998e-01
6.361136924643169266e-01
5.505962227817567944e-01
6.747935029988879618e-01
6.019495192369224146e-01
5.135479298859358943e-01
6.324716537286594331e-01
5.784685185815151565e-01
6.086229268397548298e-01
5.508458433871381565e-01
6.606540747040863248e-01
6.065101400332937320e-01
5.926510864387740662e-01
7.099891118896625164e-01
5.979940033509336672e-01
4.333754338626154001e-01
6.252925651566613174e-01
6.148536896746067404e-01
7.266513877022536816e-01
5.230545345089614440e-01
4.536942769025256728e-01
6.819088784040064910e-01
5.218858980372854672e-01
7.134557925687716740e-01
6.609833213075710923e-01
5.057894421641538907e-01
4.848198765550875700e-01
5.550671400776283626e-01
5.809156266005714997e-01
6.723969677920946797e-01
6.187776729208439574e-01
8.167426586063547544e-01
7.671726567411255582e-01
6.554709845071978735e-01
6.435613713269124903e-01
6.617441507952540602e-01
6.573032011362978100e-01
7.115091487901589185e-01
5.479431154663205739e-01
7.357316797943690423e-01
6.663171352050611951e-01
6.961201109539800758e-01
5.287911334119055340e-01
5.526096022393808260e-01
7.821358301893319709e-01
7.236483543365292981e-01
6.775727919471093985e-01
6.853367974332381651e-01
6.788535571319187500e-01
7.056358720409972030e-01
4.672032862084737892e-01
7.813019115189533403e-01
6.852738051362436966e-01
5.756836126128780373e-01
7.579903895546373782e-01
7.042733123490753089e-01
7.264317037574848923e-01
6.620503694930942595e-01
7.692857650165949579e-01
7.110549086427829790e-01
6.034768805703707439e-01
7.088731710458185953e-01
6.441681769179904427e-01
7.906562917229774667e-01
7.168845932647227581e-01
7.437274314617843274e-01
5.545024460717286052e-01
6.759455856072038582e-01
9.367101614425832334e-01
5.967915914521740861e-01
5.610146523735816126e-01
7.060881257808806488e-01
5.997451119709392708e-01
8.762986994603559898e-01
6.731886999458719378e-01
6.655063687565224706e-01
5.003819664157137526e-01
6.231497808826681473e-01
6.573887653283985166e-01
6.732897018081808183e-01
6.747342980315418348e-01
8.404190925513325139e-01
7.608456161806582685e-01
7.285106277178408085e-01
6.957897810479346523e-01
8.047286334917446160e-01
7.379058028644506217e-01
7.779283129303983246e-01
6.847491930560464235e-01
6.789911117284375131e-01
7.897056300939129247e-01
6.951102380419966753e-01
8.170760602521476290e-01
6.427267054553578163e-01
8.293849868882943177e-01
8.419822457459472664e-01
7.637554908884292004e-01
8.159067082104963786e-01
7.285257174170506334e-01
7.745799898971984510e-01
7.081997874406912308e-01
6.790287527590602723e-01
7.530419119435725062e-01
7.885998593628902320e-01
6.530385930151844098e-01
8.723392176641432405e-01
7.819903952010943682e-01
7.406001187207073011e-01
7.514729963438288030e-01
8.695105835459855381e-01
7.382801060320227649e-01
9.004032101651354703e-01
8.040068478272240915e-01
1.003822589455605208e+00
7.976671527306574694e-01
7.449966149395590431e-01
7.135270547874035252e-01
7.841297213553074519e-01
7.228956826036642136e-01
8.592534841456890282e-01
7.108783778768709150e-01
8.852206478767861153e-01
7.607655475301915438e-01
7.561346528337103967e-01
8.756422238622503240e-01
8.287306289073643750e-01
8.670151915962501787e-01
8.064951246671507867e-01
9.221158531068310849e-01
8.767989507184771325e-01
6.475208378972291401e-01
8.122296091496045145e-01
8.882471669984854934e-01
1.010652986715651069e+00
8.707673943014276885e-01
9.047924236515314522e-01
9.056351559873561108e-01
9.220665020433750358e-01
6.627146844687465954e-01
1.070388584203066040e+00
6.882592541367640315e-01
9.437125450509401547e-01
7.565169419394600636e-01
8.801541041287832545e-01
9.789189211530092694e-01
9.680632366702242031e-01
8.175673433762249420e-01
6.722312551521532065e-01
8.707801174808355027e-01
8.658066192629815250e-01
8.485453823276252194e-01
8.316738732144052237e-01
8.348701601216088619e-01
8.866941018110673367e-01
9.235220781995975292e-01
9.531273855629801561e-01
9.391505797669548183e-01
9.101729276822840831e-01
8.650592660376142939e-01
8.249353545897193385e-01
8.695480957263849175e-01
8.412403713807495853e-01
7.994239749581618648e-01
1.085508203588059883e+00
9.964490703418789064e-01
8.978660161040417087e-01
8.789974941621506721e-01
8.123303960511492061e-01
8.850218967316402230e-01
9.205343331415930530e-01
8.534032257106992647e-01
8.743610693050272165e-01
7.551433428889445798e-01
9.500729929210742775e-01
9.839489882523503317e-01
8.719453619545833867e-01
9.176079175191554915e-01
9.106873086101953119e-01
9.081816419154085107e-01
9.710190551230630795e-01
8.581753574196738787e-01
8.545547529355372873e-01
8.758010712929031882e-01
9.924492043168176014e-01
9.187732905718203336e-01
8.743415952214407261e-01
9.013671216878262893e-01
8.284201047801936779e-01
1.062514238093585472e+00
9.260633116653725905e-01
8.933622428232845802e-01
8.955628835350341044e-01
9.641031243590286737e-01
8.442000255119399554e-01
8.759604003824705831e-01
9.604046910879696641e-01
1.019794530070682326e+00
8.826497083994977455e-01
9.995476378488494795e-01
1.101415016143374004e+00
9.624165729777823808e-01
9.723262374938240749e-01
9.520923650198420685e-01
9.549046496134507844e-01
9.824480326787968787e-01
1.046037938549411628e+00
1.146279689154762860e+00
1.013036986505683412e+00
9.064328574380410286e-01
8.614358619058704036e-01
1.189877953628280194e+00
9.409189288272519214e-01
8.670461899590778954e-01
1.073330131239071505e+00
