-8.386606648384297147e-01
-9.916326257747037909e-01
-1.151360314855966571e+00
-9.397667318479592247e-01
-9.924081579720399615e-01
-1.111944720626798944e+00
-8.440249256185291538e-01
-9.760357206284320242e-01
-9.117373169186221427e-01
-8.324742064946435427e-01
-1.034237642409588265e+00
-8.666630443026964725e-01
-8.475822346600754287e-01
-9.957218237994577281e-01
-9.128985454762521545e-01
-8.679435094174849930e-01
-8.893720666801041563e-01
-9.111529517726932870e-01
-9.365711081178967889e-01
-1.003959916094045335e+00
-7.628631416037551238e-01
-9.256268650952927945e-01
-9.500305678637007700e-01
-1.015139290385329351e+00
-9.492183159749305599e-01
-9.423152456975507629e-01
-1.016886845133405659e+00
-8.154383246099673466e-01
-9.163710687332645710e-01
-1.011092060246280289e+00
-1.092882852199104304e+00
-9.394979682870575610e-01
-9.977970865195077144e-01
-8.420209812904021485e-01
-1.035290579479605233e+00
-9.240291667521680630e-01
-8.201451307455555062e-01
-9.033605357943701453e-01
-9.475925660165027686e-01
-6.661480103431969280e-01
-9.937046447772435176e-01
-8.886433820332267919e-01
-9.049112074362906100e-01
-9.344445136804424568e-01
-9.001536073097211599e-01
-9.266738469530608757e-01
-9.661745782425871232e-01
-9.417742638696237067e-01
-9.515283914457114411e-01
-9.420297491031442982e-01
-9.603746395332067864e-01
-9.365043558742761620e-01
-7.428815545235072371e-01
-8.977490232070117759e-01
-9.251673004563827352e-01
-1.009099016231737034e+00
-1.050117820172003613e+00
-7.700499599753196645e-01
-9.129895093007621698e-01
-9.072567582899301319e-01
-9.015008119212767346e-01
-8.977468468634861587e-01
-8.977456606048594967e-01
-7.555155714284145230e-01
-1.034838169630819760e+00
-9.436574389469614133e-01
-8.987163713275888588e-01
-8.839429357664622122e-01
-8.546806760300701411e-01
-6.555875446498572456e-01
-8.313502752039430010e-01
-7.529797107642233200e-01
-8.457902483776629232e-01
-8.556932458133976738e-01
-7.700307523030014423e-01
-8.132665466617247096e-01
-1.002338361070308492e+00
-7.359581640472032671e-01
-8.500717410115685713e-01
-6.812412773951939116e-01
-8.781387687087041094e-01
-8.286957833423939102e-01
-7.695366671446303153e-01
-8.840594325870497761e-01
-9.002123950315898959e-01
-5.543529515344689518e-01
-8.820474932711582783e-01
-7.574687490280362923e-01
-8.485118152319871543e-01
-6.714020084222678264e-01
-8.552778547474678694e-01
-7.617430351772577213e-01
-7.337400670078870757e-01
-6.975583985909429297e-01
-7.682814660773003013e-01
-7.878682292434947554e-01
-8.654537278192417915e-01
-8.630795047839060485e-01
-8.379080070752714660e-01
-7.446755185998231719e-01
-9.068036780504442618e-01
-7.875702443964718302e-01
-8.655857801724875511e-01
-8.885119460263477542e-01
-6.831409692263279432e-01
-8.350426267483959109e-01
-8.022466025417636093e-01
-6.626510560731718735e-01
-5.986894355841893001e-01
-8.611658629088473349e-01
-9.024438296933113834e-01
-6.910542062686759746e-01
-7.966001813325794823e-01
-6.876218156260972547e-01
-6.624929295352087744e-01
-8.236778830278183028e-01
-7.407411872489685356e-01
-7.201492451227187175e-01
-6.174430648817128553e-01
-6.937174356430810818e-01
-7.644978882890703931e-01
-8.294691791058268482e-01
-7.918531212595534274e-01
-6.887211440604328327e-01
-8.524313249197414954e-01
-8.638245027293778300e-01
-6.827100105784194017e-01
-7.807296113287408579e-01
-8.979513167294508325e-01
-7.442181006668262544e-01
-7.997735074028605728e-01
-7.107058391155766097e-01
-6.659079515767721835e-01
-6.119330591523710616e-01
-6.011262334729292611e-01
-6.846952329750428667e-01
-8.475140118181482274e-01
-6.583575010180344744e-01
-6.843145137087031094e-01
-6.776212214582844062e-01
-6.972414393843895386e-01
-7.190179687454012480e-01
-7.295712122063714444e-01
-7.309528367494296797e-01
-7.012843037676396163e-01
-6.245272447512734137e-01
-6.817618612016499435e-01
-6.614727147486998415e-01
-6.747694647196950113e-01
-6.203532854980045030e-01
-6.339112618912523534e-01
-6.543947344014938716e-01
-7.875360725868200129e-01
-7.339329500621117885e-01
-7.233285202802742786e-01
-5.515669027390449619e-01
-6.237848484197061616e-01
-6.931746808436654028e-01
-6.949004842407370264e-01
-8.753915475232951771e-01
-6.468575963197445988e-01
-6.610794459967253012e-01
-6.273990169440815112e-01
-6.164330177279669920e-01
-6.679055356037565394e-01
-6.102974183828457910e-01
-6.254353781609471863e-01
-5.893358590837364241e-01
-7.017410760022216865e-01
-6.076821322025116601e-01
-7.904204346837933048e-01
-6.732083531944808019e-01
-8.088023184358645867e-01
-7.318238395265430629e-01
-6.885030310688685651e-01
-7.031176188857714004e-01
-6.577030846574269951e-01
-6.238284884172224931e-01
-6.879417651193575622e-01
-7.716469698281049894e-01
-6.191929195613459225e-01
-5.501357068905231573e-01
-7.158233119386695487e-01
-6.126819154006883927e-01
-7.210894262191546167e-01
-6.243192689219398961e-01
-6.678035177587633431e-01
-6.270334858474208017e-01
-6.955716498948031346e-01
-7.879079685694252433e-01
-6.426940275251803447e-01
-5.299831450283712941e-01
-7.043844881195862051e-01
-5.654267956346651358e-01
-6.979586073402317403e-01
-5.603226205125888537e-01
-8.075011145702737370e-01
-5.444343911024958071e-01
-7.029751353257820412e-01
-7.321493586581480084e-01
-5.465986621822700453e-01
-5.019628891043363961e-01
-6.383867358541962522e-01
-4.788342954661181095e-01
-5.777515363079106514e-01
-6.868491850727439507e-01
-5.405084485153005547e-01
-6.271292691974184041e-01
-5.143003438164055474e-01
-6.306536339813476610e-01
-6.498684375338230623e-01
-6.265969472627024306e-01
-6.894524331917860627e-01
-6.993236266374974752e-01
-6.352965500875714655e-01
-7.608594170407364521e-01
-6.582544604798287180e-01
-4.913411151673953703e-01
-4.854955892387643468e-01
-5.207230890030444259e-01
-6.727193859684198474e-01
-5.814098064719067649e-01
-3.140487874707978966e-01
-6.207315462239081372e-01
-4.826168387612872479e-01
-4.203970764705337593e-01
-6.116971239560561324e-01
-4.725983310603096843e-01
-4.676029908750414799e-01
-6.978740060349815089e-01
-4.998266411685508559e-01
-5.924368158930596318e-01
-4.256332460903619053e-01
-5.621170417124136121e-01
-5.586250085577735280e-01
-4.650707005223699286e-01
-4.987369665455172463e-01
-5.845893507525000699e-01
-4.806047954184737292e-01
-4.939173719624466163e-01
-4.764886227460412571e-01
-5.875462960935494694e-01
-4.362726760035398610e-01
-6.339903699361748579e-01
-7.737876625732175162e-01
-3.893235873141548398e-01
-4.197841883379115901e-01
-5.141273562537684860e-01
-4.293442163720304072e-01
-5.115431363126371478e-01
-5.801722243041202987e-01
-3.993763250493146399e-01
-6.071385590599098769e-01
-4.309207048118881000e-01
-6.105609510419461872e-01
-5.747946037414013443e-01
-4.433291594094314614e-01
-3.897181731769711055e-01
-4.722474848372371636e-01
-5.642663263091324266e-01
-4.027630894962421215e-01
-4.739635024812253739e-01
-4.148879350992177861e-01
-6.291510356372685964e-01
-5.531902971676050385e-01
-4.888864974685238618e-01
-5.691596716976266013e-01
-3.708755901022274259e-01
-6.102453697615376482e-01
-3.820465239656686829e-01
-5.097505428474339295e-01
-4.349078974162456368e-01
-5.459539902497778652e-01
-4.671574527989648673e-01
-3.416273938319693282e-01
-4.876837387674127777e-01
-5.793438967789402705e-01
-4.248506790391372578e-01
-5.103210497640503496e-01
-5.277225531753413357e-01
-3.501242656581114443e-01
-3.665794184839870073e-01
-4.557473734103930085e-01
-6.317423711688353594e-01
-4.406812521004275784e-01
-4.416047815451105696e-01
-5.287280217125926995e-01
-3.944452567243942886e-01
-4.638404003817096499e-01
-4.457238943042159951e-01
-4.187250741316449476e-01
-3.824877649496941645e-01
-5.807493288884411076e-01
-3.730129040758993764e-01
-2.820171559862019173e-01
-3.537552492751854794e-01
-4.042966405314805667e-01
-4.036172201844437368e-01
-4.750800470980027779e-01
-4.489684503878816901e-01
-3.960502710241775026e-01
-3.584030359875481353e-01
-3.565995425708892164e-01
-4.747262837298720783e-01
-5.137161926975840620e-01
-3.179126948040797429e-01
-3.712123779346090946e-01
-3.921237094648157284e-01
-4.865417042928797398e-01
-3.165449704358145877e-01
-4.239520812472593603e-01
-3.811831205377421705e-01
-5.710074848335731090e-01
-3.490184441076944477e-01
-1.941987002878762802e-01
-3.826327588185308159e-01
-3.449567059324918361e-01
-3.534973407747006857e-01
-4.475123463119899392e-01
-2.903670563113645575e-01
-3.428838377826877171e-01
-4.036889452611530649e-01
-2.130356606528522323e-01
-1.953201363514433520e-01
-4.788630743196020667e-01
-4.067864721565879194e-01
-4.495445014516103455e-01
-2.783105564115336827e-01
-4.485248535897352617e-01
-2.310853953521553039e-01
-3.583108401315250879e-01
-5.705622054504123630e-01
-3.289323494525318026e-01
-3.752912134780979070e-01
-2.040573851918952575e-01
-3.710344126608038362e-01
-3.138082270055224110e-01
-3.934844171537806301e-01
-2.148295104648121068e-01
-3.464564063087694490e-01
-2.759747367748836000e-01
-4.280340230001420387e-01
-2.176175001795233321e-01
-3.534475722950765619e-01
-4.585035169330612392e-01
-2.894099488631663997e-01
-2.331528953210627031e-01
-3.855397781111259969e-01
-2.844601439799248621e-01
-3.896379904362654023e-01
-2.360700868746400949e-01
-4.060169643837846509e-01
-3.073828061881168083e-01
-4.241249229432599299e-01
-3.186848472046592273e-01
-1.975919871030603348e-01
-1.763086632543098831e-01
-3.507708410231806240e-01
-3.733934698204341429e-01
-3.807228259122932834e-01
-2.464124134333068594e-01
-2.771520764625705624e-01
-3.325392317002486275e-01
-3.584428147843409240e-01
-1.689534537341398357e-01
-9.943282649574869403e-02
-3.245562240827896128e-01
-3.015156468818619984e-01
-2.952730764201475511e-01
-3.015339832682163435e-01
-2.884884541698437208e-02
-2.604243516870789477e-01
-2.457877946254144186e-01
-1.297361137752263416e-01
-2.033500017493777567e-01
-1.573700023212969978e-01
-3.014192115960180329e-01
-2.518547462386063751e-01
-1.453702523733419461e-01
-2.187855113160821485e-01
-2.342834951620296480e-01
-3.980902941612602386e-01
-1.849912500753556621e-01
-1.503892226668722132e-01
-1.978647723979969908e-01
-1.887893512120114858e-01
-2.554099269449468523e-01
-2.398778599855925231e-01
-1.865918837522503593e-01
-2.538498044527167652e-01
-1.610385905939285267e-01
-2.378691492784122397e-01
-6.008678041364981515e-02
-3.373321916857488501e-01
-2.728224413294237372e-01
-3.336536615904598380e-01
-8.900089540329797488e-02
-1.934975767854799911e-01
-2.537621158843549329e-01
-1.431942558655169284e-01
-3.125832979803638834e-01
-1.131962406952866512e-01
-2.863745382650336180e-01
-1.400115891496158671e-01
-2.135554525310084661e-01
-2.965771311087183060e-01
-2.958267963405458723e-01
-1.756149947073725459e-01
-3.321087691224940911e-03
9.396837272497744753e-02
-2.858473665476533587e-01
-2.150794545773339894e-01
-2.174487974665637313e-01
-1.484992291352100480e-01
-1.916672007659021848e-01
-2.123407147562255959e-01
-1.708021023846514885e-01
-1.084007218420137975e-01
-1.448338501415500912e-01
-1.692402106853782007e-01
-1.893602498424394043e-01
-3.256250669905969009e-02
-1.900508284811432969e-01
-4.969460803415786526e-02
-1.520947447031768263e-01
-1.722803754279627897e-01
-9.792386524162553785e-03
-2.013146905118214369e-01
-1.884152490927237800e-01
-1.799764932902622183e-01
-2.524017022653001763e-01
-2.001505334767614622e-02
-2.321975414731657084e-01
-1.239923574340695278e-01
-8.872108677415953271e-02
-1.689882510133125515e-01
-1.222452616635804068e-01
-1.781246200990604101e-01
-9.179809624447557437e-02
6.125062875566978510e-02
-1.182066034564314833e-01
-7.829612855033858676e-02
-7.384044507531509205e-02
-2.353515854796819906e-01
-2.107220433848275565e-01
-2.024463771374054311e-01
-1.565233079104469682e-01
-1.023915492136797528e-01
-2.657732111427277624e-02
-8.981518066227069108e-02
-1.879004195833200441e-02
-1.190674739805293592e-01
-4.481291003062948643e-04
-2.203502706254442944e-01
-1.286347622724920980e-01
-2.002335056909331501e-01
-2.280277353771673343e-01
6.672057444940629467e-02
-1.595958457567553113e-01
-1.122876593357171326e-01
-1.485339420675634015e-02
-5.789891304061096228e-02
-2.885869878756373505e-02
-6.399703666010703174e-02
-6.188158623000528102e-02
-8.663195216911505347e-02
-5.655222236028022154e-02
-1.019417300704767186e-03
-2.708349387269778398e-03
3.271232571535607342e-02
-2.554283994785423728e-02
-1.103675471402004865e-01
-1.188157104144317577e-01
-1.997783116332713937e-01
-1.940634694584081332e-01
-5.044813773925273248e-02
3.961519999693256106e-02
-6.710797086339216622e-02
4.450173077572250335e-02
-1.751866619208793385e-01
2.717543443826956825e-02
5.682486913653715666e-02
-2.423973815092574091e-01
1.488450698939417782e-01
-8.582522225172346808e-02
1.634397233872446960e-04
-5.543871391735333970e-02
-2.764497445467980694e-02
1.431034986447724845e-02
-2.333936857779397855e-02
-4.579805427170188792e-02
-3.570347713381793325e-02
-7.454835618298538691e-02
-6.174180235100903968e-02
-2.872555488109783048e-02
4.802753053343464945e-03
-1.679968716431574638e-01
2.663469719252501908e-02
-7.688536706644583107e-02
-3.172928390950204014e-02
2.432321447077876592e-02
1.298434057945054565e-01
6.099260428050577026e-02
-4.121230765615310071e-02
-4.689715408268917141e-02
-4.923742465502741611e-02
-6.927922770022039434e-02
5.053987370348395763e-02
3.530069835128394479e-02
1.865791770308873262e-02
1.988683160339670963e-01
-6.050820998485382379e-02
-1.843277340232318470e-02
4.271482494474340696e-02
-2.588839161886211104e-02
1.554353920993743199e-01
-2.398821677889560050e-02
-1.161436165681514580e-03
-4.822000386611292183e-02
-2.241269214496805894e-03
-7.388504292283516739e-02
-1.474534825940417883e-02
9.864002656550650838e-02
-3.785743649472406245e-03
-1.600903609200006461e-02
3.961629121840893469e-02
4.137089027843553202e-02
4.393944091461464418e-02
1.666646818958352205e-01
9.497850721401622509e-02
7.386825371349726999e-02
1.638912831909729029e-01
-6.899210252235525587e-02
1.832691353961239389e-01
2.218323506508728393e-01
1.763332449226521215e-01
6.627973613898491267e-02
-1.260255326365771755e-01
5.860753348226098447e-02
4.582779658179227805e-02
-3.521697386297625854e-02
8.207875997317203021e-02
4.135768125052342176e-02
1.250568324773214113e-01
9.382144901235206502e-02
-4.948086059507636469e-02
2.305889632826862157e-01
1.485428099581123651e-01
5.067897048702449392e-02
9.721344592800028328e-02
6.576499493003302999e-02
1.788675926913699255e-01
2.701773765309905539e-01
6.403939863986460312e-02
-4.375182850253287944e-03
1.613531437277717362e-01
1.105320267298438436e-01
1.427885378302938824e-01
1.257093401796574028e-01
2.503627828280178269e-01
1.561180027417894411e-01
2.806681851120043647e-02
1.496341956173495025e-01
9.254272772932256585e-02
3.890951426750051401e-02
1.567920129031391829e-01
2.121592499261871212e-01
1.598897072422439392e-01
1.801026700517061041e-01
9.131671107610413174e-02
1.683590652262816900e-01
1.609419253785938086e-01
1.943183804960154359e-01
1.742154885995034763e-01
1.641001262713550901e-01
1.367013631400543494e-01
1.458573990658457997e-01
7.937845140998676940e-02
2.262887363521829120e-01
2.801546320849422900e-01
1.000166669848606693e-01
1.715505599285417071e-01
1.056011349849042963e-01
1.357138652208894070e-01
7.582139913027147182e-02
1.648346579891681318e-01
1.216549887907895366e-01
2.969572097076219053e-01
2.086021826321566297e-01
2.785535724186005355e-02
2.570057197895932455e-01
2.602279722387022542e-01
1.608486887625332484e-01
2.916072928215264759e-01
1.031319458866113981e-01
2.152392577927750850e-01
4.929762773282667793e-02
1.415554975260996662e-01
4.148843167432509499e-02
1.328829756845495424e-01
1.763066210161099157e-01
1.522748068032268587e-01
2.961514893425695738e-01
8.979448533882489203e-02
3.223854993446407247e-01
3.675920103410294515e-01
8.027065224795944254e-02
5.073306542351516818e-02
1.745255671550866028e-01
1.427604243355546643e-01
2.020831245367681883e-01
1.566408744226861494e-01
1.240190558779628305e-01
1.775304566119581262e-01
2.979151920203600423e-01
2.122433272426408613e-01
1.193963675977697536e-01
2.036097165563477696e-01
3.361267561985040730e-01
1.857285948183900193e-01
9.271155297531595563e-02
2.507184369997288442e-01
2.214599559631383052e-01
1.245852672658989552e-01
3.203461105487321881e-01
2.819875869915127731e-01
2.704360029610530791e-01
3.109432111450882164e-01
3.803007806983778605e-01
2.602650265434844901e-01
2.317862003943076121e-01
2.525740229643571033e-01
2.085344052400291415e-01
1.393307449837919987e-01
3.631680354460867788e-01
5.586205644350138166e-02
2.294399857182104208e-01
8.542900789977431186e-02
1.232658318586072610e-01
1.407928771581361538e-01
3.815083244398693174e-01
1.660113153032940492e-01
4.716101302750392299e-01
3.491169593462747911e-01
3.246266037014953754e-01
4.296788570892069448e-01
1.764353319646372320e-01
3.218336644566009430e-01
3.553704808879952770e-01
2.469086392589033008e-01
2.506716758158106795e-01
3.336931794269926699e-01
2.913752602775653289e-01
2.941035749653005960e-01
3.411392028624130601e-01
3.783233199412302517e-01
3.048323886149200135e-01
3.361775384118575460e-01
3.229279681101351329e-01
3.550004711094332244e-01
6.755068775718553464e-02
3.217384009058465999e-01
4.472533900978602484e-01
3.733531486867628923e-01
4.034685052762180257e-01
4.651224025669443707e-01
4.170217759318196049e-01
4.329986441667073027e-01
3.413676060346021446e-01
2.216160088184862542e-01
4.319224890593736377e-01
2.975128631581681615e-01
3.024522994424587718e-01
2.526789239397935760e-01
3.898788190235609741e-01
4.183548998987823286e-01
4.080785981493823544e-01
3.368365009320163361e-01
4.039944033793887446e-01
2.767320012461875756e-01
3.775786981101445505e-01
3.077875510363375366e-01
3.604558755689706850e-01
4.520377164071524567e-01
3.282207896609032893e-01
4.591286187519321715e-01
3.533968969491057543e-01
2.805352071150504223e-01
4.015669974539294862e-01
5.182602189990517250e-01
3.593307699418925583e-01
3.192775982476073193e-01
4.160276694670078101e-01
3.076558117899994005e-01
4.860373026697115684e-01
4.788694897032269582e-01
3.051861756542807447e-01
3.056975155155214341e-01
3.101476086937632326e-01
3.195079278913984799e-01
2.995195162751288498e-01
4.411390742216128591e-01
1.876933955684524369e-01
4.236070241243410361e-01
2.493558641734647252e-01
2.494765584086463817e-01
3.835731672680260940e-01
4.838408465422457394e-01
2.089389579381579209e-01
4.008590133720980053e-01
5.285848453555691551e-01
5.137016535387988192e-01
3.942820480940333328e-01
3.402949610479293896e-01
4.239223078922675914e-01
5.101472244264058098e-01
4.673727062322811654e-01
3.936122519900071559e-01
3.683011241021225124e-01
4.167640094707130705e-01
4.670218911480306656e-01
3.640484232860300984e-01
4.110251822962369683e-01
3.349044074126257264e-01
5.573451897738679328e-01
4.122193216864701304e-01
6.063161674836332615e-01
3.201369201222272753e-01
5.457356796174314129e-01
6.659015245192682064e-01
4.176476080739574548e-01
3.863549997340723907e-01
5.211834056279508465e-01
3.173599788558889578e-01
4.467117062720160070e-01
5.957118259049312137e-01
4.366370169343816166e-01
4.786369413608091428e-01
4.484959900103114294e-01
4.660039290656604605e-01
6.494328792074212098e-01
5.280170327354187787e-01
4.626529914647610764e-01
4.049129247187004954e-01
4.425792147160720891e-01
4.381600575729525660e-01
4.813541505786816943e-01
4.613697757204390792e-01
5.054019789810882957e-01
4.118164598973965140e-01
6.337206999737533542e-01
5.175762029160813071e-01
6.082591035813409430e-01
5.776133168828825326e-01
3.858780982678932658e-01
5.073982287931219082e-01
5.090526982400445100e-01
6.732561074647155364e-01
7.096329914129048122e-01
5.883540974424846803e-01
7.293879889416144957e-01
7.118442296714473372e-01
5.493564990793770031e-01
3.544510105384388043e-01
3.450223692852636415e-01
5.455088282612661210e-01
4.812865235560185861e-01
4.131276895168234931e-01
4.752821561504340653e-01
5.193779691359975414e-01
4.186658204060724753e-01
6.401288004639296148e-01
4.913454043446774389e-01
5.835551324848887722e-01
5.383590157635894657e-01
4.631604576958489594e-01
4.810775505676619934e-01
4.984664799899737320e-01
6.350177685789781812e-01
5.251704609541887336e-01
4.770339373175351838e-01
7.559947387609287084e-01
6.121630804121160896e-01
5.958072970507389821e-01
5.699241659116125458e-01
6.302122485901732185e-01
6.245819108711554435e-01
5.334811133684163043e-01
6.276971419527689333e-01
5.401826312321418300e-01
6.385322506284824007e-01
4.674084066395972070e-01
5.364612780190332053e-01
6.990812699967066113e-01
5.205454516129691678e-01
4.398996343686553678e-01
5.454831793114625071e-01
4.387094903055298589e-01
6.076118487609712959e-01
6.975545190138602303e-01
4.769613373728648908e-01
6.767710016893124791e-01
6.039897127865683224e-01
5.784933877334472729e-01
5.467770767857275116e-01
7.319470319951489889e-01
6.339058817680833791e-01
5.268893267521937984e-01
5.648353469419878925e-01
6.290371951053593813e-01
6.396583538018335569e-01
5.361011745225500169e-01
6.114687737604195261e-01
6.311098469797167265e-01
6.301475984600116709e-01
6.596570370886326584e-01
6.655648261901198071e-01
5.994361892993681495e-01
6.366634587668434930e-01
6.117334128171508789e-01
4.315863801287397328e-01
6.814493690972900364e-01
5.973171729023650789e-01
7.080597948247373541e-01
6.028220398237361666e-01
6.511953212411092373e-01
5.659487689659836729e-01
6.327923051638377760e-01
6.476882838129871534e-01
6.418280585552905704e-01
6.200416472728855766e-01
5.868107837672891236e-01
5.999437774064744211e-01
5.711668403344847267e-01
5.370541193621080067e-01
6.447141145517936156e-01
6.735552685715763266e-01
7.799793282598922461e-01
5.276223550322950429e-01
6.506502903723593301e-01
6.604050063372679524e-01
7.301454901740177528e-01
8.349253350309927546e-01
7.172596534413752112e-01
6.118143054169892237e-01
7.846497363222398880e-01
4.527698386815415810e-01
7.145386209784133635e-01
7.452794739881561936e-01
6.947818946293243814e-01
7.881535482207554510e-01
8.476526366170515914e-01
6.485746928245013088e-01
7.031915234698390416e-01
7.144065982863490039e-01
6.170021623966126523e-01
8.619922546819207554e-01
1.059590553749851116e+00
7.482463198777042912e-01
7.061638303422947960e-01
7.883347703527441297e-01
8.554473511725440016e-01
7.113112520081779078e-01
6.714425592485923078e-01
7.473663394939358273e-01
6.420408680971946280e-01
7.043351904440585676e-01
7.774865895570934882e-01
6.818503788607603866e-01
6.611547423754446928e-01
7.488031573004074737e-01
7.811375063243866101e-01
6.181336461987223529e-01
8.565409096014089396e-01
7.731155341222955002e-01
7.203876517281804226e-01
7.066427305068346820e-01
6.800947166589680348e-01
8.555890955348258720e-01
8.350150068243299417e-01
8.342675721113734788e-01
7.425475117337677622e-01
7.204148396632462648e-01
6.992392573272649958e-01
6.705370062140654230e-01
6.739316706790138278e-01
8.576106762610327117e-01
7.315485567852375581e-01
7.346269201972009943e-01
8.738243918990117320e-01
6.532861539989018862e-01
9.123774072519550415e-01
7.200240998345387444e-01
6.732912676416561437e-01
7.740737031617295205e-01
8.040712780180347963e-01
7.940693681867847520e-01
7.667788451406581940e-01
6.639231583030337225e-01
8.917119575968668332e-01
8.298193856368347721e-01
8.845308454849614144e-01
8.683205292417821575e-01
7.496984554582656335e-01
7.900168490921569697e-01
8.332188850469446351e-01
7.957352516177755852e-01
7.761705651574772880e-01
7.674208336689710697e-01
7.768088157655946846e-01
8.355560703917684906e-01
7.457661893655611607e-01
7.896095874615054466e-01
6.852335948708562219e-01
9.102655333766422885e-01
8.735767922996269252e-01
7.561734979351438790e-01
6.927484437038631260e-01
8.191543839435325713e-01
8.108739205774863068e-01
7.807487804019241917e-01
1.036540537018666663e+00
8.104523215089778354e-01
8.410888160972197491e-01
8.549734266469355415e-01
8.167239632929456095e-01
9.178493150912067078e-01
8.487448211311098278e-01
8.626968441423654710e-01
9.314143488720652009e-01
8.404161265617268173e-01
8.245943123129312324e-01
8.538705195219398192e-01
8.684530462059514289e-01
8.091024420691360630e-01
9.676196263612932835e-01
8.371652003788687679e-01
8.755758187073282572e-01
9.270081921318789053e-01
8.116329481033217608e-01
8.908113788695297686e-01
8.095347999524116211e-01
8.363207147745486125e-01
9.606832530978121065e-01
9.092045206220696896e-01
8.415312433373576262e-01
9.390095490190332184e-01
9.101955827149236233e-01
9.137574176734843956e-01
9.581177258571588196e-01
8.437305353244268780e-01
8.210669888766342073e-01
8.840490892871240014e-01
9.489665304122916201e-01
8.687772785163097033e-01
7.597154028964915318e-01
8.285720072517600565e-01
9.232453134424971619e-01
8.193554457432851157e-01
1.043972732477749910e+00
8.815027679053273335e-01
9.135243965701322910e-01
6.847110397387955461e-01
9.568561686665713051e-01
1.082289020991118456e+00
8.366012271813153545e-01
8.969246161865985778e-01
9.565232166210499987e-01
1.021350857718068106e+00
9.698939828644562722e-01
7.832098471235573456e-01
9.037363544034594520e-01
9.177931296845803777e-01
9.219338615419969685e-01
9.923632200000718218e-01
7.928006733495276404e-01
8.916495201119936098e-01
9.147746052703372710e-01
9.574779757601592500e-01
8.889094627042020136e-01
9.465276080081892474e-01
1.011601347662073991e+00
9.292840302832319210e-01
9.230102143917625623e-01
1.032611453057945550e+00
9.738723587522212233e-01
8.850559325715133818e-01
9.838019764737205852e-01
1.092557644261088035e+00
1.187144425225127309e+00
9.518022164347348379e-01
1.031579717238309657e+00
1.076061590222994191e+00
1.056098066122785673e+00
8.875088764088111537e-01
1.029433660181072741e+00
9.859225790339560813e-01
1.145618120227931636e+00
1.076077397439065386e+00
9.442674966646076307e-01
