-1.075889542978526237e+00
-9.752629532951285762e-01
-1.042008061880752123e+00
-1.040810325786873269e+00
-1.051301593677987256e+00
-9.759814755389039087e-01
-1.197733939601527187e+00
-1.020967867626061842e+00
-1.077105515115805545e+00
-9.800517220279116870e-01
-1.005371301062615963e+00
-9.943062861965528132e-01
-1.026282132658802748e+00
-9.394444723389823171e-01
-1.143507467151937407e+00
-9.784281897732058919e-01
-9.219698507715472502e-01
-9.821475595328440500e-01
-8.525694159463368393e-01
-1.043302544656713904e+00
-1.147011264330009883e+00
-9.552678999873736032e-01
-9.375324923168968372e-01
-1.037761939515101872e+00
-8.783060663899112663e-01
-9.347218472714907689e-01
-9.914208076866727337e-01
-1.024804788071655315e+00
-7.932165859053122992e-01
-8.706352024507267862e-01
-9.598301680588393614e-01
-9.506165829362386299e-01
-8.949470698786380352e-01
-1.063199237336039715e+00
-9.657606098628749303e-01
-9.283762044309880057e-01
-9.741015001852250110e-01
-9.154898968561305805e-01
-8.181759122670527740e-01
-8.143546171640406728e-01
-9.702728412192123120e-01
-1.016050474566660089e+00
-8.118750303443278415e-01
-8.165658285159024254e-01
-7.780848526471276783e-01
-8.852734274626457012e-01
-1.043394918558481876e+00
-9.015231315134962786e-01
-8.688901802462494217e-01
-8.598733410372677577e-01
-9.448424156282630992e-01
-9.957433842938776536e-01
-7.683991328369108587e-01
-1.026975374261448470e+00
-9.103811955712601822e-01
-9.127718735512001524e-01
-9.432678198855868335e-01
-8.255053266552976332e-01
-7.743059963552408886e-01
-8.454539886839123053e-01
-9.034461886529697727e-01
-8.367066365478966761e-01
-8.949735290352034411e-01
-8.568828112252320217e-01
-8.789550218535446824e-01
-9.141726715149650628e-01
-9.242013423519321869e-01
-9.648053248906554025e-01
-7.661281691838911501e-01
-9.560757098534963250e-01
-8.597910528144974140e-01
-8.506374676605158447e-01
-8.789384397582835629e-01
-8.909337010178440819e-01
-8.202225074407279992e-01
-9.456492873545151445e-01
-8.387108295627162535e-01
-8.822953378955981085e-01
-8.510265995293246899e-01
-8.551821382202190458e-01
-7.096654218303162232e-01
-9.867186690904192758e-01
-7.280394535209787632e-01
-8.776931843559745428e-01
-8.187084838361753381e-01
-8.369939698662233196e-01
-8.391411230020178191e-01
-9.321824493383854549e-01
-7.043506777196999469e-01
-8.759653623627250418e-01
-6.117481278252931975e-01
-6.847804037052747095e-01
-8.988305795394266884e-01
-9.182519427800241996e-01
-8.531731803275393045e-01
-7.454018204537093961e-01
-8.183032403379452147e-01
-8.457326558080163759e-01
-9.107125064255618963e-01
-6.748884734408597819e-01
-8.954616680636767745e-01
-8.653170913197516523e-01
-8.469085719989606353e-01
-7.910301805914888851e-01
-8.064953308227393869e-01
-6.764980899133439252e-01
-1.032797219695818614e+00
-8.666399277569994952e-01
-6.963530089943880119e-01
-7.744564582264933383e-01
-8.220871748609975826e-01
-6.636209207118677345e-01
-6.795634351219108638e-01
-8.133183804326876709e-01
-8.095683610456506640e-01
-8.487888277590435182e-01
-7.540553653161499170e-01
-7.771698511286163624e-01
-8.536467767336441970e-01
-6.285048071942181958e-01
-7.173098075160311282e-01
-7.216956408410500901e-01
-7.870468505053638264e-01
-7.396631289957442679e-01
-6.052462501991084931e-01
-6.782610471369837635e-01
-7.215605398772767520e-01
-6.393150737417575558e-01
-8.184952966977427913e-01
-6.714735079557402342e-01
-7.488079161076887091e-01
-6.873845635824543665e-01
-6.539825874606038925e-01
-8.104524363437616286e-01
-6.693656758885042635e-01
-7.895758079571055799e-01
-6.040572940317486816e-01
-6.315629351087764798e-01
-5.183077259832542527e-01
-8.106926004674893660e-01
-8.286222506700873236e-01
-7.701985197213998546e-01
-7.340575296300980712e-01
-7.053167310633590148e-01
-6.937926105825436007e-01
-6.051108717058499842e-01
-7.664326432238787179e-01
-7.626860994370141533e-01
-7.521536593830515649e-01
-6.115728131279248858e-01
-7.772605470277982320e-01
-7.582961533909851060e-01
-6.939956330646062099e-01
-6.058553482231578968e-01
-7.369066346751076413e-01
-5.700317220341176716e-01
-5.094112293602275354e-01
-6.742001289330123992e-01
-7.166878009656444393e-01
-6.928197018888455627e-01
-6.840371488375083242e-01
-7.073720706213399989e-01
-7.302018694334604376e-01
-7.307191510739750040e-01
-6.588404232848523723e-01
-6.638579582534187562e-01
-6.368262575083779575e-01
-6.730332464976717111e-01
-6.504251888158779638e-01
-7.406898167713473757e-01
-6.901521959836289799e-01
-5.723570468186155447e-01
-7.069342914459840754e-01
-5.615885002832078365e-01
-6.676108482705520597e-01
-5.893399214991585922e-01
-6.423080430102545701e-01
-6.407923036051573762e-01
-8.021119263832134916e-01
-5.754756183312124129e-01
-7.132981120347083870e-01
-5.452003100736563246e-01
-6.008509814043322406e-01
-5.050856870160752576e-01
-5.022246909154441941e-01
-7.703145287580097644e-01
-5.733719536755597090e-01
-6.431026620622573020e-01
-6.235891527748884666e-01
-5.547289611402619336e-01
-5.812584485702303461e-01
-5.285123499031858518e-01
-5.108421673729884871e-01
-7.344727540577282721e-01
-5.339036189650693265e-01
-4.155437648078874058e-01
-5.314205145193611202e-01
-6.034210563764978996e-01
-5.037721613425791833e-01
-4.963159426797547069e-01
-5.681686351349644060e-01
-7.294446997077103090e-01
-6.272175231111900562e-01
-6.611294632580738684e-01
-5.708688608268008835e-01
-5.562398314815875100e-01
-5.937987824835130324e-01
-3.883612821161018802e-01
-4.878002644888084771e-01
-6.641743612544251940e-01
-6.740867632794499409e-01
-6.228962973358055377e-01
-5.835867484801282590e-01
-5.940660434882520935e-01
-7.892891423587564681e-01
-6.413936056211175796e-01
-5.706000556411537916e-01
-6.695782418057371066e-01
-6.444079571889204106e-01
-5.841079602891990907e-01
-5.604586126008513913e-01
-4.110505133184875759e-01
-6.155935973704437236e-01
-4.704136050374100320e-01
-5.787456477989997294e-01
-5.695223341009446605e-01
-5.788984433914963201e-01
-5.416684109179357165e-01
-4.900643659317380219e-01
-4.963407433645207201e-01
-5.611494955088908165e-01
-5.758401084551854066e-01
-6.239967610214571803e-01
-5.581599060500883613e-01
-5.551908796356399556e-01
-5.084622135016926281e-01
-3.928155832207264053e-01
-5.655570436106986953e-01
-5.473921318194684416e-01
-6.295223252089297006e-01
-5.519906973334270939e-01
-5.503327845466102763e-01
-4.024175568342111542e-01
-5.841461599391927217e-01
-4.111845245879113264e-01
-5.006368285255989869e-01
-4.005359382631465959e-01
-5.407164551546467246e-01
-3.647034921709638167e-01
-5.206422393685740113e-01
-5.523925725099200212e-01
-4.811730752868710326e-01
-3.067091223378440867e-01
-4.811922973910350843e-01
-4.507661467862547622e-01
-5.303082637567392288e-01
-4.725960545106375754e-01
-4.999909064084888111e-01
-5.062663465098077298e-01
-4.982561187345088682e-01
-4.122318966625795889e-01
-3.128794150875282565e-01
-5.406884260987723234e-01
-5.064388205815769650e-01
-3.964562565360588153e-01
-3.705613075507168119e-01
-6.599635394636774732e-01
-3.605085066953828687e-01
-4.646433886443951389e-01
-4.204588864809845616e-01
-4.977287079375620205e-01
-3.802887582623426521e-01
-3.849975041109040541e-01
-3.732187081523241079e-01
-4.163962948763410554e-01
-4.648341086224144769e-01
-6.168128228194502682e-01
-4.070538320063826765e-01
-4.082540713793741394e-01
-3.513311853688300679e-01
-3.421895318034539613e-01
-6.181633130351664729e-01
-2.666654754856815357e-01
-3.779935991232364345e-01
-3.856583027573512457e-01
-3.985353712638761148e-01
-4.658453615996357433e-01
-2.216739133553397578e-01
-5.079595189473036232e-01
-3.249867957007268604e-01
-6.523653827633043578e-01
-5.255655375451032674e-01
-5.163297865209292015e-01
-3.651824595970273313e-01
-4.336783507707207552e-01
-4.105468512897629818e-01
-4.017974590920526112e-01
-4.132798856200218807e-01
-4.602147582445766383e-01
-4.404286084215545127e-01
-2.960911427337606372e-01
-4.397425658238406365e-01
-3.855715076641902939e-01
-4.334484615051304446e-01
-6.145316637056621456e-01
-3.734808514736404073e-01
-3.892637541546202229e-01
-4.549975878165630760e-01
-2.537837236612259795e-01
-3.204898539823122228e-01
-4.077182743993134628e-01
-2.936302331766479368e-01
-3.693598596636252784e-01
-3.798083302825099872e-01
-2.960556407495192888e-01
-3.162461254690755452e-01
-3.617465423407194014e-01
-3.944171907129779275e-01
-2.227389083642276890e-01
-3.618313673642032935e-01
-3.394753849787519040e-01
-3.257868950718508794e-01
-3.815668635245010321e-01
-3.668128172244340957e-01
-4.263536323093701230e-01
-5.393836357461522235e-01
-4.113556035540413269e-01
-3.616168691065004270e-01
-3.576848747219580904e-01
-3.546485165047187360e-01
-4.202245068383512749e-01
-3.676003986384712152e-01
-3.275701779880484943e-01
-4.188080284766171335e-01
-2.309740948554362128e-01
-3.480529420167606247e-01
-3.683022308944973178e-01
-3.515115772106944259e-01
-3.920965186013334880e-01
-3.184243558691320364e-01
-2.332364466025395877e-01
-2.336253963891431751e-01
-2.816890371137943938e-01
-4.426063657596479017e-01
-2.504497588488777127e-01
-1.773739655704500151e-01
-3.343333089737908770e-01
-4.366061985453876249e-01
-3.930363324530900537e-01
-3.010684626570808153e-01
-2.759484717443137503e-01
-3.059469747826568109e-01
-2.058080000280616551e-01
-1.342260668718477379e-01
-3.918678919092632440e-01
-2.425579392969371140e-01
-3.237951894045383305e-01
-2.203713240909814242e-01
-2.860909650503554724e-01
-4.198151777845476884e-01
-3.519691976479280560e-01
-1.662469311770741476e-01
-8.629590004025591843e-02
-3.771983938434019801e-01
-4.068687098022115145e-01
-3.408380171393903257e-01
-3.679234596971450721e-01
-2.751786458339772201e-01
-2.683667039048071024e-01
-2.022648511598728882e-01
-2.064322798951055693e-01
-2.660916376728652000e-01
-2.825846665387710122e-01
-4.370450015197342719e-02
-3.189652180700580653e-01
-2.221739322608720368e-01
-2.958069146466472676e-01
-1.950176169158453765e-01
-3.042806674141207979e-01
-3.306477368711806530e-01
-1.340828530930033569e-01
-3.133308794362631988e-01
-3.895709511519293011e-01
-4.559676343519196706e-01
-3.137210286807854964e-01
-2.819708936055081439e-01
-2.092792618033575414e-01
-1.780120099120058030e-01
-2.584797767511681776e-01
-2.598772742600333752e-01
-2.055559892688073875e-01
-2.454906099623716531e-01
-2.332012266353895857e-01
-1.462159842747463301e-01
-1.151468274705140932e-01
-6.869989491687011895e-02
-1.537707200700229593e-01
-1.790440941909571260e-01
-4.276269024290930282e-02
-1.966162418768662989e-01
-9.668547112751416095e-02
-2.466841906420757236e-01
-1.942981979677447790e-01
-1.976721954245040103e-01
-3.335229857045199364e-01
-3.189669614446183354e-01
1.388636219000174716e-03
-1.712407051729261387e-01
-2.430633857151692501e-01
-1.490247607000779739e-01
-1.242201407795365392e-01
-5.812422411030354619e-02
-3.113457946461430925e-01
-1.379650155273411394e-01
-1.252134063703406464e-01
-1.681599521240449147e-01
-2.903662375830136089e-01
-8.544876784441933493e-02
-3.190322159543884095e-01
-2.197440369514372660e-01
-2.466743932235943015e-01
-3.751551866689877002e-02
-1.504012053114111569e-01
-1.958191503634375552e-01
-1.285249391489173276e-01
-2.219675116224322509e-01
-1.074359289591240024e-01
-1.155586803129100559e-01
-1.051719337699101725e-01
-1.531185386629570488e-01
-1.636912969222622249e-01
-1.753226859444373398e-02
-5.776496493793500248e-02
-2.184720008040932637e-01
2.529642617579482694e-03
-1.567736865616584097e-01
-1.322970798669483583e-01
-1.856460556899720560e-01
-1.350851973017180574e-01
-1.086892489901163522e-01
-1.317901316865840722e-01
-1.154252709146459527e-01
-3.114975663081421056e-02
-6.349387806179952742e-02
-1.848986094399179825e-01
-3.021670028298495403e-01
2.267909724902758550e-02
-1.612633441480491869e-01
-9.843565156847987330e-02
-1.692554070270677891e-01
-6.915237756204363484e-02
3.656313506750058159e-03
-2.264905952355073526e-01
-9.636590463346472735e-02
-5.454985547463279960e-02
-4.274926972249540498e-03
-2.723224203934968002e-01
-1.306310744434957816e-01
-7.799997772274247509e-02
-1.369707976417516293e-01
-1.144849291162089028e-01
3.631984199147354851e-03
-1.244317240115381216e-02
-1.261230523887547084e-01
-1.943549606679374764e-01
-8.603060101104652302e-02
-1.320243835333853033e-01
-7.233841073827672330e-02
-9.744553171743651487e-02
-2.840233453989648559e-04
-8.937573804630377650e-02
-8.047930158475577467e-02
-1.744097106544105144e-02
-3.516092882500278932e-02
-9.400916558050508021e-02
-3.759498371315288245e-02
-2.003649713557270062e-01
4.782433567625802434e-02
5.487843224373178952e-02
-1.018313835245534486e-03
4.230435790029433291e-02
7.701327166284686887e-02
-1.127108894650069235e-02
-9.097452589431026526e-02
-1.898926562273065000e-01
5.796073673185304920e-02
-3.460584688345772625e-02
-4.163966518044888085e-03
-7.456253163690462760e-02
5.900132970366366719e-02
-3.560981665641710370e-02
-6.201164314709331840e-03
-4.115012798540193528e-02
-1.031600307931581501e-01
-2.296385040212995873e-02
-1.556973443286047420e-01
-1.155242269097201124e-01
7.787695360513892384e-02
1.088575987464595815e-03
2.017111182417353488e-01
-3.805993336091072904e-02
3.752724625169063383e-02
4.718973562746160005e-02
1.476779826936012660e-02
1.254443616971285536e-01
7.561209895502454814e-02
-1.957939158262586229e-02
4.408547801628356910e-02
1.110584686157128492e-01
-5.896495578257809900e-02
2.680810909845852963e-02
-5.815004229415380449e-02
3.712151208726768153e-02
7.757213616437563797e-02
1.362088147864068052e-02
-3.294983682721019502e-03
9.918917433766728797e-02
-8.647775024154140400e-02
-2.434522395965090305e-02
-7.267453189407713579e-03
8.176680991349061234e-02
1.291275396164714706e-01
1.534128102110248748e-01
4.702460909885033957e-02
-6.541585937743996104e-02
8.817113755936782649e-02
-4.344949819790904638e-02
2.131630194607556372e-01
6.028088794125015942e-02
2.019344779670489420e-01
5.391620893996302427e-02
-6.397448597253403701e-02
6.473107751089832336e-03
8.176283752671603677e-02
1.254393732828482377e-01
1.236254539640830874e-01
1.911975675380303552e-02
1.197984313978320975e-01
1.171691939435272056e-01
1.395179575690823903e-01
8.922485305598990002e-02
1.796681462698896115e-01
8.742973145976881688e-02
1.060053315858648371e-01
-4.911703503045136698e-02
1.763807249897111629e-01
-8.338700411690082304e-02
4.956518615186375487e-02
2.129304182768924081e-01
1.034882326438970462e-01
1.211829835449957371e-01
1.599505552928905949e-01
9.267378166917046578e-02
7.196755546858152070e-04
2.284071696947139740e-01
1.330155347485019283e-02
3.346656194072221424e-02
2.932380661986713766e-01
1.113713244887394316e-01
9.959984111535831464e-02
1.298078598187698274e-01
1.714818270620275253e-01
6.405109395706445885e-02
1.265025108528406161e-01
1.370813243968171946e-01
2.104947498085665003e-01
5.877632339076325346e-02
1.094554785262229629e-01
1.592871121931049017e-01
1.320855370872655032e-01
1.227871088590970633e-01
1.152630371552092331e-01
1.973532523746384937e-01
-2.953142562758656262e-02
5.587449147941934979e-02
4.080033569411913724e-02
6.523334876315517450e-02
2.481937979876789324e-01
2.605851697169127013e-01
2.489494518621553770e-02
1.999979297030287650e-01
1.412539232200583084e-01
4.763208329609488340e-02
1.019499712848943168e-02
1.960320937547005982e-01
2.253728071067027661e-01
2.694220691404838885e-01
6.696530294150217222e-02
6.181138052339833766e-02
1.681824611984120144e-01
1.319221891463842333e-01
1.853369339404082883e-01
2.565301495508879870e-01
1.287246212004273249e-01
1.722769839569632533e-01
1.724624489926423754e-01
2.362453472114599273e-01
2.526489415782493531e-01
2.115586470732814806e-01
2.267161503510906617e-01
2.466520724726909419e-01
1.110270205885178219e-01
1.603785299679632015e-01
1.823872422487029799e-01
1.499748598673581734e-01
2.724783235121664426e-01
1.927625614315540137e-01
2.409605777356859380e-01
3.060590408507388727e-01
2.954424632304315512e-01
3.270081242051177117e-01
1.834732144898869044e-01
5.732912855900465510e-02
1.205958035874558354e-01
2.152519603114700641e-01
2.477824121101081245e-01
9.253113968021059454e-02
4.199495118182502984e-01
2.567381947746746884e-01
1.913995605772272623e-01
1.933655253451927736e-01
2.128531187024736149e-01
3.135401608359281167e-01
3.045239204821270085e-01
1.891470333004674764e-01
2.978265057323184473e-01
3.152384600404765091e-01
3.185324480797596669e-01
2.072759295361633058e-01
1.420820851638570359e-01
1.538265279437491806e-01
3.751061522622467503e-01
2.969329100265348242e-01
2.713219871005966843e-01
3.827232031951792179e-01
3.959280021156565965e-01
2.229398538767556892e-01
2.910921301929522698e-01
3.492151701397553376e-01
2.409001468952777503e-01
2.697142697334590777e-01
2.110517084390110543e-01
3.035523756976657439e-01
3.444974814977397326e-01
2.630321159124368591e-01
2.911932003123313129e-01
2.468062478942683324e-01
3.035377687449036244e-01
2.380388111712745391e-01
2.014002872227219076e-01
2.357702329037642819e-01
1.790409408351409104e-01
2.323864234466847811e-01
2.542267849691774440e-01
3.401106641464499147e-01
3.680124071991132673e-01
1.855972893652284295e-01
4.071251002987023582e-01
4.007370044412947307e-01
1.484316747402146808e-01
3.401148304595327798e-01
4.779938464399954290e-01
3.551019635438222855e-01
4.639463033266856828e-01
4.101729165090029494e-01
3.620362498192182810e-01
1.899347570739719215e-01
3.449872242524530952e-01
3.287249735225900582e-01
3.691887904208698834e-01
3.249996166213422466e-01
1.961238572165757421e-01
1.950860528530372062e-01
4.544620050391456889e-01
3.049762007314671397e-01
3.833853148103271158e-01
3.177884641350615658e-01
3.127777228477321425e-01
2.663851956960394674e-01
4.232180988284053869e-01
4.582214179859792624e-01
3.426223495567108368e-01
3.865162494570900664e-01
1.467235756306177197e-01
3.716782289599801503e-01
4.594719668477001973e-01
3.101444488603868344e-01
3.635858860686648764e-01
3.749396136647775157e-01
4.634316169573949873e-01
4.096694346178285651e-01
3.782698975869654423e-01
3.919219776815783818e-01
4.325527701781965439e-01
2.745290348125556945e-01
2.534262621916437142e-01
3.002316388554716609e-01
5.127282036871640969e-01
4.720292861968744536e-01
2.972004983892137520e-01
3.857479356621822397e-01
4.714853620617241448e-01
4.224241773135520850e-01
5.088871782303638902e-01
4.377375509197056758e-01
4.127139799357591454e-01
4.393986201500498789e-01
3.816961759061445192e-01
3.222538927319066326e-01
5.828768137035991170e-01
3.809726259899142153e-01
3.583372952936002553e-01
3.115232347894770215e-01
4.762861404292083600e-01
3.300049194866621072e-01
4.723640369710525033e-01
5.101788783353168322e-01
5.203849007681633498e-01
4.928345151347524600e-01
5.511908812688750547e-01
3.707370581851394120e-01
3.878757693569713783e-01
5.048214289005253930e-01
5.729028830938758254e-01
3.670876751801543936e-01
3.132868685044465362e-01
4.492711678761216465e-01
4.166296493200498663e-01
5.082191247318794680e-01
3.888106143074687160e-01
4.229582139647299899e-01
5.793849246404629838e-01
3.658046658097771631e-01
4.504838929626495125e-01
4.270151326754517140e-01
5.453330462576407855e-01
4.538232079364178939e-01
3.639000293059688196e-01
4.194811031338245289e-01
4.907726505637483028e-01
5.058078259591805015e-01
4.559568488255572039e-01
4.719941881573709863e-01
5.065219430869947193e-01
4.832005213741083494e-01
2.706703302166501013e-01
3.565836878909507401e-01
5.515622799714643421e-01
5.399132800175973079e-01
5.354830890807454891e-01
4.049967114842263904e-01
5.384659562482964068e-01
5.207555188636265875e-01
4.183779967499929309e-01
5.832439578249706269e-01
5.906783409847273791e-01
5.444103407599414357e-01
4.731568207756487454e-01
5.443513858746474865e-01
6.249854660655652649e-01
4.539915937355091247e-01
4.707858938166659679e-01
6.755670425118959210e-01
4.496813212924350434e-01
5.189943158696117553e-01
6.920875807758002374e-01
4.809367485463850733e-01
6.276060955426264742e-01
4.652557913164569459e-01
5.145381071570714893e-01
5.199903213556364978e-01
6.201303216842761756e-01
4.515939835820616532e-01
5.409296353043411276e-01
6.606982454155849727e-01
5.278603253881920532e-01
5.720945278405304979e-01
4.467717316857557353e-01
4.600836185096340847e-01
6.380194128284100152e-01
5.999809450875233097e-01
6.057410074608955419e-01
5.636541242963755138e-01
6.271355870706998292e-01
5.497149195804224009e-01
4.616002468600889919e-01
4.700949269309127043e-01
4.680545797925866891e-01
6.195771999804332575e-01
5.842431685394240404e-01
6.557517605007321393e-01
5.173133165786338861e-01
4.943606002983099157e-01
4.401449389323677797e-01
5.296350590473946074e-01
4.387867392356485374e-01
5.524662295955941049e-01
5.905150012760709277e-01
6.225327904339822416e-01
6.567667086931791021e-01
5.849395551688979511e-01
6.709855457462545747e-01
7.331130974958854907e-01
5.650838503219857145e-01
4.381075306639446443e-01
5.976033083764511478e-01
6.068191121169771440e-01
4.897821090955390977e-01
6.079772887417964622e-01
7.589033231842094995e-01
4.998324351019872713e-01
6.457333025260373338e-01
5.573972815250782809e-01
7.062570338602718323e-01
5.142275577884001247e-01
5.725873345509546741e-01
7.752790135692193552e-01
5.458079962968982457e-01
5.636235666467669381e-01
6.808999079439943536e-01
5.980051053886816792e-01
7.101918974265298834e-01
8.119275362906837046e-01
6.471098785275242182e-01
6.145436119653457929e-01
6.636857053842983856e-01
5.446399694356299781e-01
8.508152332917339189e-01
6.890660411251281481e-01
6.120759008439776716e-01
5.821774555863691303e-01
6.276096421876018461e-01
5.699037378696099054e-01
8.035208972125802429e-01
6.005685718194746503e-01
6.678833762949076824e-01
5.604392697765335773e-01
6.356575300267024442e-01
7.410862094044710080e-01
5.853200787073110645e-01
6.523637913781940023e-01
7.153487062962593512e-01
6.854758696490725889e-01
7.455406507117544601e-01
4.985278392129850467e-01
6.298001208494092840e-01
4.772470795265154053e-01
6.090394810800592307e-01
6.823090680003580655e-01
6.067040620363591819e-01
7.232331420783471021e-01
7.349207665039415582e-01
7.623357525365747067e-01
8.145488637304215684e-01
8.334982690517858117e-01
6.748397802352911201e-01
6.624528652613466129e-01
7.439933823900632959e-01
6.267400771142817018e-01
5.985641043508032055e-01
8.163568407202524968e-01
7.319637844953397199e-01
8.091787081029758744e-01
6.470571659807131670e-01
8.493168189507613874e-01
7.213002083209555382e-01
8.805322897726275411e-01
6.252852183768053962e-01
7.730986802037381755e-01
6.881841551191104633e-01
9.091795488794567337e-01
7.724834314386047618e-01
8.701458598137649103e-01
6.607123881859846559e-01
8.859255177027883787e-01
7.576995791929503898e-01
7.242297200346966557e-01
7.146879865342739002e-01
6.959419565624199722e-01
6.300883571359912061e-01
6.352470299740627935e-01
7.689822261350922616e-01
9.604166089646771765e-01
6.611123336103604808e-01
7.989687879867837239e-01
8.309286563557045646e-01
7.035607171497169077e-01
8.719156911232757157e-01
7.859178462116509500e-01
8.273917177380375465e-01
6.724906582739240690e-01
7.373353367182508000e-01
7.525682061801542977e-01
7.754288026173982162e-01
8.470789129370507320e-01
7.209132659615006267e-01
8.048711453103210012e-01
8.283471453291433306e-01
6.975084747702536836e-01
8.433312992800123808e-01
7.888616502666658814e-01
7.939365183021066530e-01
7.518841557332013315e-01
7.279453297890861041e-01
7.052471618362017303e-01
8.646331417003250142e-01
7.256687010379315739e-01
7.988588065083880307e-01
9.253314581441209885e-01
7.984790407599936524e-01
7.993734607013845972e-01
7.533723812740755754e-01
8.931383176998799467e-01
7.120636141608909231e-01
7.832484511632070712e-01
6.893613941629530562e-01
8.115544285494976640e-01
6.685155070660455667e-01
8.135231337873625179e-01
7.367031649729368636e-01
7.296714098627168354e-01
8.236655060375848159e-01
7.710882129590009848e-01
8.071980921440492507e-01
8.970981741662087394e-01
7.510990587345307556e-01
8.565401189058945430e-01
8.131099521826286036e-01
7.025909012468166681e-01
8.790436249085705755e-01
7.582418594352089425e-01
8.812721128744536170e-01
8.664212051994762964e-01
8.291802900985598690e-01
9.225135929833577775e-01
8.241191334343764829e-01
9.615846481340254437e-01
1.010925316358785020e+00
8.949548869089747338e-01
7.844977684078181523e-01
9.235748153148870543e-01
9.152470889514188190e-01
9.319579907515558315e-01
8.965648834567250258e-01
8.841254707118416656e-01
8.306923459455128889e-01
9.923664631852128215e-01
9.362936157382724112e-01
8.322036770460516930e-01
7.930196191071281486e-01
1.078232619922945279e+00
9.760409796516101855e-01
1.079590579359592351e+00
9.562694338321439114e-01
9.891315381088899850e-01
8.589080787616670820e-01
1.006409735003015227e+00
9.686867736579214405e-01
8.682283214540281735e-01
9.753705553512095339e-01
9.319306247456615733e-01
1.027377635691367308e+00
9.382399204803268944e-01
9.920123207815361166e-01
8.274962868873640964e-01
8.720109244392911796e-01
9.211510777376601400e-01
9.290780083838841019e-01
8.814692905178830307e-01
9.654216215138127222e-01
9.703533906966895772e-01
1.004355013874612901e+00
1.106823909191485544e+00
9.187404238555406666e-01
7.620026397559905851e-01
8.296701233817752597e-01
9.971438407360628808e-01
8.941211552579857447e-01
1.108686161188119579e+00
1.027467572700129894e+00
8.408710653477782238e-01
9.750130513155209622e-01
9.127407405108557414e-01
9.781968813894871273e-01
1.071587443186586830e+00
9.766254144446804286e-01
8.898346312434697314e-01
1.020387795335584658e+00
8.217266287458480090e-01
9.271158477051646418e-01
9.480661091294974030e-01
1.076794946676177256e+00
9.336818954440863072e-01
9.567946563789083703e-01
9.290589881158044516e-01
1.114705165703626433e+00
1.052000645258645672e+00
1.075224567460829173e+00
9.641196094388758686e-01
1.076924226844014232e+00
