-8.692217665172943253e-01
-1.125932481326965329e+00
-9.602760874208372543e-01
-1.012573972611571005e+00
-9.538575362970566074e-01
-9.804919097741685574e-01
-9.537121555087793023e-01
-9.832587457104059459e-01
-9.458304714967049609e-01
-1.001899187981571959e+00
-9.632220989103115194e-01
-9.866662921121308605e-01
-9.959805790630406053e-01
-7.269768751470828683e-01
-9.086901192408272099e-01
-7.307913539254830004e-01
-1.039931209838472093e+00
-9.587778591725966137e-01
-1.007992537697889324e+00
-1.117300880668073093e+00
-8.933372917344278852e-01
-1.010694297836046252e+00
-1.028061436635262949e+00
-8.256193620133739364e-01
-9.481878314726409629e-01
-8.740703856345308775e-01
-8.895169181827875526e-01
-9.048889892362916854e-01
-9.927988478846601073e-01
-1.070203307347402433e+00
-1.023462424753539102e+00
-9.534982291410681876e-01
-9.460233806036595361e-01
-9.834427686509654709e-01
-8.805283768169268610e-01
-8.703338385540358990e-01
-9.162736796347299428e-01
-9.670940359452168122e-01
-8.608012108635476611e-01
-9.771867640880632644e-01
-9.681913222550702081e-01
-8.557509539626000361e-01
-8.623074466495659340e-01
-9.456221026558986331e-01
-7.157593231725648542e-01
-8.550590058776603719e-01
-8.801457369230385464e-01
-9.114180534431530756e-01
-8.498127376428545876e-01
-7.426051057219138496e-01
-9.046498671271725467e-01
-9.078876375111160080e-01
-1.005862422911753651e+00
-8.969936051494289408e-01
-1.047044066734521550e+00
-9.700723057829482299e-01
-1.087989942166004198e+00
-9.302597538561073742e-01
-9.963930563738618851e-01
-8.589913879560220344e-01
-8.519187254782678576e-01
-9.723089010567409485e-01
-9.904071322865874993e-01
-8.258128651182756741e-01
-9.486152967725340890e-01
-8.022772974104841470e-01
-8.557446553964840330e-01
-8.564625216421842824e-01
-8.176355468565484896e-01
-9.586969262930311597e-01
-8.642458605710447994e-01
-6.967767528562394119e-01
-8.238162431408627695e-01
-7.908073044940547858e-01
-9.130575183000796402e-01
-8.473633699091021043e-01
-9.323689989512651266e-01
-8.526780788160689406e-01
-8.153393854376859151e-01
-8.315083264233990024e-01
-7.686112441886225888e-01
-8.356285314949807308e-01
-8.258778711703440578e-01
-8.207135806732975825e-01
-1.040613535702409553e+00
-9.496506616827543601e-01
-7.877390262198935567e-01
-7.836356207902821502e-01
-7.795016961516199050e-01
-9.161059596340775935e-01
-7.471283415879858003e-01
-8.740536170908408398e-01
-8.715345376025913637e-01
-7.471252488317821072e-01
-8.288369029259902154e-01
-7.883543763434578411e-01
-7.674385260428799871e-01
-7.587240309773322089e-01
-9.381874516903214722e-01
-8.492601233407593986e-01
-8.382660887233103209e-01
-7.392325478539423234e-01
-9.313654057245344120e-01
-6.940549881869338966e-01
-7.837103614245656269e-01
-7.249255720493740229e-01
-5.936624136710138000e-01
-7.655727749152657635e-01
-8.557940268212959056e-01
-6.891411109183730455e-01
-7.740133558784435541e-01
-8.183999172996223592e-01
-8.321880098658862579e-01
-8.485334070458646627e-01
-6.309661156055481612e-01
-7.369693723524585183e-01
-9.099892299904240867e-01
-6.799593282951620354e-01
-7.298885248368549572e-01
-9.034188219694446742e-01
-6.878635840721678552e-01
-9.940221451194424240e-01
-7.658478008299844930e-01
-7.813129523472470694e-01
-7.130122048812840285e-01
-8.731780705774321305e-01
-7.591492093178419109e-01
-8.090525798192728102e-01
-6.704238832750792909e-01
-7.642608484766540977e-01
-6.215703415801603349e-01
-7.168578918469462602e-01
-8.316526217631916573e-01
-8.253131755230362909e-01
-9.691137805488548862e-01
-7.231605284250831600e-01
-9.361011011910397306e-01
-6.948431136372957839e-01
-7.081307827412472999e-01
-4.547524134891874348e-01
-7.134671163436795416e-01
-7.379562019701406683e-01
-6.647057282106333398e-01
-8.228771621577416484e-01
-6.769735968596364284e-01
-6.669935124841976926e-01
-6.319898910073754594e-01
-7.402591151164334971e-01
-5.133776723432917910e-01
-8.341226078993395632e-01
-7.606080229992360220e-01
-5.545025424414067317e-01
-5.801333768378481581e-01
-7.686449043918094359e-01
-8.034742432962148628e-01
-6.973154944284127854e-01
-6.506104961549553645e-01
-6.000469896341517062e-01
-6.926280450382336085e-01
-6.272270311272342136e-01
-4.653237580487984415e-01
-6.521093210052754108e-01
-6.264535045570980287e-01
-6.869365353597951529e-01
-6.693870210880140670e-01
-7.180465272037290791e-01
-6.895078182582556892e-01
-6.132181566079766277e-01
-5.458592990106774234e-01
-7.103699426802672079e-01
-6.359117623624603866e-01
-6.261027490093342696e-01
-7.651324306374457374e-01
-6.744603972929030800e-01
-7.263173159308365934e-01
-5.574650807818045672e-01
-6.012654206439604909e-01
-5.756718321712391839e-01
-6.873723215094160732e-01
-7.584739893305456615e-01
-6.186093572017324904e-01
-7.229824800773656523e-01
-6.204249072979075574e-01
-5.324483253148287742e-01
-5.851822877695448399e-01
-5.353480414946687471e-01
-5.387040573385318831e-01
-6.424724958845141609e-01
-5.980186900494179891e-01
-4.774938688598516223e-01
-7.258675877109889152e-01
-6.635739874291083362e-01
-6.337881939258556141e-01
-6.103319067057736413e-01
-5.830002535067512204e-01
-5.535882423619954418e-01
-6.634435296400392756e-01
-3.677957550444806989e-01
-5.873710210013081134e-01
-6.209408084653394999e-01
-6.591254105570722999e-01
-6.793865880860107120e-01
-7.313659456932594116e-01
-5.323534463194279365e-01
-4.324281194405908413e-01
-6.482601850661189324e-01
-4.917318555467061758e-01
-6.546342043750835726e-01
-7.972401373088709997e-01
-5.180216108293183019e-01
-6.951424900175755539e-01
-5.614109618027399717e-01
-6.058101528820859505e-01
-4.961180432675784124e-01
-5.671120160676648148e-01
-5.268120932554443137e-01
-5.102277784881374956e-01
-4.976256237157553608e-01
-5.533339766793485826e-01
-5.151050475125198425e-01
-5.742092983606786882e-01
-5.453524661498053705e-01
-5.987856810413082487e-01
-5.551694415161853025e-01
-5.126679673070863030e-01
-3.802366555032133388e-01
-6.626313654257627306e-01
-3.144153446160618537e-01
-6.873597962793535077e-01
-4.754113160888287504e-01
-5.655000078557841370e-01
-4.897504733622928264e-01
-6.824955599320804422e-01
-5.120516963723965587e-01
-4.842510619468407551e-01
-4.707247805733777435e-01
-4.601432374854564356e-01
-6.798691447803227872e-01
-5.412221764606807151e-01
-6.201988639450723984e-01
-5.076339535103664424e-01
-5.402440919538239461e-01
-5.885605638276665275e-01
-4.490866436673028317e-01
-3.880312046398217141e-01
-5.063583927005217422e-01
-6.538293402918287089e-01
-4.837423060675800079e-01
-4.989663728675822196e-01
-5.622531325108052203e-01
-4.382366856821598988e-01
-3.857952254795973812e-01
-4.675206469779401575e-01
-4.898647597158596878e-01
-4.629909120802622180e-01
-4.046118421463482662e-01
-5.244928602778086146e-01
-4.452929077455315410e-01
-4.724701641976885580e-01
-5.949751545520901574e-01
-4.732132789107123538e-01
-5.470630339836116685e-01
-4.876488207456167179e-01
-5.797614771218598806e-01
-4.080124295639857013e-01
-4.512558268631660652e-01
-5.303337101780303264e-01
-3.350942773515374618e-01
-3.000627128541639155e-01
-3.553749983363356235e-01
-4.841989812696324003e-01
-5.035816850065448769e-01
-2.809601288684480114e-01
-3.957241319089493392e-01
-4.010340463864525140e-01
-4.433196865813385235e-01
-3.729183002586859974e-01
-4.509816804269839441e-01
-4.421297338724677894e-01
-5.606466395462105234e-01
-3.603010813693419689e-01
-3.590617439861121807e-01
-4.422456920258126534e-01
-3.356230137294951010e-01
-3.144166257922188512e-01
-4.262958989349577843e-01
-4.067356651747288665e-01
-3.237160680550210667e-01
-6.294743337905016611e-01
-4.339942650163142734e-01
-3.070486851680597207e-01
-2.844395716189718759e-01
-3.135521258835775593e-01
-4.357544428165371908e-01
-3.815472523592386422e-01
-3.961987491110808279e-01
-2.033006885055929636e-01
-4.016636594288240936e-01
-4.336108189055051798e-01
-3.837254867466576291e-01
-3.659423625131690838e-01
-3.305202330031525304e-01
-4.273383989763210322e-01
-4.596851020511995012e-01
-3.835806601403771166e-01
-3.273933930086563859e-01
-4.111529129358305057e-01
-2.710712821473001410e-01
-4.769534512895636791e-01
-4.668310215301230692e-01
-4.066400504210982425e-01
-3.312398432715651375e-01
-2.766437247104513997e-01
-5.319706352452356901e-01
-3.524871433969044565e-01
-3.327483207001232235e-01
-2.852746296418456340e-01
-3.671959278943558447e-01
-3.969385214728486377e-01
-3.431984460377126567e-01
-3.014294474657638889e-01
-3.432694194006112864e-01
-3.569295833045251221e-01
-2.205049542536225426e-01
-4.439099754138456921e-01
-4.556657918363462012e-01
-4.058000209597970032e-01
-3.561113450990620044e-01
-3.072727263855523638e-01
-4.036934695820359464e-01
-4.289444717706989985e-01
-2.308398581299834218e-01
-2.854678765012380603e-01
-3.941865055587214783e-01
-2.614934561548102332e-01
-4.858556149730291485e-01
-3.648731457099824160e-01
-4.435831796657367931e-01
-2.523467549824872647e-01
-2.155034744634607424e-01
-5.004810576031649694e-01
-3.605836721509709242e-01
-3.413825308569742312e-01
-5.151404345417980313e-01
-2.765564241563143177e-01
-3.335796553268493558e-01
-2.807915179090352820e-01
-2.981397485738240816e-01
-3.382546405646189025e-01
-3.027420659785929336e-01
-2.630235773460060655e-01
-4.263829443304437139e-01
-2.074296815689120610e-01
-1.678910082174912277e-01
-2.660944052630805912e-01
-2.513200821462254764e-01
-2.303660061459232855e-01
-3.548538347966915807e-01
-2.112279847109245767e-01
-2.910908912014902872e-01
-2.262841508344206887e-01
-2.469249647531084335e-01
-3.851356250200378417e-01
-2.294707645646024141e-01
-3.463612805315126053e-01
-3.735243535995132480e-01
-1.922120890037971319e-01
-2.693280584741027939e-01
-2.557845894199833880e-01
-3.193776402760645783e-01
-3.227267035111754390e-01
-2.885599394435712783e-01
-2.814030157501163365e-01
-2.795899109905187752e-01
-2.651343696219368717e-01
-1.816596774629622713e-01
-1.404622011123715375e-01
-2.833290047778301846e-01
-2.907501386130452725e-01
-3.435345225317080753e-01
-2.562354109887906017e-01
-2.050613873804541520e-01
-2.095005094065437515e-02
-2.890977536014915361e-01
-2.025602253385100915e-01
-2.817800236720540141e-01
-3.287338206714455757e-01
-2.157952308442411538e-01
-4.858074544107807841e-02
-1.731202997204440430e-01
-1.812519702957647860e-01
-1.897168780479131789e-01
-1.766729987890879872e-01
-1.469781771708051910e-01
-1.797313671490954612e-01
-1.756872795900500939e-01
-1.542300642671951827e-01
-2.626174481424846663e-01
-1.590605251190187197e-01
-2.192970832028781347e-01
-2.285782186162727270e-01
-2.813561664389196415e-01
-2.067824553085281514e-01
-2.388398770859998799e-01
6.508318728911554295e-03
-3.320573868452262878e-01
-2.850804287208499321e-01
-9.173724353601805936e-02
-6.747412795175816713e-02
-1.909720114574308680e-01
-2.215204430206753061e-01
-1.827330744005505603e-01
-1.971894753625650643e-01
-1.529974755448244017e-01
-5.457156709587127064e-02
-3.456052566986151930e-01
-8.073863990763036069e-02
-1.650724133676633454e-01
-1.942696508365238106e-01
-2.876928485807158653e-01
-1.098192215341648181e-01
-2.531210540327428760e-01
-9.121611717032965250e-02
-1.236648605147238622e-01
-2.560170004523909873e-02
-1.891143190694788145e-01
-1.945708875927350257e-01
-2.534628726753719308e-01
-1.360368275495056067e-01
-2.190890943341460839e-01
-2.214511558992988405e-01
-2.052828213922323064e-01
-1.539850425357169039e-01
-1.872648532675754152e-01
-1.044513820327921810e-01
-9.206124244203559015e-02
-1.445463451413080969e-01
-5.491400732332732404e-02
-9.173479562788333652e-02
-1.345294515191117202e-01
-1.121382668687332940e-01
-1.516835000877363726e-01
-2.906444103384764333e-01
-1.774115210782945262e-01
-1.478853536729555218e-01
-1.292717061027795766e-01
2.694802185262203456e-02
-1.520708833119284176e-01
-1.265289903847421071e-01
-2.210967752955947108e-01
1.339896066419399290e-02
-3.146263528345241700e-02
-6.936425283181126000e-02
-5.046160940048537158e-02
-1.576193066655624253e-01
-3.231371383864360403e-01
-1.468681111975788101e-01
-1.895543533419579985e-01
-9.776439589512006534e-02
-1.293716927006121620e-01
-2.093291152224673601e-01
-1.620997249927409178e-01
1.832173865317339792e-02
-3.406331433933438950e-03
-8.740844833376749945e-02
-3.307996516059948794e-02
1.033927555540772002e-02
-1.955147335425132804e-01
4.612728574862992592e-02
7.490525219190856919e-04
-2.966964886962724160e-02
-1.354264129281561591e-01
-5.624769504320019375e-02
-6.903972967521013193e-02
-8.426987572604539845e-02
-7.676182235670366005e-02
-2.074365854342461735e-01
-1.791573124183366492e-02
-4.934941493596013001e-02
-4.508672151509646002e-03
-4.055336227736291294e-02
-7.078091906516947862e-02
2.379303815833611752e-02
-5.736528615864054659e-02
-1.450679713846303454e-01
1.048719534855123599e-02
7.543472471047227290e-02
-1.497646253247731929e-01
-4.184009348925964850e-02
2.537160193904822972e-04
5.544498699276307480e-02
-7.672388117983110732e-03
-4.593704121080979114e-02
-2.056713327301704433e-02
4.059069517843006542e-02
-7.609042064631513225e-02
1.372626344757725270e-01
-1.703613893741852750e-02
-2.589800433577678362e-02
-1.215127153520686731e-01
-7.855498475053167284e-02
1.002863582779713880e-01
-4.696213849207188373e-02
1.041424941852898134e-01
6.604517535042882248e-02
6.424922727727694523e-03
3.343216353143640268e-02
4.342031912673440658e-02
-6.702586752177825194e-03
-1.141908165590800953e-02
1.181937490472260432e-01
4.495338225515967817e-02
-9.482533587718221246e-02
5.044194309672594100e-03
5.204082219966520151e-02
-7.418098548840511286e-02
2.718273266862013607e-03
7.298275667892618890e-02
9.096310209865790530e-02
5.167462244576815494e-02
-2.684836315413729468e-01
-1.926502495972658713e-01
9.225957185794637916e-02
1.046391185707138127e-01
3.944589335863147445e-02
4.507432322774444083e-02
1.216047912550700417e-02
-4.079381608297664302e-02
7.991887912130414551e-02
3.032760062904381326e-02
5.016262168821401107e-02
1.552391067062385277e-01
1.966132621129754732e-01
7.245556715138189163e-02
-5.950207975157929992e-03
9.253879747305153447e-02
-2.680768169958087574e-03
9.968944546934180306e-02
1.573221662164362433e-01
-4.326684854113601458e-02
3.953919309096973200e-02
2.127830804963483091e-01
2.286521190316747817e-02
-5.611095628151210879e-02
1.161451851648079708e-01
1.650470140820924081e-01
1.171072180625958720e-02
1.498490058942096859e-01
-9.422070563037179824e-02
1.011223473998311972e-01
-1.182919654626162463e-03
1.204562686771948193e-01
1.696222050133106840e-01
1.633528145458163494e-01
-5.437135147895696269e-02
9.228487470295353157e-02
1.073030031332240924e-01
1.163079211674751673e-01
8.225641406938276334e-02
4.480010167700088780e-02
1.782969348005733756e-01
1.221103375993112250e-01
1.828889844282178545e-01
9.583295170259047147e-02
2.957440549686610187e-01
1.989437196938843577e-01
8.673761470851014399e-02
2.110570837790484017e-02
1.565200835800540369e-01
2.511640004946398830e-01
2.052246554962212088e-01
1.090299790212117537e-01
-4.505464795484109136e-02
4.762121912529781315e-02
2.076451944333742305e-01
6.508955773913432941e-02
7.435521310884557478e-02
1.563268395237882580e-01
1.655057211575710618e-01
2.329367684172669040e-01
4.927305785106547015e-02
3.034981055877563616e-01
1.279009603273102147e-01
2.240691325987085036e-01
-2.972410119694415820e-02
1.724700482047406835e-01
9.477925026377202744e-02
3.112239947017899078e-01
2.776860635183179271e-01
2.095768531138061941e-01
2.369092750031794314e-01
7.841271238235374141e-02
9.661598594841161458e-02
1.270984672860970832e-01
1.426968695981929436e-01
2.183504117262389521e-01
2.916704564414914769e-01
8.023869666917961274e-02
2.890099570506696192e-01
1.809500426567524078e-01
1.436386468306768138e-01
2.174268694627388698e-01
8.428692349512996451e-02
3.364953320096769063e-01
2.888526854164110702e-01
-1.298068369896425607e-02
8.910223371476086451e-02
1.961757495899080217e-01
9.707673701376381969e-02
2.335318769499208913e-01
1.169321759745835243e-01
2.268183588199580436e-01
2.568653651584134057e-01
2.551054853270675049e-01
3.054747952840863312e-01
2.661730982490269626e-01
3.480420388544285815e-01
3.046038678860122362e-01
1.420802342807327145e-01
1.704691939385181709e-01
2.583048177270023671e-01
3.225783068472166115e-01
3.278242100442319007e-01
1.460770317306528954e-01
2.156001446195089377e-01
2.562971092597276512e-01
2.662901671875807508e-01
2.816177620294750272e-01
3.088237649337570168e-01
1.267379067214596255e-01
2.858651531595419182e-01
2.174784383576364721e-01
3.184473323522564736e-01
3.921555396638763402e-01
3.041676377465267200e-01
1.395201580099057759e-01
2.770948545840158928e-01
2.128218998104864645e-01
2.540996361589960562e-01
4.123662965018021209e-01
4.268481615672356511e-01
3.277713074915954983e-01
4.172163266464398723e-01
3.330993102262050920e-01
1.834694883685961952e-01
4.583390398635242557e-01
1.567319622010020785e-01
2.784651314455164339e-01
3.838900520647586800e-01
3.285834070500938120e-01
3.764768704130297960e-01
2.673982356890576839e-01
2.323894907010012612e-01
2.746921976574774882e-01
2.832598694855681387e-01
3.155160705648474284e-01
2.865416235321486260e-01
3.887329188567466010e-01
3.806395124775385774e-01
3.950385081669438025e-01
5.086934004702508005e-01
3.405878135964480746e-01
4.205405953880409498e-01
2.341286141260729425e-01
2.877507932417224246e-01
2.476189508296128272e-01
3.201045890904515856e-01
3.024338476754224181e-01
4.219857916814704346e-01
4.741485052517463439e-01
3.180818993223788471e-01
4.616984166869406159e-01
2.524550073963026664e-01
3.572938644984688383e-01
3.486337429261039955e-01
3.450367018145221731e-01
3.621287844055856020e-01
4.771842242802891709e-01
3.408583883053918906e-01
2.766630842050940009e-01
4.743588459665291635e-01
3.496136712989130757e-01
3.837896057095615543e-01
2.303555150764130255e-01
4.884670088604057270e-01
4.332952965993227545e-01
4.509750335077153949e-01
5.483111785941993110e-01
1.663746554214713957e-01
3.189222680302776225e-01
3.580953756747055627e-01
1.661799154001264989e-01
3.148569761737025074e-01
3.510547679911896757e-01
4.153556901933042611e-01
3.090272551761052977e-01
4.742255414395193935e-01
5.124425094723266128e-01
4.713211608326316471e-01
3.666358645343471556e-01
2.874489854451502957e-01
3.551611112638256573e-01
2.895003021341773231e-01
2.763473392453725808e-01
3.407227215952621235e-01
4.373997648712110720e-01
4.674322540468526244e-01
4.916599621933798736e-01
4.845302048197975275e-01
3.489377259102382500e-01
3.707139392226276309e-01
4.803703823579544840e-01
3.870013205122944111e-01
5.980907670896367101e-01
4.897837180336110929e-01
4.953596808720237554e-01
3.811161374279158354e-01
3.990642574889716188e-01
4.668390942847207015e-01
4.574616265095772238e-01
4.177756969309741608e-01
5.260985088684345667e-01
4.166691780526373123e-01
3.924513702115312586e-01
4.541995300523237189e-01
3.574631447956044816e-01
3.690564833643429354e-01
4.236432093614762584e-01
4.076975275828285672e-01
5.179250303477295203e-01
3.704894687884219273e-01
3.549475446163232184e-01
4.865625876268062089e-01
3.338730356603151206e-01
3.401469959062103920e-01
4.236832484720667868e-01
6.136994769899644098e-01
4.070794248440492979e-01
2.991688378776008461e-01
6.707798208329971423e-01
4.249967960716976578e-01
6.126161919591603944e-01
6.015322071482931410e-01
5.097157335832009917e-01
4.484258388653902250e-01
4.692529815135488835e-01
4.443928360355803853e-01
4.302091320593607882e-01
7.791132425881887036e-01
5.771767514145589306e-01
6.039713891061079254e-01
5.704883149287000021e-01
5.305853179104372819e-01
4.776352461246284875e-01
5.845325009437860597e-01
4.919676216291729576e-01
4.758283866562915687e-01
5.419047612429431782e-01
3.683777592322731720e-01
3.321463638667310203e-01
6.967471910856535278e-01
5.110276948721806933e-01
5.685762424878980648e-01
5.605375680085140644e-01
5.681103847447547261e-01
4.957029103712766727e-01
5.413299318027249285e-01
5.629781031173464179e-01
3.327971080305788254e-01
5.729748433855997858e-01
5.815131429129299923e-01
6.185424295121940697e-01
6.269673716589736490e-01
6.735553570967121040e-01
5.875394042837733810e-01
5.778380338152319107e-01
5.770943654004582202e-01
5.716764077591656168e-01
5.516954644721528966e-01
6.234342001481743001e-01
5.084310735582743268e-01
6.649250025639907857e-01
4.733589960906064431e-01
6.697284605797838575e-01
5.128515113716491935e-01
5.819751103658263869e-01
6.463626405981781620e-01
6.376684512346365574e-01
5.601376882088082709e-01
6.655477063960112405e-01
6.136212883716609667e-01
5.355811279941514735e-01
6.279728416745062880e-01
5.764697793133829462e-01
6.058998077927463255e-01
5.526230101808919937e-01
6.890938174269685135e-01
6.038757126823010024e-01
5.996267551812896057e-01
7.087832819959714037e-01
5.740181670080045651e-01
4.587803801719074759e-01
6.171406925814840738e-01
5.854027155911021296e-01
7.059741174987794743e-01
5.400130529268721835e-01
4.439050591196406770e-01
6.927181331587848323e-01
5.313954407128800295e-01
6.991617696801514237e-01
6.372780862474648478e-01
5.158283328544235324e-01
4.823424084208192131e-01
5.373551055178990010e-01
5.615617768864304971e-01
6.896517254340925884e-01
6.263455969160250936e-01
8.441790353272586866e-01
7.830529857655008641e-01
6.681631226368924814e-01
6.344124524375469587e-01
6.517452053823648006e-01
6.245678804047447574e-01
7.062873490599574922e-01
5.700679146083221793e-01
7.268740599109317913e-01
6.559706812355351468e-01
6.785244331867616996e-01
5.344692774851761419e-01
5.287296674410789654e-01
7.720139616360937040e-01
7.284821146932231040e-01
7.007409396224357767e-01
6.784292268467863041e-01
6.733108370442890678e-01
7.493843838404883329e-01
4.743866449745095526e-01
7.816143968745153936e-01
6.963577227515475032e-01
5.813256464280720515e-01
7.726427437372991314e-01
7.095324192300462851e-01
7.218044261894295266e-01
6.553684842238087782e-01
7.776748744295303162e-01
7.152946361305945189e-01
5.787914338610300469e-01
7.230749610203137667e-01
6.251722449989770558e-01
7.784781712518656915e-01
7.209573441685764861e-01
7.107479949189448032e-01
5.779265356610057136e-01
6.706645373070171390e-01
9.299384619229134064e-01
5.931853348341050713e-01
5.670450018312773732e-01
6.978598705444988282e-01
6.016126928969567356e-01
8.624949164902566690e-01
6.788499827612943793e-01
6.654121244811389557e-01
4.967060465090933352e-01
6.174221235257288942e-01
6.330343343810910239e-01
6.830208473842497297e-01
6.288033559420769247e-01
8.197388467899848763e-01
7.769809281769380904e-01
7.298011605892014142e-01
6.830798066587063788e-01
8.078029135273815386e-01
7.542849676483288635e-01
7.908896770998590231e-01
6.748706955953579500e-01
6.688918759233566380e-01
7.967278208787440530e-01
7.337231401242271245e-01
8.351874418544025236e-01
6.293430168222249321e-01
8.271993292079237170e-01
8.581969693253189702e-01
7.411087283004114123e-01
8.147320733472801502e-01
7.226049647235989193e-01
7.713922097931927846e-01
6.944828274946096558e-01
6.743378381217098871e-01
7.627766807412850181e-01
7.751617721587876764e-01
6.801335113880583316e-01
8.632883069987580260e-01
7.857568087499614551e-01
7.456631429670477207e-01
7.701888687980998904e-01
8.423741778252673562e-01
7.365224999460505684e-01
9.140373297502171202e-01
7.902296064473787185e-01
9.838549856048974807e-01
8.058060614806271671e-01
7.456495392115904952e-01
6.934249228259813380e-01
7.979756724769018206e-01
7.245937250835328136e-01
8.419588227306088468e-01
7.240224786558810965e-01
9.011598916548686500e-01
7.535007997310811945e-01
7.687735685873063884e-01
8.875388982134413407e-01
8.334836522701967176e-01
8.767465724566273488e-01
7.985586960672290679e-01
9.424178146030369740e-01
8.473410791488716898e-01
6.359533143488251827e-01
8.309881449956297850e-01
8.540566769519282175e-01
1.003318350872887121e+00
8.680455282680206164e-01
8.935611754890679936e-01
8.983171394932889520e-01
9.093043509968600224e-01
6.879046019637425902e-01
1.074631860523712845e+00
6.996536335119960537e-01
9.467201375331808499e-01
7.783738981978993721e-01
8.749214398929333614e-01
9.834369222405110467e-01
9.813943437603245279e-01
8.080912316050447020e-01
6.593390703781076834e-01
8.713559578142220374e-01
8.810093068769347946e-01
8.411069745417567578e-01
7.965220221469234696e-01
8.490989965761789326e-01
8.811452755732874786e-01
9.262517535378932410e-01
9.566971061193102477e-01
9.483089389669387970e-01
9.216855317773318124e-01
8.542539533455131284e-01
8.433008550983331908e-01
8.644467557497506061e-01
8.195079512329017657e-01
8.166568398117363126e-01
1.087416116788583853e+00
9.988154749036004532e-01
8.970298450473620511e-01
8.946491992735052801e-01
8.096454708590228311e-01
8.931118112740237258e-01
9.217874081930008678e-01
8.450745265995058819e-01
8.870689481221373240e-01
7.669593316720590970e-01
9.734445577327400789e-01
9.680017099597038044e-01
8.639074033191722624e-01
9.207444832723116201e-01
9.286735422671281714e-01
9.038975654173844188e-01
9.470610491988259438e-01
8.725474209271780746e-01
8.606672979578463556e-01
8.601624292818785822e-01
9.986378083334853661e-01
9.242368516844901016e-01
8.646182128008665924e-01
9.042172985357015413e-01
8.221307782333172609e-01
1.072344702025628038e+00
9.241933266239845679e-01
9.056428279766293166e-01
9.032444804954731232e-01
9.368753616387301975e-01
8.537500420398925760e-01
8.782674627336024553e-01
9.560855047923587646e-01
1.031176606627106640e+00
9.006805165986877526e-01
1.036619117531012213e+00
1.129103708516820292e+00
9.718773121095033440e-01
9.871979409150292151e-01
9.689209643954195261e-01
9.634345331160365511e-01
9.817539457500888966e-01
1.047888466567021615e+00
1.149257515087858117e+00
1.006670567001702432e+00
9.117090435537691384e-01
8.611638669775741883e-01
1.175572161847388664e+00
9.502360569182767280e-01
8.708917428359813639e-01
1.077087063180964144e+00
