-8.819993568448670773e-01
-1.122641334892505949e+00
-9.525816824940964711e-01
-1.028967323681472257e+00
-9.435830160426901259e-01
-9.836220036113505483e-01
-9.662506529214431872e-01
-9.678809052021665194e-01
-9.553828148832372857e-01
-9.948891895071214631e-01
-9.541033272775494289e-01
-9.763287299892630111e-01
-9.920729119540604435e-01
-7.238916578475430574e-01
-9.185117693652186110e-01
-7.287243581176344742e-01
-1.013060899148507721e+00
-9.816056796660628248e-01
-1.017221561805006225e+00
-1.132043116715131248e+00
-8.811937718353566318e-01
-1.014620869265960845e+00
-1.032860461256159823e+00
-8.327599266198121297e-01
-9.448788597000448153e-01
-8.944626570775322527e-01
-8.773480857636722918e-01
-8.978085276959241190e-01
-9.913732248375509704e-01
-1.055459533422700158e+00
-1.007943569792697724e+00
-9.431042959587905283e-01
-9.505076755831443069e-01
-9.986573985940355724e-01
-8.709370163915887142e-01
-8.708739823608391273e-01
-9.277432959214987340e-01
-9.705706852284740060e-01
-8.645381988094689163e-01
-9.736669756481010074e-01
-9.726073597386631908e-01
-8.832094168110212751e-01
-8.778289366785529957e-01
-9.321966569987635287e-01
-7.491681190933823231e-01
-8.592370416097113717e-01
-8.865829218193680417e-01
-8.846748605931804565e-01
-8.613403232498998419e-01
-7.567515454283234577e-01
-9.098043068831126456e-01
-9.396357072660744825e-01
-9.897791769121514482e-01
-8.909716585223886876e-01
-1.015221833043306487e+00
-9.710649169822177518e-01
-1.094109544089244324e+00
-9.368347193475635715e-01
-9.959207727722443337e-01
-8.603035828529809192e-01
-8.600187322768094722e-01
-9.644195806642911206e-01
-1.003047308254753522e+00
-8.436560352837474408e-01
-9.868558735037585850e-01
-8.013900740538402179e-01
-8.257457806003623002e-01
-8.684501135228430702e-01
-8.054968100994369662e-01
-9.598477949520614061e-01
-8.774110071798915111e-01
-7.150658117073709352e-01
-8.315419633053334758e-01
-7.926940354145717293e-01
-9.091578324966510527e-01
-8.438626290947599529e-01
-9.184645914936500066e-01
-8.414633189078566389e-01
-8.346705744726059528e-01
-8.137564769573186751e-01
-7.446631533777131606e-01
-8.063618784159255481e-01
-8.067159925327398451e-01
-8.215656518657683538e-01
-1.039694855773247273e+00
-9.386636106119345957e-01
-7.896855623938977553e-01
-8.082216281537681901e-01
-7.860420187127965530e-01
-9.150860105755448393e-01
-7.319282395470833036e-01
-8.763633925774264588e-01
-8.746035498220231519e-01
-7.419932062674334805e-01
-8.408272666161278330e-01
-7.887165600210639393e-01
-7.746951699590610696e-01
-7.519735735753872996e-01
-9.261332821657710657e-01
-8.677105264005435803e-01
-8.559361234880115132e-01
-7.456500520912237029e-01
-9.275915584034497563e-01
-7.106499420449184923e-01
-7.891610911381072846e-01
-7.217767426833180400e-01
-5.607080007404470212e-01
-7.926739176039483414e-01
-8.679836001082130714e-01
-6.797916714831502283e-01
-7.772945115434662933e-01
-8.007720252143520900e-01
-8.350263168714473494e-01
-8.587126817991578287e-01
-6.315314438169735700e-01
-7.533598499569699181e-01
-9.138418611270427983e-01
-6.714037803659967940e-01
-7.479559195551401807e-01
-8.999076815391002793e-01
-7.048021317704311617e-01
-9.921362863194506110e-01
-7.547742228391129959e-01
-7.817807274000880824e-01
-6.812715224683280058e-01
-8.542407918908180298e-01
-7.581219990050295232e-01
-8.104901534394977070e-01
-6.708594983741291706e-01
-7.482936310171387495e-01
-6.187940638540724292e-01
-7.162318963090293922e-01
-8.344812391568914300e-01
-8.498373839811518282e-01
-9.636663552673429001e-01
-7.404092283547204500e-01
-9.327734168218365651e-01
-6.936824109272587968e-01
-7.160197614559089541e-01
-4.637715222486381017e-01
-7.236989371649352742e-01
-7.132393512967450944e-01
-6.466626561196654466e-01
-8.222799454900875382e-01
-6.694748619800061640e-01
-6.517464595364373947e-01
-6.400357228011639421e-01
-7.395805636750031331e-01
-5.305618625220102080e-01
-8.317610055532508317e-01
-7.714016576985295304e-01
-5.597663016729598207e-01
-5.656917277500836949e-01
-7.633651295599120923e-01
-8.213284056890451934e-01
-7.033449590412595986e-01
-6.351548349001507887e-01
-6.201849139696116175e-01
-7.034252962139461163e-01
-6.177450153494185026e-01
-4.693274267297720126e-01
-6.795486704222061247e-01
-6.225508530380529093e-01
-6.791367133645641596e-01
-6.854976775026033753e-01
-7.010069432735143158e-01
-6.698623180239753339e-01
-6.288926044150383587e-01
-5.681626829686122759e-01
-7.274932406595138179e-01
-6.185177463217358396e-01
-6.105027515498012702e-01
-7.749886627726694233e-01
-6.690704243075277224e-01
-7.077451994958229298e-01
-5.701996126681266874e-01
-6.024728085408395106e-01
-5.699551721103361945e-01
-7.012818189764256083e-01
-7.653905573418643415e-01
-6.156167945422207355e-01
-7.327329517594892705e-01
-6.370686507906559992e-01
-5.446517240597905651e-01
-5.883656612541565689e-01
-5.470344597415084387e-01
-5.465603146116485567e-01
-6.176976640748197411e-01
-5.688967692650921393e-01
-4.776653053967974127e-01
-7.453761782387773316e-01
-6.661533892927756773e-01
-6.375787901623022336e-01
-6.018520731648040467e-01
-6.103129061223936391e-01
-5.451504830505246035e-01
-6.427605313055001490e-01
-3.913921581734075006e-01
-5.730176464811757020e-01
-6.175667963208274491e-01
-6.445923856759606663e-01
-6.461251654954670576e-01
-7.324581476650705580e-01
-5.612202768709679823e-01
-4.271651404060713419e-01
-6.279783561842825490e-01
-4.585683452803874238e-01
-6.232740053637609856e-01
-7.903007413753617705e-01
-5.005619538962483572e-01
-6.877518578129583338e-01
-5.824709331823942904e-01
-5.672478914657641536e-01
-5.067019627497705292e-01
-5.679326008863616604e-01
-5.421398637305535617e-01
-4.981372740980834490e-01
-4.921201913502074587e-01
-5.581723090849456392e-01
-4.981461779922348176e-01
-5.550844692829194349e-01
-5.694266297605871108e-01
-5.805040284958485897e-01
-5.608709381792306159e-01
-5.029899596804778827e-01
-3.897615225292647700e-01
-6.622047206196173263e-01
-3.154948931541325940e-01
-6.660682020444009810e-01
-4.587017629935539742e-01
-5.875640883922866875e-01
-5.044578537719168754e-01
-7.048726153792834737e-01
-4.722533426588043093e-01
-4.807094462375142152e-01
-4.817801278039733348e-01
-4.518953836247492362e-01
-6.742061913591465006e-01
-5.412522920459685860e-01
-6.402486264597135879e-01
-5.106837507280246324e-01
-5.474303397091280221e-01
-5.873162467816865906e-01
-4.486326762017605052e-01
-4.146972328751891701e-01
-5.120503401902573026e-01
-6.528164315558933062e-01
-4.684566339975819727e-01
-5.039981068684900034e-01
-5.511689107524547770e-01
-4.582037443639023766e-01
-4.199295795498463879e-01
-4.499584314492807158e-01
-4.906139419172399485e-01
-4.420843365011685733e-01
-3.818134156926815126e-01
-5.391908830362200922e-01
-4.160773340935607911e-01
-4.886088303887730078e-01
-5.889640644116116430e-01
-4.655678173889363225e-01
-5.769339286917614107e-01
-4.902755857188201838e-01
-5.881940197712347551e-01
-4.052396458669125234e-01
-4.543982372118154367e-01
-5.553216623782422090e-01
-3.474714111235972513e-01
-3.001663892981615844e-01
-3.582930012469662251e-01
-4.959208256566510209e-01
-5.126848268529768937e-01
-2.895060727512950294e-01
-3.870118843314098167e-01
-3.899281128877417069e-01
-4.621727250846751622e-01
-3.927045161360527281e-01
-4.488760349221621038e-01
-4.362876479897456750e-01
-5.745350938657980411e-01
-3.497560897723944739e-01
-3.656522509069333182e-01
-4.737665342664358348e-01
-3.426589778721852997e-01
-3.036834399380796135e-01
-4.360622482391418031e-01
-4.139384758599899405e-01
-2.901502417250230725e-01
-6.338109319534339647e-01
-4.593955228918709111e-01
-3.059104353811494259e-01
-2.890432821431650479e-01
-3.164803957604405138e-01
-4.357650033173777193e-01
-3.848665854893564831e-01
-4.044071665435639007e-01
-2.067266677450598777e-01
-4.326258833108157509e-01
-4.240193341005707439e-01
-3.980072677860307384e-01
-3.718348899670418928e-01
-2.990660579451379641e-01
-4.371360212927525302e-01
-4.481294215299389538e-01
-3.973214473040070915e-01
-3.332098192816750903e-01
-4.421033955194602627e-01
-2.754595174591695228e-01
-4.691988936164115387e-01
-4.765200705131066861e-01
-4.396399616024436741e-01
-3.370495712908399000e-01
-2.931931891373682486e-01
-5.402472944068196226e-01
-3.729598908624315312e-01
-3.299346836349442147e-01
-2.820998007479785241e-01
-3.516847746453906076e-01
-4.053525797678224629e-01
-3.679440988785668831e-01
-2.944739667371599756e-01
-3.636533631747428941e-01
-3.328665826785667803e-01
-2.309939558344751287e-01
-4.470020405457670876e-01
-4.871518631455246107e-01
-3.743154905360570051e-01
-3.350709026170596294e-01
-3.238473245327054273e-01
-4.130386104776911371e-01
-4.237176080218494345e-01
-2.007755632615554620e-01
-2.832457207104985830e-01
-3.907514953388626644e-01
-2.823683636337767644e-01
-5.276892539495212642e-01
-3.919675372691981963e-01
-4.359822424616267567e-01
-2.450699760178146336e-01
-2.161890436980992425e-01
-4.945738867706805930e-01
-3.668089639517127520e-01
-3.487323437940276771e-01
-5.265298616983100644e-01
-2.713821084848828114e-01
-3.420762758407658866e-01
-2.841419401699824543e-01
-3.140478890741462137e-01
-3.483845840009139327e-01
-3.010583154505620529e-01
-2.784361424925680395e-01
-4.312103706520835633e-01
-2.274140836968441270e-01
-1.735180909674617356e-01
-2.709108651211225016e-01
-2.753135179914950048e-01
-2.082872745181327812e-01
-3.595621955276515624e-01
-2.091663425921277131e-01
-2.745382392398697524e-01
-2.130556124239563753e-01
-2.285463950070978634e-01
-3.778086521427724831e-01
-2.273527038095600472e-01
-3.351039297213768142e-01
-3.929449536943578347e-01
-2.013434375744349025e-01
-2.751715141738786952e-01
-2.461117656462851466e-01
-3.306663714694704215e-01
-3.384871890186010313e-01
-3.039218715303387275e-01
-2.694815243274409911e-01
-2.789331908382310932e-01
-2.602863438159409015e-01
-1.784627797517016889e-01
-1.208489161488377900e-01
-2.670533764800601673e-01
-2.829838305967439238e-01
-3.337564154012729323e-01
-2.575294841220137076e-01
-2.148224514373051064e-01
-1.241256026726342623e-02
-2.733076094117364296e-01
-2.286655115506019964e-01
-2.855877004910548633e-01
-3.174420017179757081e-01
-1.997757053851904330e-01
-5.166138673308085655e-02
-1.860560544899524105e-01
-1.662707360188006855e-01
-1.912235732212123618e-01
-1.826501457069777679e-01
-1.614567894570932693e-01
-1.730270405533202993e-01
-1.739546999281089967e-01
-1.365509618690540772e-01
-2.525257290627725970e-01
-1.590723897414781651e-01
-2.453327597423538564e-01
-2.260279849254995532e-01
-2.652037447000989423e-01
-2.027726714820092258e-01
-2.371424028056886846e-01
1.381903598811801874e-03
-3.376661329208814344e-01
-2.725073167801615459e-01
-7.306315209506464292e-02
-7.911318954418748717e-02
-1.922876909695830083e-01
-2.007594336756044207e-01
-2.223991552287234164e-01
-2.020403478149776222e-01
-1.241858634641854475e-01
-5.959800124001669863e-02
-3.421103195730003654e-01
-8.116183516286745725e-02
-1.562911859345858245e-01
-1.672094917613123066e-01
-2.594676603236127921e-01
-1.226488370161940705e-01
-2.326563789690077599e-01
-1.053666819939730326e-01
-1.088253347382368563e-01
-1.053061462649280793e-02
-1.853138877850929178e-01
-1.666374272313579097e-01
-2.465435546725926463e-01
-1.490153073759366287e-01
-2.084521592614523855e-01
-2.259988512344044409e-01
-2.105931267388659878e-01
-1.474930218540401461e-01
-1.596269980256157239e-01
-9.492925868633833586e-02
-6.866605116036970935e-02
-1.476071492014487119e-01
-3.859822440151790962e-02
-7.871434801210554222e-02
-1.415091455098706485e-01
-9.866115554294987988e-02
-1.596453306816694728e-01
-2.774758784881640739e-01
-1.709966492713927699e-01
-1.456580786634768254e-01
-1.516848794863134842e-01
4.268824349101309201e-02
-1.492152420353177744e-01
-1.020783574552288769e-01
-2.239317495512582745e-01
1.365640738278433609e-02
-1.859418227358119319e-02
-7.592797350397015310e-02
-4.511123266267744181e-02
-1.704334570731398102e-01
-3.028793743551758677e-01
-1.110430224121817105e-01
-1.844499666329326437e-01
-1.024113651602801822e-01
-1.094611251910589528e-01
-2.157548054008326943e-01
-1.519766244428409074e-01
8.702337214389725684e-03
5.772116002615314094e-03
-6.978004693394833369e-02
-5.094325160315264778e-02
-8.704584291305995241e-05
-1.733337152449541119e-01
4.813936295495020723e-02
1.035361030431330249e-03
-6.961672842110516214e-03
-1.418246090405914928e-01
-2.800624852530265302e-02
-6.904531622536598523e-02
-6.883661742739119460e-02
-6.258830693062134021e-02
-2.009174408064119122e-01
-3.225313933950074707e-02
-4.697247274246459797e-02
-1.298725076931433325e-02
-5.833264744909662930e-02
-6.146938732062509625e-02
2.437234089214537075e-02
-3.707589128346894941e-02
-1.339801837698142151e-01
2.889180830159105567e-02
9.129445966082577746e-02
-1.548161449878371343e-01
-4.203555967232847079e-02
4.346581094711885439e-03
7.032575051468538396e-02
-9.294014933131238042e-04
-4.945997728309305813e-02
-2.672154611729464502e-02
5.260588317292515248e-02
-6.801548402068388621e-02
1.617563760981976795e-01
5.818458948769220616e-03
-9.903071279687819181e-03
-1.297339462824648459e-01
-7.685048742732936145e-02
9.992408065714748766e-02
-3.200151304903569444e-02
9.694432642708494807e-02
3.600607437481529588e-02
1.408630098138438994e-02
2.883163287629673596e-02
5.231191378835435557e-02
-1.066488587069469585e-02
-1.677207381996407773e-02
1.285112182704680472e-01
3.760654579739462072e-02
-9.060154533787924402e-02
-5.235835333213206474e-03
5.496136387163059328e-02
-6.936398040339722404e-02
-1.332224027695366221e-02
9.039257338707473721e-02
1.250905366904831728e-01
5.068114361832597864e-02
-2.717877006859662492e-01
-1.958985559531955523e-01
9.190333138182595063e-02
1.251747195480607255e-01
2.541981905088545879e-02
5.145754476119657195e-02
1.148811780095185253e-02
-2.392333099428245805e-02
9.791980647528295001e-02
2.889763515225258345e-02
6.872526750032076359e-02
1.430737764138703128e-01
1.685652664929716826e-01
9.528653967404925040e-02
-1.525484324066327634e-02
7.167158571895920760e-02
-1.464707316510133715e-02
9.423536824638928389e-02
1.416974989187232692e-01
-3.634967987337365397e-02
1.641143695478292780e-02
1.874126589330306347e-01
1.148243070450018222e-02
-3.878033718713935762e-02
8.773527566809895262e-02
1.408097777753259672e-01
2.143979761103161422e-02
1.507121046179425439e-01
-8.443664097427769355e-02
1.164729367686741651e-01
2.421027693281754475e-02
1.343916218105594973e-01
1.665500922863723809e-01
1.551218440430457146e-01
-5.780391895812640735e-02
8.731874445741169555e-02
1.101393045962675010e-01
1.281104395954209829e-01
8.066961777944095524e-02
5.072318829540344021e-02
1.712867219152678366e-01
1.286950344237650368e-01
1.862370756314289388e-01
1.050082220106874631e-01
2.879352501803291720e-01
2.003004217029509815e-01
7.724632847930651414e-02
3.499055182182381901e-02
1.593342334307270569e-01
2.643159523942650857e-01
2.048188987712302733e-01
1.246067782843905819e-01
-4.072758237309742624e-02
5.264957271756078028e-02
2.175801643017619691e-01
2.871612399709284197e-02
7.479794663656799680e-02
1.494587085032430263e-01
1.680598222539704534e-01
2.363014276519720125e-01
7.157360150353984929e-02
3.166742230798220148e-01
1.417141342316290131e-01
2.097032537210728464e-01
-5.024580286078150076e-02
1.880568030573253613e-01
9.270398710508766238e-02
3.074976652530955756e-01
2.649557702558514860e-01
2.043616310625602506e-01
2.372461486535685782e-01
8.217648333424057427e-02
8.743461914255303002e-02
1.321581887258385934e-01
1.128777512300954411e-01
2.057799639227731459e-01
2.940662343696748837e-01
8.226134522415352868e-02
2.756468252178149170e-01
1.864865645985442633e-01
1.495548672067182616e-01
2.084376949999497963e-01
7.087775292284503870e-02
3.234260871620844302e-01
3.011325100165167523e-01
-2.981863240704206788e-02
9.282519461261114213e-02
1.969864022027030537e-01
1.097558082648737304e-01
2.454905339540998377e-01
9.344796272887129218e-02
2.100398211730610809e-01
2.550197654596877417e-01
2.708595135710598623e-01
3.060457355957379999e-01
2.671060358862992756e-01
3.372971843016823734e-01
3.023014730191939670e-01
1.582041935787144027e-01
1.744312530778986126e-01
2.513360070697797100e-01
3.175377410770208741e-01
3.037630740507394345e-01
1.766533962107980360e-01
2.297235501766641264e-01
2.464669460480902463e-01
2.650719218388156717e-01
2.775728702422007865e-01
3.182842864538933947e-01
1.074487727924612196e-01
3.055409180244600398e-01
1.927907952214611975e-01
3.349541115330978980e-01
3.803531933953236965e-01
2.969911165542547526e-01
1.561143440526815140e-01
2.909884018769903213e-01
2.049326521470672680e-01
2.419536961097938088e-01
4.071385130756035031e-01
4.417149233969073774e-01
3.253726045495369812e-01
4.208896563601671748e-01
3.135656165600372303e-01
1.788645643647416017e-01
4.815041234049778351e-01
1.623634352032440886e-01
2.861164207057945719e-01
3.828433161116281958e-01
3.252930478893912847e-01
3.845918630888630618e-01
2.615237597989062968e-01
2.332291760316360651e-01
2.885743189084657989e-01
2.837619479566317326e-01
2.970355953175886077e-01
2.879747926769725686e-01
3.967373531757215077e-01
3.897407378558513935e-01
4.097260089986118903e-01
4.994516529790183901e-01
3.677121993153791291e-01
4.200070286868959890e-01
2.581013401978563548e-01
2.776686031967485202e-01
2.508500524913571117e-01
3.333034430925574942e-01
2.871278555093868534e-01
4.160158168381971611e-01
4.705576635948356401e-01
3.084061922186470683e-01
4.502990064351024002e-01
2.582241595362468889e-01
3.818960224945504578e-01
3.379346125225515252e-01
3.502750461688645123e-01
3.593803044944289260e-01
4.819247000295380778e-01
3.335649569120704427e-01
2.729585235043164859e-01
5.027957969574512465e-01
3.463193260249013972e-01
3.512265160353035265e-01
2.453785278503016198e-01
5.098507583934244192e-01
4.222877434087284332e-01
4.457084793809160672e-01
5.388611960302529535e-01
1.705467479489209404e-01
3.075206526688350483e-01
3.551288143210060144e-01
1.814533239184301650e-01
3.303467488313198142e-01
3.503532910350447005e-01
4.093866734080973124e-01
3.246473594534482476e-01
4.903160922817333400e-01
5.121571645233653491e-01
4.854485312730612012e-01
3.819649988136380458e-01
2.889627817432050549e-01
3.292249153449796073e-01
3.164474821777268354e-01
3.105739112352287612e-01
3.237309946864284638e-01
4.511166293936901273e-01
4.989722898623707992e-01
4.718339953606811576e-01
4.784868679294268512e-01
3.215906249938366157e-01
3.714890326288090572e-01
4.997288861935375026e-01
3.890461383277541985e-01
6.187682732275573416e-01
4.971642677261995935e-01
5.073163673168638033e-01
4.060553904236975375e-01
4.129158724373810929e-01
4.523731773358395936e-01
4.679347138342215828e-01
4.139324125057959325e-01
5.190475628974730027e-01
4.084523404811200575e-01
4.106869074630323246e-01
4.421692563795928677e-01
3.556928823702800724e-01
3.514341526624401024e-01
4.127300644511133765e-01
3.879129927717271387e-01
5.255124578607228703e-01
3.784902186042072847e-01
3.647640841850323667e-01
4.821333473172930706e-01
3.318917474405666534e-01
3.580478288902099182e-01
4.195625401871292404e-01
6.437853959471390164e-01
3.985744075382733342e-01
2.777272893550296051e-01
6.823638081957245083e-01
4.144321095752531159e-01
6.357720699720519342e-01
5.957644147544215452e-01
4.936857010916607114e-01
4.581517635740779970e-01
4.796686024279415150e-01
4.388681692457471750e-01
4.090181390293419761e-01
7.690212036836086007e-01
5.826630476323048091e-01
6.080700826257358083e-01
5.698515562171201365e-01
5.484044743116232024e-01
4.633766139896128844e-01
5.629853516166678506e-01
5.065547822039390136e-01
4.686934153954316895e-01
5.413498754868960594e-01
3.807934205993718790e-01
3.384307204228233501e-01
6.954717642505593433e-01
5.175398451505005548e-01
5.846507117282222499e-01
5.692587579664809549e-01
5.728947874745110580e-01
5.062469940896549003e-01
5.447256576042832643e-01
5.726421228410349951e-01
3.283676990143159502e-01
5.669402091026503054e-01
5.997623225385028123e-01
6.514311451406969988e-01
6.104998094256410823e-01
6.558906622688922550e-01
5.841741073396707895e-01
5.707295676576662480e-01
6.165634157783903557e-01
5.640172821967222028e-01
5.712143210007883942e-01
6.218768737196715968e-01
5.172147754060003599e-01
6.386940515521478678e-01
4.829118159536127664e-01
6.575097926445262475e-01
5.470824506012534894e-01
6.028680818987215417e-01
6.532301793927027811e-01
6.337404528220998978e-01
5.676820598577552168e-01
6.772912483250864701e-01
6.043931737844984164e-01
5.346140356609682120e-01
6.616457063916505454e-01
5.530880937717673751e-01
5.981635548425334736e-01
5.495465113295934234e-01
6.795687605130178444e-01
5.877201776874190209e-01
5.956033178758204372e-01
7.023923213578311397e-01
6.082493756222153714e-01
4.190085427175280763e-01
6.239379378845443247e-01
5.965604849808547883e-01
7.270704567382714201e-01
5.162678034272635275e-01
4.331795447123616971e-01
6.684068093266184452e-01
5.339249049363193889e-01
7.091605189700315170e-01
6.424464370139455482e-01
5.223070373145732859e-01
4.753057860567027615e-01
5.413302104459259967e-01
5.755951290605918480e-01
6.722575586774518497e-01
6.313523446565327824e-01
8.228035561769109218e-01
7.644002740106699001e-01
6.715738844317783451e-01
6.370998508432541563e-01
6.614757367890053974e-01
6.407366383414374589e-01
7.329676251872108139e-01
5.630636764453703647e-01
7.429785991288198055e-01
6.562734387196035302e-01
6.710726435548618474e-01
5.415099472024111904e-01
5.424268353365223616e-01
7.685937931768156428e-01
7.414321305790126937e-01
6.806629344196565290e-01
6.651115898817945293e-01
6.885650021376226171e-01
7.315835927358401714e-01
4.546083463025223370e-01
7.711476175069102990e-01
6.939373543524526289e-01
5.732898643724853027e-01
7.537428456755065342e-01
7.050957602082317255e-01
7.311351812783728477e-01
6.485784195222238369e-01
7.718584819682281495e-01
7.147129131470998376e-01
5.760771957713650693e-01
7.114559267856044311e-01
6.265688100848649800e-01
7.836833080240948046e-01
7.162397155580026986e-01
7.324599005725230816e-01
5.951079499165258246e-01
6.669585761385110612e-01
9.518646440193307967e-01
6.132495801796589152e-01
5.946337566251893580e-01
6.881535279115179593e-01
6.248570992603517116e-01
8.805611615927861902e-01
6.708613504913916170e-01
6.632849458042350266e-01
5.109601253530801079e-01
6.305696602285613128e-01
6.353558806240031664e-01
6.874977867020064526e-01
6.554048479373171254e-01
8.193172034490667777e-01
7.749568273971997323e-01
7.366560355309543784e-01
6.971181759864433225e-01
8.116178343338056322e-01
7.528348495668143459e-01
7.740786026616874871e-01
6.715173994317121808e-01
6.790249703777886392e-01
8.113832650203889330e-01
6.934069610047004506e-01
8.310377631206421478e-01
6.224006137392580351e-01
8.191367557031473678e-01
8.153154519023536606e-01
7.453724140927620034e-01
8.147507740149015909e-01
7.231856868827887252e-01
7.648644492475932255e-01
6.903153152289021044e-01
6.689176130921750119e-01
7.543767032887459534e-01
7.836400877616724880e-01
6.578655834895427157e-01
8.739810149597903033e-01
7.881473201373218052e-01
7.304074805774936063e-01
7.612435124880377879e-01
8.545132719052300763e-01
7.463716961900491720e-01
9.077708802484660833e-01
8.164261030085562254e-01
9.899428745961528220e-01
8.037492655106932560e-01
7.442976923741272399e-01
6.968514204026344805e-01
8.017258309784243142e-01
7.239871594795914689e-01
8.369844981563731023e-01
7.054640505549351071e-01
8.939153147049645476e-01
7.787281977283211365e-01
7.954890085290335922e-01
8.817723047827030758e-01
8.303557115373794151e-01
8.809812615694306848e-01
8.141096890572637745e-01
9.396732512288819006e-01
8.797707596311641343e-01
6.251368796636461722e-01
8.130575473055953184e-01
8.585797539862678462e-01
9.918186705869843633e-01
8.683804016457327135e-01
8.915143482311643774e-01
9.074728156324184392e-01
9.153471063826703613e-01
6.590016226364171503e-01
1.076550401773225918e+00
6.964583172638588726e-01
9.457938922881194976e-01
7.854064505205873292e-01
8.783292875976128622e-01
9.940581060994886364e-01
9.752973147168141343e-01
8.109038319769351633e-01
6.587260986135022867e-01
8.689859329860184500e-01
8.935435316626542113e-01
8.543528193816340988e-01
8.085581597169134715e-01
8.339620685762362262e-01
8.944103746282061618e-01
9.114906689041577526e-01
9.339641939833872586e-01
9.513755996237099888e-01
9.228345662985121267e-01
8.520186634851891760e-01
8.429918202788512227e-01
8.581539269284005345e-01
8.500957147977333817e-01
8.052434090552842427e-01
1.107390098301938464e+00
9.969690191180319294e-01
9.125616151175039992e-01
8.695446381512326184e-01
8.152285177778394454e-01
8.620642620266490974e-01
9.556937910346788856e-01
8.488028483507868982e-01
8.641148062887503700e-01
7.790092527568757141e-01
9.654045682323235678e-01
9.735821045690908893e-01
8.667142108735074180e-01
9.294391508232950905e-01
8.946017245436277410e-01
8.959283716245487472e-01
9.734351733635099313e-01
8.655745907209643208e-01
8.723409595163577057e-01
8.809027226678550759e-01
1.016334320953982351e+00
9.112216182968289058e-01
8.614227799658806806e-01
9.213002928116451606e-01
8.237434835546462164e-01
1.068989619753895282e+00
9.302373554514221654e-01
9.101837797047742651e-01
9.027280934260012435e-01
9.594843087127455927e-01
8.625039547675189544e-01
9.003747180044823217e-01
9.866404808232390744e-01
1.029742242595042212e+00
8.813428545633811284e-01
1.017673976219094722e+00
1.109594935485839429e+00
9.589988814015159013e-01
9.766536587584890849e-01
9.557478561163289532e-01
9.581039704167879645e-01
9.763578970446269434e-01
1.037284437071603449e+00
1.130681068967219760e+00
1.023197277820101947e+00
9.248555365620860780e-01
8.750932050320476829e-01
1.176433643436601839e+00
9.494533688388410164e-01
8.578983835498580346e-01
1.059629017849787136e+00
