-9.832781388335694039e-01
-1.001916778879197389e+00
-1.058052659738852652e+00
-1.122391059569354477e+00
-9.713792328510477692e-01
-9.475119602688050202e-01
-9.367286839023731826e-01
-1.044875432043501640e+00
-9.832332739986692216e-01
-8.048605582659892344e-01
-9.917154180761327265e-01
-9.225815024587311619e-01
-9.997571780300587019e-01
-9.112872432011686064e-01
-1.035977939476110832e+00
-9.068188094672920974e-01
-1.029941547894029252e+00
-1.003623036519355471e+00
-9.104825952947780410e-01
-9.536873638692231481e-01
-9.145946856842250838e-01
-1.056094513919496602e+00
-1.093739443301107173e+00
-9.764521558639575050e-01
-9.080544934708020266e-01
-1.020463421314994124e+00
-9.816880081210205278e-01
-9.884307763492083954e-01
-1.108434829849186176e+00
-1.037321971893117700e+00
-8.789351631794927178e-01
-8.724064936280888638e-01
-9.090658547600470873e-01
-9.794873171214991681e-01
-8.973196512438249561e-01
-8.675540738947947750e-01
-8.843286622085509974e-01
-8.353002193121622510e-01
-7.636139580127297988e-01
-8.946181841928454448e-01
-9.227375257436630784e-01
-9.566638845652106760e-01
-8.048249640061877486e-01
-9.936396331823484918e-01
-9.448596735055265761e-01
-7.700029753455419623e-01
-1.203442031637776966e+00
-1.072872923784406352e+00
-9.447464167759089815e-01
-8.466174608510129707e-01
-7.920244329684085205e-01
-8.996594907443425937e-01
-9.917839663765076752e-01
-8.347420593047726323e-01
-9.181750112890588733e-01
-1.013309447892587700e+00
-8.753312880663941531e-01
-8.812720656400223618e-01
-8.293817696138735540e-01
-7.828963248233357097e-01
-1.058968894279159301e+00
-7.993444299101180039e-01
-9.810259852942307957e-01
-8.732364938344390204e-01
-8.329522884291130636e-01
-9.283813872754353991e-01
-7.853031266894539009e-01
-9.438393098662551939e-01
-8.837983111125988778e-01
-8.678682939275930153e-01
-9.185286329417047257e-01
-9.424640020744651236e-01
-8.526215969158940089e-01
-7.859378153781731990e-01
-7.647885972933530230e-01
-7.342271434097323857e-01
-9.067221446425501874e-01
-9.157684280777582675e-01
-8.307807320266196172e-01
-7.747289138121453700e-01
-7.116275302107016865e-01
-8.253849219228263090e-01
-8.691253177658398998e-01
-8.115810368673794795e-01
-8.651540347636778039e-01
-6.767686955462842713e-01
-7.190853614999181964e-01
-9.617238621843550161e-01
-8.319596148890255893e-01
-9.177319257011077314e-01
-8.675820940701052253e-01
-7.610623861345479080e-01
-7.345175834284524141e-01
-7.328353443655263311e-01
-6.653707802047453823e-01
-8.494557844174792649e-01
-8.549142292854272629e-01
-8.360693968451650138e-01
-8.842292010833304738e-01
-7.852833072031355499e-01
-8.979194755351125323e-01
-7.628102259448058531e-01
-7.715485417822210978e-01
-8.359050562717588173e-01
-8.874160029201826339e-01
-8.159024914589274591e-01
-7.665186001585004849e-01
-8.257109567480606094e-01
-8.796016196707713286e-01
-7.866340452475877321e-01
-9.011297953224164381e-01
-8.279610626083927505e-01
-8.067973049736087976e-01
-9.130192816079139018e-01
-8.804343908157432619e-01
-8.102664052790236049e-01
-6.911349022525176133e-01
-7.114042414076551246e-01
-8.281111697255479909e-01
-8.041704708999458662e-01
-7.745197510481004466e-01
-7.424434337774122872e-01
-7.646265829358344090e-01
-7.065446857307002837e-01
-8.066969940539108208e-01
-8.721110464472869861e-01
-7.546020691243413570e-01
-7.410383205801814865e-01
-6.913676590156681012e-01
-7.472120477366930302e-01
-8.017742960898960325e-01
-9.984023752254396200e-01
-7.372955445534257191e-01
-8.663212257388239745e-01
-7.951552658453356903e-01
-7.521381150363598556e-01
-7.464099114293590853e-01
-5.994752281369093438e-01
-8.113794965305527462e-01
-5.584989196172470693e-01
-7.985727176232417790e-01
-5.837384817737175657e-01
-7.323340368268522749e-01
-7.481209172548248798e-01
-7.987749135041392057e-01
-6.696999068414208889e-01
-5.449713587396397552e-01
-6.181006676396056942e-01
-7.447776210229124505e-01
-8.016250882973531278e-01
-6.172440757538165679e-01
-7.899220952545513708e-01
-7.478133542317959570e-01
-7.058226109886585053e-01
-6.240442599295755732e-01
-6.883655190881295960e-01
-7.045291646222984205e-01
-8.804647701887787781e-01
-4.930930741365721071e-01
-7.561948140793519624e-01
-7.638934149057293732e-01
-5.551660336572621368e-01
-6.241883207292171498e-01
-7.377986641832168235e-01
-7.009041462326870420e-01
-7.386668293424328846e-01
-6.860102702067293334e-01
-7.311928498772067853e-01
-7.036417628313477168e-01
-6.543243484332553761e-01
-6.321802199002802825e-01
-5.655678162729679270e-01
-6.610197498404668526e-01
-5.982091242086500227e-01
-5.368933682359827708e-01
-5.155695041081551633e-01
-6.502264480660511214e-01
-5.922300738897930961e-01
-6.610819606695111927e-01
-6.025301587578221207e-01
-6.812814970681280169e-01
-6.506627339902246732e-01
-6.069728883118488127e-01
-5.878542007277858250e-01
-7.170211497040460680e-01
-6.507676067485806959e-01
-5.920570522848905837e-01
-5.982858156264305727e-01
-6.070434912130463490e-01
-7.706136002171668498e-01
-6.719742919201189268e-01
-4.621958110324309588e-01
-6.180466050150519308e-01
-6.013347240459080423e-01
-6.261056839618724945e-01
-7.804949719705660538e-01
-7.173696975800306630e-01
-5.472864622107951327e-01
-5.682944018746477477e-01
-5.207082684754995583e-01
-6.107464309246863898e-01
-5.890022366689273703e-01
-6.199996444713270494e-01
-4.480602485842192784e-01
-5.765278214743105867e-01
-7.506850555192007279e-01
-6.790751686129430365e-01
-5.155950855024615809e-01
-6.789691772237557155e-01
-5.848401910847066398e-01
-6.295096800538620974e-01
-7.241033922510734522e-01
-5.066093418832238182e-01
-5.881553540037210981e-01
-5.822563855257582022e-01
-6.933183698041569532e-01
-5.910507985369634065e-01
-5.179522784093893994e-01
-6.067975168072380354e-01
-5.447856992832722511e-01
-6.221103280214834719e-01
-6.066085895181655419e-01
-6.549424712623213019e-01
-4.844744797345476028e-01
-5.722825231698733806e-01
-7.491948388510467627e-01
-7.014089736118661600e-01
-6.096994668419385421e-01
-5.926143336017763996e-01
-6.482519475042166635e-01
-5.277758633021708556e-01
-6.243899509151372706e-01
-5.135565455872406204e-01
-3.607397785827968217e-01
-6.761768642366562387e-01
-4.904061031651255620e-01
-3.633693447499061202e-01
-5.135579956246151268e-01
-4.746269760012770678e-01
-5.364721231594188344e-01
-4.643883932328934372e-01
-6.535812910943542553e-01
-4.187608217420580314e-01
-4.814906473442174262e-01
-6.012457927189339690e-01
-4.673836599255222768e-01
-4.436433626450335677e-01
-4.426844235147681106e-01
-4.952276236852092284e-01
-5.157072687957950929e-01
-5.024059524352393336e-01
-3.989552654775302409e-01
-4.687013610839537159e-01
-5.274010108760566196e-01
-4.277147166081328722e-01
-5.993642571892610071e-01
-5.458879025269299801e-01
-5.538780285217153043e-01
-6.747324613341505462e-01
-4.238483100097469869e-01
-4.405682210928172915e-01
-4.180809243601631420e-01
-5.408448329373437558e-01
-5.183533427141080452e-01
-5.367514457817312845e-01
-4.735889634596739395e-01
-4.446479228461184818e-01
-4.597410815734187528e-01
-4.806668507348205721e-01
-4.497893695378769596e-01
-5.919028205320693292e-01
-4.011788318061619285e-01
-3.758404414961901696e-01
-5.030099686914016877e-01
-4.514527490412523769e-01
-3.685032791238435079e-01
-4.254527404571677995e-01
-5.121723118878608316e-01
-3.391825077590829296e-01
-3.902246774400748297e-01
-5.374997026192234184e-01
-3.241768949415367307e-01
-4.910443531627847746e-01
-4.682485044788353146e-01
-4.839506484316634660e-01
-4.367158644251248334e-01
-4.202549849517199787e-01
-2.645179348004672581e-01
-4.003044425058160938e-01
-5.155210407387962324e-01
-4.620604219926270906e-01
-4.549126943089063513e-01
-4.092416346809007455e-01
-3.518939134659469503e-01
-3.962916934318541085e-01
-4.777763661521656213e-01
-4.487955078135387743e-01
-3.844402165303744678e-01
-4.505940957855457119e-01
-3.716295671104442033e-01
-3.477259488510328622e-01
-2.652341162940200503e-01
-4.995214208512615550e-01
-4.797830834340252593e-01
-4.143146972630177283e-01
-4.311647806775058545e-01
-5.653964531025192919e-01
-5.521181384697766426e-01
-4.005146771178948462e-01
-2.296312617852787619e-01
-4.039524821201970206e-01
-5.349044563934517438e-01
-4.327460038919729857e-01
-2.799762033977313269e-01
-2.886281924427288037e-01
-3.689951367774309543e-01
-3.539955748956362114e-01
-2.871958566896851139e-01
-4.537670696577301710e-01
-4.276214629979540049e-01
-2.985660079456642912e-01
-3.389036291444984528e-01
-3.715898864941151181e-01
-4.417585235242310615e-01
-2.788853136789657405e-01
-3.485687824271312962e-01
-4.699398600523175262e-01
-3.770844526490501059e-01
-2.251661648972723972e-01
-4.199112491318922613e-01
-3.910440789477532819e-01
-2.774970782995330731e-01
-4.942151222201717209e-01
-3.701301773727281308e-01
-2.647822695220146128e-01
-2.944959832302710967e-01
-2.861457842409148578e-01
-2.746261706032516181e-01
-2.978826279176883252e-01
-2.483435326258628950e-01
-2.394006629125709218e-01
-4.312610822404301936e-01
-2.269791657432581322e-01
-1.019123828710643553e-01
-4.458200749749209879e-01
-2.444656755272003601e-01
-2.217281160779845384e-01
-3.143656858144443511e-01
-2.038040668184227522e-01
-3.861803964254438282e-01
-2.643252586550405847e-01
-2.969767731208171058e-01
-2.574547695736139064e-01
-3.123606413645642066e-01
-3.811555070389531230e-01
-2.169956045153877688e-01
-1.882691559683569715e-01
-2.200111345963377263e-01
-3.062693288018148441e-01
-1.437496343664151077e-01
-2.416653062718805145e-01
-1.532373955849070379e-01
-3.411366659525413847e-01
-2.735411517272709481e-01
-2.166451881180467554e-01
-3.819454048891969822e-01
-2.888974978010545036e-01
-3.751295088458289628e-01
-3.762176350236925426e-01
-3.615931077348685241e-01
-2.374066611831944507e-01
-1.850051447178246433e-01
-3.498592178380486306e-01
-2.073874117021710650e-01
-2.336817156105293891e-01
-1.158167727263433311e-01
-3.130339724184670880e-01
-2.691697800117615613e-01
-3.321302266061383346e-01
-3.785821839386074861e-01
-4.439715446670006171e-01
-1.677585004178603345e-01
-2.412540242060813855e-01
-2.540726362982163034e-01
-8.284318064438304929e-02
-2.425383295215259583e-01
-2.925410902148604664e-01
-2.064063785742407398e-01
-2.090744427633740299e-01
-3.126372548787041405e-01
-2.511445764059430097e-01
-1.620577634924980082e-01
-2.119464627054410966e-01
-2.306529739841052806e-01
-6.647764686010963764e-03
-4.682384523854962038e-02
-1.440005981944020574e-01
-9.884268640718102406e-02
-1.681202932196089461e-01
-2.963549321134844594e-01
-3.455320147396379049e-02
-1.477486876293030715e-01
-2.048170365187241757e-02
-3.114037004317933843e-01
-1.000253052431430423e-01
-1.780307993209530038e-01
-6.528929027399370255e-02
-1.130622969552145113e-01
-1.452541388416324908e-01
-1.464125938855594111e-01
-3.214928170279269248e-01
-2.222254036592025972e-01
-1.579659022493493659e-01
-2.978158472807865276e-01
-2.439883951182023059e-01
-2.244984367875107745e-01
-1.614445353536848593e-01
-1.567562527550589446e-01
-1.753182676365508952e-01
-3.452275322552588732e-01
-2.175218179123433460e-01
-2.249771971169712559e-01
-8.276706275421664982e-02
-1.745125881920766286e-01
-1.369014236666919737e-01
-4.188502580225194477e-02
-1.195844458843604019e-01
-2.144412994647995896e-01
5.413901040031164624e-03
3.661934615080111866e-02
-6.796511036346554457e-02
-8.000270739957072996e-02
-2.754022942033153010e-01
-4.789213614585231121e-02
2.934845360781820553e-02
-1.978137642783212302e-01
1.473165963092723432e-03
-1.341722275484278359e-01
-1.259328753544657342e-01
3.106811996249081095e-02
-1.120408481791016209e-01
-7.729290338519426151e-02
-1.341521995144867030e-01
-2.338348349030402173e-01
-1.381728966693936966e-01
-1.195247113315972970e-01
-8.478879902516663070e-02
-6.916717943975681654e-03
-1.223460784088243880e-01
-1.754927617128331230e-01
-1.788991419375835640e-02
-5.361187734538958027e-02
-9.169389755654935859e-02
-9.535775656935946420e-02
5.370763574569493992e-02
-2.772420246529401500e-02
-1.886826191549190526e-02
-1.361697114079838400e-01
-7.637424330648421265e-03
-1.293958256162387396e-02
-4.593878289657799679e-02
-1.880605348561663892e-01
-6.576665310775189899e-02
-1.041088484511095563e-01
-1.849760878099392658e-01
4.283569643289710654e-02
-2.462789611401748069e-01
-2.034092975523846616e-02
-2.920516486818015012e-01
-3.677697132825569204e-02
-1.565568394987617573e-01
3.759355583220495151e-02
-1.352503717464136335e-01
-7.260045975456966283e-02
-2.854208610118007250e-02
-1.238767169832095671e-01
4.702225858688782734e-02
-1.378280517803163324e-02
6.516770110924016701e-02
5.013240032859841294e-02
-1.835913665440235543e-01
2.887691038125044657e-02
-2.103135098933739400e-01
-1.126295921950086071e-01
-3.202340568641690727e-02
-1.468776593667412388e-02
-1.179685532721920505e-02
2.611525153976659071e-03
-8.892910831103006258e-03
-1.668250778657073830e-02
1.601857723399786534e-02
-1.589360629143548032e-01
-3.629754834183803597e-02
-1.200344818164251620e-01
8.664412543918567633e-02
-1.758967147844696932e-01
1.042332269369507097e-01
-2.072293888094898714e-02
-7.031909433148136879e-02
-7.788226518371528517e-02
-1.015510815944003775e-01
1.393156580268154199e-01
-1.650647809439582392e-01
3.579736506763815662e-02
9.936937478536023161e-02
2.551926138723082521e-02
-2.614669534243610829e-02
-7.381363292341552862e-02
5.065058249451664940e-02
-1.174857852554884036e-01
1.878254335028915756e-02
1.670450853243578004e-01
1.680762924327905417e-01
-2.598386712607310065e-02
1.075220817940335943e-01
8.526176376815022828e-02
1.920902524433453495e-01
8.221108406940749735e-02
-6.716057274050828141e-02
-7.935811680415465197e-02
1.048333750456564017e-01
-1.159842844112353270e-02
1.185184963439704815e-02
7.102895334880096612e-02
1.832177213496703205e-01
-3.430454135169445397e-03
8.655198896264867936e-02
-4.314792345956536268e-02
7.712854481272994611e-02
8.273667492591035844e-02
6.867836584504867503e-02
9.844036032149974802e-02
-2.793319917220107168e-02
8.343510040112897541e-02
8.820699572538588662e-02
1.938895806866588467e-01
1.540062321083691954e-01
1.712193761456284880e-01
6.305920650703475405e-02
8.737600761246162862e-02
9.198261180927534697e-02
9.343235116887225675e-04
1.349154877396206232e-03
1.026284293829140964e-01
1.441348710694038970e-01
1.850313799392547809e-01
2.087588169490079970e-01
6.329100745728080679e-02
2.842219386760171801e-02
1.138626244566286333e-01
8.215720400128048717e-02
4.655754086961047533e-02
2.646558309417911259e-01
-8.340747200026817076e-03
1.890364318771976249e-01
1.817908989419798060e-01
5.672180753331013819e-02
1.433010787768303484e-01
1.388690809664115400e-01
-2.477896446841669834e-02
4.975645263595637746e-02
3.658651725142432476e-02
2.574947316734569336e-01
1.942218334483784004e-01
8.312917424788419940e-02
2.000220569922689928e-01
2.361773381447201947e-01
1.048348870405670930e-01
3.943203210176725315e-02
2.291523928898169526e-01
4.621902527506542568e-02
1.651133372465488913e-01
2.096908410158589142e-01
1.907621122181293594e-01
1.203375245749664993e-02
2.274542260406228755e-01
2.631942857080976639e-01
9.561784469660560004e-02
2.001015976498062843e-01
1.159563306598960508e-01
2.119677075597884430e-01
1.794610248109915485e-01
1.294498595732586910e-01
1.770917749300715271e-01
2.527453309262801540e-01
-9.179110834332217250e-02
5.056879305770068528e-02
1.622351993760525468e-01
8.561079243555143325e-02
1.377339641131070103e-01
1.944886467757210302e-01
2.581123577566324379e-01
1.168675923413973611e-01
2.835526770855196776e-01
1.467826659600810213e-01
7.818552095346396891e-02
2.239868243769549683e-01
4.058567670666513028e-01
1.702464424611918881e-01
2.416065104540968400e-01
1.465174559739950144e-01
1.871015356910330496e-01
1.291473559677976390e-01
2.649732228653621235e-01
2.106758319909391719e-01
2.038370843744313210e-01
2.258634959171361145e-01
2.633411226845925879e-01
1.869653496793586833e-01
2.669183332817841592e-01
1.629240925135530538e-01
2.807644812515135424e-01
3.861262451300404019e-01
2.950906789601730473e-01
1.660236212155350166e-01
1.516370083002334945e-01
2.409243817945469213e-01
2.013632053226983298e-01
2.406567491004452664e-01
4.046514243655894849e-01
1.519008988964534179e-01
3.882845011469934771e-02
2.664945646414305647e-01
2.729009372151104951e-01
2.370507309008105246e-01
2.627238053438836762e-01
2.781201520252805093e-01
4.325028320522490421e-01
2.933359513645103500e-01
1.980429610484944203e-01
4.780225149687488129e-01
2.066569346829559284e-01
2.732668080135461364e-01
3.099717578195713696e-01
2.721913899042818219e-01
4.036654036752347352e-01
2.039990735824367407e-01
1.915553091994512958e-01
2.405877719714956953e-01
3.158294929388994476e-01
3.096249527078065999e-01
1.932515752326345315e-01
2.887389931634489759e-01
1.556002970434629817e-01
3.116005489229012326e-01
2.875332416239330113e-01
2.511292248798542293e-01
4.271131528620642492e-01
3.405106318577012514e-01
2.500506132691569516e-01
6.034417981899884570e-03
3.367920070184540204e-01
2.857344409971003807e-01
3.994205464584779097e-01
4.022553145980439226e-01
2.476007887846775612e-01
3.466408189538585094e-01
2.220565918440403907e-01
3.407320252505027236e-01
3.911681673881587384e-01
3.129853640528960090e-01
2.672089032288536559e-01
3.884465949851093614e-01
5.404860307360280780e-01
2.430313718100099996e-01
2.035230913606634884e-01
3.771934581479661763e-01
4.097682884921752255e-01
2.877870620009115865e-01
2.805854123814095491e-01
4.086175431277330738e-01
2.940805509643703575e-01
4.799064681164982860e-01
3.639401414754820374e-01
3.733630170055491915e-01
3.645999724198037417e-01
3.122495527268526194e-01
3.688397597133203365e-01
3.890705202677043895e-01
3.525114432559545152e-01
3.033285518986962859e-01
1.708746018675642575e-01
3.202905325430971950e-01
3.936876408175806197e-01
2.487949563895676952e-01
4.806916359072827549e-01
3.959844876731570262e-01
4.779665703846910363e-01
4.010717878470618780e-01
4.809517737941899074e-01
4.644278918218242014e-01
2.952518542790308342e-01
3.904329983286116135e-01
5.088980677166000666e-01
4.526339755223567352e-01
4.561498287898265724e-01
3.990592050857050821e-01
4.209518698366475631e-01
3.846963545769501169e-01
3.633423924082382350e-01
5.280936590773438466e-01
2.702400919240639521e-01
4.411609887115743311e-01
2.519158303883929362e-01
3.252480301272521190e-01
3.612110693536628170e-01
3.995076341039192069e-01
4.440818676342126459e-01
6.036200841590710908e-01
4.063075069586900012e-01
3.699131801169738276e-01
5.298682383068872292e-01
4.461161690781464961e-01
5.160000480349955509e-01
4.708152491961014041e-01
3.510973179105738029e-01
3.145030538996910208e-01
4.538645365388828679e-01
5.032947549009794130e-01
3.204178106974436835e-01
4.742579194190254532e-01
3.268902500127838229e-01
4.694422007640578487e-01
4.707980328494026367e-01
5.876290686220729809e-01
4.553227225547275547e-01
4.191897782291062469e-01
4.842905006452246641e-01
5.362280939006142111e-01
4.822034124126466370e-01
5.127683152298400104e-01
4.584326618039005763e-01
4.709504963600474325e-01
4.584096155803014661e-01
3.996938964852830289e-01
4.542725323920870362e-01
5.852210677665068417e-01
3.890486474589365251e-01
4.369457626038259490e-01
5.166720934052677627e-01
6.058476077510348556e-01
5.768955837899693018e-01
4.886249666140938253e-01
5.546844217495637830e-01
6.007191955994454213e-01
5.828744863948704946e-01
5.748493237600958983e-01
4.060752718671803430e-01
4.802113743769956256e-01
5.996693009484582726e-01
5.605859641877710686e-01
5.394290944635542484e-01
5.415552967625465453e-01
4.800426606901230242e-01
7.638001083454598605e-01
5.245974182953583309e-01
5.262043595049518130e-01
4.376434775415977696e-01
4.711497563099730224e-01
3.590377647022235941e-01
5.301573893700645135e-01
5.908922793117328265e-01
4.685586555321189506e-01
5.734148928861755312e-01
5.123686795334323474e-01
4.270464891535564744e-01
5.297400399803414706e-01
5.098149301555450208e-01
5.394279781491871928e-01
5.308214931535034653e-01
5.782801933728909383e-01
6.307654156723438987e-01
5.470748268965623939e-01
5.140493166429682681e-01
6.016531907527659095e-01
5.899472013313014074e-01
6.280131418498807738e-01
5.869452295172549183e-01
6.947712505139050920e-01
6.121941571665678872e-01
5.590878717305233225e-01
5.444062264732051348e-01
6.700348884202970146e-01
4.640836479077995458e-01
7.182321481463369572e-01
5.751912483489018957e-01
5.848627627309548327e-01
6.662068409010853953e-01
4.905821923822387132e-01
7.129286489824995243e-01
5.491296127005876881e-01
4.900380978763017592e-01
5.688872657382295639e-01
4.956420310311722699e-01
6.137919391647244094e-01
6.754619880175450897e-01
5.332602620328508181e-01
6.201776263182071647e-01
6.658412799689708006e-01
7.264364893416763724e-01
6.380674625342369621e-01
6.093601016331262610e-01
5.532709013954691946e-01
6.049178203625114048e-01
6.168636340395844408e-01
8.219659777007316537e-01
6.132149077958999328e-01
5.699388152643716232e-01
5.622360428327451976e-01
5.524085623528885991e-01
6.607452229876309424e-01
6.041592227081675759e-01
5.979807596919510804e-01
5.327702219206374989e-01
4.341946202448411785e-01
6.430311553782468437e-01
5.783726484642619514e-01
4.757802012851526929e-01
7.232460345319117190e-01
7.844253793995609181e-01
5.972427323886887462e-01
5.802765348475426022e-01
7.025175740433469151e-01
6.160762267892526678e-01
6.360336207776332573e-01
6.033468383507241128e-01
6.865408703065163376e-01
4.918821403257215841e-01
6.469922816717029734e-01
8.465877517340552050e-01
5.574789247998103159e-01
7.644740519240000864e-01
7.245660716293410575e-01
7.387644059968713206e-01
6.760960731317758876e-01
7.821404099133457688e-01
5.683137819072222596e-01
8.465266222810350349e-01
7.013877193894888507e-01
6.350429527835419474e-01
6.281403356615204991e-01
6.504028052181920483e-01
6.613423434425312886e-01
7.044851466729992184e-01
7.197121530185198734e-01
8.653115054304036935e-01
8.175812022911025378e-01
7.917348487491081555e-01
7.293704324480208001e-01
6.905997890877271228e-01
7.089724401715919999e-01
7.036463937308000682e-01
7.028445561958951426e-01
7.339407611762320816e-01
6.597108933022428623e-01
7.498202382994262338e-01
6.475252461782770030e-01
6.607291120152142261e-01
6.636424914740934877e-01
7.143743228132737322e-01
7.523158829810098203e-01
5.911248836921365601e-01
7.049993359759770817e-01
5.552072300994800313e-01
5.852964559256231825e-01
7.014050541976015740e-01
7.862253306120337015e-01
6.506693847718272306e-01
8.564200226422009621e-01
8.719464558096243767e-01
6.826260840474664970e-01
7.309386049177305500e-01
8.199123881490523180e-01
7.137278958864690104e-01
8.371166931240671127e-01
7.108460339564383057e-01
7.440968535162774122e-01
6.260723498893593364e-01
6.575301879833145291e-01
7.572513431110146076e-01
7.236494008148968149e-01
6.990442839270749609e-01
7.632503420355083446e-01
8.155772131566577654e-01
7.847218778524899241e-01
6.992936273883576526e-01
9.283882930341371686e-01
7.632207213495274534e-01
9.219052473874230769e-01
6.163651441174525791e-01
7.291208226794476666e-01
7.500876743497308929e-01
7.542587403652871725e-01
9.313799191483403961e-01
8.560189681017326135e-01
8.065690514989245496e-01
6.882047346744473160e-01
8.905737412722994906e-01
8.059746438171759841e-01
7.571865873095940946e-01
7.604436717269130730e-01
6.767620277519169614e-01
8.384336747372006515e-01
8.939191122322464045e-01
8.474914639546515804e-01
8.715459246755941081e-01
7.427828183870480716e-01
8.236624992286138980e-01
8.413224364155457158e-01
9.191893889047866306e-01
1.052729445211066261e+00
7.364988034069407385e-01
8.159586102315026235e-01
9.048387118257954498e-01
8.397988997957029911e-01
6.765128985666768457e-01
7.264605700548559808e-01
8.925134315703100452e-01
8.622194517418464432e-01
8.530861144311571165e-01
7.815901248564334214e-01
7.728849832004290876e-01
8.801055616750040889e-01
7.664379071283824452e-01
8.784625589975645354e-01
8.540312857050457174e-01
8.274931155596694232e-01
8.330800297833131918e-01
9.497440689641504230e-01
8.593505208082212743e-01
8.374369186283179278e-01
8.265879181202269166e-01
7.892310874844620239e-01
7.594030705282015514e-01
8.286752503062214670e-01
9.301577680286743366e-01
9.629054015430803526e-01
9.204882518616478437e-01
9.313738543322033214e-01
9.813501109937364797e-01
9.143087493590817960e-01
9.256240835569078396e-01
8.764051508752722652e-01
6.018271320320918161e-01
9.049287489096707882e-01
9.549560008462342209e-01
8.820415226950788501e-01
7.874820058885110274e-01
9.248552830216740794e-01
9.101020107296735606e-01
1.007543121374451012e+00
9.722393164296714296e-01
9.582598675029120328e-01
8.448460814256385509e-01
8.490456912221919783e-01
7.205034627657360691e-01
9.844462095310890781e-01
1.065170680407294679e+00
9.625341856212786817e-01
9.190595926145400663e-01
8.030779658161002477e-01
8.906512632735519297e-01
9.854534055478546550e-01
9.654829151746110449e-01
9.449681725086791495e-01
8.861783827535205660e-01
9.636184277422424893e-01
1.107937104397438643e+00
8.525951947387649943e-01
9.664496691464973255e-01
9.838412163638519115e-01
1.006524220562069694e+00
8.699430717086330533e-01
8.320592504863788541e-01
9.717196443075611922e-01
9.715274239062905437e-01
9.048650323800858652e-01
8.828650502505611675e-01
8.999176469585616900e-01
9.671960830267529730e-01
9.978352758676457546e-01
9.622316171067900603e-01
9.853001580653957259e-01
9.390147608588662598e-01
9.480379987246435602e-01
9.294669112106668241e-01
8.815657252265982624e-01
8.601468230894181444e-01
1.009379805044651857e+00
9.952184571652812339e-01
1.011410460048184357e+00
1.002233344022348538e+00
9.623242509853275894e-01
1.005115155005566363e+00
8.531166404161599770e-01
9.345525614125143044e-01
7.884497340318151748e-01
1.014458050268799427e+00
9.669724247825696173e-01
9.565507202839100831e-01
