-1.006768319195517680e+00
-9.720280227533198980e-01
-1.193293954634882192e+00
-7.422751312756894482e-01
-8.188511272931423557e-01
-1.082482443423103291e+00
-1.097661306173164375e+00
-1.170580017289374331e+00
-1.081218698653395816e+00
-8.808160014279782235e-01
-9.818249147147214417e-01
-1.037629555473327914e+00
-8.874777226965386845e-01
-8.625738150253529080e-01
-1.128154810692948873e+00
-9.418048127543560133e-01
-9.695889439255803710e-01
-9.827570318487907075e-01
-1.087703877700084476e+00
-9.275580401359698746e-01
-8.885892571420948016e-01
-8.770221724347998515e-01
-1.051352387315928061e+00
-8.819211297926504711e-01
-1.075398253708895302e+00
-9.348893074314089668e-01
-8.716137860796331349e-01
-1.059360451290676908e+00
-9.553566443498595628e-01
-9.494041401217296894e-01
-1.000433967926179335e+00
-1.017408064543569468e+00
-7.798960750120642604e-01
-8.940051512617682716e-01
-8.748479429325977108e-01
-7.817408844888047437e-01
-8.029926081468103938e-01
-9.192605818182718602e-01
-8.127120379759286140e-01
-9.357375886761400974e-01
-9.038689913624461392e-01
-1.103928484635346763e+00
-9.282393485741008421e-01
-1.055655627909853456e+00
-9.508305690828916523e-01
-9.908345963829362502e-01
-1.034105878220001662e+00
-7.338919808099670927e-01
-8.731900781444446036e-01
-1.010316206436620456e+00
-9.990520950524822696e-01
-9.494204580971774554e-01
-7.906228341566122753e-01
-8.626504930698305484e-01
-9.573614496864709666e-01
-9.517418771012958745e-01
-9.570690283913240171e-01
-8.699793549921018831e-01
-8.511012386331698876e-01
-9.550897707974185247e-01
-8.114057366746159072e-01
-9.326887090084545751e-01
-8.609389801640318085e-01
-8.581019230837712009e-01
-8.710244847146156877e-01
-1.004121440279185817e+00
-7.019401819755793914e-01
-9.112982968024401220e-01
-9.584201325845186359e-01
-7.483087481637165084e-01
-8.639496039813877593e-01
-8.877673307227457178e-01
-7.337261542239990053e-01
-8.551482573089657091e-01
-7.488029301339751420e-01
-8.039359266884779087e-01
-9.148098017856264308e-01
-8.331497579704645329e-01
-8.555540372591489140e-01
-9.186808625001819939e-01
-9.365525661388177658e-01
-9.007284567945154086e-01
-8.135787961361919951e-01
-7.704288724025724067e-01
-7.898212182885289145e-01
-9.189406203042598253e-01
-8.298493203560673992e-01
-1.009415481736633424e+00
-8.537978465168357678e-01
-9.320154017220558806e-01
-9.352712609829653134e-01
-8.552643029195947655e-01
-8.031044163178406858e-01
-9.909752526010231488e-01
-7.683860710871249777e-01
-7.459509503814100162e-01
-9.210364309911780456e-01
-8.019490895552460197e-01
-7.163124432055367752e-01
-9.499228250995854772e-01
-8.302039372860178235e-01
-8.197722910432982957e-01
-8.351571012240800451e-01
-8.004080636014245798e-01
-8.418205195889039150e-01
-7.448257661870211210e-01
-7.145836041292258356e-01
-7.138622964106171587e-01
-8.829549922116637362e-01
-7.793526176138495520e-01
-7.832167118095901825e-01
-6.782168647971325015e-01
-6.810598448684890283e-01
-7.357570686575953811e-01
-8.061791877934498807e-01
-8.486499014901880411e-01
-7.902338797063690468e-01
-8.478976564122364667e-01
-8.381418840945048521e-01
-7.071783254137957719e-01
-7.295104652921237109e-01
-8.251041013957446379e-01
-6.759562010371135132e-01
-6.215172765735009763e-01
-6.674430772050898852e-01
-6.888554883094946124e-01
-7.273275928645567268e-01
-5.888543114965483216e-01
-6.511866464007869393e-01
-5.659524586584798733e-01
-7.381231082659003295e-01
-6.012715812360375223e-01
-6.600280503143651778e-01
-8.239309098436208290e-01
-6.858512219275826327e-01
-7.499482968680264428e-01
-7.007945394087303770e-01
-6.620838481408922727e-01
-6.900161872067008817e-01
-7.364128393062306932e-01
-6.558455941961209845e-01
-8.907051109960779645e-01
-7.776033234375829828e-01
-7.599220769612283766e-01
-6.901801185308489295e-01
-6.637328293137315649e-01
-6.248497304332341074e-01
-6.899353402128396429e-01
-7.513480703911986636e-01
-8.255545941138648924e-01
-7.391390796052793588e-01
-6.932522721496886531e-01
-6.459270574419048172e-01
-7.973928953506669304e-01
-6.410804110306619341e-01
-5.296466119269197526e-01
-7.051247823758042266e-01
-6.457061130631457369e-01
-5.258125240369023734e-01
-7.447958017923838048e-01
-5.933558009996957594e-01
-5.704984878274406146e-01
-5.346861524355144279e-01
-7.740093781875371226e-01
-7.122899871057154497e-01
-5.710318928722490917e-01
-6.793810100902668569e-01
-6.799831359948832477e-01
-7.065013583659814911e-01
-6.203797473202317114e-01
-5.380647911981532028e-01
-6.067958278289203866e-01
-7.509773582279103410e-01
-6.065545329716497402e-01
-6.876980698594183927e-01
-6.414948063600502959e-01
-5.241279557461269167e-01
-6.531514188569248480e-01
-7.055015356857584630e-01
-6.136902397886211391e-01
-6.571977651880871463e-01
-7.265562857559326737e-01
-6.316617883092050523e-01
-7.270407250250739972e-01
-4.230742675600274727e-01
-5.475692751846565898e-01
-5.566259154398450759e-01
-7.484436493667427914e-01
-7.467296436799895076e-01
-6.279328318655025276e-01
-6.227188461834215483e-01
-7.265948500732980486e-01
-5.688879179225073690e-01
-7.308111131255021764e-01
-5.562292586986239407e-01
-6.961687814995803913e-01
-5.983148909342331789e-01
-6.699100204584238494e-01
-7.063102436163622988e-01
-5.306891611036226308e-01
-6.659986336012633235e-01
-5.282535746918511910e-01
-5.282452097916296996e-01
-6.405548581033091438e-01
-5.340636029613008429e-01
-7.126184962442860815e-01
-6.576460923026391514e-01
-6.935400889225502574e-01
-5.701182465843676050e-01
-7.308632464961632991e-01
-6.207460849100709943e-01
-4.451887821366574682e-01
-6.730308257020226614e-01
-5.477902329079504806e-01
-6.429382992947674236e-01
-4.006556642335596385e-01
-6.550071349473486348e-01
-6.220318011860757057e-01
-5.222824597106734412e-01
-6.398854781197731434e-01
-5.495586356380166571e-01
-5.215335184960360193e-01
-6.315656608477269174e-01
-5.556607053039920308e-01
-5.152829561300131811e-01
-4.908034848144535722e-01
-5.646128049823990747e-01
-5.610582405007029649e-01
-4.323088282573467334e-01
-5.499908448461752197e-01
-6.687566036156890048e-01
-3.499446463333705792e-01
-4.693838290482632569e-01
-7.121705803589214456e-01
-6.265362415470074886e-01
-5.810564431644620331e-01
-5.982942548811134298e-01
-5.219380878748606234e-01
-5.004804584461681749e-01
-4.337700958039259480e-01
-3.948620886394507701e-01
-3.347671960536278690e-01
-5.152092839661670531e-01
-4.650775557450707587e-01
-4.548115133094725038e-01
-5.394632105374974618e-01
-4.919154781314266089e-01
-4.250759748993194753e-01
-4.159982394178329823e-01
-6.181412838943344257e-01
-3.727298463103437265e-01
-4.755627824750397470e-01
-5.028335337025089391e-01
-4.977530992233487050e-01
-5.405505907087688744e-01
-5.633993938927124301e-01
-6.247969517776835735e-01
-4.571443502715331619e-01
-3.444283994330432641e-01
-5.338204815508901246e-01
-3.835834658665083219e-01
-3.764100469624439560e-01
-6.218358993944205215e-01
-3.698011826085030318e-01
-4.229775520098706387e-01
-3.854511650924207777e-01
-4.996018385642677084e-01
-4.246665999294179650e-01
-4.381199848644214967e-01
-4.914681218389141404e-01
-3.957522195919246366e-01
-4.349708093850440105e-01
-3.130785226354275697e-01
-5.223015102867385462e-01
-4.144305940126085108e-01
-4.178642444357436037e-01
-3.522080070306209398e-01
-4.656960069010929182e-01
-4.296132633308505366e-01
-4.459671576559945394e-01
-3.957966570381417637e-01
-4.474744697529307036e-01
-5.024390880006600613e-01
-4.324665742104962241e-01
-4.261795775196087765e-01
-3.856485536050729412e-01
-2.808145684114454199e-01
-2.991407042724286702e-01
-3.303690409709437170e-01
-4.490886827624769317e-01
-3.618815823009526866e-01
-4.431751342678157957e-01
-3.031681936740204808e-01
-5.177274175478041585e-01
-4.068653156335689247e-01
-3.745502911369064103e-01
-4.340453778292440723e-01
-2.265813399466646283e-01
-3.083512750047320838e-01
-4.749247741690295066e-01
-5.251942174545282116e-01
-2.880750613615867262e-01
-5.173200252616469985e-01
-4.652137820213420039e-01
-3.357557405740168588e-01
-4.360341326302066833e-01
-3.069099129690559535e-01
-4.330888099304045502e-01
-5.560488886720974522e-01
-3.738344769655221889e-01
-3.983002088615788527e-01
-3.061810946299296510e-01
-2.849111723096596216e-01
-3.310602662269561125e-01
-3.786864731014352725e-01
-4.045611239418702154e-01
-4.841507020752470192e-01
-3.202224546686853190e-01
-2.396768774981503369e-01
-3.927592995551291710e-01
-4.286912160204629507e-01
-2.542352819775541284e-01
-4.410922478046988005e-01
-3.963123763202268113e-01
-3.314464196017766762e-01
-5.746900472432389106e-01
-3.800344033582549463e-01
-3.237203253035263462e-01
-3.707493751232557866e-01
-2.620538002411319511e-01
-3.384350219469434151e-01
-2.920439288115090903e-01
-3.278620275061879807e-01
-3.623841766115854512e-01
-2.292115721941709039e-01
-1.835551127175276132e-01
-3.689619179429750456e-02
-5.081000378107720650e-01
-1.971644993038745297e-01
-3.449220494789999591e-01
-2.730154954641840770e-01
-2.164793944204982945e-01
-2.978011659776143571e-01
-3.769148389692933976e-01
-4.755899575842382210e-01
-4.186919033556408265e-01
-4.120237506334663569e-01
-3.938063585453193127e-01
-2.603832344158577006e-01
-2.927733180834523052e-01
-4.025172364716557150e-01
-2.658217971345231412e-01
-3.346056479473518142e-01
-2.566393696985345696e-01
-2.941798462456431396e-01
-2.469548726099347336e-01
-4.913592033892262845e-01
-1.737544369916429188e-01
-2.481417580919905996e-01
-3.376860575845203605e-01
-4.050013863395397484e-01
-3.190766384936376543e-01
-1.965800550927029877e-01
-5.018391825924005678e-01
-1.545638901267374354e-01
-1.596531351534012655e-01
-3.155903802441856199e-02
-3.363917038899824075e-01
-1.654654934086468021e-01
-2.836529207039126810e-01
-1.897670727589879092e-01
-3.445348530721575875e-01
-3.133266415719331288e-01
-2.213075738680705118e-01
-3.306639253090049024e-01
-3.555981787370841585e-01
-3.458647737877756367e-01
-1.390843970752509706e-01
-3.159439406691292862e-01
-2.187355267234171174e-01
-3.371877220014664056e-01
-3.053735577608580054e-01
-1.845421214749245475e-01
-2.487193165054048527e-01
-1.841652697860767796e-01
-2.487053412339541580e-01
-9.136085137206580165e-02
-2.678453021597992922e-01
-2.922756941698955169e-01
-9.781768355114239810e-02
-6.331790755920661817e-02
-3.890171203148217738e-01
-2.355394009389301935e-01
-3.618971588942097029e-01
-8.702515301249467983e-02
-1.914485069386976657e-01
-2.648465173458799948e-01
-2.084314827968049844e-01
-1.863168395175844594e-01
-1.508391922939954499e-01
-1.129365734601336796e-01
-3.105835794080049062e-01
-2.967485789754277237e-01
-2.420247953349400349e-01
-2.017719278973925390e-01
-1.944477143303793287e-01
-2.270719031048310521e-01
-2.649581384334833145e-01
-2.227488560810232388e-01
-2.214491163125829054e-01
-2.197238963333935091e-01
-2.050082194490379373e-01
-1.598346402265752586e-01
-2.380161012692963707e-01
-2.344755305067101891e-01
-1.212346769803110125e-01
-1.963894795641752955e-01
-2.721217109899237707e-01
-3.384894633771393102e-01
-2.391277944557452517e-01
-2.718509570453503943e-01
-1.186990711610987903e-01
-8.830381867693749831e-02
-2.882274520330133649e-01
-1.376942326609437439e-01
-1.556615032309446311e-01
-1.177204855786772586e-01
-1.053864844521410354e-01
-1.270740879487537167e-01
-1.322236146125069511e-01
-1.667137262064963821e-01
-2.742590391596390065e-01
-3.403123977542032441e-01
-2.173916556368215569e-01
-1.145959824380451131e-01
-2.369856840611553606e-01
-2.920346396198928440e-01
-2.575947631993340536e-01
-1.653516411756731919e-01
-2.219197828331740951e-01
-1.241634108829673677e-01
-1.591782931670092383e-01
-1.870526417734453828e-01
-1.630923512036957235e-01
-3.694616680483073928e-02
9.994157073805369496e-02
-1.781732857640355716e-01
-1.326115763624713673e-01
-1.371030770694195711e-01
-9.882897383714106532e-02
-2.769165923435948917e-01
-2.776758755175767410e-02
-2.213910559394395572e-02
-1.855506946908982435e-01
-1.930993119350871146e-01
-1.439651075943413905e-01
-4.640967112303188286e-02
-5.177092370895791662e-02
-1.709245097990870141e-02
-1.511114585189483606e-01
-1.183710175255568535e-02
3.333007895982997154e-02
-2.152683397720516201e-01
-6.537166102545517721e-02
-4.555160287022916310e-02
6.927482478252069975e-02
5.329159754973537833e-02
-7.399097370903230664e-02
-4.620816569831450588e-02
-9.308475091814778779e-02
-9.101118640842566568e-03
-6.733899079443134150e-02
-8.810330664524541888e-02
-3.166053256594322796e-02
-1.653668444128279513e-01
-7.734524448873085489e-02
-1.119656991846618155e-02
-1.523878842266040978e-02
-1.266718914449964095e-01
1.293593056781914587e-02
-1.518094193201941500e-01
6.868187915217940052e-03
-4.151260787662139351e-02
3.571667215368016114e-03
9.669075159547885212e-02
2.321792835614633344e-02
-7.618736253748502329e-02
4.682707862094914048e-02
1.259948813455377126e-01
4.884692049202069009e-02
-3.557515562491078004e-02
3.365261538069717895e-02
1.181646709798530592e-01
-1.613957405938346579e-01
1.201808684912135522e-01
3.874335908657558503e-02
-6.525189360110619785e-02
-2.719140632391201656e-02
-1.035763407608990688e-01
-4.080501127093042607e-02
-1.254137432551961362e-01
-9.448216892877646378e-02
4.988489475222518399e-02
-6.421057777456835869e-02
-9.221699419613975379e-02
-2.886629554696105299e-02
1.296972158232163053e-01
-7.525140750721567851e-03
1.867592094686670867e-01
1.188901461475035948e-01
-5.484545145183468938e-03
-2.447336779255245010e-02
8.233855075870397111e-02
-3.074174018695735935e-02
5.865736886695544980e-03
-1.196095282512019409e-01
-2.121450510809384446e-02
-2.983938653145165598e-02
-1.104032046536257937e-02
2.450242755591456045e-01
9.852368242311917296e-03
-9.575318720576110609e-02
-1.527831856935205936e-02
4.746737482949517362e-02
3.931885499871490969e-02
8.627414792763297979e-02
-2.053768357586567561e-02
1.595011267599081572e-01
-4.206500342246025786e-02
1.247452476498437796e-01
5.559312936875252659e-02
1.057516605419793060e-01
6.312405129552754735e-02
2.307534824964508902e-01
2.207195366913441981e-01
-3.510470531826948015e-02
1.132586522110320126e-01
8.763126440432636444e-02
-5.392596492407910475e-02
1.114024519834028309e-01
1.802971826718717252e-01
1.253531327948445295e-01
7.727570315205577189e-02
1.802747879473380055e-01
1.692917035636914980e-01
2.074357706994378048e-01
1.361728764493286559e-01
1.327198895552697266e-01
1.220965029631234239e-01
8.529792071434107170e-02
1.204413602923571497e-01
4.665902265798245268e-04
-5.906846022170724603e-02
1.334301455461369135e-01
7.061173924703542659e-02
1.329225697823943064e-01
2.486077639243651216e-01
9.894677428535902930e-02
1.990142418926076351e-01
3.110977180462769914e-02
4.245058738953706029e-02
7.189852856572424844e-02
1.289388417281455979e-01
2.566942426254633092e-01
1.484761108461723211e-01
5.421437458008247778e-02
-2.434616162060457278e-02
1.418291445956302299e-01
9.778565333436228801e-02
1.347034908726610636e-01
-2.731809154908471787e-02
2.133064194940574310e-01
9.469811491533487724e-02
1.207453899335075576e-01
1.356609010444682073e-01
1.927239898931160378e-01
1.800498274480978045e-01
8.183432879532177850e-02
1.542020624488016356e-01
2.474611148556885576e-01
1.333801690585058319e-01
2.288316901722533825e-01
1.630004477016282760e-01
2.354121796235336406e-01
1.689893989831740551e-01
1.265231273863238748e-01
2.248689123772956988e-01
1.441916541045844546e-01
2.498132380267385766e-01
1.049312336183180622e-01
1.790740029388681598e-01
1.817443305486672600e-01
2.722958091632182720e-01
3.141560864676934406e-01
5.775787051901989932e-02
1.667093102436532359e-01
2.863187016355340786e-01
2.830533136374540626e-01
3.306430782504242716e-01
5.612167833944642359e-02
2.073936174081549011e-01
1.564865153901027484e-01
2.061964599929369535e-01
3.067666934088228992e-01
2.634930254212106693e-01
2.118924429462899217e-01
9.999920205589621358e-02
3.320292408919981453e-01
6.379753240028979144e-02
2.656235800475054143e-01
1.024419216158845430e-01
2.083136589627810065e-01
4.715976596812780641e-02
1.918192493281140609e-01
1.716234265981368412e-01
3.136661550761448702e-01
1.852772001012958636e-01
1.131070427302326292e-01
5.188723629901811213e-02
2.934763034524427994e-01
1.430746180228648634e-01
2.717926621860141667e-01
2.577136058265667162e-01
2.376135758017149380e-01
3.084290127476739252e-01
3.647139445532465163e-01
2.971841164598416074e-01
2.539810780634938481e-01
2.780236360305053389e-01
2.251224315533819631e-01
2.677711264456634210e-01
1.828178018989781162e-01
2.956329174005444260e-01
3.677920116565722708e-01
2.191994438513017174e-01
1.096042300609439968e-01
3.740427535464712072e-01
2.109536397526004248e-01
1.625922274802487633e-01
1.618456007083553527e-01
3.441766747570074170e-01
4.535073315427424756e-01
2.794226284508822822e-01
1.249729716330324203e-01
2.886294647302786176e-01
3.157334501837343876e-01
2.256158672288418043e-01
2.237121688890518767e-01
2.426438130096984780e-01
4.369357027485721301e-01
3.075676614363365147e-01
3.270088210832461928e-01
1.593453846805316931e-01
3.935609611441584499e-01
3.178180363210630355e-01
2.662588420899454356e-01
3.130194069044445193e-01
1.771514357607905099e-01
3.036375234268148815e-01
2.568985623468569290e-01
2.999221536022196322e-01
2.306113010267528685e-01
2.174390601622963881e-01
4.743181857967732618e-01
3.262187285757552901e-01
2.261682527512702545e-01
3.449721618628202036e-01
2.680204766262517802e-01
2.734330758198915690e-01
2.602618922039137694e-01
2.445467199722685669e-01
2.352169499267922625e-01
3.890215810778390737e-01
3.683002481423954810e-01
4.905610576727695848e-01
4.434811598819388689e-01
4.171396859987739902e-01
3.115348446098824553e-01
3.940408270938186575e-01
4.611723100685790611e-01
3.310665277929110695e-01
3.496591418788302930e-01
3.859108921745226795e-01
3.821135074017826816e-01
4.500990891662267068e-01
3.424245823138893918e-01
3.355736547176489393e-01
1.417152550042831138e-01
3.894244200868038908e-01
3.887996414823691183e-01
4.555193731635591159e-01
2.719774168000305692e-01
4.940150384647292170e-01
3.902853143410858761e-01
3.972404989964880562e-01
3.624623825898645735e-01
4.024324683539020064e-01
3.518770731803272378e-01
3.249772847186156999e-01
2.407255759361020264e-01
5.782289588823831261e-01
3.011783279620165454e-01
4.689055232675359286e-01
3.496936058614017462e-01
3.354191164296360661e-01
3.701269343648586063e-01
4.848391937220931647e-01
2.740325030828747455e-01
5.275888684273809526e-01
3.992866843241281716e-01
3.385034599158394109e-01
3.715942914317906798e-01
4.986907558798784890e-01
3.763658682519633869e-01
3.432906838016345219e-01
5.124401103095518328e-01
4.900475407440134656e-01
4.406827349636166513e-01
3.089875887779208186e-01
4.686152425229518914e-01
4.293245827251124802e-01
3.457124591604343045e-01
3.601921618089097277e-01
4.008042375032653815e-01
4.559218660589571814e-01
3.959804443731097523e-01
3.493149350700832101e-01
2.836521052286582467e-01
5.654652246603268928e-01
5.104068248124676854e-01
4.710147806541920001e-01
5.391970618489371203e-01
4.500945879244601655e-01
4.333557540679107145e-01
4.604021623164344379e-01
4.702161222877679903e-01
5.189242320819429377e-01
5.749652966413293376e-01
3.527816982650152644e-01
5.295981384347160370e-01
4.607133138240269710e-01
5.713033830098087629e-01
4.587625435209706781e-01
4.199586158153684745e-01
3.900508720969874665e-01
4.799500082600871020e-01
4.262728074196349137e-01
4.034160615447191511e-01
4.399007040376670119e-01
5.581268959256463491e-01
5.589690018857033094e-01
5.947879661093088410e-01
6.132626147781765624e-01
4.967670603482246539e-01
4.440991600021624297e-01
4.933932443460395945e-01
5.209128721298591502e-01
5.304862287159243239e-01
4.426475703681270191e-01
5.555197836684435675e-01
5.517164567735295400e-01
5.472886638462932662e-01
5.801497264821408040e-01
6.429793312921254778e-01
6.511171342671749906e-01
6.522503056735798888e-01
5.005732029825314955e-01
5.282350298508561304e-01
5.239884285127668351e-01
6.085845459996881424e-01
5.623415580597111996e-01
4.923083702234973824e-01
4.398286605913935832e-01
5.637580303300566698e-01
6.019355065920518610e-01
5.597213734585462230e-01
4.740785707742135036e-01
5.722220938055534445e-01
4.029698192507144561e-01
5.505681758634204392e-01
6.318325357558893796e-01
5.087646108296453029e-01
5.736000265190415170e-01
4.894641772751591180e-01
4.597004634266809164e-01
7.131407091698268585e-01
5.541832474132992736e-01
5.350128264443883008e-01
5.531334875214832802e-01
7.836820225523078998e-01
4.225588685446338144e-01
6.811919571057365452e-01
6.153822004973230619e-01
5.360595358315292103e-01
6.097516440155266171e-01
5.618964405264521567e-01
5.054860346653335945e-01
5.447650249862460159e-01
6.127627523881178373e-01
6.232910658595581799e-01
6.532620409013534246e-01
6.640698402215816643e-01
6.653060723706402113e-01
5.212576057938775875e-01
5.200072492330320983e-01
5.727206274983425160e-01
7.034192312322055107e-01
5.198404509366859605e-01
7.877520698566543578e-01
6.132928648725756160e-01
5.481778987639744916e-01
6.602119331793596668e-01
7.247076801721143990e-01
7.248874970984707788e-01
6.391133135763956696e-01
5.539850656481187796e-01
7.892341269369778090e-01
5.653123038855987215e-01
5.719662616647704922e-01
6.545441929357777022e-01
5.658442060607939972e-01
4.606401127739012669e-01
5.820991152165440052e-01
6.078762044783589946e-01
6.255308747872112551e-01
7.263861592929993227e-01
5.729256161860807328e-01
5.040179178948136496e-01
7.064766525529305730e-01
6.639095069040746866e-01
6.514611141562985930e-01
7.536983745461403039e-01
6.878203516578171861e-01
7.164305197933841240e-01
7.242508948260889534e-01
6.569030550543188962e-01
6.519054391591332376e-01
6.899345278593581599e-01
6.546743896702468257e-01
7.351554621234119846e-01
7.214315892512566109e-01
7.456822728617563678e-01
7.590254092544956865e-01
6.232815375807608804e-01
7.510758606644091229e-01
7.434858661224541532e-01
6.706231267422364528e-01
6.907082840079874497e-01
7.005988340220631327e-01
7.850904601576923492e-01
7.509365362141672273e-01
8.955138432984558472e-01
5.260439969864590948e-01
6.582156312617079008e-01
7.052263975223124204e-01
7.150482973122711527e-01
7.068960737469314193e-01
7.253440159462134496e-01
5.277329593758408599e-01
6.972294900089189840e-01
8.025625042350806870e-01
7.731163019839267792e-01
7.059506023644086525e-01
6.832309574001007579e-01
7.554478003514056850e-01
6.375830791093413108e-01
7.070180751880095205e-01
7.514999787990093161e-01
7.040018781583857743e-01
6.222907081131062723e-01
7.326708085102565660e-01
6.935774075504878011e-01
7.170010622899408714e-01
8.746232569958632963e-01
7.574593059768696124e-01
6.383225657781632645e-01
8.100352459700744800e-01
8.696465029391295953e-01
8.587589823580283888e-01
6.788690051377076484e-01
8.624083578807847372e-01
8.372099628190482479e-01
7.698359536158970728e-01
7.161218832190382466e-01
6.148175550353776053e-01
7.507753290960652581e-01
6.954282518916379274e-01
7.642921270191129768e-01
7.941412087360949501e-01
7.933168593401134228e-01
6.788071669633617411e-01
8.614767095695899934e-01
7.918664715591076098e-01
9.010057587296295134e-01
8.296024884301756996e-01
7.134919266810687555e-01
7.282587337639714331e-01
7.925754262538585726e-01
7.989853717959151114e-01
7.475420768444734909e-01
8.844531733244899163e-01
7.695969018078209212e-01
8.075465841646273235e-01
8.804159186440506657e-01
9.368746054454260008e-01
8.183002532064077572e-01
7.493857283634994815e-01
8.694919805169856186e-01
9.154080057599757181e-01
8.272385394870253039e-01
9.526957084048188751e-01
8.083565087696671370e-01
1.094092584879534868e+00
9.974114535944763604e-01
8.420019318985505485e-01
9.863954458194225117e-01
7.872028501899009933e-01
7.538404076636113782e-01
9.275107359687176922e-01
8.600817315830676657e-01
8.606922164368963069e-01
9.160587372616874058e-01
8.190421511263201726e-01
9.285263708904405444e-01
8.974904645991924612e-01
7.721051591292056315e-01
8.600990530414861501e-01
8.711198620546666271e-01
9.595281976787273237e-01
8.365083879994783533e-01
8.084653948844365834e-01
9.648844831937943844e-01
8.884144902777563191e-01
8.823612204899621281e-01
9.131862971023746445e-01
9.397242534323643204e-01
9.394938670308999873e-01
9.269049331157928062e-01
8.841664316037936011e-01
9.091561751374741540e-01
9.103151866374139534e-01
1.009318756504318237e+00
1.086078921523686125e+00
9.672604803441628984e-01
9.862991023304531479e-01
8.790330826703735001e-01
9.925103377365922519e-01
7.977097932666615820e-01
8.004790229010804170e-01
7.983578920337528473e-01
1.030665952500453120e+00
8.485863526738991469e-01
9.416792773806645922e-01
8.649083204768834854e-01
7.709633772484496550e-01
8.417661436067475078e-01
7.996193073182058519e-01
8.992415954698054215e-01
9.021647506391877736e-01
1.090923185937364259e+00
1.031612207165441886e+00
1.015433672111541563e+00
1.111902582510565285e+00
9.398806881524274237e-01
1.015654509225001112e+00
8.738105305259753486e-01
8.638810252030456605e-01
8.452027302009474941e-01
8.729085747669137474e-01
9.674779438051991365e-01
1.053615961064803930e+00
1.044395456525112786e+00
9.376624197459952903e-01
9.395798861716336825e-01
1.003664113625907461e+00
9.196358478600307196e-01
9.817016380082487226e-01
8.637739633062471167e-01
7.821371799620420173e-01
9.760926798394650161e-01
7.896880373513952556e-01
9.553617079219196562e-01
1.082820905755661034e+00
8.792124497315877418e-01
1.053407835148771232e+00
9.620029399318004160e-01
1.038813229061216203e+00
1.036866834337967891e+00
9.689580136020626844e-01
1.081720179573422369e+00
1.043355951642663593e+00
9.723113767731523804e-01
1.091567994265906005e+00
9.655346086665218541e-01
9.893600792056673754e-01
9.956868408297920858e-01
8.615554828741726068e-01
1.105444741372235473e+00
1.072703624625675367e+00
1.020072554206792770e+00
