-8.648786870056136555e-01
-1.117882943024734343e+00
-9.407298424577191787e-01
-1.010702167365361337e+00
-9.479333846643244188e-01
-9.845588707026043940e-01
-9.675269319356738507e-01
-9.975721147584754034e-01
-9.592934403464460358e-01
-9.886798390822690852e-01
-9.659439236932227946e-01
-9.567255475702993728e-01
-1.009894213287184872e+00
-7.249825365948904254e-01
-9.130433424181004787e-01
-7.375747865268440506e-01
-1.045118803947318931e+00
-9.687437402802326902e-01
-1.001492705746745759e+00
-1.120319124236886621e+00
-8.790944374145586160e-01
-1.000508552674710394e+00
-1.014035211787806423e+00
-8.257587048855556944e-01
-9.506371505978852277e-01
-9.175100211537762229e-01
-8.842472369236068497e-01
-9.156448417686534613e-01
-9.820048424809481036e-01
-1.053548381421797409e+00
-1.013424451612420230e+00
-9.643011945968078535e-01
-9.529539981683844418e-01
-9.915598623700232483e-01
-8.839361031591457252e-01
-8.619750331421891509e-01
-9.091463563741656317e-01
-9.859142526862247902e-01
-8.688013704905225287e-01
-9.695255169335265100e-01
-9.788679962647580668e-01
-8.764027999661213597e-01
-8.767980472831840011e-01
-9.368425470577205205e-01
-7.321261483344215781e-01
-8.572978168861009607e-01
-8.958700708364228937e-01
-8.926647066290227528e-01
-8.501426945349661590e-01
-7.576903899890110594e-01
-9.002974116124761172e-01
-9.232745091582722496e-01
-9.954870244299623971e-01
-8.914207206207379608e-01
-1.028926805888431106e+00
-9.677256942043046539e-01
-1.077415694815849534e+00
-9.151685748317187619e-01
-1.006918196722807579e+00
-8.545196499227968312e-01
-8.371266777484728250e-01
-9.677421438069869764e-01
-9.908104187880090175e-01
-8.499473573124819437e-01
-9.736258474017890352e-01
-7.988058172861584039e-01
-8.436333587483209051e-01
-8.562778838192089959e-01
-8.123340107788927789e-01
-9.578776483434972011e-01
-8.797220646775103514e-01
-6.946436116645471337e-01
-8.505132085433405598e-01
-8.136584721531539000e-01
-9.287393340111657070e-01
-8.354825405477224187e-01
-9.132216132793339325e-01
-8.685766001030431616e-01
-8.258100891263728816e-01
-8.244589370000409145e-01
-7.608745929736153712e-01
-8.189872817302518149e-01
-8.220189580779413419e-01
-8.134956506301264101e-01
-1.007011352283458727e+00
-9.295105799692457982e-01
-7.969069476205902225e-01
-7.711551323441875327e-01
-8.016088381615009695e-01
-9.249147254361853587e-01
-7.440253668713515678e-01
-8.976140118954417657e-01
-8.897769358637557247e-01
-7.495398717979242509e-01
-8.280993209084428486e-01
-7.815860455740819557e-01
-7.503884499616714221e-01
-7.381114183546113594e-01
-9.223736770041107702e-01
-8.379119985154129813e-01
-8.624241867854168797e-01
-7.548972368318461745e-01
-9.382747497254295688e-01
-7.041318501537895402e-01
-8.067076453581502049e-01
-7.360223738906710444e-01
-5.838761690041283092e-01
-7.649217377971030407e-01
-8.489376558037744491e-01
-6.835439671291684283e-01
-7.808325686525617870e-01
-8.267752287805880673e-01
-8.357094538313241117e-01
-8.612075640132126342e-01
-6.389868831451855913e-01
-7.258429051919990105e-01
-9.315312420109581604e-01
-6.793903443957048927e-01
-7.377617068613333551e-01
-9.099996042371664151e-01
-6.859099230570921968e-01
-1.000278309132225374e+00
-7.548723476448597758e-01
-7.549983323079992870e-01
-6.920647627704428206e-01
-8.588947537859729087e-01
-7.559163097124894648e-01
-7.758661999555697131e-01
-6.740058929776371333e-01
-7.432174610285496863e-01
-6.299377254319229458e-01
-6.959250949841057077e-01
-8.399826030619604866e-01
-8.286892305379583989e-01
-9.466072261111192487e-01
-7.658452388992992299e-01
-9.225254666937391379e-01
-7.031301677706139897e-01
-7.239140956435199392e-01
-4.583268806745316448e-01
-7.178474660080430558e-01
-7.132700385408876631e-01
-6.492961929597805826e-01
-8.350166922126061042e-01
-6.942431953645913367e-01
-6.666821839298907593e-01
-6.382226139481116389e-01
-7.427287018541345320e-01
-5.241911218173124221e-01
-8.365387269196558062e-01
-7.553339273105871277e-01
-5.609671957474741122e-01
-5.522551510806062991e-01
-7.514227705930724976e-01
-8.075873101086413763e-01
-6.910517112279047636e-01
-6.306023035916942243e-01
-6.279537519021779479e-01
-7.203272026222785618e-01
-6.064763868614084785e-01
-4.751647206116036415e-01
-6.749645854200800876e-01
-6.362625539685528020e-01
-6.941613826369887885e-01
-6.750252640565400641e-01
-7.094788543637515765e-01
-6.988091770948086090e-01
-6.204520051280892901e-01
-5.565559443919189109e-01
-7.090496464329195669e-01
-6.133412892415341933e-01
-6.007930878034598576e-01
-7.728442635614235501e-01
-6.602230582563700656e-01
-7.014461278688193246e-01
-5.866023292345377005e-01
-6.041128505636741419e-01
-5.542932646525282614e-01
-7.074011747516443238e-01
-7.464746225711268446e-01
-6.565113819875769696e-01
-7.136190318644152208e-01
-6.504030872246424622e-01
-5.225611021556638702e-01
-5.928608297820983086e-01
-5.349476264473808085e-01
-5.602505479861745741e-01
-6.379802940893543051e-01
-5.793407311048122121e-01
-4.663050362142978633e-01
-7.389195482831334427e-01
-6.519462988190067865e-01
-6.265334089049184874e-01
-6.227992773400435889e-01
-6.160192346880767333e-01
-5.399601712741514126e-01
-6.589277328278776436e-01
-3.898614504742832221e-01
-5.910640845991094183e-01
-6.193879098709389464e-01
-6.516173158740589111e-01
-6.847157080554916453e-01
-7.349758543950513090e-01
-5.542235263879702334e-01
-4.277867131964406266e-01
-6.429683392773827277e-01
-4.668626831762964224e-01
-6.615162223818753517e-01
-7.812904466840966400e-01
-5.259434761486375676e-01
-6.843425649539959243e-01
-5.677451642619454342e-01
-5.881304727318011905e-01
-5.228804319741409135e-01
-5.757270427963975257e-01
-5.016017818576292697e-01
-5.007821542954310479e-01
-4.829871928570195205e-01
-5.456824907971394856e-01
-5.121050057234367570e-01
-5.643241548671723562e-01
-5.622383247712219312e-01
-5.900758708527361618e-01
-5.582028869755579770e-01
-4.934858546695958248e-01
-4.035533743837744769e-01
-6.690750240856669917e-01
-2.965247718803874499e-01
-6.780427177113675929e-01
-4.782640331773703735e-01
-5.576717784852246451e-01
-5.004686704514874629e-01
-6.829089469902609455e-01
-4.842705357456059123e-01
-4.816197955669297426e-01
-4.630431529793301304e-01
-4.423298449470945970e-01
-6.651977655464370587e-01
-5.506927271951288505e-01
-6.246590926664605803e-01
-5.067364040303524719e-01
-5.539317370661108741e-01
-5.919463636891337810e-01
-4.502516305864998625e-01
-4.021087713339004388e-01
-5.105793267976805883e-01
-6.581614740669440300e-01
-4.910774327421647545e-01
-4.870814532558633836e-01
-5.617417220427787239e-01
-4.486308546237187111e-01
-4.093472302921998263e-01
-4.551089306444290328e-01
-4.906657742383220278e-01
-4.312628169293385993e-01
-3.871917007701051738e-01
-5.223856185049233769e-01
-4.198871190159321753e-01
-4.805357249901811567e-01
-6.025960239849672551e-01
-4.794948675431407459e-01
-5.528004531551434786e-01
-4.775936046638378230e-01
-5.875032198092547953e-01
-4.095866520934032806e-01
-4.609410031275226749e-01
-5.429570129086312980e-01
-3.525200760160278057e-01
-3.171826567386113460e-01
-3.707198784813773296e-01
-5.088530985072663437e-01
-4.961305757039684017e-01
-2.848870085080467685e-01
-3.961774280207210341e-01
-3.613581889993539575e-01
-4.349065361593925649e-01
-3.776727570054895233e-01
-4.352652388961069652e-01
-4.285995827236762090e-01
-5.556421056441415152e-01
-3.337926625399006975e-01
-3.574039792704646334e-01
-4.490700082727259734e-01
-3.315818931449693863e-01
-3.099524504625768562e-01
-4.251281990821349499e-01
-3.960917546004506518e-01
-3.074641862282147531e-01
-6.340477950679164199e-01
-4.331212532104206092e-01
-3.166028620949767336e-01
-3.101888810813241415e-01
-3.113720085580372055e-01
-4.491607262443179649e-01
-4.017539682991578265e-01
-3.919931326703424701e-01
-2.113429890286176172e-01
-4.107761386834801187e-01
-4.200561382064464389e-01
-3.824423308720106829e-01
-3.698002086016714540e-01
-3.108879555667811712e-01
-4.326177919270087213e-01
-4.705244108425824523e-01
-3.887600363577272122e-01
-3.199948378894013068e-01
-4.277868666322252600e-01
-2.529343120651220134e-01
-4.884906592797331193e-01
-4.638555900270214249e-01
-4.382360878738125187e-01
-3.364668430596680082e-01
-2.829874365842348638e-01
-5.168297994673315410e-01
-3.603067060399681720e-01
-3.384663613193034104e-01
-2.645763415636883664e-01
-3.535788959278714505e-01
-3.982521727467113193e-01
-3.763548861027350978e-01
-2.976493211423087426e-01
-3.432450364749918270e-01
-3.405219205527115767e-01
-2.271329615952451253e-01
-4.538649421060510503e-01
-4.975138064167427543e-01
-3.923871777100732539e-01
-3.511346791253003863e-01
-3.150664883968412044e-01
-4.291014742050701103e-01
-4.168929754565650625e-01
-2.146244343032255586e-01
-2.798395972404167931e-01
-3.976867025253287280e-01
-2.760400148909940010e-01
-4.980650526790887378e-01
-3.925801009263432118e-01
-4.531943638611513059e-01
-2.458222144728656466e-01
-2.335221567812157950e-01
-4.703293305467693974e-01
-3.620345609264576936e-01
-3.365379941409130105e-01
-5.316876886491128662e-01
-2.730284721530286673e-01
-3.354181934246533991e-01
-2.738627239687038140e-01
-3.193477404609790793e-01
-3.395097755225318648e-01
-2.926241296312825368e-01
-2.759080557052898675e-01
-3.984698056206439909e-01
-2.189147411075629268e-01
-1.382548685655511644e-01
-2.719083093969176801e-01
-2.744354267427134841e-01
-2.056505415048218710e-01
-3.387961266149440154e-01
-1.952255204056051185e-01
-2.957500517261529849e-01
-2.129728020994774984e-01
-2.004261524348805446e-01
-3.711942694591958136e-01
-2.030892676344681069e-01
-3.215101587005428918e-01
-3.801105405101247170e-01
-1.954162828043279343e-01
-2.706226904440461323e-01
-2.753897945948002857e-01
-2.974459899868828749e-01
-3.356305253966696545e-01
-3.249879500519722852e-01
-2.816972296056929892e-01
-2.760880924172293138e-01
-2.843952037613970418e-01
-1.827283089851563513e-01
-1.457286555168253728e-01
-2.598009363747862399e-01
-3.062325523382639081e-01
-3.275505762391476838e-01
-2.655708942551939789e-01
-2.007082594909838646e-01
-8.906010608813607829e-03
-2.848703268075493122e-01
-2.193523311878440019e-01
-2.927409345067541468e-01
-3.149854899774769956e-01
-2.269851213616679575e-01
-5.322261627949384510e-02
-2.171603983271124250e-01
-1.775959952351469917e-01
-1.923974645556892349e-01
-1.744807263170001788e-01
-1.515535493411534762e-01
-1.782849095013554763e-01
-1.983537428335417352e-01
-1.291975633431246273e-01
-2.755596699330929988e-01
-1.564482467968909829e-01
-2.222042088423378248e-01
-2.043953613591381335e-01
-2.654361560000615405e-01
-2.110916598078584339e-01
-2.389018870986234500e-01
-6.069363322757806087e-03
-3.422467941307216766e-01
-2.543060457076050107e-01
-7.369498998504434017e-02
-8.198046559438622316e-02
-1.906886692488119206e-01
-2.135289921169181981e-01
-2.119864169613781824e-01
-1.804577839622419633e-01
-1.318619419679713245e-01
-6.456706999699783622e-02
-3.161328998390344758e-01
-5.644125433326459967e-02
-1.441878362011602688e-01
-2.024823189284747083e-01
-2.594841279545835322e-01
-1.173465317889393622e-01
-2.184515179109736693e-01
-9.263745721527504029e-02
-1.197444482509021635e-01
-2.036207685980153184e-02
-1.681708910438728666e-01
-1.684042837292412664e-01
-2.529065463771573707e-01
-1.236999864729648735e-01
-2.189351510562024816e-01
-2.153077230345615267e-01
-2.104676148157128834e-01
-1.537099182919552387e-01
-1.819447528396196667e-01
-1.035942671586260605e-01
-8.867556373725195284e-02
-1.537352710942637146e-01
-5.433882384186510678e-02
-9.675891866005925657e-02
-1.465899798286645073e-01
-1.000094691792897811e-01
-1.446480061215110469e-01
-2.993712204345650996e-01
-1.867338744651181048e-01
-1.493333927119183946e-01
-1.339070393410772553e-01
1.584137983063299907e-02
-1.298876146390134101e-01
-1.097372264757021515e-01
-2.079743603877855229e-01
3.572218434301988738e-02
-2.123435548673782702e-02
-8.446081123519447176e-02
-4.444825649954540353e-02
-1.589741697081401006e-01
-3.122065170358635511e-01
-1.266366965757445284e-01
-1.997878090235313264e-01
-1.112205511732188984e-01
-1.286979707560341468e-01
-2.040831648702680357e-01
-1.784389934365124553e-01
2.010706456777032469e-02
2.211057006254957703e-03
-7.075107757756540772e-02
-2.593177519257391581e-02
-1.800112981936690575e-03
-2.012139613540291638e-01
3.286010728887479165e-02
1.231152252624728542e-02
-8.025751567767813038e-03
-1.502670866410582007e-01
-4.663139487551581225e-02
-6.303819279962011302e-02
-7.463999887151570589e-02
-6.061549713025082137e-02
-2.236092210509590950e-01
-1.504738560052205909e-02
-2.682744042389741471e-02
-2.875221994982177232e-02
-3.917829238860826013e-02
-7.616258045701787549e-02
3.441043919014051544e-02
-5.488664441653436088e-02
-1.517856249935690960e-01
2.479066647239224624e-02
6.467158545194921782e-02
-1.554814778872680714e-01
-5.718392992498449318e-02
2.669953747886199061e-02
4.737768588803258074e-02
1.618767349660692667e-03
-4.135385995429701617e-02
-4.273190057004622178e-02
6.298351441954450070e-02
-8.526991157486657480e-02
1.796579411172146423e-01
6.591644386876461224e-03
-1.261084156159070213e-02
-1.086227249956556451e-01
-8.480575596129995286e-02
9.016588772363877402e-02
-5.972061135163284074e-02
8.952642573350930166e-02
5.992587535434894946e-02
2.678390587582108254e-02
2.090234894307664917e-02
5.281537973800083663e-02
-7.887863937466895944e-03
-1.779490498816680213e-02
1.307663711145998220e-01
2.066216316133439451e-02
-9.979257967672909568e-02
9.975932886981678932e-03
5.830730419465712105e-02
-6.869657717886344661e-02
3.384666737331685333e-04
1.015737459761027195e-01
8.024155886411660221e-02
3.972784167446969522e-02
-2.622704325440211037e-01
-1.682338468568800038e-01
9.165448083826611969e-02
9.207580177433558055e-02
3.889572350848452542e-02
4.478851321466768148e-02
1.066268243430189451e-02
-3.977625854267843875e-02
8.405773872479228859e-02
2.111456143873964575e-02
2.002717747181178426e-02
1.572517988848785575e-01
1.722683368564947304e-01
9.295665449662807167e-02
-9.680989205954344812e-03
9.163648496909887475e-02
3.540404912540407421e-03
9.687275164721827203e-02
1.414713126490638739e-01
-5.762917547030595167e-02
3.857652582833513005e-02
1.820877240853047696e-01
2.784240171246627274e-02
-5.577410363790095277e-02
1.149678355569879740e-01
1.592233782912567674e-01
6.266182291009151153e-03
1.574075457276945811e-01
-8.182600099236735092e-02
9.837337928070043203e-02
2.176188124628153017e-02
1.381849257845441936e-01
1.513266505225628888e-01
1.594822164686892640e-01
-4.835824252184520861e-02
8.135011958789713227e-02
1.168293228452895460e-01
1.120095471486147187e-01
8.824858018122085090e-02
4.723831345236652324e-02
1.961038153546698914e-01
9.826877845825489344e-02
1.879517110049399864e-01
7.910631777595356073e-02
2.971372009035635475e-01
2.331438177631209863e-01
6.802551656813089764e-02
1.253788356441534052e-02
1.576457430689260641e-01
2.696874785111968986e-01
2.254341899165847596e-01
1.236086057033456143e-01
-3.523648279051996846e-02
4.199498879982867250e-02
1.926705337624033121e-01
7.318644740911843527e-02
6.476259290758239195e-02
1.352555299374958442e-01
1.693578828293273164e-01
2.258144314204303393e-01
5.305507907141260304e-02
2.974147376681322563e-01
1.410627518112767265e-01
2.257578628438510482e-01
-5.041430405600696302e-02
1.919005062833192832e-01
7.828055170587146228e-02
3.108477282209364256e-01
2.548217933441887517e-01
2.111375430011521726e-01
2.409125012373609098e-01
7.342301784606523885e-02
1.093844441771078119e-01
1.357912430768760115e-01
1.120336487279424004e-01
2.184672672989044773e-01
2.873476345979583124e-01
9.314167284792031209e-02
2.828656472875544226e-01
1.858022045303237835e-01
1.422487849214869593e-01
2.228431623986942001e-01
8.580982222192255759e-02
3.630238357383090420e-01
2.909397494306096843e-01
-4.689701413176455835e-03
1.016919344669388603e-01
1.816577115549397048e-01
1.106215905241093450e-01
2.343337162611581481e-01
1.233123800031274975e-01
2.290412892878897488e-01
2.816109181865418254e-01
2.723476464460265478e-01
2.960266714872246685e-01
2.808980760179993208e-01
3.389365342954568927e-01
3.012019997747941158e-01
1.490088049837725859e-01
1.640428000815160881e-01
2.564292824843966145e-01
3.199255581273167115e-01
3.062484738018123598e-01
1.681512227713208019e-01
1.958852728782440877e-01
2.541788060404890359e-01
2.654286634461066052e-01
2.839602274682834770e-01
3.017153748331420915e-01
1.344939455180771681e-01
3.167082157603964832e-01
2.178046855726799014e-01
3.289149445615170420e-01
3.962615809774954201e-01
2.991256942264197694e-01
1.456489638192282610e-01
2.850287513812018725e-01
2.065097522847451905e-01
2.617063205800692072e-01
4.243882535016570423e-01
4.485468740393060427e-01
3.327426010136688705e-01
3.931004755596004263e-01
3.056067185448886891e-01
1.807997918702210216e-01
4.531314860093801355e-01
1.887351739415361329e-01
2.750560670069962521e-01
3.891053526376991867e-01
3.209878909525810120e-01
3.772336826725776193e-01
2.575072054133351052e-01
2.421731176324699863e-01
2.904272263021329126e-01
2.758922621132847697e-01
2.952631884989745381e-01
2.839870201548473916e-01
3.695667446298908088e-01
3.985785872684099451e-01
4.071437817221907896e-01
5.095338340239259356e-01
3.636641475894257791e-01
4.132730544922543214e-01
2.570023435962044411e-01
2.833843072133000462e-01
2.530303463240987094e-01
3.019265681623078956e-01
3.140581979046681016e-01
4.308500915750924642e-01
4.830558500541486389e-01
3.192145838883111431e-01
4.567208531427072726e-01
2.624385021270879137e-01
3.856089772970940910e-01
3.348847840058210568e-01
3.637175267557588576e-01
3.517642546826811878e-01
5.029748506605266067e-01
3.268658596304658270e-01
2.584175244893802681e-01
4.914606463287968796e-01
3.543384312460935992e-01
3.551105641037998195e-01
2.579171297494535220e-01
5.016539030781668185e-01
4.288978354847298724e-01
4.532125959763589340e-01
5.261855349971920059e-01
1.816939648199682455e-01
3.058151290783819864e-01
3.565109003258566389e-01
1.529755265221748595e-01
3.195271654617951040e-01
3.588903147468783250e-01
4.073542630048834212e-01
3.110605522274358381e-01
4.619499341475603038e-01
5.126671217364453526e-01
4.739407253304651624e-01
3.784872013692530124e-01
2.967751603004847305e-01
3.454853333393596015e-01
2.975711290863027325e-01
3.089758543287366988e-01
3.170076523923162082e-01
4.502074927979119456e-01
4.940528294447916746e-01
4.846001659872717360e-01
4.877787890529590720e-01
3.411541951067031953e-01
3.626944794406745665e-01
4.777794538407963976e-01
3.950738473095332104e-01
5.878417016435169007e-01
4.841439032651671526e-01
5.218240840529343449e-01
3.929176880671979566e-01
4.218189151416329996e-01
4.658125479540595193e-01
4.522624669198042069e-01
4.215092100405138931e-01
5.183244999943311671e-01
4.247623814302194933e-01
3.949595052583685373e-01
4.537556793901928454e-01
3.870895155388403563e-01
3.643067343119262280e-01
4.038669563650490457e-01
3.922795297381378443e-01
5.206363850417848882e-01
3.420760969337068857e-01
3.554491095851912141e-01
4.705534945394295177e-01
3.439410675334008127e-01
3.567132703255604942e-01
4.303500853580561336e-01
6.374051051840369242e-01
3.992914304060523056e-01
2.961067280248686484e-01
6.758264152300497152e-01
3.806842152214047759e-01
6.288840910057398315e-01
5.856704320405670128e-01
5.068009580011066939e-01
4.738813328874200148e-01
4.750745154982113916e-01
4.502435927452857478e-01
4.182071428590442008e-01
7.618505324287198066e-01
5.904685707212680157e-01
6.099986117240008276e-01
5.826371340112019848e-01
5.654695014535278119e-01
4.631153825711933347e-01
5.768464405261664041e-01
4.945555266258847005e-01
4.481290603030929076e-01
5.417235105333044753e-01
3.727562081604295363e-01
3.313613885509680279e-01
6.576479938065882269e-01
5.093723239994603080e-01
5.881992184012342362e-01
5.417243340499507953e-01
5.932500696405674789e-01
4.802740320424920828e-01
5.444185511627311902e-01
5.547523579356102852e-01
3.109658765120701385e-01
5.603709958267555358e-01
5.830948832320483888e-01
6.247115487674285150e-01
6.268469265114506861e-01
6.504865621282847066e-01
5.672070204642708502e-01
5.653792794432308533e-01
6.007750625105712228e-01
5.443028460904693056e-01
5.643217219622198577e-01
6.107765175811782354e-01
5.169774822832908789e-01
6.602467171035207860e-01
4.963658740756847210e-01
6.615408038435771632e-01
5.237558007878555522e-01
5.720527662658656531e-01
6.413910425734131726e-01
6.301256887090502801e-01
5.523398981867247981e-01
6.721875153068442854e-01
5.954489053964062695e-01
5.263274128500355920e-01
6.175402043278420683e-01
5.619504824242761432e-01
6.041010858043804888e-01
5.542993001720598611e-01
6.672037364927615455e-01
5.901740892589586451e-01
5.948746717726662858e-01
7.193083108979119178e-01
5.756691091639539737e-01
4.315182420481588066e-01
6.166694630318368953e-01
5.950606610875276425e-01
7.387914039278290490e-01
5.251674062865554493e-01
4.778187398652075646e-01
6.920899206138650950e-01
5.025467644926381316e-01
7.153458126555697350e-01
6.363408775631907988e-01
5.250750980477750796e-01
4.632384078654471216e-01
5.293584546564217286e-01
5.581799497835593371e-01
6.794831603824196264e-01
6.214656022374642763e-01
8.314239766949210741e-01
7.570092986363635701e-01
6.659643362328575567e-01
6.458843152612944172e-01
6.597300048391185889e-01
6.388126167906277297e-01
7.220922250072544513e-01
5.584062101454676519e-01
7.390588393260510980e-01
6.635909558622933302e-01
6.640439763654526484e-01
5.344212787188727942e-01
5.426686635521114077e-01
7.574253891758973012e-01
7.272500193203053076e-01
6.943848461551540563e-01
6.714032355902044280e-01
7.004664627119437936e-01
7.155197159657308292e-01
4.566214323086561500e-01
7.660967649529645263e-01
6.950358300886728680e-01
5.591467820792491716e-01
7.740637644116330485e-01
7.282566979510770588e-01
7.398756994720225855e-01
6.629895968121564120e-01
7.845905084898670001e-01
7.228063543813931791e-01
6.053563968173363286e-01
7.116725790036662058e-01
6.345817293441423645e-01
7.511745793990590725e-01
7.143329120172904334e-01
7.312094401697484258e-01
5.699744705856619742e-01
6.784618052762951823e-01
9.167265643561072208e-01
5.812749732567095151e-01
5.573418126926964478e-01
7.158088807395630582e-01
6.046877959280806403e-01
8.919475303795694199e-01
6.787477823642299457e-01
6.856981587068300410e-01
4.834604247929257803e-01
6.490655304445497320e-01
6.341626335848156160e-01
6.702105588718965112e-01
6.531349786127470525e-01
8.112912207622245964e-01
7.730390451365962701e-01
7.486418336824649522e-01
6.727158196993022754e-01
8.152565273063885343e-01
7.454464609420373700e-01
7.767633835635840978e-01
6.893463549587840467e-01
6.767846109885834460e-01
7.830016855544037480e-01
7.001800566702898188e-01
8.347775597146592785e-01
6.421147198015276780e-01
8.323043552069331330e-01
8.462109076600428104e-01
7.563262398281973553e-01
8.137469043817203707e-01
6.992329538639032727e-01
7.866490191811587041e-01
7.108086868388184820e-01
6.975016290997756441e-01
7.430720775843976389e-01
7.856191598340860338e-01
6.634040496267831211e-01
8.693763699696370750e-01
7.781844067037551049e-01
7.613567478979712533e-01
7.646457513327529210e-01
8.320054824699798512e-01
7.425786687231313854e-01
9.231151296436699294e-01
7.962469191315278971e-01
9.873861163962885934e-01
8.099128721585800994e-01
7.316331063118322042e-01
6.996372622058025792e-01
7.766647294960963288e-01
7.165443815021546037e-01
8.158179262944830201e-01
6.988988569689387198e-01
8.820270765674881330e-01
7.639513078997666184e-01
7.892431730318464345e-01
8.804882836067966512e-01
8.248238940369951866e-01
8.655322004824351767e-01
8.012324824613499263e-01
9.393627620915807608e-01
8.656057398088070620e-01
6.259764074704738945e-01
8.320084367962908845e-01
8.528246880073551139e-01
9.952388444383089006e-01
8.609954906336598768e-01
8.808373312595179083e-01
9.197731966832617401e-01
9.353686648264410985e-01
6.599560504993359222e-01
1.100136255691485321e+00
7.064156317635400528e-01
9.562469222053631146e-01
7.629975370267997326e-01
8.669980377167999519e-01
9.639635061869555877e-01
9.703376832712311550e-01
8.165956403922932649e-01
6.484460516418899534e-01
8.761237573088499486e-01
8.743530585145437017e-01
8.640404129061368677e-01
8.026347014005883462e-01
8.398245341701763289e-01
8.770142611279359013e-01
9.213647478974883454e-01
9.535461536949183525e-01
9.408434532948402040e-01
9.165175112670562729e-01
8.693960137431472335e-01
8.202839844742492170e-01
8.681221140474201237e-01
8.369977461672951646e-01
8.232208031981698149e-01
1.067442028029611967e+00
9.877620302639528171e-01
9.025218946756650151e-01
8.765419580727394910e-01
8.127814604435386059e-01
8.971625461331661500e-01
9.239497362152389037e-01
8.340011006960257323e-01
8.687708923793096005e-01
7.666226042610756464e-01
9.730227338621140198e-01
9.805017870654662016e-01
8.753240824081270910e-01
9.190006285306357992e-01
9.242547740105457876e-01
8.936106532496516097e-01
9.480464880381299642e-01
8.558193923372523493e-01
8.485276016507861119e-01
8.724815887624566280e-01
1.003466519498086962e+00
9.111864239578151281e-01
8.657454956952700398e-01
9.211286954573058017e-01
8.258648195082350929e-01
1.049329248558752647e+00
9.197564781490452646e-01
9.036854896765468270e-01
8.997463137165494507e-01
9.571395689553375830e-01
8.537113586689424327e-01
8.753247395591637892e-01
9.568086861996020209e-01
1.021913957101393100e+00
8.855943680862049527e-01
1.015730536047482868e+00
1.110205529417863657e+00
9.736940830444354988e-01
9.674864685599726677e-01
9.409090604619630982e-01
9.594663047696169178e-01
1.002266233758143388e+00
1.031104060637583419e+00
1.139080267592162743e+00
1.007866371474626321e+00
8.998586624865254624e-01
8.582193129865933745e-01
1.187328450386213818e+00
9.558097034880917997e-01
8.640859440395969315e-01
1.064701377483809885e+00
