-9.971669585969535898e-01
-1.024561267881168636e+00
-1.046636113693186765e+00
-1.116939562675321129e+00
-9.970160614336006644e-01
-9.080078367011547025e-01
-9.389395305949453929e-01
-1.071611043704667754e+00
-9.900060654244039471e-01
-8.112135679353780215e-01
-9.851271361613936905e-01
-9.329514387582469315e-01
-1.032676335038437365e+00
-9.244554757013047075e-01
-1.037605564954368065e+00
-8.884846514646079774e-01
-1.020765153122561886e+00
-9.959986676540839579e-01
-9.300795012625427960e-01
-9.728635508881638971e-01
-8.935924429604099606e-01
-1.040853025329234516e+00
-1.095624267718487976e+00
-9.589115557003133894e-01
-8.989995289768341058e-01
-1.025234185367993156e+00
-1.020127523720778084e+00
-9.995544103925154689e-01
-1.110557792898414053e+00
-1.040502278136791192e+00
-8.703007887265364895e-01
-9.014430246538108760e-01
-9.064881335919634520e-01
-9.747544316106937501e-01
-8.773070147970355448e-01
-8.667460620087240608e-01
-8.791408308484314205e-01
-8.264116923021403993e-01
-7.698316087208547653e-01
-8.760866319781168698e-01
-9.319520692251569427e-01
-9.563571031848224768e-01
-8.129826904086012718e-01
-9.937077035034818095e-01
-9.347700311874482804e-01
-7.575842266215191412e-01
-1.192825746949003785e+00
-1.080264533728197751e+00
-9.486889320873789222e-01
-8.597229426879842151e-01
-7.681835532184124737e-01
-9.079634899384841917e-01
-9.708156733342401257e-01
-8.226019927415416655e-01
-9.053145080117923627e-01
-1.010956959265838506e+00
-8.620549100841742307e-01
-8.857105272381864403e-01
-8.488004790164984659e-01
-8.066764073009476954e-01
-1.035289983220969212e+00
-8.161254485661268987e-01
-9.843031372670419943e-01
-8.782327522839847855e-01
-8.264257487899332455e-01
-9.175198621567958179e-01
-7.958585160150958293e-01
-9.462493516611100164e-01
-8.910995089729242258e-01
-8.712675050881087957e-01
-9.181027882346134428e-01
-9.281739120693607292e-01
-8.306645675700045084e-01
-7.786796004068436972e-01
-7.577225327004394329e-01
-7.114487125660874378e-01
-8.843369442975023142e-01
-9.122722164151667590e-01
-8.297791102473627278e-01
-7.877982003785454213e-01
-7.159571963588376997e-01
-8.239262085654478485e-01
-8.601389064795446071e-01
-8.129011944785847765e-01
-8.484434624354758592e-01
-6.897681015015867390e-01
-7.138079007107980267e-01
-9.660164536858482087e-01
-8.637142466006062502e-01
-9.285336189472749302e-01
-8.650567171047185422e-01
-7.550310164903897281e-01
-7.301959824280026545e-01
-7.344391795455148531e-01
-6.648254903637518254e-01
-8.491078029795370297e-01
-8.742207874414754665e-01
-8.392298017486148343e-01
-8.876588919195127492e-01
-7.734630014054280078e-01
-9.043862459730382941e-01
-7.540611931692362546e-01
-7.717095376177891541e-01
-8.386017287155292932e-01
-9.057504053592724258e-01
-8.281535402313016103e-01
-7.722405921719901478e-01
-8.226828478330520111e-01
-8.791883800744213495e-01
-7.772095301601024131e-01
-8.824733531948015797e-01
-8.379835865677573992e-01
-7.867657509761839529e-01
-9.247505851025210610e-01
-8.675407836411949125e-01
-7.970243262493260650e-01
-6.820275487848052043e-01
-7.118416399922743443e-01
-8.132694463189040768e-01
-8.064161138295166120e-01
-7.659851167758605639e-01
-7.345210901408414372e-01
-7.640586352885613275e-01
-7.260046848493960647e-01
-7.960898863989703811e-01
-8.718819244772976207e-01
-7.575796345261469611e-01
-7.365411912832403596e-01
-6.985124370247797199e-01
-7.590703881228332284e-01
-7.901306791428960308e-01
-9.830518018580853834e-01
-7.222756336908173758e-01
-8.726066443096892611e-01
-7.771185026369645810e-01
-7.689299426846868402e-01
-7.314132005713761542e-01
-6.006138509894997091e-01
-7.977913812743377964e-01
-5.615758743922878438e-01
-7.899736377675087295e-01
-5.630659779748580229e-01
-7.201712620700556622e-01
-7.501709533474569813e-01
-8.019836952995053059e-01
-6.766230793504678376e-01
-5.512574912735798138e-01
-6.353552406646005846e-01
-7.311405384348071967e-01
-7.772766645709564548e-01
-6.362519567247317820e-01
-7.722921014770230963e-01
-7.500522347987552685e-01
-7.281253186142944145e-01
-6.276333612534918949e-01
-6.815327779553114196e-01
-6.864845014179384863e-01
-8.838856257024363394e-01
-5.247614460546075055e-01
-7.483204462959259784e-01
-7.630429226137170895e-01
-5.295707908141439324e-01
-6.096660333543874044e-01
-7.436303781457684892e-01
-6.965472191557400272e-01
-7.390535891721918826e-01
-6.845948114060282919e-01
-7.431117154956859983e-01
-7.051326179608508049e-01
-6.638761062799597434e-01
-6.160068053578312552e-01
-5.633760740775958231e-01
-6.741301153139386271e-01
-6.072323645371486833e-01
-5.405718901777423202e-01
-5.106523830347835524e-01
-6.394024009010236265e-01
-5.743304197279527346e-01
-6.570112529454682493e-01
-6.147082946911399670e-01
-6.707854724875985664e-01
-6.419772819390580088e-01
-6.262252253173928862e-01
-5.871815218233464861e-01
-7.279474389999387451e-01
-6.606793799156771563e-01
-5.850162392446840443e-01
-6.243802667458773215e-01
-5.992778479695589633e-01
-7.608119261788938159e-01
-6.683445853127124581e-01
-4.520106434890245328e-01
-5.938860569514041732e-01
-6.102607314541289574e-01
-6.298330834667991152e-01
-7.751305691267275089e-01
-7.427074128653677887e-01
-5.447590950239006302e-01
-5.456277152572983624e-01
-5.285467058304358368e-01
-5.993665805467952579e-01
-5.643009973920083411e-01
-6.241619520308289149e-01
-4.285685281699218585e-01
-5.668277846384842666e-01
-7.408054511099961825e-01
-6.775865458904468674e-01
-4.826118087166409998e-01
-6.537630674462933111e-01
-5.753885021758052831e-01
-6.308057926924242054e-01
-7.241937191914781247e-01
-5.081626750861959474e-01
-5.938057226615167661e-01
-5.909607535010998891e-01
-6.823662622951452983e-01
-5.904547032052306355e-01
-5.155093701700673714e-01
-6.078385111779681660e-01
-5.466180507105382613e-01
-6.299246001234541925e-01
-6.250346933823233142e-01
-6.467629872295357352e-01
-4.919160443511838010e-01
-5.649143524493267510e-01
-7.747632303174015744e-01
-6.924047321535465871e-01
-6.234229724830824271e-01
-6.173755946592893729e-01
-6.250505886434892799e-01
-5.407749912167592043e-01
-6.284701536009922318e-01
-5.032962871818142947e-01
-3.750925514891363388e-01
-6.793736574363126168e-01
-4.965931573149859335e-01
-3.768187929343002618e-01
-5.070534383916786014e-01
-4.651139632535321033e-01
-5.659207593379794732e-01
-4.321653580732151001e-01
-6.448333547806256449e-01
-4.171030212751283828e-01
-4.724958123197813831e-01
-6.067443466630346727e-01
-4.958967655920762385e-01
-4.344691356414079886e-01
-4.276699788786910705e-01
-4.706528175949627468e-01
-5.171532813619392766e-01
-4.789169065562268179e-01
-4.125636251773612262e-01
-4.598646180892861368e-01
-5.164762851259974141e-01
-4.345377218595865565e-01
-6.033692050516570315e-01
-5.229253269119343850e-01
-5.651501200120018220e-01
-6.749036154069607552e-01
-4.288922168067161311e-01
-4.076796251189050424e-01
-4.180018532272586906e-01
-5.576109415244238088e-01
-4.886753061449018443e-01
-5.505079175471678798e-01
-4.543105361097612982e-01
-4.509246818236851140e-01
-4.745110913734191804e-01
-4.832041056681869451e-01
-4.631570110157511855e-01
-5.897265585439523949e-01
-4.108690672975648384e-01
-3.736250728276724886e-01
-5.210767916361336294e-01
-4.524624559301754223e-01
-3.694261041200510576e-01
-4.117957973598439514e-01
-4.941789450149739471e-01
-3.183558881552151498e-01
-4.140092814543118171e-01
-5.309190323859549476e-01
-2.980670162497915943e-01
-5.035456486998788339e-01
-4.662274152414007666e-01
-4.992879811599396644e-01
-4.494407439001059101e-01
-4.189575857090463429e-01
-2.602047009096216112e-01
-3.802280212542821225e-01
-4.954798383174486287e-01
-4.491946493088558312e-01
-4.583438041288483977e-01
-4.084843644749900360e-01
-3.509649477843803655e-01
-3.929493706033967415e-01
-4.876371417497296079e-01
-4.192198552404096668e-01
-3.730603997929473614e-01
-4.418126657897056830e-01
-3.664650560237642796e-01
-3.476456216167813085e-01
-2.516647543643590890e-01
-4.890659426823776301e-01
-4.735677897579407825e-01
-4.179060911106322607e-01
-4.224101148022935126e-01
-5.471120662671882240e-01
-5.506152678596704098e-01
-3.969949263735860212e-01
-2.467509719409192726e-01
-4.238996488815055530e-01
-5.685622039936875094e-01
-4.353195710632956072e-01
-3.006480303218687089e-01
-2.997477360919465483e-01
-3.473916880867613521e-01
-3.587009549818670484e-01
-2.927437489664962422e-01
-4.477945830584742493e-01
-4.220914000607160488e-01
-2.994668832668548886e-01
-3.274903846169593402e-01
-3.783717581592119239e-01
-4.283402260746856927e-01
-3.073659293192047559e-01
-3.455810599311198161e-01
-4.716946265641427383e-01
-3.826166197814114267e-01
-2.440243578000475810e-01
-4.022078487083465270e-01
-3.983352211019726141e-01
-2.656241712618727102e-01
-5.026377438304239220e-01
-3.772367350302323064e-01
-2.773783294360848695e-01
-2.911161338308665414e-01
-2.716223155588649574e-01
-3.031909975706607030e-01
-3.052063063825819489e-01
-2.701632390987924737e-01
-2.454968046938612591e-01
-4.351640130529562112e-01
-2.211792727448303741e-01
-1.213840741572232984e-01
-4.613062303326568858e-01
-2.291739143537580847e-01
-1.809247481613259212e-01
-3.157702796290221547e-01
-2.031401198685983400e-01
-3.591999101636909053e-01
-2.628921035736082046e-01
-2.926536742366468991e-01
-2.656320639522603000e-01
-3.102183052049624634e-01
-3.692302143240800971e-01
-2.098569508968199104e-01
-1.952107931821850662e-01
-2.186968025612367195e-01
-2.846547724511014898e-01
-1.320076645833700435e-01
-2.432822082921332341e-01
-1.688735969502056511e-01
-3.231673834045562521e-01
-2.891113045319571584e-01
-1.995362248469946531e-01
-3.656477266854830099e-01
-2.977238197269818643e-01
-3.902472769745993220e-01
-3.689828854470211250e-01
-3.753908418573871919e-01
-2.419681946570837461e-01
-2.138908366058554500e-01
-3.496855068602975347e-01
-1.884036968111514887e-01
-2.068701989746230263e-01
-1.344048486683147581e-01
-3.059387566062993224e-01
-2.659259186278388754e-01
-2.828049179821054415e-01
-3.711475659791392268e-01
-4.657745746065383718e-01
-1.724130970875720759e-01
-2.292480357062256224e-01
-2.524171595502592291e-01
-9.413401321632394736e-02
-2.285480873024290649e-01
-2.754315141425099922e-01
-2.057675305905691254e-01
-2.000860564188455260e-01
-3.146207538533406511e-01
-2.380382131329216722e-01
-1.802560847247203502e-01
-2.043222143921988032e-01
-2.025593988810401314e-01
4.379257799531720459e-03
-4.763543492214213776e-02
-1.638017544691576233e-01
-9.634814152292867084e-02
-1.821716271099124707e-01
-2.940891601418365586e-01
-4.775315261414569273e-02
-1.338375942986257672e-01
-5.012504332924318240e-02
-3.076263825128088825e-01
-1.178739220135370247e-01
-1.809126184214164546e-01
-7.733671390815158309e-02
-1.175429767823730626e-01
-1.631742678101040789e-01
-1.384368414178968887e-01
-3.099031716038710416e-01
-2.314999362964223761e-01
-1.595805008021317362e-01
-3.049667381599564520e-01
-2.485819515439751104e-01
-2.205609312405344691e-01
-1.634087604772227198e-01
-1.248555743734362650e-01
-1.769954384570253947e-01
-3.495063148737414527e-01
-2.029536077557518858e-01
-2.778898776196180864e-01
-7.754570189718927586e-02
-1.898111558077109351e-01
-1.549957183464512056e-01
-6.229233280128679273e-02
-1.036240603650973868e-01
-2.078006868082117320e-01
1.308554753037274344e-02
5.312064560877011177e-02
-7.891482313862439868e-02
-8.352560507098863440e-02
-2.908391707106781077e-01
-4.638042086247510382e-02
2.828753316419576821e-02
-1.880166548814345973e-01
3.040686360320741036e-03
-1.286836165607664062e-01
-1.123237385463180388e-01
3.040961504673249730e-02
-1.234479669601982466e-01
-7.110084502098606984e-02
-1.314885636161875204e-01
-2.592012719601828885e-01
-1.669608255376384687e-01
-1.384573947670019733e-01
-9.559013194355647780e-02
1.618061372367836067e-03
-1.177100555675885396e-01
-1.881014360160551124e-01
-1.154698987786809822e-02
-5.906425524537561866e-02
-8.944497934215976664e-02
-1.050664227805312295e-01
3.826682974433640028e-02
-4.398123310300372513e-02
-3.737744546565075626e-02
-1.595336848640005190e-01
-3.813821500657920294e-03
-3.618723304383305445e-02
-3.510196788933209189e-02
-1.985732980528535641e-01
-5.803046764150139591e-02
-1.009864556946160619e-01
-1.731809103532167549e-01
5.008226368984202564e-02
-2.736811144420485120e-01
-3.579232293904190121e-02
-3.056189346029488663e-01
-2.720665672768894650e-02
-1.781784897624291708e-01
3.938518685770237004e-02
-1.181531984260379697e-01
-4.900922419283501585e-02
-3.198893685208896442e-02
-1.217655452366764590e-01
4.936977287510643103e-02
-2.165716483181800642e-02
6.320920270850671763e-02
5.572751384198831176e-02
-1.880818876217902891e-01
4.076170129558855798e-02
-2.270463897610653925e-01
-1.042257745432879634e-01
-3.087220040676522115e-02
-8.290099147602217333e-03
1.993029219844921675e-03
1.520178908992013932e-02
-2.123540001367191926e-02
-3.913114436262361134e-02
1.393156737323274393e-02
-1.597495133174595405e-01
-4.389537078010692650e-02
-1.199389729553367173e-01
8.637563295306360800e-02
-1.533278083456179053e-01
1.276075464516632785e-01
-2.307713983658363568e-02
-5.504694520231533106e-02
-6.888248938100047236e-02
-9.233415969913168209e-02
1.281709475080796690e-01
-1.619479693597528358e-01
5.019172947553481728e-02
8.491628664326238141e-02
3.300856454809399793e-02
-2.940769622670882585e-02
-7.037606076821621703e-02
5.389231444132402266e-02
-1.352528540021081249e-01
2.073367981113212466e-02
1.558238633553540309e-01
1.588619345396427851e-01
-4.033963999728739508e-02
9.921969958007970103e-02
9.097220093703088650e-02
1.749527904064803185e-01
5.464909413277328765e-02
-4.964992121403428299e-02
-7.672286288326035653e-02
1.162116475168613744e-01
-4.079927412828773109e-02
1.838463767943292540e-02
6.632639560914775634e-02
1.979425780450335404e-01
1.105965742699861580e-02
1.143788986794036511e-01
-7.981306549511726911e-02
9.884103101028164640e-02
7.706258985945567408e-02
7.852545718870747316e-02
1.098180431229232451e-01
-2.230805187226687913e-02
8.249618964271804300e-02
7.919764045509074257e-02
1.989539008650250684e-01
1.674015473962056078e-01
1.817123791669209842e-01
7.509169471045870625e-02
9.441495832791126086e-02
1.020914452764158376e-01
2.291740756602375292e-02
-2.615220323953044643e-03
9.952207784647099098e-02
1.466081464552743963e-01
1.890927292635319890e-01
1.688889182653373344e-01
7.509492203032994140e-02
2.871187575354037722e-02
1.249495814089844753e-01
7.281066964759962123e-02
5.260927071772778657e-02
2.464437951918348191e-01
5.212833913073131910e-03
1.851428062989498302e-01
1.663604788367405440e-01
2.169969950516206433e-02
1.215668449420452962e-01
1.296470143305203382e-01
-2.344198248069208693e-02
4.790980888201624294e-02
1.231938241099663107e-02
2.616983349648077106e-01
2.107324821659689595e-01
9.985969843426344139e-02
2.049717106862058436e-01
2.204311546300036229e-01
9.917171933427741670e-02
4.699794706907434866e-02
2.293367130440144563e-01
4.479299054789401269e-02
1.538899362911846924e-01
2.292133842535777621e-01
1.942782873298010415e-01
-1.561771798248203641e-03
2.191782470969866059e-01
2.760926642599424996e-01
1.103224194786497775e-01
1.872090649330387380e-01
1.175719058380018389e-01
2.196208053250209569e-01
1.748726051918904345e-01
1.160159580218157738e-01
1.615427177201203823e-01
2.446483529955424674e-01
-8.850252015018431062e-02
4.182790269362753749e-02
1.665910735106389262e-01
8.561604720883334019e-02
1.337376134542498096e-01
1.947547390919464882e-01
2.639736125556016444e-01
9.639589467640939657e-02
2.921100466007363616e-01
1.148197457375746411e-01
6.975302297723916245e-02
2.022319478043231311e-01
4.022780501612464588e-01
1.817300391198832799e-01
2.374925228746836425e-01
1.430010631527721121e-01
1.853523169603874532e-01
1.292956436304032175e-01
2.557857191001635111e-01
2.089179262365666589e-01
1.858135612817274629e-01
2.252642296113590847e-01
2.561149326014270922e-01
1.860774971781107012e-01
2.699338770031948775e-01
1.338208765648668808e-01
2.700358371708236893e-01
3.505014240399105807e-01
3.054598114262546127e-01
1.554782569098828449e-01
1.531481616563166726e-01
2.669053841613360234e-01
2.222725683160643728e-01
2.535728579596496779e-01
3.937147212726718193e-01
1.431406087367660951e-01
2.722601926028368410e-02
2.745431454677030869e-01
2.646302949613221212e-01
2.360645374394746698e-01
2.837940010660576773e-01
2.671019530261473096e-01
4.423860513842549635e-01
2.770860087691840445e-01
2.150435016763905249e-01
4.653137647212358119e-01
2.040860465501324328e-01
3.024630498860111927e-01
3.210712036930308821e-01
3.008711846873290963e-01
3.993705917776438907e-01
1.810205069113156873e-01
2.125568757214885973e-01
2.353858702126099267e-01
3.199230346960582616e-01
3.071515876856648064e-01
1.993945056320071685e-01
3.046319360772475338e-01
1.567918142432467021e-01
3.365575383590234115e-01
2.707914735115309335e-01
2.366690955490898807e-01
4.345008478701256616e-01
3.555320473412859617e-01
2.309643379110420669e-01
1.452849730726245639e-02
3.380085271493159516e-01
2.982246156224740430e-01
4.056008554349813666e-01
4.143443027200322537e-01
2.455120183754926910e-01
3.563245227142681215e-01
2.268934976923100977e-01
3.267540626156676398e-01
3.929060087161786452e-01
3.086883524439367754e-01
2.705114670616076133e-01
4.217830860545224714e-01
5.108858073397072319e-01
2.411419644740192270e-01
2.054570267531951600e-01
3.865858100501994299e-01
4.013435457413064289e-01
2.979617560624933104e-01
2.873135241665552564e-01
4.057238171086708922e-01
3.097622509249796097e-01
4.818802211903518984e-01
3.448547582547747958e-01
3.748204385474399047e-01
3.677869524362776810e-01
3.136471789891450701e-01
3.748406360147585326e-01
3.852241229281723189e-01
3.555034611775642617e-01
2.963733772057230431e-01
1.646329965868463530e-01
3.067109337587830553e-01
4.199200810956356666e-01
2.436714230235163259e-01
4.908223911917874438e-01
4.090312536796638643e-01
4.564129922310297682e-01
4.079800247488539755e-01
4.594046481107209035e-01
4.597945426352458842e-01
3.167926589201301990e-01
3.866408081983938594e-01
5.089363619856243082e-01
4.357183265239758518e-01
4.594860963810943888e-01
3.750024539886676611e-01
4.252506824806025487e-01
3.884086268206129455e-01
3.535607691538008024e-01
5.425002150061924988e-01
2.907762732235070202e-01
4.619635118758158021e-01
2.564648602565873792e-01
3.383654948225064407e-01
3.319753939014785660e-01
4.115154772675402306e-01
4.202282002099874125e-01
6.015434024881629593e-01
3.944556590175044564e-01
3.677864980333351852e-01
5.431030298430002956e-01
4.610182303125297532e-01
4.908687366518875717e-01
4.559767934928869448e-01
3.613633995780360930e-01
3.191788009739068288e-01
4.613413984217876740e-01
5.060243460318512021e-01
3.089804507205514139e-01
4.559268913435153281e-01
3.120150153676934934e-01
4.486620832183042529e-01
4.724238575535490425e-01
5.909954391409001362e-01
4.837864180957786586e-01
4.063979873539386722e-01
4.938923250667938136e-01
5.436580870454750247e-01
4.744254530981364959e-01
5.201647841229858349e-01
4.511246335727785994e-01
4.888136573503403803e-01
4.504507601543286666e-01
4.045265083228266056e-01
4.445743517820156532e-01
5.612393673335734912e-01
3.873962583819040018e-01
4.471420484424645791e-01
5.094258759521045343e-01
6.023932869207683227e-01
5.937831339658472540e-01
4.804938212125576258e-01
5.665538408987127461e-01
5.978615502183172170e-01
5.819313354575755826e-01
5.868650121879604997e-01
3.745382803400942318e-01
4.723198871200489646e-01
5.610818543355668986e-01
5.407587248931328139e-01
5.298553753684153156e-01
5.293785524992906666e-01
4.663702372645648908e-01
7.530725222875258584e-01
5.106685612805760277e-01
5.118377406125907969e-01
4.479909450076637323e-01
4.559206860185912591e-01
3.643455811097033870e-01
5.539704945474681619e-01
6.099632651039404996e-01
4.608926539023454616e-01
5.909037696353131031e-01
5.183535527562888046e-01
4.375673417286537470e-01
5.369101170455852223e-01
5.145168126028842881e-01
5.196154478141754574e-01
5.164100533005365756e-01
5.520034311484629530e-01
6.560214782385633825e-01
5.471559517039963350e-01
5.231308057224234309e-01
6.049313966171842027e-01
5.868557301565535678e-01
6.118856507979240078e-01
5.739162552989348631e-01
7.047201922396038043e-01
6.091850623590828739e-01
5.466989726455395715e-01
5.468177933847215844e-01
6.558590201631666616e-01
4.499052710578615444e-01
7.049565711423413372e-01
5.627857430491134405e-01
5.797702510551443478e-01
6.570262830798095921e-01
5.139678766308338753e-01
7.343535933124140103e-01
5.443953028060738442e-01
4.785920318308562460e-01
5.789499009044295486e-01
4.786777980291940238e-01
6.146032751455087206e-01
6.821389468190973693e-01
5.349097428696668599e-01
6.330491993934880268e-01
6.678735898831987816e-01
7.248590718241235686e-01
6.645708733384856348e-01
5.830170795744048506e-01
5.674811374159859367e-01
6.082081291442463788e-01
6.172772887242569118e-01
8.460656232343269911e-01
6.334928764570549875e-01
6.100038329634994705e-01
5.862527239140461477e-01
5.477208194142761943e-01
6.591428962514979117e-01
6.175533903814987013e-01
6.092145034487528310e-01
5.416471332834184027e-01
4.015720554078950899e-01
6.514629051990401543e-01
5.483124753781669636e-01
4.769042774860892120e-01
7.038888233382957216e-01
7.917842921960213110e-01
5.859494641187620312e-01
5.738076324510851256e-01
7.053544864518825896e-01
6.317588850214849172e-01
6.203853552922976577e-01
5.978036924805113506e-01
7.071947364508734957e-01
4.769845082090234945e-01
6.721031339201045673e-01
8.355188045917278927e-01
5.445946225514846084e-01
7.572519758021125647e-01
7.359370428782037177e-01
7.526905695028051069e-01
6.780157904482151388e-01
7.936105740799445085e-01
5.952730899096418948e-01
8.525919443888150262e-01
6.937069697742406227e-01
6.278706682827533969e-01
6.122410963958735408e-01
6.238061931189298193e-01
6.767406720555171340e-01
6.905273989674356461e-01
7.221647781962841073e-01
8.672925348787796640e-01
8.431004035387107409e-01
8.025731900459902590e-01
7.297662770378432473e-01
6.942458960177873006e-01
7.339541597097265502e-01
7.240625513594459717e-01
7.078229945549709967e-01
7.306658278363475922e-01
6.477573252814268212e-01
7.657697946253962940e-01
6.342906260440434041e-01
6.800897300474983975e-01
6.369001225465871219e-01
7.320141233755379506e-01
7.633765064544171253e-01
5.798586918413929370e-01
6.856571159040679708e-01
5.443195497382833370e-01
5.940193251439411792e-01
6.933560213099508873e-01
7.817081829428500495e-01
6.335936365443278762e-01
8.396949775779981584e-01
8.755797376077648630e-01
6.676933780368818905e-01
7.293096849295745976e-01
8.086095060441776949e-01
7.122386918026376579e-01
8.277745910278737629e-01
7.215817893285639828e-01
7.329799833705777923e-01
6.440903808133791042e-01
6.878237641932226643e-01
7.412054410598117871e-01
7.144563557178931212e-01
7.170314591257493930e-01
7.498014420158014559e-01
7.976505203172594705e-01
7.978130256460512770e-01
7.121643773560538682e-01
9.339638320853403952e-01
7.556171237450269862e-01
9.259279594877860564e-01
5.982674615160572529e-01
7.227437915842487293e-01
7.384737942425029233e-01
7.535548374880167710e-01
9.271844649525194937e-01
8.660576450766299672e-01
8.104983378907374414e-01
7.199271914026378338e-01
8.859450739082064263e-01
8.240097686158306400e-01
7.296985392682500127e-01
7.842263739840134029e-01
6.903783686737956504e-01
8.409990992230289564e-01
8.874625418189521220e-01
8.690371568234075417e-01
8.713993450223339599e-01
7.400216119183268271e-01
8.173676068876161160e-01
8.746916870367696939e-01
9.064847733246522710e-01
1.052935484964608204e+00
7.495626148354871399e-01
8.137889663204779245e-01
8.901057369031696309e-01
7.869713009416386962e-01
6.803174110127410135e-01
7.181205854601134808e-01
9.135387765056023346e-01
8.674663653821239606e-01
8.512460948909127412e-01
7.843893342731528273e-01
7.733906347511972923e-01
9.027504818250458030e-01
7.813816680354274125e-01
8.596213469127022000e-01
8.559933644866349889e-01
8.409589068602832951e-01
8.435308885961204650e-01
9.485274428636113475e-01
8.649051130314703295e-01
8.456034373807594928e-01
8.264501325405085863e-01
7.839177006889515020e-01
7.566703404327833615e-01
8.330320437531418820e-01
9.194689831616240649e-01
9.866534206196713175e-01
9.236457146135740315e-01
9.215670735052707840e-01
9.966278754417821073e-01
9.075430984016572555e-01
9.270215338440692676e-01
8.618908628760597601e-01
6.036906791066508626e-01
9.016970662253528390e-01
9.647989431556074358e-01
8.781613266175067878e-01
8.124667199690231989e-01
9.077523900514297139e-01
9.282758429556314805e-01
1.002964814388634274e+00
9.617362872276639107e-01
9.634901223106695500e-01
8.352939516606532333e-01
8.591924573933353848e-01
7.079614215529356214e-01
9.909711202388110651e-01
1.076976381393771387e+00
9.870012932192682165e-01
9.267044816817634478e-01
8.110403700314612330e-01
9.044071036376987172e-01
9.854017470106123389e-01
9.588248303873170286e-01
9.598315211602591601e-01
8.659847717077540086e-01
9.445557833186838392e-01
1.109690903034191489e+00
8.658243126190509065e-01
9.675809022412877880e-01
9.485174502972950616e-01
9.872329760820142130e-01
8.740053882387377460e-01
8.099229099612615945e-01
9.646466389993303414e-01
9.519130442883053655e-01
9.002249348922546357e-01
8.850604850741502494e-01
9.089662175658427268e-01
9.742808841829818656e-01
9.650627703078779041e-01
9.802485039178221449e-01
9.834914328716416465e-01
9.156342116132145659e-01
9.546110970303405274e-01
9.502498909573019459e-01
8.800455696510276482e-01
8.566490592772000312e-01
9.992757773516407482e-01
1.007045044404747403e+00
1.017659420111781010e+00
9.867116370900526068e-01
9.478687493432010891e-01
1.010289967094170738e+00
8.568894887608113908e-01
9.462749986790243151e-01
7.583108862689157403e-01
1.005261833194881493e+00
9.558718091053037824e-01
9.578443990848439782e-01
