-1.015720517995035266e+00
-9.581822919618104839e-01
-1.187511337063711592e+00
-7.608991497208127397e-01
-8.274441696899846876e-01
-1.080022724976247295e+00
-1.104015813109827882e+00
-1.184055049659030523e+00
-1.088692657951810583e+00
-8.767251679125814823e-01
-9.832605912781949842e-01
-9.997100652353522188e-01
-8.944793066025604755e-01
-8.707016778765588327e-01
-1.130164532645014042e+00
-9.320550903331508152e-01
-9.792923229330064983e-01
-9.894223248896556466e-01
-1.070140949653644480e+00
-9.096181237036065070e-01
-8.818725937059892495e-01
-8.996800204798812706e-01
-1.062643466263725189e+00
-8.638757941924436468e-01
-1.085867118459216574e+00
-9.306559865879594495e-01
-8.720191751189114715e-01
-1.046450271966015366e+00
-9.419272909108311609e-01
-9.620012739384710132e-01
-9.959555085412880038e-01
-1.011813654503324500e+00
-8.042128339975020968e-01
-9.013124715455645974e-01
-8.724696268632694540e-01
-8.116445705821018208e-01
-8.328767003925381385e-01
-9.097098685825066866e-01
-8.076500309889759199e-01
-9.339725543987633660e-01
-8.993230026575529390e-01
-1.095039953358343476e+00
-9.202433668358372953e-01
-1.042139105562750467e+00
-9.775620967673143147e-01
-1.004408886854287086e+00
-1.022784476419959843e+00
-7.280877119139689269e-01
-8.728783775422006563e-01
-1.006375219674547461e+00
-9.747834063115251579e-01
-9.702001356664047282e-01
-7.890023284052624097e-01
-8.390456782400642632e-01
-9.730377259582245753e-01
-9.515362160831429827e-01
-9.409456598203854716e-01
-8.673965014908795457e-01
-8.479071334005577887e-01
-9.703268755706013771e-01
-8.050187252040842401e-01
-9.045913467065984648e-01
-8.539344918184986755e-01
-8.510574035950614347e-01
-8.534510556572953988e-01
-1.001088457748789740e+00
-7.145560812710397558e-01
-8.914304112694567683e-01
-9.672699283926700087e-01
-7.595063453938049047e-01
-8.577408556854501098e-01
-9.002961636309703142e-01
-7.453334452709774460e-01
-8.064048862891294300e-01
-7.516636439913367829e-01
-8.158650546074922572e-01
-9.109468702601213330e-01
-8.376373975084736578e-01
-8.709596077679988557e-01
-8.991077169087947629e-01
-9.416457304950158758e-01
-9.431353014171510729e-01
-8.345626914077204361e-01
-7.550270314547448125e-01
-8.047272808267948996e-01
-9.362403541317263489e-01
-8.248427342307691479e-01
-1.022727692231521823e+00
-8.747063892781341554e-01
-9.280039132927908607e-01
-9.425177666600709214e-01
-8.790223555264257138e-01
-7.898745551257080333e-01
-9.906041936587587360e-01
-7.545180434810532244e-01
-7.541817359380612595e-01
-9.270011574007949173e-01
-8.113827238756822213e-01
-7.225282499148560911e-01
-9.321288554266563553e-01
-8.409201608903128511e-01
-8.352633089554865053e-01
-8.434974745507167748e-01
-8.009947807637312067e-01
-8.380125098759972913e-01
-7.314502918786242036e-01
-7.295645872690436073e-01
-7.060736108796870081e-01
-8.902643708989269600e-01
-7.763308685583286683e-01
-7.879531126667161933e-01
-6.794125619045104925e-01
-6.794251235100946529e-01
-7.338846611113990503e-01
-7.957865496848763875e-01
-8.400975182707675071e-01
-7.909013401885793826e-01
-8.375975093804293170e-01
-8.271938322872540716e-01
-6.924038578514689624e-01
-7.221220538224254470e-01
-8.264367238386464143e-01
-6.822002545477969804e-01
-6.262251735264495744e-01
-6.698850745669889806e-01
-6.904691720509886776e-01
-7.251857111619707252e-01
-5.977954393274939049e-01
-6.617668344412109827e-01
-5.593059577879007094e-01
-7.157852689395206580e-01
-6.000526016613999536e-01
-6.403963796805259845e-01
-8.193128966885644404e-01
-6.858474550370724510e-01
-7.562422737964049624e-01
-7.272853373811147826e-01
-6.907093766267231594e-01
-7.196624497303438783e-01
-7.462406966046052359e-01
-6.674546109188017606e-01
-8.700066254605921534e-01
-7.797825775883665544e-01
-7.486608361350829410e-01
-6.841824364538251491e-01
-6.475246434583485922e-01
-6.398758313769066230e-01
-7.011928012492415485e-01
-7.772228714605835531e-01
-8.523914899628329822e-01
-7.408696860727620459e-01
-6.769335421336108993e-01
-6.393934067134005028e-01
-7.990698350969646091e-01
-6.763149977719363770e-01
-5.268587679787406497e-01
-6.941411161927646400e-01
-6.462623960622871921e-01
-5.206829342100057767e-01
-7.466062286186317953e-01
-6.017618289980755097e-01
-5.837991046615170765e-01
-5.223852542176393721e-01
-8.136077721592777090e-01
-6.958207085675549575e-01
-5.781745162318545628e-01
-6.978143020911934391e-01
-6.783318536105028551e-01
-6.778360983313399535e-01
-5.990695614460723739e-01
-5.536975934547068157e-01
-5.982722150958343921e-01
-7.474105892866194090e-01
-6.384795073361974049e-01
-6.877612955652492310e-01
-6.368460189339375521e-01
-5.233921437829048839e-01
-6.600887127898869000e-01
-7.019369682106162411e-01
-6.026284133941746113e-01
-6.296236354146254044e-01
-7.167334869699103495e-01
-6.033210537753103120e-01
-7.014417668000596517e-01
-4.340433597815027689e-01
-5.188215932965128951e-01
-5.510550408737828754e-01
-7.743629357060805019e-01
-7.502446236517238409e-01
-6.302025857757785898e-01
-6.337853797409713774e-01
-7.338818204560776381e-01
-5.632710697791258880e-01
-7.177408643708662606e-01
-5.705745685700283065e-01
-6.991266806936607958e-01
-5.941627053634319644e-01
-6.562219255906341919e-01
-6.966043524290470579e-01
-5.167147546611733366e-01
-6.581601691960800027e-01
-5.595323300330966587e-01
-5.281722372878413507e-01
-6.419649359927207533e-01
-5.472520669392574311e-01
-7.216131382846020514e-01
-6.356467175970207384e-01
-6.824487123513405251e-01
-5.759757605074641296e-01
-7.150271890205851522e-01
-6.147160480057963783e-01
-4.608128610905811717e-01
-6.897875326856750533e-01
-5.298318008266292845e-01
-6.597928598715695481e-01
-3.801564892292358389e-01
-6.524875898938886642e-01
-6.045177846597806770e-01
-5.319086991117505381e-01
-6.485603830755625188e-01
-5.855778679438280454e-01
-4.940066959704646488e-01
-6.156387894794378424e-01
-5.735201916847949555e-01
-4.988571774474040432e-01
-4.941858246335738558e-01
-5.816808203402751287e-01
-5.849731761754752846e-01
-4.256199162670528668e-01
-5.686807360989644122e-01
-6.496352970892665946e-01
-3.771324943394276930e-01
-4.637976740974233958e-01
-7.107416491852400764e-01
-5.895456851338312099e-01
-5.792478097217658162e-01
-5.972802735450600808e-01
-5.120026153120776913e-01
-4.878370295804410617e-01
-4.282531780888550466e-01
-3.839116977054817803e-01
-3.157095151962904245e-01
-5.399756653303894316e-01
-4.624645268132915321e-01
-4.674439317442214969e-01
-5.612610180237864732e-01
-4.861946426640939012e-01
-4.557206457120100418e-01
-4.032511766640392570e-01
-6.438764499538717212e-01
-4.033991630786784577e-01
-4.857839214082721457e-01
-4.827636575144689246e-01
-5.136594398690860208e-01
-5.209435001118168929e-01
-5.893788822493828405e-01
-6.131678510119001890e-01
-4.646629868708099798e-01
-3.486420582289622705e-01
-5.451442839886648795e-01
-3.766512186128758710e-01
-3.744809676613470861e-01
-6.537816604301245338e-01
-3.738744473283620584e-01
-4.273420621019803356e-01
-3.969302557260996345e-01
-5.167981874744228543e-01
-4.590201654592142577e-01
-4.255321868618551218e-01
-4.916238948332258829e-01
-3.838875677141631027e-01
-4.390173978408999922e-01
-3.264315560479379985e-01
-5.121881475770867498e-01
-4.314182421695891834e-01
-4.159962308976309919e-01
-3.369425088011029357e-01
-4.604440657787320923e-01
-4.409347688092581374e-01
-4.149456656431231849e-01
-3.829272195113008204e-01
-4.271135320342157038e-01
-5.068033767781936483e-01
-4.101485977979312803e-01
-4.044596230329199904e-01
-3.879494640608024958e-01
-2.801852656780120521e-01
-3.126366178065672075e-01
-3.419254673017201318e-01
-4.440162665049961488e-01
-3.552239090796083798e-01
-4.337050780173614672e-01
-3.198354638653225224e-01
-5.006898123111499510e-01
-4.391018633567730922e-01
-3.403750287475154623e-01
-3.968646301708361190e-01
-2.221574157416775219e-01
-3.106800024920888803e-01
-4.613361513498635547e-01
-5.313532459910084160e-01
-3.092499894925800352e-01
-4.857286805569872024e-01
-4.789890202833959609e-01
-3.334328102177347430e-01
-4.305809932691249675e-01
-2.978280133718794187e-01
-4.319771036429559397e-01
-5.546977289440302439e-01
-3.794019017509234204e-01
-3.871985671028878584e-01
-3.189738179645235094e-01
-2.731138392363302025e-01
-3.358246442286802469e-01
-3.813016260028134763e-01
-3.921800587664235338e-01
-4.993785241878181402e-01
-3.410705422902074457e-01
-2.096255362261963406e-01
-4.154643173147502533e-01
-4.207003357029405755e-01
-2.382187510043321244e-01
-4.525725185147811414e-01
-3.790700974479048191e-01
-3.139687045494064521e-01
-5.583391603794497504e-01
-3.926390587697812795e-01
-3.453860031561546973e-01
-3.981335562640953563e-01
-2.794412545943043003e-01
-3.424171749456421665e-01
-2.967364733721462033e-01
-3.281904019445832654e-01
-3.948364901403196292e-01
-2.524289695548211365e-01
-2.001014016812194540e-01
-2.818207635658958113e-02
-5.122001807475833335e-01
-1.913616979208875302e-01
-3.400310350114968960e-01
-2.740519463155051683e-01
-2.255811449901593824e-01
-3.054829746650060684e-01
-3.708937524058776303e-01
-4.676625014188319218e-01
-4.137149548519314379e-01
-4.167006937030123259e-01
-4.045178181553781283e-01
-2.286824344749283644e-01
-3.098407730282785599e-01
-4.145219279767363707e-01
-2.833930230353843838e-01
-3.088238309581469720e-01
-2.439473369138576708e-01
-2.792600009829673824e-01
-2.307150844885824670e-01
-4.933392189822325413e-01
-1.634949509898423192e-01
-2.391036097590111265e-01
-3.313997992327296083e-01
-4.021397071923757394e-01
-3.119375990974045942e-01
-2.104273042158417428e-01
-4.828111736428271628e-01
-1.446375285831850988e-01
-1.612556086378405806e-01
-1.972718492671695842e-02
-3.435359220137910730e-01
-1.809002359418291905e-01
-3.023861507435471885e-01
-1.742771371514414969e-01
-3.502063668438766819e-01
-3.053227232351191645e-01
-2.390383467267772899e-01
-3.220550310417488182e-01
-3.516831722845727426e-01
-3.582992289827365284e-01
-1.553974207716553313e-01
-3.159741334431213633e-01
-2.253227646004734852e-01
-3.289720935592365669e-01
-3.057232495881455625e-01
-1.667009046597744959e-01
-2.639878356913374913e-01
-2.053556852966564317e-01
-2.542275677826043578e-01
-6.332342039053627525e-02
-2.694734669918924519e-01
-3.100583271882493275e-01
-1.109710423853925571e-01
-8.401099129886717420e-02
-3.964890846239682576e-01
-2.448029250933240475e-01
-3.965375972958569140e-01
-1.065477359219571818e-01
-1.795382595111764679e-01
-2.769429610102784323e-01
-2.257206418038037732e-01
-1.889124958662221632e-01
-1.684584197506348024e-01
-1.049588923947810809e-01
-2.861066011755739047e-01
-3.249854639697746239e-01
-2.462063320210636785e-01
-1.824082224984738820e-01
-1.976631020434232722e-01
-2.166317270546099238e-01
-2.669440971178989597e-01
-2.250459856018277582e-01
-1.965876039577607315e-01
-2.260559927678030545e-01
-2.141463424878558841e-01
-1.705297070462509224e-01
-2.455808128889348796e-01
-2.277955309971070597e-01
-1.188849743666410136e-01
-1.942375446832722008e-01
-2.767103245965717995e-01
-3.322437156372758937e-01
-2.494325149252599461e-01
-2.596873268894181463e-01
-1.220876521676065724e-01
-9.658257562504654614e-02
-3.071851325701029367e-01
-1.209933887467044555e-01
-1.371002698081633941e-01
-1.248991044528607319e-01
-9.880895610684185815e-02
-1.236109873440474766e-01
-1.198055204899952514e-01
-1.627013988356387220e-01
-2.546570607830191402e-01
-3.418834308558710289e-01
-2.210700615277196579e-01
-1.171725632398095268e-01
-2.426711750853190463e-01
-2.868485168514131600e-01
-2.474013402815824214e-01
-1.694194484747068574e-01
-2.367688915264510308e-01
-1.114216724467850805e-01
-1.455048027381543874e-01
-1.779877746336913646e-01
-1.820294398802688451e-01
-3.589041849682346463e-02
8.833352311599808326e-02
-1.715731907544226775e-01
-1.384452469166966848e-01
-1.330581123758595996e-01
-1.095773807135695666e-01
-2.905855191898846224e-01
-2.299059732834818001e-02
-1.941686587754032356e-02
-2.069393261820521579e-01
-1.755823887226373170e-01
-1.255499188266528954e-01
-4.145204894938445822e-02
-5.958331023941339927e-02
-4.383524123561989561e-02
-1.663049209191727051e-01
3.712689524717713643e-03
5.064771319549196682e-02
-2.084690470015626296e-01
-5.402941840579451871e-02
-4.385967278538446812e-02
5.911923859568520012e-02
7.055871889043201228e-02
-7.682267099961652412e-02
-4.473819395090273404e-02
-8.366213277092299228e-02
-1.325921069729000916e-02
-5.316722900425484288e-02
-9.889849611281141539e-02
-3.191190091340207619e-02
-1.775988528777683595e-01
-9.763452958743254473e-02
-1.404056943190628952e-02
-1.486417557403752442e-02
-1.513801664015168025e-01
9.914675167163621017e-03
-1.299324148194249962e-01
1.607255720412997108e-02
-5.088115995978492040e-02
-9.132890065711289987e-03
8.646354573006187483e-02
2.443791447013572704e-02
-8.186028711432911942e-02
3.699721445438730605e-02
1.022497672717815609e-01
5.791601322673280844e-02
-2.191565216473682562e-02
2.564040601017770690e-02
1.003108641118399119e-01
-1.725904393032944573e-01
1.077849190238046456e-01
3.964548947494049569e-02
-5.337076902260252248e-02
-2.279635918554637642e-03
-1.374349495073961258e-01
-4.153712741632389210e-02
-1.169379395935131877e-01
-8.072436940086778756e-02
3.979121957058098097e-02
-5.828638481753211503e-02
-1.002757225314571538e-01
-1.798654506360407995e-02
1.242131324717619945e-01
-1.166012127511331133e-02
1.590766753660197153e-01
9.965786863997595779e-02
1.101192641826584731e-02
-5.094965050278991991e-02
7.808207079317208699e-02
-1.940830009144889345e-02
-6.880941381507158991e-03
-1.339606431481072946e-01
-3.802703423167234920e-02
-1.525851161050484177e-02
-2.007270500113849526e-02
2.448779271574197391e-01
-7.228537508626730083e-04
-9.205656109327486902e-02
2.915868090148205586e-03
4.069333540888893375e-02
5.166627419076078032e-02
7.391018212997399472e-02
-1.398183447075813761e-02
1.601134831467529163e-01
-6.306400744793951019e-02
1.084896865465393989e-01
7.998861348065339216e-02
1.049717015452908547e-01
5.853685614570840190e-02
2.210137315844117878e-01
2.229118234151910571e-01
-1.949526258961284397e-02
8.149096705431778387e-02
7.322121327391448165e-02
-5.749113956187205943e-02
1.101623193252368599e-01
1.837290293343915026e-01
1.310842572748497636e-01
7.299241301130848791e-02
1.861548073878112330e-01
1.645873750986944495e-01
2.101762800584642821e-01
1.455248436417593549e-01
1.650264927340547028e-01
1.084843606969173174e-01
9.972538382123519174e-02
1.081986312634019842e-01
1.424241717671503524e-02
-4.884778447206119395e-02
1.352768138086268279e-01
5.448026462338730752e-02
1.461964604709710125e-01
2.391106698426719857e-01
8.943929963283349382e-02
2.043760520529478153e-01
4.194110245531473824e-02
3.455011141100278876e-02
7.539554013737369276e-02
1.436327469852358707e-01
2.644820180610088500e-01
1.548235564694077082e-01
7.166387944744447014e-02
-3.199705832369040964e-02
1.242009845458509482e-01
1.187868017373273355e-01
1.193830565539482080e-01
-3.447495540578143086e-02
2.142046233851752635e-01
1.051304082658625488e-01
1.243669247764297436e-01
1.307605735514473233e-01
1.838057532396416560e-01
1.794363117382882511e-01
8.076152636029275411e-02
1.957802461672834837e-01
2.541693482285740102e-01
1.220959892457285922e-01
2.474707538392845463e-01
1.749725540159982606e-01
2.160871520978931704e-01
1.562800736458593021e-01
1.083509592940151006e-01
2.425851861228308648e-01
1.446191531873224079e-01
2.341368460706754473e-01
9.808918527174222135e-02
1.936719069887028466e-01
1.910475299970963159e-01
2.803016225938882444e-01
3.089713551498259880e-01
4.237557856991697874e-02
1.496960677213690638e-01
2.596948557120589141e-01
3.067037448894123775e-01
3.363931424197657560e-01
6.340211118152069836e-02
1.976742554603018454e-01
1.758493630619944459e-01
2.146082306028298525e-01
3.150012533057486852e-01
2.805686070280620781e-01
1.964165835203815769e-01
1.136825559260293550e-01
3.294390081489984579e-01
7.547702860227795130e-02
2.801332600800860995e-01
1.027547505136500172e-01
2.163178043182085175e-01
6.535974715936396229e-02
1.879861288211432946e-01
2.037860725905847881e-01
2.881493903786303545e-01
1.816664345347407394e-01
1.170583247204523697e-01
6.736893733991597411e-02
2.781258993152200820e-01
1.435477742431782999e-01
2.683563666572133521e-01
2.713661384453175951e-01
2.404171370975794753e-01
2.926653627076238329e-01
3.777219108116064983e-01
2.879700724147755686e-01
2.501779515308755197e-01
2.668067874671958273e-01
2.390689732608850260e-01
2.673341408748813319e-01
1.918360411340936378e-01
2.879168729416837769e-01
3.737885542976908115e-01
2.238170672695695695e-01
1.096781284487636926e-01
3.920880937773834063e-01
1.904370309573797659e-01
1.610322271948017303e-01
1.556732739911719232e-01
3.496105668802811928e-01
4.783441329285941790e-01
2.776718074402195202e-01
1.189689886155515380e-01
3.024819601862204776e-01
3.235529292173828231e-01
2.285026254101177323e-01
2.171293331127999715e-01
2.424343518147399901e-01
4.625929668470285527e-01
3.190479440239808451e-01
3.290884778862357973e-01
1.657615534054877882e-01
3.928750347202734639e-01
3.242983361839695267e-01
2.866199188459698788e-01
3.005670862067688076e-01
1.587940424745100665e-01
3.152540281298691904e-01
2.534997215967514927e-01
3.094638477684694688e-01
2.281104626089133780e-01
2.292814570480997127e-01
4.841810245239531740e-01
3.363389000640701343e-01
2.279601657233590317e-01
3.427186619202846618e-01
2.734876499251291393e-01
2.786518938577045579e-01
2.290174984659902879e-01
2.627392921680321569e-01
2.217716645977574619e-01
3.712867085988828530e-01
3.764628666969653259e-01
5.154721996981764809e-01
4.537988356818232205e-01
4.185867447789112239e-01
3.404726070009353456e-01
3.833378488920408111e-01
4.435142754789999642e-01
3.073521446969480486e-01
3.543244979163124864e-01
3.869791412583277745e-01
3.621045001880690561e-01
4.648973028567590648e-01
3.426720179712061110e-01
3.308380145113888893e-01
1.441875786936731574e-01
3.871843682793324470e-01
3.961994737552495538e-01
4.325253008700241097e-01
2.821420561768294699e-01
4.994602228599703819e-01
3.860634631590906252e-01
4.006636419525140269e-01
3.613998203188947267e-01
3.836468834104801440e-01
3.272248360659845701e-01
3.408998238974687012e-01
2.506258634567636867e-01
5.643411677791598802e-01
3.363555872234301747e-01
4.616272826609668645e-01
3.324059345618508021e-01
3.350160482411396745e-01
3.480867603200425986e-01
5.113950329625158719e-01
2.901027149870427646e-01
5.292067270312718064e-01
3.862077161569847927e-01
3.422467685656028769e-01
3.796853499033462920e-01
4.766294862937581200e-01
3.726812261509627189e-01
3.459492199995778394e-01
4.983212160645391076e-01
5.030752038045349650e-01
4.556320373592909201e-01
3.123004535216493127e-01
4.771342731496213685e-01
4.436305638656810602e-01
3.488870506108643910e-01
3.504070887480127405e-01
4.133938839732421711e-01
4.556558997719108439e-01
4.153328818085323393e-01
3.608211824918023392e-01
2.733182323753133858e-01
5.677214888438546492e-01
5.389792132553096193e-01
4.549705556899949488e-01
5.357302728712536322e-01
4.591663332339512849e-01
4.343289623472845196e-01
4.511262554983938022e-01
4.604888865961332955e-01
5.076927422119725808e-01
5.729434194609679398e-01
3.522135794513705509e-01
5.175881770090432488e-01
4.745778173225642660e-01
5.563705670983836171e-01
4.494671477699061501e-01
4.105103063367048777e-01
4.120405533236676243e-01
4.764577014560361090e-01
4.288154269479524938e-01
4.065386584116746915e-01
4.734297152335510961e-01
5.788858527934295228e-01
5.475870358976683283e-01
6.307272401794044026e-01
6.354999831846994685e-01
4.705037893606366373e-01
4.888670012300900813e-01
5.021322499863629663e-01
5.430734518271820299e-01
5.270648455405491095e-01
4.375922786754463112e-01
5.520493003968002244e-01
5.408159509814075561e-01
5.609681653414076985e-01
5.791663825137458588e-01
6.623695174309116585e-01
6.433797931534944725e-01
6.495001777252149555e-01
5.008723791506607403e-01
5.114361729752778807e-01
5.412803124946335975e-01
6.019638124687355374e-01
5.631756706264429146e-01
5.141746846514527736e-01
4.342194539801676467e-01
5.390546615079326864e-01
6.049306272266037343e-01
5.583777092801701647e-01
4.504270466281513619e-01
5.569066458741391834e-01
3.829927905324281290e-01
5.606248085919682822e-01
6.242640170946383016e-01
5.041255101205206479e-01
5.694294361068907850e-01
5.012332942163945093e-01
4.562853582555761456e-01
7.103591265316704373e-01
5.311734845417886985e-01
5.128418260633457182e-01
5.527717323510116243e-01
7.737929766972663215e-01
4.161560447608402269e-01
6.936458172016315427e-01
5.972500978251976678e-01
5.429973057810434378e-01
6.018374582834202791e-01
5.609934383185349871e-01
5.003076931548758877e-01
5.493797965023369256e-01
6.092011913577707327e-01
6.488672708377096754e-01
6.307102574624243729e-01
6.612592393187737283e-01
6.818825536437573831e-01
4.985557317941592959e-01
4.877653515683707530e-01
5.848722846994683922e-01
7.057800826211584333e-01
5.258908225076769360e-01
8.091677750376128353e-01
6.184956792861729946e-01
5.634565087777155812e-01
6.539823933585333648e-01
7.124334418205652275e-01
7.263882062645234949e-01
6.571372875572725203e-01
5.725739768364548343e-01
7.957569650810960571e-01
5.421795173357829567e-01
5.684084109451095213e-01
6.610478821351731815e-01
5.447341808083894232e-01
4.537031486583142370e-01
5.778669929167665753e-01
6.119625250485998258e-01
6.313507251487672223e-01
7.268838733976239475e-01
5.398783660179645727e-01
4.966710106205810549e-01
7.227968608886629065e-01
6.652114207125943146e-01
6.093270360743393566e-01
7.456435817541319233e-01
7.103657507744454147e-01
7.213393021416681927e-01
7.204950452812489692e-01
6.699745588090391113e-01
6.599753791716984619e-01
6.719795490268591909e-01
6.502064243818398426e-01
7.305890992923181892e-01
7.347282648068479416e-01
7.559247951359321371e-01
7.444836800879391925e-01
6.222605911937780787e-01
7.362979178880388886e-01
7.420684924722124043e-01
6.685376960795569312e-01
7.025584562745512685e-01
7.096053081331413770e-01
7.793082256854582113e-01
7.528078936363258311e-01
9.039253901367046984e-01
5.369871379731909755e-01
6.507754885504837272e-01
7.222697164742625242e-01
7.236392563079483420e-01
6.973808373185810261e-01
6.938400720974784441e-01
5.391605950341984421e-01
6.789349962687384332e-01
7.952764891563582905e-01
7.901445398570496881e-01
6.942272299257862267e-01
6.979931639741271399e-01
7.523295806854343182e-01
6.417573478383407082e-01
7.062941959210851106e-01
7.416095431091885848e-01
7.073737972124737317e-01
6.046590226971249038e-01
7.256466810678480206e-01
7.173869820832277089e-01
7.291898252974606809e-01
8.727205077499035069e-01
7.555042419598823056e-01
6.599620485616364274e-01
8.014763329480789622e-01
8.625369590527393049e-01
8.509209872943154229e-01
6.754133751157772592e-01
8.808866620787211277e-01
8.370753870634056737e-01
7.700247922478122842e-01
7.061030077320418208e-01
6.385225760391119998e-01
7.432383776638554762e-01
7.117759190894751287e-01
7.731305470689675552e-01
8.009013612303390595e-01
7.638948085090863094e-01
6.809834957761158325e-01
8.639728964283783785e-01
7.962181831879168170e-01
8.782287809029398762e-01
8.054971939378635648e-01
7.131790561343451795e-01
7.210757678612574884e-01
7.867698889108857285e-01
8.228089189682038507e-01
7.306706968680821701e-01
8.965935862013427737e-01
7.873620529205223040e-01
8.182939613256813294e-01
8.923135858974249324e-01
9.211644813468583548e-01
8.226242045472558218e-01
7.364502360247675572e-01
8.623815942078021379e-01
9.089554456349182576e-01
8.548228698617057475e-01
9.586584828340876108e-01
7.940035390263479043e-01
1.102266528105816823e+00
1.002115342340772708e+00
8.214821068272752935e-01
9.819026668196556562e-01
7.773179086567888474e-01
7.511997936526398911e-01
9.239135839077354806e-01
8.677085976776580667e-01
8.353910788836448331e-01
9.243920755376976439e-01
8.069098966129371053e-01
9.218410580234113194e-01
8.780088711784846955e-01
7.522150984700313181e-01
8.469299906616853946e-01
8.745238781161212005e-01
9.453891585173903600e-01
8.549297026768903907e-01
8.165299600526806367e-01
9.558528940343384850e-01
9.075164774690569480e-01
8.794882431258462807e-01
8.981956448696590822e-01
9.485950637781934702e-01
9.236484431552980379e-01
9.259094905693455724e-01
8.810096294315085119e-01
8.880126099718992361e-01
9.068641327516656636e-01
1.000323486768640135e+00
1.068312774117880393e+00
9.523686718586594768e-01
9.937238349627780520e-01
9.019193477573718143e-01
1.001399895417447450e+00
8.179364731879017469e-01
8.010633924155623475e-01
8.093091326377772621e-01
1.045866541662056726e+00
8.430241617746069283e-01
9.363446827375571102e-01
8.455329045221261497e-01
7.666768358187965315e-01
8.538204243604047283e-01
7.881970564831505266e-01
9.115981170244498166e-01
9.069042460223853963e-01
1.076529817332996020e+00
1.048264948547036557e+00
1.019899027522323420e+00
1.110196835390554249e+00
9.252149440810569780e-01
1.037416976260136625e+00
8.544641842224363071e-01
8.472329925123439631e-01
8.635210347227135763e-01
8.789796853101735641e-01
9.663888984296507001e-01
1.081561739862936244e+00
1.044043403616404131e+00
9.295597345448137760e-01
9.409107046855734735e-01
1.001785859099534770e+00
9.149175433090989129e-01
9.868279344877081138e-01
8.421767761790064366e-01
7.600969094225004108e-01
9.617063862501481486e-01
7.905414202599327922e-01
9.334803611578955662e-01
1.084003395240643375e+00
8.772744709374619143e-01
1.059812677236229517e+00
9.433301180423880883e-01
1.052539982071799107e+00
1.030921922900971843e+00
9.879698526593222452e-01
1.089314146023188767e+00
1.050585862481596910e+00
9.379164980121852402e-01
1.097480369169472558e+00
1.002206764589984589e+00
9.775726030777524000e-01
1.013637708768052370e+00
8.559224334408482848e-01
1.099746582690535268e+00
1.063973484867249075e+00
1.021086960974002311e+00
