-8.620430578998286020e-01
-1.127518266617465015e+00
-9.498973160851515996e-01
-1.019608702117194454e+00
-9.470604989658116812e-01
-9.798699917058156794e-01
-9.491838014203357599e-01
-9.687518552389742243e-01
-9.422549552030310416e-01
-9.905039225750579268e-01
-9.741976987770234464e-01
-9.901827386029706801e-01
-9.920828291917382913e-01
-7.230928392984610209e-01
-9.263208749282545451e-01
-7.378037175889160526e-01
-1.023151476117688752e+00
-9.897873913144186186e-01
-1.012265138761624605e+00
-1.125757335215548993e+00
-8.888123906028591037e-01
-9.898808446054089272e-01
-1.034608786704151573e+00
-8.282681966843433718e-01
-9.553993698822240699e-01
-9.046179550778482570e-01
-8.934299638941716193e-01
-8.987226901187820305e-01
-9.941450907479787436e-01
-1.045135596939444911e+00
-1.017711627776827665e+00
-9.619565592913414953e-01
-9.451080009613592736e-01
-1.022214805947338601e+00
-8.549036836482879487e-01
-8.644352478295674880e-01
-9.275114311035322912e-01
-9.690060135863928226e-01
-8.611309061542773424e-01
-9.523553380295626258e-01
-9.757684639606604149e-01
-8.949714328917732775e-01
-8.576653834848582125e-01
-9.363033295599312300e-01
-7.180325334119530556e-01
-8.651804510610441312e-01
-8.586012799269158169e-01
-8.746836299343292431e-01
-8.437143263690938255e-01
-7.608508568224334745e-01
-9.074617666201771904e-01
-9.154412461840581994e-01
-1.006597784554337460e+00
-8.883971452144698855e-01
-1.058308172511039258e+00
-9.727984030884958555e-01
-1.074483299819293247e+00
-9.311694973599501379e-01
-9.721175059496393045e-01
-8.749146796492321965e-01
-8.326455060152359033e-01
-9.663018308123554334e-01
-1.000577985847065365e+00
-8.560056396715008953e-01
-9.819338958908484516e-01
-8.085475638087329386e-01
-8.184744212409555963e-01
-8.828579426830723831e-01
-8.298701730697493062e-01
-9.525289049071692382e-01
-8.696248144676601566e-01
-7.151272796778949115e-01
-8.376839548347847497e-01
-8.041019271352611852e-01
-9.309906067747422131e-01
-8.252130195846245631e-01
-9.405370994323177802e-01
-8.495046413786857542e-01
-8.166655688986860229e-01
-8.204486635400125571e-01
-7.581872310045404406e-01
-8.224929195443305696e-01
-8.126729723918300063e-01
-8.179880550106388704e-01
-1.005170852230194978e+00
-9.653409962826207114e-01
-7.825689248068798953e-01
-7.739246573190757816e-01
-7.838811936682874570e-01
-9.321832887502795595e-01
-7.463363612634112965e-01
-8.675547409338908444e-01
-8.529993640528465981e-01
-7.412216295859992421e-01
-8.316347438648604706e-01
-7.907437352152797416e-01
-7.863595519578789883e-01
-7.484687978281189258e-01
-9.314099279075055415e-01
-8.583587559508644160e-01
-8.696249389510557481e-01
-7.594328197920773293e-01
-9.194878154314769514e-01
-6.962865711716004213e-01
-7.845914738262849131e-01
-7.200290796711050767e-01
-5.793656548832276654e-01
-7.838444780126849754e-01
-8.682352043915660955e-01
-6.882897988069097694e-01
-7.601991078616595621e-01
-8.064970943417700822e-01
-8.555605118624993732e-01
-8.528539542458895006e-01
-6.096733506739037134e-01
-7.315810497459426243e-01
-9.144881095040693353e-01
-6.950779132064891508e-01
-7.371275787362824294e-01
-9.053538380041918909e-01
-6.949329623031162972e-01
-9.826169559717196078e-01
-7.593277838893460752e-01
-7.852204778139988406e-01
-7.039236245958256921e-01
-8.620593900492753425e-01
-7.683167635447468724e-01
-7.912562268049782022e-01
-6.482228859406190535e-01
-7.277519999178517773e-01
-6.130923716596312634e-01
-6.879442668649206061e-01
-8.356623296384587674e-01
-8.486177781005936893e-01
-9.632922641041572476e-01
-7.384132878373401709e-01
-9.245012226185698179e-01
-6.867945807330574359e-01
-7.121156334082417994e-01
-4.346054992171110576e-01
-7.239037570621371653e-01
-7.201375993380710883e-01
-6.765329488962121829e-01
-8.294591604648842154e-01
-6.702030392112249269e-01
-6.616774264521911864e-01
-6.244166104520000316e-01
-7.381088387252993099e-01
-5.364800072947125686e-01
-8.276161490130838905e-01
-7.587354883469555888e-01
-5.557508440283656093e-01
-5.855145901577417655e-01
-7.397626156037708789e-01
-8.179307633080415973e-01
-7.018105262590779159e-01
-6.395481087865414471e-01
-6.332942212892687106e-01
-7.050763432524882468e-01
-6.236192914941623977e-01
-4.637149713769828097e-01
-6.416133550008187303e-01
-6.268537765564391462e-01
-6.727414072419573010e-01
-6.784520713919827140e-01
-7.000358986057699795e-01
-6.814427079947097399e-01
-6.121171580621208586e-01
-5.751806832951360526e-01
-7.081679716405486769e-01
-6.484374631772390485e-01
-5.998411710218045645e-01
-7.824163488543577349e-01
-6.793647832458079572e-01
-7.005795887070960237e-01
-5.547983781377562318e-01
-5.597187441538505892e-01
-5.769767818155404626e-01
-6.892443369891051441e-01
-7.649943753946343294e-01
-6.498138395853988447e-01
-7.333703797240455069e-01
-6.283627045724866633e-01
-5.260938564381815175e-01
-6.064762825032531390e-01
-5.332266995365276818e-01
-5.707668082107608676e-01
-6.426048804555170024e-01
-5.724753413497782883e-01
-4.952769303341611473e-01
-7.242075507333675111e-01
-6.679708301102019741e-01
-6.309566581702599208e-01
-6.100231649878191664e-01
-5.985599030231144591e-01
-5.326926745931750418e-01
-6.540397077107106272e-01
-3.933509295827049557e-01
-5.973738018177292552e-01
-5.883456176634146439e-01
-6.523342335981101581e-01
-6.813578407021532168e-01
-7.269140445763062619e-01
-5.369173445186546934e-01
-4.290051547563144552e-01
-6.272864607561684513e-01
-4.610092882886649424e-01
-6.445644344399195091e-01
-8.130409531020638125e-01
-5.092686420062243480e-01
-7.020570550873469484e-01
-5.727818185770269244e-01
-5.991436964697500756e-01
-5.120024128571605271e-01
-5.710119427118932611e-01
-5.361808854750897968e-01
-5.044205424046267483e-01
-4.733435276588697227e-01
-5.465665837365168978e-01
-5.259019893414865754e-01
-5.453486151279574035e-01
-5.532652384651659538e-01
-5.986762255648715447e-01
-5.602663215016056020e-01
-4.972005963426703312e-01
-4.004590239289580467e-01
-6.657361002253077142e-01
-3.000159118604734942e-01
-6.720078418359560768e-01
-4.603529069561924647e-01
-5.599104739338119918e-01
-5.144753798164539704e-01
-6.846044735927466762e-01
-4.816528913955901992e-01
-4.891186920270053640e-01
-4.530905225292448102e-01
-4.623794874554629231e-01
-6.618698747857925113e-01
-5.436902622221498893e-01
-6.212187309926904266e-01
-5.007001041188851032e-01
-5.634800724110429204e-01
-5.801718417346869439e-01
-4.404213771780347009e-01
-4.182651149752175668e-01
-4.905698038507664283e-01
-6.578892061859733520e-01
-4.682741931173036720e-01
-5.109551898522105562e-01
-5.502254272563290582e-01
-4.444338801419174256e-01
-3.906016900334543518e-01
-4.716278562322753221e-01
-5.023108109596756687e-01
-4.260300643391916608e-01
-3.824145929297256274e-01
-5.378232140153547114e-01
-4.207507605271594286e-01
-4.733454058394270803e-01
-5.951275288369597405e-01
-4.637766779698794806e-01
-5.581004585270181728e-01
-4.968426862177147130e-01
-5.707413839475231621e-01
-4.000825680302743659e-01
-4.411469025363787266e-01
-5.485919722646092067e-01
-3.414794625788801774e-01
-3.087672022957516638e-01
-3.823564200985919426e-01
-4.997688612449935341e-01
-5.184434263127549736e-01
-2.729979771760127072e-01
-3.823048237475314970e-01
-3.891435651764737491e-01
-4.472689358438034501e-01
-3.967084741679808846e-01
-4.444724290440680292e-01
-4.092273382326258591e-01
-5.769907269404385142e-01
-3.488332391511152486e-01
-3.555597253231452815e-01
-4.662900666861588550e-01
-3.387697030999112791e-01
-3.074748597780087023e-01
-4.342821888094949290e-01
-4.160954212133375352e-01
-2.983892941297970891e-01
-6.293602195560147328e-01
-4.126793108144335975e-01
-3.066043553302209568e-01
-2.944641049114020692e-01
-3.037158703655377656e-01
-4.409588234946228980e-01
-3.877237350610723832e-01
-4.161142121020552920e-01
-2.196544785659911847e-01
-4.272920543815821315e-01
-4.210733481495751995e-01
-3.974071056929509571e-01
-3.865636613623645301e-01
-3.320557408021972412e-01
-4.132020687992177810e-01
-4.686460527025563261e-01
-3.705910589819858547e-01
-3.544481247072640562e-01
-4.314063543373112264e-01
-2.732852674990851050e-01
-4.824494593506989393e-01
-4.644004461162653530e-01
-4.370012168963091637e-01
-3.448966391001929699e-01
-2.934278977758996709e-01
-5.295933520135897021e-01
-3.565620141900140982e-01
-3.291186740352790574e-01
-2.671949905315774143e-01
-3.631696653985536094e-01
-3.921568536952044215e-01
-3.586468055099557017e-01
-2.777825081244899019e-01
-3.669637149338845217e-01
-3.417536958115340862e-01
-2.185986338899530146e-01
-4.569108131427495056e-01
-4.957304066014678878e-01
-3.868314139950799757e-01
-3.357129480334283822e-01
-3.154871040091986600e-01
-4.142300042610181365e-01
-4.110705644213001886e-01
-2.059819805148300209e-01
-3.064041559479763199e-01
-3.790961436326336087e-01
-2.770688226203222304e-01
-5.184287678495083096e-01
-3.738714510688306292e-01
-4.409824725197000195e-01
-2.470246294744729842e-01
-2.179479653097300962e-01
-4.772752836247017849e-01
-3.499840439253689151e-01
-3.456023106965612768e-01
-5.028949147620584981e-01
-2.496935243997748521e-01
-3.496653758213586483e-01
-2.826493123687114917e-01
-3.043480858521487309e-01
-3.619596108656062960e-01
-3.090111563447233145e-01
-2.609565671764193517e-01
-4.365769771906346519e-01
-2.272180122718019391e-01
-1.499687348491118288e-01
-2.731989529236844572e-01
-2.710053823172854370e-01
-2.151355152979159691e-01
-3.663498198967401476e-01
-2.094735866064474372e-01
-2.963037117311660973e-01
-1.887030927143849846e-01
-2.531041018531703379e-01
-3.940808522263197222e-01
-2.147832423678917579e-01
-3.394741580082872856e-01
-3.881771215337491698e-01
-2.053235607942240082e-01
-2.626293512364382687e-01
-2.479796434062599142e-01
-2.872355507302958300e-01
-3.543204383934341339e-01
-3.003123237328482742e-01
-2.882330143932544941e-01
-2.820709068929764807e-01
-2.532393306389314480e-01
-1.936874098923462573e-01
-1.214802764608400309e-01
-2.500845655630670739e-01
-3.041022392867721025e-01
-3.395928673070877091e-01
-2.699441833545664915e-01
-2.164750335389815927e-01
-1.856199597295362519e-02
-2.910405937071208204e-01
-2.082272611539683349e-01
-3.033235977423755503e-01
-3.311346390538737472e-01
-2.127279550387307094e-01
-5.145846238893540814e-02
-2.026892444853340691e-01
-1.719866980047171090e-01
-1.871809713889013571e-01
-1.880664388563443312e-01
-1.481364842037910523e-01
-1.732268951050746908e-01
-1.822775231284505526e-01
-1.303842746830824739e-01
-2.678546485631501106e-01
-1.624066880584902617e-01
-2.132460306065135647e-01
-2.319492364333639867e-01
-2.621001106805793679e-01
-2.248060019411385058e-01
-2.391842260840132683e-01
-1.167356734831626053e-02
-3.297461360453751711e-01
-2.632917733850363429e-01
-6.360725006872883225e-02
-8.120754224585691183e-02
-1.818537894282806766e-01
-1.958426906437551740e-01
-2.374611818082797143e-01
-2.098618799982339689e-01
-1.543310569257465292e-01
-6.491149985317308524e-02
-3.237507144032155670e-01
-5.582262860558317996e-02
-1.582806915222032818e-01
-1.748978258267263053e-01
-2.783014053516021380e-01
-1.194802915051767361e-01
-2.427957371784285889e-01
-1.047035453344474509e-01
-9.082820012224414319e-02
-2.772102957208632742e-02
-1.638152832874101295e-01
-2.044868107427177395e-01
-2.595183876965267977e-01
-1.283306316154896876e-01
-1.902383543486715900e-01
-2.125031135654635028e-01
-2.033186402031489370e-01
-1.454872637839934313e-01
-1.827270092601581408e-01
-1.053212336374597241e-01
-7.457134288670770605e-02
-1.245114371698620159e-01
-6.392957671057535041e-02
-9.496066497980339138e-02
-1.351390009545196391e-01
-1.002602775713825195e-01
-1.421961151320793870e-01
-2.673609123174988111e-01
-1.905736342886304446e-01
-1.399288296427791956e-01
-1.446551460980792514e-01
4.218256672537643720e-02
-1.550039359534657324e-01
-1.062867407444500895e-01
-2.129088085255419205e-01
1.223001293799519558e-02
-1.328425608260658426e-02
-8.543248917367976536e-02
-5.402599179961339870e-02
-1.857863808829133545e-01
-3.107303982196817915e-01
-1.321223661258577875e-01
-1.824042022026904630e-01
-9.819093142653094464e-02
-1.155625231685128984e-01
-2.148479350122070863e-01
-1.733047872900930764e-01
2.101165176645292815e-02
1.017808001360091461e-02
-8.903823241311949188e-02
-3.837568325899115562e-02
-1.228761932901989255e-02
-1.688427177507628996e-01
4.483107568588571429e-02
-9.869270533231772405e-03
-9.360125466507844896e-03
-1.658026152224323924e-01
-4.186330807879606875e-02
-7.449672206131086050e-02
-6.707295218241239587e-02
-6.462274068647122505e-02
-2.162596534340466559e-01
-2.735271701630809585e-02
-4.675238346468365419e-02
-8.351188202855611489e-03
-6.218453187574349977e-02
-5.315100425996265726e-02
4.736565581299539973e-02
-3.576747892048524891e-02
-1.230169673258431906e-01
4.798044361621717387e-03
7.748019838703644468e-02
-1.581370468907529747e-01
-6.164295194905505815e-02
1.047987999355142787e-02
5.637165107569809541e-02
-1.753812624086546756e-02
-4.283750005756897100e-02
-1.832496612755890944e-02
3.080192825715252769e-02
-5.829189019797300503e-02
1.795138418074742059e-01
-1.794608430802377766e-02
-3.886889836223151456e-02
-1.009518165647267374e-01
-6.565992123792108170e-02
8.772923624442360846e-02
-2.989185918369276912e-02
8.693125042153135307e-02
4.282275705310172736e-02
2.848357969126957823e-02
1.341399984338175616e-02
4.654100499767419019e-02
-6.226226911249589310e-03
1.305948506831710806e-02
1.292993669536162404e-01
3.363168395950427020e-02
-8.874077404783864420e-02
2.491409526435027499e-03
2.379034694247148668e-02
-7.323454324506623037e-02
-2.287374205410340651e-03
6.663384881911239843e-02
9.566647553802740123e-02
4.949802949443697642e-02
-2.531449483306916770e-01
-1.854575045040365022e-01
8.670543987525443363e-02
9.414394501430722872e-02
2.112252959924453000e-02
5.450839798005388537e-02
2.350619832441235707e-02
-2.276373650934790036e-02
8.707180104487796668e-02
3.984083176847159208e-02
4.423474421658858680e-02
1.559577418101687207e-01
1.890545114165137486e-01
8.252119495928883497e-02
-3.027072765255114234e-02
9.509623806904125842e-02
-1.046910405687555626e-02
1.036500240162517988e-01
1.369646197649827257e-01
-4.380373409384775291e-02
2.951825974175570355e-02
1.759722074931649727e-01
2.106262679579871608e-02
-6.750546124366825496e-02
1.140648246927953441e-01
1.500605717998058364e-01
1.807653581246504784e-02
1.487511845364273833e-01
-8.325263726602016856e-02
1.093247838251877463e-01
2.028849013712131014e-02
1.142407925732017715e-01
1.698524163541168253e-01
1.727105743485792821e-01
-4.205950555283887587e-02
6.950871638569350308e-02
9.963556036382902048e-02
1.338985389388650804e-01
8.319807947758406375e-02
4.778666537498375139e-02
1.789240752831591508e-01
1.043882385528115408e-01
1.763417459292076495e-01
1.064189437386169335e-01
2.915794940759334763e-01
2.033859367446540500e-01
1.058416410314289430e-01
2.268479588960514021e-02
1.581271270235374005e-01
2.700199279674649344e-01
2.306733621272746004e-01
1.422393030041866069e-01
-3.595391230895796791e-02
4.322159890191600018e-02
1.996312372987093242e-01
7.480124185175894558e-02
8.856848503979120046e-02
1.266626532378988257e-01
1.629519831584441691e-01
2.346834331443707622e-01
5.428396472617248031e-02
2.911423286615814066e-01
1.583215684684144697e-01
2.191603389066554552e-01
-4.799739623728899174e-02
2.029239525359461116e-01
9.699338296658112368e-02
3.057214058448957106e-01
2.533450520696004515e-01
2.191728510574033617e-01
2.275601184266287103e-01
8.981289595401745207e-02
9.083224063551605110e-02
1.455319988196719927e-01
1.323830807315050651e-01
2.209986362798197768e-01
2.970286621815858563e-01
9.415083450132927245e-02
2.921345542011449248e-01
2.058569787609049462e-01
1.508260970100717413e-01
2.153455004934567707e-01
8.383813187553224022e-02
3.470998393831030149e-01
2.964175445593627556e-01
-6.677921306594503982e-03
8.751666153466741704e-02
1.836385623186965466e-01
1.005955250341896562e-01
2.217316899542872699e-01
9.812106801478492901e-02
2.249747279092909613e-01
2.549112665134971589e-01
2.455740779826962594e-01
3.015317124136281945e-01
2.582992848458257606e-01
3.488052947025985784e-01
3.135635191872557792e-01
1.524996565052948172e-01
1.668494454964861984e-01
2.372140190154632955e-01
3.278817015956683179e-01
3.026653003625511262e-01
1.636750624662135778e-01
2.326033707502065950e-01
2.450521330105822626e-01
2.646024322946757823e-01
2.766610341769232817e-01
2.793701563471052141e-01
1.067263520945161970e-01
3.015628825391328816e-01
2.145802188004598265e-01
3.353706758431743151e-01
3.884964899431777585e-01
3.082506971777806415e-01
1.450988061495793180e-01
2.714852120695109283e-01
2.169400702633405287e-01
2.569092844401132392e-01
4.351202253177794410e-01
4.335736697540836793e-01
3.322170564196840203e-01
3.985361931831886140e-01
3.027210377625997317e-01
1.815241410069210193e-01
4.709936789229476339e-01
1.875916359894499730e-01
2.963805647728697812e-01
3.808352096723912061e-01
3.209949239716450853e-01
3.630293220589615455e-01
2.617017613840576518e-01
2.476810425026120255e-01
3.091667384154737075e-01
2.773869458737688309e-01
3.100334394142789107e-01
2.949405153496530430e-01
3.990117746634017082e-01
3.809301968826983575e-01
3.840674687973789636e-01
5.075576245263341280e-01
3.496810582888856267e-01
4.178407928526884363e-01
2.302988300881601280e-01
2.736953873403628057e-01
2.508858053845963720e-01
3.230754025801494400e-01
2.949366800563477109e-01
4.052257437902179737e-01
4.918673782307016462e-01
3.237818531429559332e-01
4.454316217827692936e-01
2.560206249009012169e-01
3.669121325081947105e-01
3.398005060823204304e-01
3.727212701384853832e-01
3.774068512697658639e-01
4.932520490921747935e-01
3.377110403639810299e-01
2.695979481521475485e-01
5.059566576224692191e-01
3.566686836500085334e-01
3.573132882631114837e-01
2.550817198253151341e-01
5.055699697153992478e-01
4.181268820152433952e-01
4.496121547204187108e-01
5.316263075120459813e-01
1.658625287410784577e-01
3.167676693582864300e-01
3.473104820367889367e-01
1.680424862957655696e-01
3.377945892312436138e-01
3.618899304180883680e-01
3.962741068993416715e-01
3.198971046690013975e-01
4.594474924710282848e-01
5.107109076578623119e-01
4.855381129200563306e-01
3.721082230845114136e-01
2.889261822708152350e-01
3.338288440329082452e-01
2.845588369115044647e-01
3.086109920600215717e-01
3.531844955002007014e-01
4.460018837688415894e-01
4.855709810777883439e-01
4.720052063790095009e-01
4.581050310471729836e-01
3.121016538121746953e-01
3.680366034401768571e-01
4.957118652327591191e-01
3.987400378375146048e-01
5.915893700632902652e-01
5.011818463579832406e-01
5.045181844275389293e-01
4.122028044378870382e-01
3.997829464106647523e-01
4.583996352268709384e-01
4.555900086675728766e-01
4.185839542468977048e-01
5.275864709658757423e-01
4.310198363822277390e-01
4.040560969975344752e-01
4.471153691405200248e-01
3.570158172936934160e-01
3.524917366809932617e-01
4.171063804721172885e-01
4.183768602974241579e-01
4.999698220807228810e-01
3.840817140304368937e-01
3.716509381474945584e-01
4.812361332722214780e-01
3.442232080803783179e-01
3.521249547767389965e-01
4.241618845845353536e-01
6.210655448856823302e-01
3.931256691882887844e-01
2.870600043976543891e-01
6.624053651077043137e-01
3.865095391389021806e-01
6.123004289692682844e-01
5.922773327672249399e-01
4.953861189322027458e-01
4.720572404745833617e-01
4.610521679126120542e-01
4.508671056405553768e-01
4.140597193373092844e-01
7.752935859925529360e-01
5.969510676794762549e-01
6.004284437497016125e-01
5.815417334346341116e-01
5.503668802030244889e-01
4.714382188850624877e-01
5.776282650503893334e-01
4.829012018889727864e-01
4.749722677778794311e-01
5.413877408352887333e-01
3.584737927108517241e-01
3.327855697256384415e-01
6.824195582972971685e-01
5.031431658251080963e-01
5.824321198600820315e-01
5.443003030823290178e-01
5.827809656807264593e-01
4.958927413337446133e-01
5.450277459135132174e-01
5.834575861024704491e-01
3.116842742701379509e-01
5.489827619816463056e-01
6.081905627278637594e-01
6.246572310772615655e-01
6.365698884723067774e-01
6.672770058927428583e-01
5.636035374371350937e-01
5.839212546533366632e-01
5.995447630144239426e-01
5.470455365744136822e-01
5.573490174129429597e-01
6.106522149556730117e-01
5.253233754523284338e-01
6.276449747474059926e-01
4.698083225652690542e-01
6.731881631938486654e-01
5.261925257072940232e-01
5.835006455933194891e-01
6.480904413497475813e-01
6.348044049664108845e-01
5.536413135806202979e-01
6.751736673335361205e-01
6.129976441251976382e-01
5.349161335600054468e-01
6.259748507276405860e-01
5.849225767425886291e-01
6.195952395070014607e-01
5.492427241832398277e-01
6.765419182550678201e-01
5.962421592646722779e-01
5.965444174749414685e-01
7.071901215808448216e-01
5.880511520994824437e-01
4.194429466528385442e-01
6.263113193309197690e-01
5.979961540530867037e-01
7.355448161837584431e-01
5.243766052551203094e-01
4.734528220935895759e-01
6.626447699929459700e-01
5.164246490975545889e-01
6.981503322819740953e-01
6.509989853957072192e-01
5.014065710520372310e-01
4.814143361314102698e-01
5.427802475787433245e-01
5.621035208774641800e-01
6.776979325754091121e-01
6.230963959876134606e-01
8.162500070245614081e-01
7.527272616226976520e-01
6.702536310093839544e-01
6.295027978092330168e-01
6.436930918943386537e-01
6.250155355277760005e-01
6.918517552216664201e-01
5.786953719998311207e-01
7.553721593837425807e-01
6.637657684836073546e-01
6.634017605120091643e-01
5.210779278923126645e-01
5.423989918710365732e-01
7.787092373166096815e-01
7.118312482562552113e-01
6.724196626968940160e-01
6.694220125876294558e-01
6.695244878039033898e-01
7.158566437219493483e-01
4.366851311961052473e-01
7.684770357769091786e-01
6.844522406083100030e-01
5.611485991855814648e-01
7.695603381390510034e-01
7.096100985974320707e-01
7.105104268028185066e-01
6.584607714831719472e-01
7.739957407366471198e-01
7.283231898338496935e-01
5.978157873070151229e-01
7.013517998561632494e-01
6.255087256857498890e-01
7.861797133725118014e-01
7.106066931592268654e-01
7.398956918607452193e-01
5.595232576244080214e-01
6.850284259511585372e-01
9.459139325835395073e-01
5.909605396927326559e-01
5.748492394552380258e-01
6.910221132170281111e-01
5.937768560518331684e-01
8.673418463054100025e-01
6.845387837278946730e-01
6.663846992446308404e-01
4.955541345044148227e-01
6.352063226769363302e-01
6.425331115162300488e-01
6.602589771716158573e-01
6.607982646845924624e-01
8.168696993092543490e-01
7.753024440305271714e-01
7.534949862883296712e-01
6.986504833271861559e-01
8.062472980073756013e-01
7.324704759577167490e-01
7.873393440545026767e-01
7.012946332030818297e-01
6.752162192836227428e-01
8.121365019734614332e-01
7.032543181886558026e-01
8.234743467148157858e-01
6.482870052189978471e-01
8.393446887993472050e-01
8.332930794309584277e-01
7.560816684784258390e-01
8.235739895914189201e-01
7.270621558426660913e-01
7.812731315232774865e-01
7.058232133847204270e-01
6.818869429359750711e-01
7.479774352578183461e-01
7.912140955703712564e-01
6.582654306226565222e-01
8.745843935497625843e-01
7.858484783059385137e-01
7.350869534545553252e-01
7.620254624432414303e-01
8.512522357103503579e-01
7.515346745319920752e-01
9.214199651202575891e-01
7.842099215814875013e-01
1.003958079402946790e+00
8.088370957902345504e-01
7.419471533276967845e-01
6.937794063568502034e-01
7.948843435284786985e-01
7.304628714466878669e-01
8.256205005095781368e-01
6.889450478489026475e-01
9.010347902439568291e-01
7.592212623421261686e-01
7.957658128120350671e-01
8.708799066215973106e-01
8.405091616517749165e-01
8.581777710063908104e-01
8.066768978886419417e-01
9.299712838911678991e-01
8.773395103443063503e-01
6.222107583627286553e-01
8.309760441018951838e-01
8.738399643981404896e-01
9.957735840265261595e-01
8.784425465364523733e-01
9.057534221107168548e-01
9.068563400360848403e-01
9.137210097910900553e-01
6.648870610808780279e-01
1.070349020925631001e+00
6.960946377594066092e-01
9.774083178461746568e-01
7.494203305505804380e-01
8.658311415822180779e-01
9.653886604774345459e-01
9.759549529677029600e-01
8.276764838073186192e-01
6.499186587907002099e-01
8.636407891408662829e-01
8.724780206920449421e-01
8.454549644886258930e-01
7.966065855673718499e-01
8.306648202151395433e-01
8.911506152992139107e-01
9.025064101826704155e-01
9.314883411531370561e-01
9.588027542194376140e-01
8.882416186218498044e-01
8.579821695942343451e-01
8.154045514411915052e-01
8.614616634446397025e-01
8.255010947231820051e-01
8.089062265989720446e-01
1.060984516318532522e+00
1.000001636048639897e+00
8.888321433282192485e-01
8.753042771291922319e-01
8.339841331151343073e-01
8.932943586947494907e-01
9.243319239733626125e-01
8.445909996921124874e-01
8.788983354220378796e-01
7.848350908776257073e-01
9.863522791098185971e-01
9.789280150569340533e-01
8.598904701811654894e-01
9.283700754962462831e-01
9.147268269943109598e-01
9.074013407515021390e-01
9.399940101923187630e-01
8.735217195477738006e-01
8.593517689718233044e-01
8.776895381339512303e-01
1.003278718837456340e+00
9.347180971341575439e-01
8.739775106734112287e-01
9.072481184937691845e-01
8.214534975503671177e-01
1.054045420043555836e+00
9.320210415990104469e-01
8.715684731057962153e-01
8.999589190368243452e-01
9.563480770113171880e-01
8.535759936245020940e-01
8.930814450250114112e-01
9.688364584697185533e-01
1.017331180670583590e+00
8.947638229585569425e-01
1.025059883635124347e+00
1.111369831307696954e+00
9.783292185523524420e-01
1.006487150561936161e+00
9.750683486751696716e-01
9.465684735674503303e-01
9.868577979893492502e-01
1.035846243172989567e+00
1.152193341433307650e+00
1.006577792228426693e+00
8.950909338992028008e-01
8.682156485149941094e-01
1.173465538651863094e+00
9.327800991516383977e-01
8.578314234999100396e-01
1.071605088290035646e+00
