-1.010247117591914101e+00
-9.666201738148245681e-01
-1.162939535989887974e+00
-7.453989749189876557e-01
-8.140691138021667328e-01
-1.069848011822881251e+00
-1.089239551857492438e+00
-1.188531447317442202e+00
-1.119046090750301259e+00
-8.831353336796424758e-01
-9.912142684987875763e-01
-1.034576857140222073e+00
-8.712931243554834504e-01
-8.669432110683942261e-01
-1.117475607003632021e+00
-9.325552758630434314e-01
-9.867965380037706513e-01
-9.881940693877675486e-01
-1.095786488134689485e+00
-8.996968656747823534e-01
-9.053050989280299055e-01
-8.810182362264693534e-01
-1.074904055367429834e+00
-8.872222006637281444e-01
-1.089068253944652787e+00
-9.455221209718589481e-01
-8.657213208948512095e-01
-1.074465337172928692e+00
-9.468798564476440527e-01
-9.531804079345327363e-01
-9.883875087287428141e-01
-1.021638376619506516e+00
-8.166501549860695208e-01
-8.794718544476186617e-01
-8.606174958866953384e-01
-8.014383514362460881e-01
-8.275884230396092223e-01
-9.330887498447035799e-01
-7.961486779299273842e-01
-9.233371851866136737e-01
-9.152255830047696383e-01
-1.081505459059862062e+00
-9.340774905924960070e-01
-1.037923693818242565e+00
-9.528249839798028642e-01
-9.964926668151323774e-01
-1.046245261553357508e+00
-7.412910289532189667e-01
-8.790300129303499910e-01
-1.011573084590277727e+00
-9.849377461312573967e-01
-9.854990212808056871e-01
-8.164796853450054792e-01
-8.473795699103185974e-01
-9.765453081057037243e-01
-9.423552354869019210e-01
-9.467903716466603559e-01
-8.740035892971116382e-01
-8.619263679747001250e-01
-9.640622251577906088e-01
-8.001078798937095726e-01
-9.365275898399072485e-01
-8.593039229126607781e-01
-8.455694004781625361e-01
-8.335670397476121485e-01
-1.015807385665602469e+00
-7.196056736161006162e-01
-8.911336363579220876e-01
-9.652719485521540355e-01
-7.534405974963075403e-01
-8.422540070129137524e-01
-8.806410887741141780e-01
-7.279065999699627643e-01
-8.284513784670963776e-01
-7.384293402582613464e-01
-8.060515971559645276e-01
-9.249043333614525020e-01
-8.378571802861461970e-01
-8.410678943138563124e-01
-8.799966018892263486e-01
-9.232515624910260232e-01
-9.071999758063332697e-01
-8.148762965635230060e-01
-7.791377096820165660e-01
-7.987937592860995251e-01
-9.377111169945898661e-01
-8.200793607143141983e-01
-1.029337910404723111e+00
-8.723835096005397860e-01
-9.286528640930241663e-01
-9.347329924188568784e-01
-8.636268399589764888e-01
-7.972283930577898081e-01
-9.938259070861229505e-01
-7.562175905383323737e-01
-7.566183124770319290e-01
-9.324354648017867397e-01
-8.059609677179193632e-01
-7.364574761247875134e-01
-9.696887092740742453e-01
-8.466734048937398782e-01
-8.536859346826501937e-01
-8.376816524055848978e-01
-8.196818673352336271e-01
-8.562366645421984890e-01
-7.293546418566083656e-01
-7.430675218152625883e-01
-6.828121877172983467e-01
-8.785047982370971509e-01
-7.793922538397619615e-01
-7.848976999799477383e-01
-6.931868893812199728e-01
-6.973836445574497223e-01
-7.301550249077772836e-01
-7.895948768969404119e-01
-8.307170587608700973e-01
-8.056252416293919749e-01
-8.636071835110072925e-01
-8.522521484442953099e-01
-7.118063899052862187e-01
-7.310914688169716236e-01
-8.260946717693976593e-01
-6.779030431325460127e-01
-6.220278750164819348e-01
-6.809484070284483881e-01
-6.681893848784294931e-01
-7.199590530029578161e-01
-5.846450172917155852e-01
-6.631126941778860973e-01
-5.676463996587975958e-01
-7.230247523124466724e-01
-5.964716021048450667e-01
-6.540690458429294640e-01
-7.995837685810142093e-01
-6.858930369780774638e-01
-7.465055420700216215e-01
-7.239854616687556588e-01
-6.418484277383224024e-01
-7.026510878712501906e-01
-7.306790972534235040e-01
-6.512630335093526623e-01
-8.746008097801053482e-01
-8.056886327877584852e-01
-7.655352619366486699e-01
-6.734579782748463250e-01
-6.877565450643008393e-01
-6.412339356982531546e-01
-6.901781908735443727e-01
-7.641336279235163564e-01
-8.337844209806962725e-01
-7.268646040509886275e-01
-6.871577316398229662e-01
-6.554771482934786953e-01
-8.039492597980142374e-01
-6.843422253271947975e-01
-5.277738459000769211e-01
-6.716171194648656861e-01
-6.474283583884016258e-01
-5.185361789958792267e-01
-7.346629285572154888e-01
-6.191281942709347952e-01
-5.643328119202863924e-01
-5.313582864180790288e-01
-8.002842127410355610e-01
-7.057282027963690529e-01
-5.471494310477781342e-01
-6.840930726147974594e-01
-6.796697259149904191e-01
-6.859031440995155826e-01
-5.966919998263017222e-01
-5.435968256480949723e-01
-5.892993912796272715e-01
-7.531440725943666648e-01
-6.004887763981422433e-01
-6.830793476478933535e-01
-6.569732121222402466e-01
-5.173742420219200611e-01
-6.592756277384402841e-01
-7.096161769317698154e-01
-5.919368410136713887e-01
-6.650336600526569608e-01
-7.205090556625795006e-01
-6.432322722403411852e-01
-7.170859396758720861e-01
-4.410933879460574025e-01
-5.434636883177037525e-01
-5.680583927267550681e-01
-7.723258395982975921e-01
-7.601796981337048953e-01
-6.317152897546414181e-01
-6.117122811090780488e-01
-7.132705422916916227e-01
-5.455169445514450599e-01
-7.138525877682782017e-01
-5.794956306125415013e-01
-6.856743327095292662e-01
-5.928728446049598144e-01
-6.471533896714662948e-01
-6.888154020750058004e-01
-5.363319784497198039e-01
-6.509786836688448153e-01
-5.605918080942849935e-01
-5.401909886706045549e-01
-6.484982313545513133e-01
-5.680217887124801024e-01
-7.187897964106577664e-01
-6.433297873415925183e-01
-6.854088935759277135e-01
-5.797084268960683850e-01
-7.141627369046172902e-01
-6.273375961089765473e-01
-4.539472253449095551e-01
-6.846571049896050809e-01
-5.285976060160940682e-01
-6.544139501781709445e-01
-3.827779825724387242e-01
-6.490421542614409622e-01
-6.138276033411039778e-01
-5.399268933946770321e-01
-6.425316025705840595e-01
-5.619428509888230172e-01
-5.145281271512646137e-01
-6.338301153082749329e-01
-5.804147408626000315e-01
-5.023895405507606826e-01
-4.852693143217430838e-01
-5.563910329973200675e-01
-5.892901012048581411e-01
-4.194023856495353586e-01
-5.713250235934408394e-01
-6.767288424676966008e-01
-3.561153657694122732e-01
-4.505166668691180654e-01
-7.344684677741166734e-01
-6.178003658420917477e-01
-5.843747549955623510e-01
-6.081646056677677548e-01
-5.276936133989263977e-01
-4.983310340480582301e-01
-4.332249716866923284e-01
-4.004514218448536611e-01
-3.062634693872143821e-01
-5.375780509120082762e-01
-4.522570475648203803e-01
-4.547859245687851382e-01
-5.540906576002047057e-01
-5.055306619442305749e-01
-4.328647601103612352e-01
-4.108535291936890599e-01
-6.419032484510549530e-01
-3.915121480305484014e-01
-4.795254857533876036e-01
-4.854782208471126737e-01
-5.041526449568161095e-01
-5.416151354700331488e-01
-5.567527485105473462e-01
-5.891387750929056866e-01
-4.562442464751824134e-01
-3.359767022620491206e-01
-5.285755466998283136e-01
-3.867851826731501519e-01
-3.739679941227558868e-01
-6.557927888967920449e-01
-3.779408664130445294e-01
-4.270653354453523565e-01
-3.942041574843938023e-01
-5.036424025568817520e-01
-4.558871479185244713e-01
-4.242844527630647011e-01
-4.837152060091605144e-01
-3.900801114749712362e-01
-4.276066499292779932e-01
-3.178702222293536273e-01
-5.257373450111825219e-01
-4.339018816882886376e-01
-4.212486795773577875e-01
-3.339968711768193654e-01
-4.711366456074752018e-01
-4.284782224963427089e-01
-4.300161331664335007e-01
-3.698664091385769903e-01
-4.477336732237110484e-01
-5.137517370238531278e-01
-4.199446541667682387e-01
-4.198624909123813698e-01
-3.911369506348795766e-01
-2.868892356590967418e-01
-3.166928652205981409e-01
-3.204170710445286563e-01
-4.379713745217957976e-01
-3.652678891568870156e-01
-4.203525491196087871e-01
-2.978650226548693047e-01
-5.056594005236718647e-01
-4.170333685721047123e-01
-3.778009831510981686e-01
-3.872716599411785143e-01
-2.288979708590192230e-01
-3.054897447529050236e-01
-4.840171232995473805e-01
-5.099638540576660883e-01
-2.946129201707524681e-01
-4.966871714758054335e-01
-4.841386408969183819e-01
-3.438704040201939760e-01
-4.366196082511283882e-01
-2.926380709646969613e-01
-4.280896583098227071e-01
-5.583900806515171844e-01
-3.667018656885299710e-01
-3.811513728659056688e-01
-3.203079633085376132e-01
-2.832919814944508952e-01
-3.450107459582990588e-01
-3.595332225268641491e-01
-4.054074622985516241e-01
-4.925430297315000483e-01
-3.450020251346916922e-01
-2.141089931494304377e-01
-4.229268274757684298e-01
-4.287607400983894368e-01
-2.582428239120072022e-01
-4.325093184568128413e-01
-3.817741969576448069e-01
-3.075716489185272295e-01
-5.729675411126389228e-01
-3.904237124517423996e-01
-3.283355382393345345e-01
-4.013171067159416738e-01
-2.771123555502397195e-01
-3.439845639911791597e-01
-3.094959195511377548e-01
-3.293873730843411285e-01
-3.470484565424395429e-01
-2.387857771755067804e-01
-1.923093216155107588e-01
-4.572845565506567650e-02
-5.099206637781670270e-01
-1.995463074082331756e-01
-3.350644728528686112e-01
-2.790147814649723279e-01
-2.310651755861401480e-01
-2.949976189191276243e-01
-3.762333290318549683e-01
-4.653830378115248467e-01
-4.292134531194092273e-01
-4.009920601087617054e-01
-3.973532500317820682e-01
-2.381246450449398533e-01
-3.107089010601710721e-01
-3.981696804425474689e-01
-2.793648681085275642e-01
-3.025139213235526481e-01
-2.476836581908596069e-01
-2.908542158297220959e-01
-2.292991707914743826e-01
-4.998590661347597219e-01
-1.632100792342747742e-01
-2.494127732722064839e-01
-3.258741801558209805e-01
-3.989045182475933204e-01
-3.437913980504190836e-01
-1.963504407293683862e-01
-4.976294934307359252e-01
-1.406942190610952492e-01
-1.840829387517962379e-01
-2.448911565754906261e-02
-3.414584200629688371e-01
-1.773263673022316689e-01
-2.868548356605102323e-01
-1.765796443086712630e-01
-3.361790809572041128e-01
-2.935259953615723116e-01
-2.152750983566825149e-01
-3.106462494434498178e-01
-3.422817545576721798e-01
-3.546222940326713147e-01
-1.538047261798569931e-01
-3.191171993869346690e-01
-2.415292065081529327e-01
-3.397096894576574488e-01
-3.049509282474271443e-01
-1.582835257539847995e-01
-2.424615686016306226e-01
-1.922805525452840336e-01
-2.641313947040889731e-01
-8.266453817178642804e-02
-2.772468846539178911e-01
-2.873636678346785378e-01
-1.010623676930730991e-01
-8.660832340462398804e-02
-4.172715885273367009e-01
-2.135103254420327723e-01
-3.984904159244108679e-01
-8.119724178380817448e-02
-1.817279577332520935e-01
-2.744781747150362716e-01
-2.185396154332069907e-01
-1.757655564205432841e-01
-1.606952938854890600e-01
-1.038505983103471114e-01
-2.862985241801280778e-01
-3.243053005200814409e-01
-2.474161386322306366e-01
-1.742618247825416800e-01
-2.080166733509409005e-01
-2.053519584782614038e-01
-3.016396939618125050e-01
-2.016242893732738406e-01
-2.076558580923296149e-01
-2.128410210274572223e-01
-1.872944577414317469e-01
-1.657287493623398056e-01
-2.218070010366219869e-01
-2.226872620711179696e-01
-1.119810955912701050e-01
-1.620400410371006239e-01
-2.711081576522750836e-01
-3.351137778562450764e-01
-2.315392720404493843e-01
-2.603192108409793093e-01
-1.269503531523261397e-01
-9.562747325141125743e-02
-2.993894896916792225e-01
-1.413726144587532374e-01
-1.530512882788679363e-01
-1.233946768469479094e-01
-1.041378482958120882e-01
-1.331124594065155597e-01
-1.240472699747360019e-01
-1.574316733465387086e-01
-2.865231478245977570e-01
-3.774801930208602774e-01
-1.995924466061868852e-01
-1.347817168714319780e-01
-2.364430309109229744e-01
-2.940836749581167142e-01
-2.521126151053298403e-01
-1.757624326901530143e-01
-2.376212374107149472e-01
-1.195221816374084089e-01
-1.430223819677379493e-01
-2.091992375742832699e-01
-1.765211048880321043e-01
-3.049315336289060499e-02
1.004990843823650865e-01
-1.795065508758786066e-01
-1.091292952650624315e-01
-1.705384068201892533e-01
-1.104403074158846754e-01
-3.054263576239633626e-01
-3.054777312195445724e-02
-2.365282890574096214e-02
-1.924441504390995705e-01
-1.924141607366998408e-01
-1.474580404659677768e-01
-4.843798599395639226e-02
-4.312682000524308001e-02
-2.732268469421107043e-02
-1.671912285994369973e-01
-1.210025462699492078e-02
3.810023911766231841e-02
-1.901489403768311659e-01
-4.650303882094106861e-02
-5.101254678833806039e-02
4.883584967974524682e-02
4.907674702407795880e-02
-6.971840215228666815e-02
-5.630213905005737596e-02
-7.380461687429007434e-02
-5.793703875549858183e-03
-8.527620147087371094e-02
-8.705363426732587451e-02
-5.509448090095513118e-02
-1.810164311762862133e-01
-8.344485524072668692e-02
2.029342184421840597e-03
5.614611098296684415e-03
-1.480040412520429172e-01
1.875894889451773170e-02
-1.599888764956702847e-01
1.870290869409665241e-02
-2.874332075290490091e-02
1.775739338483123958e-02
8.746169776568313292e-02
2.871888666565155721e-02
-8.616763434396725041e-02
5.748886168574526140e-02
1.043442413627037463e-01
4.478994183955363473e-02
-3.459516005462225097e-02
1.338262994048520192e-02
1.018539421150335689e-01
-1.572079836620300652e-01
1.106537835013028798e-01
2.365944505034799430e-02
-6.575739731914775899e-02
-1.160040608553998629e-03
-1.207976264149091400e-01
-4.549375681792423853e-02
-1.098775083918290540e-01
-8.252378139803813462e-02
5.716790069287508436e-02
-4.687723294272868463e-02
-1.005340838559926064e-01
-4.914934032915867224e-03
1.174483019856028820e-01
-3.095124533403665126e-02
1.636998547841348461e-01
1.080595754004372994e-01
-6.223901177248929509e-03
-3.875930149112247203e-02
4.771050408847767044e-02
-2.783704097576642986e-02
2.135360696720673551e-02
-1.275510253530239002e-01
-3.327256971949712344e-03
-3.224446739773417087e-02
-1.986563394589975495e-02
2.510748140220276370e-01
-6.714273146369820547e-03
-7.696927462701132205e-02
1.434007674578518729e-02
3.004196308775144986e-02
2.792576692469244184e-02
8.743886689227933773e-02
6.015858335860395714e-03
1.586697378020466009e-01
-4.951604917748280571e-02
1.138949445195427262e-01
6.904768619561858778e-02
1.036863752015619727e-01
6.115836149957217666e-02
2.434941571952475570e-01
2.260323345920823568e-01
-1.694225909786805165e-02
1.095139359246544430e-01
9.920394343402857973e-02
-5.203550006084971258e-02
1.016745457936049785e-01
1.758466986455354542e-01
1.008078995182817295e-01
7.244797182392044566e-02
1.656345821304721633e-01
1.613998416082783049e-01
1.982964113655426297e-01
1.577399397007695769e-01
1.692633058910369137e-01
1.175457542581240938e-01
8.683690528575532808e-02
9.877993869944483307e-02
2.032535984138807497e-02
-3.711848881042886100e-02
1.377537100072268317e-01
6.129676114999223213e-02
1.715316107334158846e-01
2.292174839069300862e-01
1.134817099464236478e-01
2.194527974580262886e-01
3.053036411599511710e-02
5.619421454642734015e-02
7.864228561151390129e-02
1.264898794387345204e-01
2.252861724004955879e-01
1.680658261812741916e-01
5.973981389562568745e-02
-4.757586038675256507e-02
1.277841805355278415e-01
9.722773494335582023e-02
1.404321131424825508e-01
-4.900368361987989668e-02
2.241993383034505682e-01
1.012935920745046403e-01
1.147983862712832898e-01
1.203215894919694301e-01
1.880919011852749123e-01
1.869448565444282451e-01
9.211342747245974960e-02
1.652717070979299041e-01
2.678424997135196439e-01
1.182512281086619682e-01
2.378341977992180223e-01
1.781123908297693736e-01
2.156569011659357493e-01
1.430078244638343932e-01
1.250633809567383847e-01
2.336000967728910083e-01
1.300285510467010242e-01
2.176438775792158276e-01
9.420127555970915501e-02
1.892537678048389627e-01
1.651716945435526274e-01
2.823806186949416319e-01
3.129286294180012584e-01
4.734416086529270873e-02
1.685495299262909086e-01
2.690759938259156270e-01
2.976538386241955880e-01
3.405908196255961196e-01
6.776104654530776261e-02
2.118568330262280697e-01
1.586536197834802764e-01
2.202320478906453494e-01
3.061522132006198604e-01
2.923408062278282649e-01
2.335930094397923040e-01
1.068968732996624510e-01
3.198168586657365031e-01
9.793364623383818413e-02
2.797405395088013447e-01
1.212965926062125055e-01
1.977428243635836469e-01
8.025997446666514878e-02
1.712217238804119024e-01
1.838339769853228889e-01
3.008459685813825168e-01
1.945176039560939374e-01
1.139510870671118226e-01
7.752094071537940501e-02
2.963125251616894329e-01
1.470823237017562790e-01
2.380011105477664590e-01
2.632353093739519534e-01
2.440343505104291821e-01
2.954939333225691800e-01
3.624054158712076701e-01
3.054302101830627114e-01
2.641270825686796719e-01
2.640619823033879543e-01
2.387254369105998586e-01
2.794458762401451080e-01
2.040553115835740949e-01
2.800075994940683377e-01
3.529482247981778342e-01
2.226884349403166485e-01
1.302967122979893644e-01
3.978306938543766935e-01
2.145175869300945393e-01
1.708593935808416509e-01
1.420575637225506005e-01
3.529404789927980679e-01
4.725948753738832275e-01
2.777262440205873206e-01
1.244737779969461999e-01
2.651531686989788694e-01
3.120880110384047224e-01
2.452686373534453956e-01
2.287096593410269108e-01
2.358103222590014758e-01
4.852694086275937679e-01
3.201875733131033241e-01
3.123852171816497436e-01
1.567466111463935996e-01
4.152933020092859917e-01
3.251540507787466505e-01
2.909028875327259178e-01
2.997622237434103276e-01
1.638423361378699705e-01
3.073394628312685617e-01
2.542302174421581795e-01
2.875549099817378829e-01
2.428781302353738569e-01
2.018329021296807468e-01
4.790921454141637836e-01
3.367893349441737350e-01
2.336970938166720857e-01
3.448941344710237389e-01
2.605100402659576431e-01
2.805245635652524605e-01
2.282679859758331153e-01
2.688555789940639817e-01
2.302010845954751694e-01
3.934966510559922970e-01
3.919935530501029164e-01
5.013983359762748115e-01
4.563173376605947351e-01
4.094312931598717009e-01
3.203251514736988881e-01
3.933761424987215483e-01
4.600956455096887332e-01
3.108649434995744421e-01
3.666107918373340269e-01
3.745999939654695021e-01
3.721188036458619730e-01
4.329757847708755047e-01
3.533191255783005857e-01
3.208048181557059397e-01
1.340968040257949911e-01
3.898486581581931398e-01
3.806591282726226044e-01
4.412605395517851803e-01
2.736206339653185493e-01
4.758439879242949422e-01
3.922219021467273081e-01
3.902322085776472327e-01
3.768294424263487485e-01
4.057224267990113820e-01
3.469582969204024203e-01
3.229243126436823763e-01
2.577446213923741958e-01
5.869912854977853423e-01
3.233133198041611145e-01
4.587142798266030108e-01
3.359164001180749981e-01
3.209719738683191603e-01
3.682388887822342638e-01
4.821354500926124942e-01
2.864434954802788091e-01
5.247023351423908410e-01
3.775602416956839735e-01
3.340005001964197473e-01
3.713606064714941035e-01
4.993371597016730279e-01
3.607899157684701374e-01
3.488662680034541053e-01
5.000543522785176886e-01
5.078006249614819279e-01
4.379490351720620178e-01
3.266372379628739719e-01
4.615785797349294950e-01
4.402507895152689144e-01
3.484875203933684995e-01
3.329626501142494699e-01
4.023582433628160593e-01
4.646277304871418989e-01
3.933582936206683756e-01
3.593279345228564403e-01
2.895750731764267782e-01
5.582266724605050578e-01
5.113601405300788327e-01
4.621692886363233943e-01
5.481056736585260269e-01
4.507210827893896599e-01
4.329712096946723432e-01
4.561728995023055511e-01
4.767153853067445657e-01
5.166156656157694371e-01
5.766251921224737620e-01
3.741381584783315395e-01
5.158113810499452834e-01
4.849050699338373627e-01
5.738345134548397120e-01
4.535503064521647643e-01
4.126856756890115441e-01
3.833853100209450027e-01
4.864849092560674659e-01
4.387153357201362680e-01
4.085393468058266531e-01
4.674813360420490005e-01
5.731777214712727719e-01
5.613794917951805408e-01
6.203585634035685414e-01
5.897321718662046353e-01
5.076955105393433643e-01
4.721539294157146571e-01
5.075881307993299618e-01
5.213704824037976859e-01
5.409743245852004501e-01
4.519146654025940069e-01
5.505147280077418159e-01
5.508440348675338605e-01
5.355801806054735215e-01
5.949447077093410474e-01
6.538433778467438451e-01
6.530310902961091735e-01
6.440598286756834545e-01
4.826493294819475532e-01
5.259096763120064688e-01
5.384060059201800641e-01
6.088378498144144668e-01
5.533807749828439926e-01
4.992553064072344782e-01
4.149393781268521653e-01
5.669906007718448215e-01
6.080803359592403812e-01
5.622211706081398086e-01
4.704475836748117090e-01
5.815375650513392447e-01
3.962059862782238984e-01
5.346757061858476989e-01
5.972240352502433680e-01
5.028593292768880341e-01
6.042318544216930265e-01
4.977206833609001957e-01
4.440498021554452612e-01
7.097554967131417536e-01
5.580491050686072763e-01
5.264402511500707593e-01
5.491359894252180185e-01
7.666710866428666504e-01
4.341352366839403842e-01
6.752346715925057197e-01
6.154688695882051253e-01
5.540271524849895712e-01
6.095136825705104178e-01
5.648326100369824854e-01
4.949039960731447252e-01
5.422275564568976858e-01
6.004645682710911814e-01
6.531493234966336825e-01
6.513896276022288490e-01
6.671323598502106877e-01
6.772233704058172599e-01
5.038981485387790116e-01
4.891448639966302081e-01
5.806414833080899562e-01
7.118596996979739133e-01
5.239617847761274261e-01
7.915319356257677352e-01
6.140495278354211051e-01
5.539210642808706231e-01
6.563031577696396557e-01
7.188198158311416286e-01
7.263528444618987390e-01
6.376665826160801132e-01
5.498071918261379087e-01
7.830876649216029772e-01
5.605513529421530805e-01
5.861431047307859021e-01
6.672572860802774564e-01
5.495528349294805937e-01
4.494022476923374976e-01
5.652362692066970062e-01
5.871202101698959064e-01
6.415451789199495547e-01
7.241878136116860487e-01
5.491629246851366108e-01
4.810740608312195077e-01
6.998697886701451543e-01
6.434587675193541578e-01
6.192445891311624262e-01
7.644262150717394677e-01
7.149309056495155579e-01
7.380737564082229252e-01
7.493032747774699409e-01
6.519491698085692066e-01
6.636006336853779164e-01
6.718042655877033420e-01
6.447837430517134871e-01
7.195261637537799793e-01
7.239851657753214598e-01
7.521546855669916098e-01
7.669680819835759111e-01
6.314963004591707119e-01
7.430638924871055817e-01
7.426600734536430437e-01
6.634383732221946772e-01
7.099260418010062690e-01
7.022085467909083834e-01
7.932698683974277465e-01
7.485892430457549152e-01
8.934691857315774088e-01
5.316838597047387482e-01
6.731096113436958461e-01
7.152548160817948641e-01
7.206150960284660734e-01
7.311817727965720382e-01
7.020878198655922109e-01
5.447589031498971668e-01
6.888249595596962482e-01
7.964529917108966739e-01
8.107435695269373799e-01
7.128950848305344312e-01
6.952561013637139631e-01
7.637886758132453879e-01
6.266714277132228172e-01
7.072923246799395214e-01
7.605219622917512856e-01
7.217583755542311685e-01
6.117027074396019781e-01
7.304349528591322915e-01
6.792994375664451745e-01
7.279527532544443069e-01
8.746769244974215152e-01
7.536083583869760405e-01
6.425636323766598101e-01
8.091394283838238000e-01
8.656934452973558125e-01
8.531600927871851869e-01
6.812686493944920540e-01
8.844863082771622365e-01
8.390571293660398222e-01
7.575169851250741493e-01
7.092208443921608207e-01
6.425264504405897581e-01
7.390881713693429056e-01
7.254804803174379479e-01
7.664876819572848943e-01
7.831668492705546880e-01
7.542130910405734356e-01
6.900371377674280327e-01
8.489658044070067522e-01
7.984040670639858117e-01
8.913897761482336701e-01
8.213041331162045378e-01
7.040539121605386974e-01
7.372981172352675028e-01
7.932887796121608215e-01
8.196807733919858618e-01
7.136502366475298009e-01
8.950323784150414630e-01
7.773431400177274186e-01
7.770793677506152575e-01
8.868761178560928826e-01
9.286310075551050813e-01
8.016034222406298593e-01
7.433346600778201196e-01
9.086738096474579196e-01
9.107744890381538339e-01
8.370837286169139357e-01
9.545744916751430775e-01
8.027592428484798814e-01
1.120628565130192156e+00
9.955224903045327700e-01
8.117684016602469965e-01
9.908193116737911144e-01
7.763314263098586299e-01
7.370606886031916272e-01
9.079175215409678312e-01
8.742195615759131844e-01
8.397284948413431538e-01
9.040747164856181017e-01
8.028649275664579976e-01
9.375716934769527944e-01
8.714825236299584832e-01
7.536472042040175401e-01
8.498843112184245596e-01
8.785140048087511921e-01
9.528764132900565675e-01
8.332672750790997007e-01
8.127149872810867093e-01
9.463377985565293304e-01
8.938133132927051916e-01
8.896518797635946108e-01
9.043677170483893635e-01
9.510014868099848639e-01
9.134418441046633363e-01
9.407877191011381202e-01
8.884939388014099215e-01
8.869756933200708682e-01
9.033621176071027215e-01
9.926142729077261917e-01
1.109480854034076591e+00
9.620265650867312335e-01
9.772553227626619154e-01
8.886729245643598674e-01
1.011540140745441407e+00
7.950829410189006463e-01
8.263688959787478527e-01
8.302367150908313009e-01
1.073955052631741847e+00
8.548290373580369472e-01
9.386870487623266701e-01
8.881749259574704958e-01
7.665163047700915833e-01
8.737433508483644085e-01
8.083778817984862419e-01
9.045347964489022230e-01
8.758124473617340255e-01
1.080836888644170379e+00
1.040336456130326992e+00
1.013858196351215657e+00
1.098758761444117660e+00
9.487321701828772547e-01
1.013855193417534606e+00
8.626560436607316751e-01
8.687865059041767202e-01
8.532219991336990050e-01
8.676010378805363299e-01
9.741907813937885630e-01
1.052684436722344685e+00
1.041730849176959017e+00
9.312625312984168513e-01
9.329618091626603604e-01
9.996100728159058590e-01
9.240087691057901065e-01
9.843965160768437528e-01
8.507672997132520454e-01
7.581137059017210023e-01
9.642898153231986846e-01
7.948367094247003051e-01
9.447833609755191819e-01
1.066087967481550658e+00
8.904500030897370966e-01
1.048081606151831213e+00
9.392639607880228780e-01
1.046955527142975573e+00
1.039174579870898452e+00
9.761720282012048555e-01
1.089149021671458106e+00
1.041218068659912843e+00
9.696690712334201656e-01
1.104034702543627455e+00
9.743599685870595328e-01
9.798615927032895412e-01
1.005049117862441888e+00
8.721138773940546596e-01
1.090030073099712116e+00
1.092746585593694197e+00
1.019667568486010589e+00
