-1.072392180860779920e+00
-9.789713752601545416e-01
-1.033264359443205382e+00
-1.056157170160502590e+00
-1.069768467119521782e+00
-9.815240164408556289e-01
-1.205670051586050118e+00
-9.751434227909465680e-01
-1.038977830696800053e+00
-9.680974868238297892e-01
-1.023083675379025781e+00
-9.973802243375589072e-01
-1.038168706932892427e+00
-9.242938252079105910e-01
-1.122592934417211419e+00
-9.650537775231023963e-01
-9.323017961794245467e-01
-9.685582520989881594e-01
-8.612584332023470735e-01
-1.071361817347270762e+00
-1.140396959626319040e+00
-9.715104616382955749e-01
-9.372471264492505671e-01
-1.040291515608486872e+00
-8.692341948001719443e-01
-9.449847846581819200e-01
-9.829646224060663018e-01
-1.046212185607435341e+00
-7.840257666513965606e-01
-8.801419466102923250e-01
-1.003439749677110360e+00
-9.483131328359173384e-01
-8.941930119919733189e-01
-1.051009640707819326e+00
-9.607980223624048577e-01
-9.300410685069695482e-01
-9.647663530038738111e-01
-9.169216693826144349e-01
-8.100173822996261652e-01
-8.120409350496841094e-01
-9.558102779788177905e-01
-9.855065048667118743e-01
-7.953867153416904756e-01
-8.185074321931005148e-01
-7.934653942148158778e-01
-8.756195873727407042e-01
-1.040052880417388304e+00
-9.257384809837896356e-01
-8.754641606062729675e-01
-8.604094656679802666e-01
-9.389631808510621180e-01
-1.013571624674219906e+00
-7.648258646496803870e-01
-1.021672251282486510e+00
-8.870415236677662296e-01
-9.247194315042416290e-01
-9.238448598589161787e-01
-8.346143552139351218e-01
-7.712692496352391291e-01
-8.243241958928611002e-01
-9.122038554756710660e-01
-8.424311445401583276e-01
-9.105272253990501774e-01
-8.711828673354288233e-01
-8.975101952857843512e-01
-9.351473771228515641e-01
-8.826323731578371579e-01
-9.542262980059826871e-01
-7.964846434914348849e-01
-9.498200564551939618e-01
-8.618779334782450396e-01
-8.501741773791374746e-01
-8.700298442689854417e-01
-8.857431795519919993e-01
-8.337050883195056272e-01
-9.321619919689444478e-01
-8.324870041494455419e-01
-8.678188733530223242e-01
-8.596850571977120437e-01
-8.623281862257190511e-01
-7.093297602834515159e-01
-9.875977899355667944e-01
-7.295922806272757688e-01
-8.741150100089227770e-01
-8.120360099003114396e-01
-8.348740930604369170e-01
-8.226822563168095792e-01
-9.417801101635386862e-01
-6.998790737963633823e-01
-8.799944061966757936e-01
-5.968771026530452772e-01
-6.902020782907627439e-01
-9.277730343772551125e-01
-9.277614963825472350e-01
-8.429583525403350208e-01
-7.390937299164389573e-01
-8.395208600169197233e-01
-8.531241474874221575e-01
-9.342030532469556281e-01
-7.106387642440334940e-01
-8.814993965457700309e-01
-8.488828653982233297e-01
-8.431164467464280499e-01
-8.120879628397471572e-01
-8.121044442488656312e-01
-6.683830565347170793e-01
-1.053656841403025179e+00
-8.786832682220839796e-01
-6.738406998175596740e-01
-7.850141414571408793e-01
-8.391143501291472573e-01
-6.610807259309593453e-01
-6.908666941263466033e-01
-8.205839078120381602e-01
-7.787683752446357133e-01
-8.408110692553152354e-01
-7.629092779365840293e-01
-7.638464577039555392e-01
-8.560549668211202556e-01
-6.530751455166778907e-01
-7.041160129285144453e-01
-7.274075866340778962e-01
-7.715046334424577879e-01
-7.226905828998138048e-01
-6.243164638756835139e-01
-6.610624075726068138e-01
-7.222681872992103846e-01
-6.646907218540728524e-01
-8.275158611734243497e-01
-6.672464485215099383e-01
-7.574439097318909075e-01
-6.939021573259821496e-01
-6.557169380861567198e-01
-8.049081386213746692e-01
-6.497911379485007410e-01
-8.029473509372329065e-01
-6.027559582222049572e-01
-6.400583089493060429e-01
-5.170176607725415208e-01
-8.200250626964880052e-01
-8.202022557286683391e-01
-7.683104164428434801e-01
-7.383720525191740380e-01
-7.160676357129673875e-01
-7.059323608421338436e-01
-6.032475629409461693e-01
-7.874916892622287889e-01
-7.619672699154341755e-01
-7.382719828330525091e-01
-6.289027186889843968e-01
-7.710696646058087245e-01
-7.582087739670092530e-01
-6.843713913894583500e-01
-5.971169986624050852e-01
-7.248319460339774922e-01
-5.923989232239996738e-01
-4.990155180406998792e-01
-6.675080173178227216e-01
-7.098810341018372272e-01
-6.944823626964631291e-01
-6.830353231717227747e-01
-7.095749175821201016e-01
-7.454529800309203091e-01
-7.308401222961516952e-01
-6.628403874767921922e-01
-6.524597322791445553e-01
-6.448229776466662955e-01
-6.880241626162757473e-01
-6.586748317872614944e-01
-7.271374239861528865e-01
-6.920194261949540460e-01
-5.619449907336212524e-01
-6.746417650547689160e-01
-5.722284298189154184e-01
-6.836485877532346711e-01
-6.109300765362087882e-01
-6.242264427366935875e-01
-6.472209023070416567e-01
-7.964166005386538183e-01
-5.944032906623867296e-01
-7.283404984951732386e-01
-5.042067634490858818e-01
-6.061004543099480779e-01
-5.126298037842299538e-01
-5.294153098420260051e-01
-7.567683117715588992e-01
-5.705281382942057888e-01
-6.543022176754984542e-01
-6.435857634260628846e-01
-5.689728742317370358e-01
-5.711874772882983287e-01
-5.320037539311610608e-01
-5.052529417220453789e-01
-7.269140958798805396e-01
-5.415852648400503178e-01
-4.323171996776991044e-01
-5.236939363271084780e-01
-6.029285047060772840e-01
-4.754989581886179262e-01
-5.148808659733168369e-01
-5.756984065743847578e-01
-7.267667818558534165e-01
-5.902752337961304496e-01
-6.758314895177369719e-01
-5.693543495290569467e-01
-5.451825782100095941e-01
-5.772689820871909072e-01
-3.820201229829818246e-01
-4.902423891483108642e-01
-6.703269657257711067e-01
-6.482671154646011402e-01
-6.340590874240789043e-01
-5.686903479581045806e-01
-5.815869738758036034e-01
-7.632321945435595056e-01
-6.630259228292791907e-01
-5.735950993230425343e-01
-6.897182572123735644e-01
-6.535252883760157561e-01
-5.761871522295514136e-01
-5.368431594592139033e-01
-4.105900542969173062e-01
-6.222357093731260003e-01
-4.760341081284186759e-01
-5.916385896763983743e-01
-5.853211274685539145e-01
-5.948140341925258756e-01
-5.414041691538286072e-01
-4.755893365986227916e-01
-4.975657760576336908e-01
-5.620110368547035495e-01
-5.793150980362292701e-01
-6.329707816864550418e-01
-5.681350551265611504e-01
-5.647900156771471503e-01
-4.995682667988727288e-01
-3.968406624903773605e-01
-5.684842784050713194e-01
-5.393149184573514665e-01
-6.028249012585537026e-01
-5.676726574093036159e-01
-5.700405619506498933e-01
-4.157460073244008125e-01
-5.896094699827689745e-01
-4.077690475373642043e-01
-5.009769342753599419e-01
-4.176505010133940710e-01
-5.292370090009439476e-01
-3.565847772715265429e-01
-5.316958398867053237e-01
-5.709863061457586264e-01
-4.697585869833523775e-01
-3.125390152921403430e-01
-4.828592279386794694e-01
-4.501834703703179175e-01
-5.364555823603306406e-01
-4.659040179373230561e-01
-5.022747501189798180e-01
-4.997726316584292783e-01
-4.967211040710255432e-01
-4.227649931603459366e-01
-3.115875383542123234e-01
-5.218863634905400728e-01
-5.246552969317337389e-01
-4.224207339087184820e-01
-3.641550485854121444e-01
-6.778531945053805075e-01
-3.498271620790902037e-01
-4.608979107559659782e-01
-4.063044385617219922e-01
-4.842368723886191773e-01
-3.877463165870985717e-01
-3.841437929295165588e-01
-3.567231612058247014e-01
-4.156736608545026912e-01
-4.716942451810850478e-01
-5.983622601857108148e-01
-3.953937985586567505e-01
-3.967849823389938968e-01
-3.407611398593468621e-01
-3.446724681165652115e-01
-6.134903461762928334e-01
-2.632344976962681105e-01
-3.634102895501550301e-01
-4.066268799812934320e-01
-3.992901494026354081e-01
-4.750741844896538280e-01
-1.999207364206899706e-01
-5.167186906624022802e-01
-3.442433047227491105e-01
-6.569953349365410533e-01
-5.387036655779474659e-01
-5.242116300280004193e-01
-3.775724946999313159e-01
-4.419458867689251558e-01
-4.172403632635926507e-01
-3.893369847682129348e-01
-4.325573710724661125e-01
-4.680642205127765187e-01
-4.224688068317240530e-01
-2.844559244702554168e-01
-4.313920495221277851e-01
-3.961209966649343883e-01
-4.423332949274874637e-01
-6.269895428390915848e-01
-3.725811782665231497e-01
-3.857642719617241922e-01
-4.736334385203967434e-01
-2.592649880996908407e-01
-3.245467556934705233e-01
-4.187138108718424512e-01
-2.771268597499419450e-01
-3.684252912748568476e-01
-3.858976380626385483e-01
-3.135107131673648406e-01
-3.014841059423095659e-01
-3.767651513287129106e-01
-3.724086978042876472e-01
-2.296676910785335479e-01
-3.861781688324901762e-01
-3.187991850440911046e-01
-3.524519037694889279e-01
-3.888875304966515900e-01
-3.759382719929376115e-01
-4.053076675414038488e-01
-5.179206844882571215e-01
-3.872170421392224782e-01
-3.486123374721307178e-01
-3.334280455613414795e-01
-3.314427281800040315e-01
-4.138477117822881857e-01
-3.870796231053464931e-01
-2.967555382148456267e-01
-4.222777630572032148e-01
-2.546119336627716834e-01
-3.436458250275184478e-01
-3.532046899548811902e-01
-3.759886992110843540e-01
-3.878067402169908529e-01
-3.164540793725778012e-01
-2.514158246166748323e-01
-2.384775306288417218e-01
-2.747603216972508422e-01
-4.497641334844182937e-01
-2.847096431232349900e-01
-1.668123111770625222e-01
-3.486509979014177363e-01
-4.296408419241576349e-01
-3.981613469476674161e-01
-3.287607152875547389e-01
-2.727886902059937224e-01
-3.028623647204535807e-01
-2.218405991149267897e-01
-1.454056349326298125e-01
-3.749221540537469588e-01
-2.625401597853643243e-01
-3.170153374684091530e-01
-2.208030552101144239e-01
-2.913897092541297140e-01
-4.120468280371015202e-01
-3.299798594192430712e-01
-1.825623584642698805e-01
-1.099869501303887415e-01
-3.694687721304888983e-01
-4.217608089299974550e-01
-3.612375456660689710e-01
-3.648972614295872274e-01
-2.784446154360780690e-01
-2.700630552118422067e-01
-2.105622880641767891e-01
-2.082087445647757828e-01
-2.613544601513768662e-01
-2.942078397435248238e-01
-4.700380937654039665e-02
-3.227065319664458309e-01
-2.251492438155500986e-01
-2.744125590122713509e-01
-2.116612234630446399e-01
-2.988780348731409631e-01
-3.371303459799300239e-01
-1.116275850092341149e-01
-3.088877826639081503e-01
-3.862265517415601201e-01
-4.575846094534632980e-01
-3.104870402754311698e-01
-2.749082116855356972e-01
-2.224655115098735092e-01
-1.818670829229150909e-01
-2.524379381707560488e-01
-2.716272323224160901e-01
-1.909398836146150580e-01
-2.337076461223542012e-01
-2.154445806946444497e-01
-1.592383758201809385e-01
-1.104049846211552222e-01
-5.890538315394219099e-02
-1.756031399406274285e-01
-1.797926939070523533e-01
-5.246726960736111667e-02
-1.892636640490671096e-01
-1.018615511552020680e-01
-2.219649379069614514e-01
-2.041500823764113015e-01
-2.026484039460595132e-01
-3.020376496896315932e-01
-2.928672754914418142e-01
-1.328513330510670658e-02
-1.792462468207217108e-01
-2.167069058085704381e-01
-1.630389681010564196e-01
-1.095374630994681575e-01
-6.333584577231964052e-02
-2.992762376580239136e-01
-1.438770853429966190e-01
-1.426532930230581808e-01
-1.956572642025740660e-01
-2.697984246854731039e-01
-9.137356509889264788e-02
-3.380489015582306966e-01
-2.257336841630333268e-01
-2.113328472316444162e-01
-2.125661398120794882e-02
-1.582242961521507230e-01
-1.984370109981547226e-01
-1.445321849326070274e-01
-2.307076158311159031e-01
-8.002866906221084431e-02
-1.300187139562769267e-01
-1.198059445417497398e-01
-1.636265475744926590e-01
-1.680435629351779703e-01
-7.570363666149862794e-03
-3.170306251036850154e-02
-2.023189930149931481e-01
-1.842828165182510899e-02
-1.496891057305040351e-01
-1.397755036545283158e-01
-1.719914545108963688e-01
-1.245352627541756740e-01
-1.268277867456350516e-01
-1.360633864958644967e-01
-1.436183333404587592e-01
-4.478294108720175248e-02
-6.669600335685399450e-02
-1.699479592625145197e-01
-3.017044430473418415e-01
1.107506113199944846e-02
-1.856572108913299712e-01
-8.558608833326476761e-02
-1.493904300471229907e-01
-6.716870174159439433e-02
1.187532629631491039e-02
-2.369712768622782295e-01
-1.115284068454318739e-01
-9.166368847573626299e-02
-5.372980754208182309e-03
-2.714343439828031390e-01
-1.289458773364176858e-01
-8.620555267879211059e-02
-1.409636593253680570e-01
-1.087337522430834869e-01
4.478839872706244160e-03
-2.228902898962632773e-02
-1.356088014307296752e-01
-1.981458773018372477e-01
-8.735566059692057017e-02
-1.040639654161431560e-01
-7.597438856968871668e-02
-1.210949808997058286e-01
2.046220678613072316e-02
-8.455716726432531416e-02
-7.678666619136614857e-02
-5.127455941565096237e-02
-5.693370933024461539e-02
-9.608464080264647600e-02
-6.171042264493317026e-02
-1.890690095490843436e-01
4.375190378260861157e-02
4.146713823509018404e-02
2.701154281898835753e-03
2.453567920207846975e-02
6.049361499706034512e-02
-1.354930043226615539e-02
-1.031914412945147963e-01
-1.827912237038868959e-01
5.714954737716587685e-02
-2.744368311135433197e-02
-9.813549107548441910e-03
-6.450439193196524923e-02
6.650836437825141667e-02
-5.556210790079017109e-02
-1.980000330571935266e-02
-2.784539382210731231e-02
-8.328196792865408260e-02
-7.419625950819795299e-03
-1.866222303697639973e-01
-9.616978972036546724e-02
8.484653372343411992e-02
-7.279769139958295991e-03
1.771615871596279035e-01
-1.216747434588529540e-02
5.255277949134238430e-02
8.469740173267616135e-02
3.541342817583247038e-02
1.303101019569209706e-01
9.869838382038179092e-02
-8.873785949951709662e-03
2.487387770098539730e-02
1.275838841707628568e-01
-4.467511729300847195e-02
1.669549042844139033e-02
-5.304599654901227118e-02
2.489936419505206500e-02
8.014461052564350596e-02
3.380552496729909845e-02
-2.293192075912477840e-02
1.037573491905446205e-01
-1.047130083605913309e-01
2.830205379784084090e-03
-1.756116398741313159e-02
7.689943238914577484e-02
1.258059905023288516e-01
1.762343606566421916e-01
2.750390490999436027e-02
-5.707122017116472018e-02
8.255660174133146179e-02
-4.435165174786683678e-02
1.988965780836237374e-01
6.860089376322706101e-02
2.161494489511189554e-01
6.060708755413652532e-02
-5.909410864913853395e-02
-2.117769728705763341e-02
7.419547868902615084e-02
1.360314404460281901e-01
1.233165707520534754e-01
1.361871671564422043e-02
1.266392158117827516e-01
1.183947984120505975e-01
1.489785423355368121e-01
5.892192971108224653e-02
1.666620841409600096e-01
9.401173175564112028e-02
1.184831341591517789e-01
-5.545455743165801643e-02
1.571800823001935909e-01
-8.451612186041174146e-02
6.157760682140933639e-02
2.303926209864983754e-01
1.122629281726967437e-01
1.155454589148044442e-01
1.515208746634133519e-01
6.215293084450906891e-02
-5.022463370385327457e-04
2.283010233213581541e-01
1.118152136087564689e-02
6.015799504844686341e-02
2.786895538376468751e-01
1.127862492893032670e-01
1.012372832031455255e-01
1.152631207036838995e-01
1.828585470613976749e-01
4.593963601772803329e-02
1.455728270756089793e-01
1.344520543385530620e-01
2.162597632900932487e-01
3.198283496052069935e-02
9.457137416239774774e-02
1.759712810334321531e-01
1.057949065520062543e-01
1.211596401476663504e-01
1.175249254594418341e-01
2.141490632377984205e-01
-1.700574319505192278e-02
5.501008960012919446e-02
6.585567645314607810e-02
7.654828093591842242e-02
2.616857753048120183e-01
2.766347807883933752e-01
1.570871369357416947e-02
2.357824111313566451e-01
1.404991427931558678e-01
3.474662710606280652e-02
7.701084724238253104e-03
2.188087120782433448e-01
2.121820101658913882e-01
2.759522739397757274e-01
6.419437330255531315e-02
4.238067573650360076e-02
1.908621197045355378e-01
1.294305600380785404e-01
1.718502048536127147e-01
2.735887771071664476e-01
1.238937610474621920e-01
1.465560740443143384e-01
1.557988399188786899e-01
2.363709067947195319e-01
2.469795890404520855e-01
2.094495185857178088e-01
2.054311941016649379e-01
2.379013079569783362e-01
1.179005422386197738e-01
1.681059138369722372e-01
1.693028935532292500e-01
1.610063436056950181e-01
2.780365744485944757e-01
1.876965042133805217e-01
2.636602344760601291e-01
2.957060300210563875e-01
2.944456406534758930e-01
3.378647814050878551e-01
2.092826399844058272e-01
7.709801454378827079e-02
1.509444953766586328e-01
2.383814182321163655e-01
2.737790560919314276e-01
1.100030298783778726e-01
4.243532099823189574e-01
2.525098906531857978e-01
1.983698545583596484e-01
2.147333789136012805e-01
1.969950586445217422e-01
3.002773933989661970e-01
3.074119288949987427e-01
1.675117369226886144e-01
3.055842453753179755e-01
3.235270328510140847e-01
2.958306104625720856e-01
2.211036040906566857e-01
1.335092963658028875e-01
1.636896445853248949e-01
4.052086620732194278e-01
2.926285426297522974e-01
2.905485260807417758e-01
4.116567044838785883e-01
3.803551075621621758e-01
2.282545979861184959e-01
3.081236886026224586e-01
3.559140811936851168e-01
2.437555489613527360e-01
2.793298226455798727e-01
2.027889125592855502e-01
3.146094412140609808e-01
3.380982586374333132e-01
2.489207340041867667e-01
3.013877141023524886e-01
2.655308388452475299e-01
3.118513810613933734e-01
2.455531690658612487e-01
2.279946950842109965e-01
2.379138466553242515e-01
1.910637677146163060e-01
2.391652214008141708e-01
2.456435201272876567e-01
3.425622527639655690e-01
3.372792377919828222e-01
1.903572060682746092e-01
4.176448558953813617e-01
4.036618448363709089e-01
1.570443671425819088e-01
3.566922082707634223e-01
5.061156705108385001e-01
3.557586382484762555e-01
4.710573900333898667e-01
3.880010065323076796e-01
3.575727556913927963e-01
1.766917946367373704e-01
3.629492938744912078e-01
3.081478617103719508e-01
3.737911244700632407e-01
3.461179265784584125e-01
2.244710663602837442e-01
2.296741936548087060e-01
4.307013861168846325e-01
3.039398401741358891e-01
3.853146696790235026e-01
3.090559578368187732e-01
3.117598434007690100e-01
2.660600167009697370e-01
4.469544395206065390e-01
4.562492941733964913e-01
3.561770192886095088e-01
3.847280329208324634e-01
1.534317204693315118e-01
3.532424220100248702e-01
4.667908043095719273e-01
3.167096009579689064e-01
3.855795336096487502e-01
3.779596098331673426e-01
4.781787433648002628e-01
4.256992102507615727e-01
3.795997419541751183e-01
3.986566639407893575e-01
4.288070077877653707e-01
2.986250346947705303e-01
2.387253542158021824e-01
3.182990983556894249e-01
4.858808881684376635e-01
4.878480063084068008e-01
3.002453027234273097e-01
4.046263438179757976e-01
4.635299838402802686e-01
4.511853881915455222e-01
5.124971337322371534e-01
4.291610179256626356e-01
4.134003959788071780e-01
4.581680199961678523e-01
3.891499982511459343e-01
3.362619140781337168e-01
5.910191369131403416e-01
3.763408318317813528e-01
3.686365899686406267e-01
3.331159364760126196e-01
4.926566769287061831e-01
3.148233499128738067e-01
4.868752650168256535e-01
5.010955452762467788e-01
4.898978613656245207e-01
4.789257565539680739e-01
5.373981307120072604e-01
3.930854563811655988e-01
3.935447092237819300e-01
4.923604635605359214e-01
5.464892557777504267e-01
3.624739121961353949e-01
3.349170956302300883e-01
4.572266234523406081e-01
4.152413321451858819e-01
4.865811907636132805e-01
3.748522190760675277e-01
4.318050774283291315e-01
5.712936325551725147e-01
3.555957153674770277e-01
4.583555679277440675e-01
4.295879470701386982e-01
5.533016146036994209e-01
4.725236515601667908e-01
3.696255261337982878e-01
4.292659170405697666e-01
4.844844934776238454e-01
4.993875968053251846e-01
4.540053156057648476e-01
4.520592730632678746e-01
5.086076130514883831e-01
4.683398917632096703e-01
2.789359716402790013e-01
3.421270305111743237e-01
5.442501233804736271e-01
5.549630193121678490e-01
5.307927221213062374e-01
4.083626837261694065e-01
5.513321805798873099e-01
5.069013210292522276e-01
4.379620437125432142e-01
5.704370870418686845e-01
6.019544896425794711e-01
5.438572682598790120e-01
4.999381895710539592e-01
5.452113467304182670e-01
6.257281842813569028e-01
4.857943299298170259e-01
4.784803293304353833e-01
6.777587959729830525e-01
4.364010772333801191e-01
5.172185050220849956e-01
7.086721864177689678e-01
4.543070558363384026e-01
6.149337165059742816e-01
4.706335335661612773e-01
5.313259688263538560e-01
5.408016745344756959e-01
6.319398131203134428e-01
4.575278129754346557e-01
5.378514022880110934e-01
6.885693721456929151e-01
5.075298907649256064e-01
5.743906493846181460e-01
4.329285355814883052e-01
4.623847396240201579e-01
6.358277961735701034e-01
6.202024316171850238e-01
5.851408674431969326e-01
5.764621050581629769e-01
6.309455567002789644e-01
5.604468795178674245e-01
4.414866669742567584e-01
4.600965526096335023e-01
4.525205894899514969e-01
6.143534789607221214e-01
5.666579864964337299e-01
6.556249154239298660e-01
5.207808442843860908e-01
5.078162536751628098e-01
4.668128430280649721e-01
5.318630230418142091e-01
4.371196883297137070e-01
5.314644067963333329e-01
6.136598080353563578e-01
6.309144455480369951e-01
6.407639499387622894e-01
6.010255427807799089e-01
6.564753946017448660e-01
7.270987947015518094e-01
5.549005184932825907e-01
4.285980107390773841e-01
5.920719229505589931e-01
6.092677526138030597e-01
4.688240966543244514e-01
6.200589108945946393e-01
7.781651989918423329e-01
4.966972148923764485e-01
6.380458628844586366e-01
5.437047020143106479e-01
7.018845471542305425e-01
5.092316884360961193e-01
5.726121193238024043e-01
7.840752382782784080e-01
5.573943319990958267e-01
5.695435382949431968e-01
6.874049539511619678e-01
6.077231027085873150e-01
7.297735115801214922e-01
7.973603846481620572e-01
6.310979792569297864e-01
6.312073421608895840e-01
6.704881982811349284e-01
5.426602431426487128e-01
8.423504257169330822e-01
6.924603243759841487e-01
6.061310532172671239e-01
5.825299737853855131e-01
6.580154692249651216e-01
5.564354151582894259e-01
8.101941708963367184e-01
6.132883755348679244e-01
6.787957406490483514e-01
5.587208724109270497e-01
6.195889068362466778e-01
7.588994679182228253e-01
5.963338398538069463e-01
6.617500869098639216e-01
7.380392014503732723e-01
6.747713036096499861e-01
7.506103515479779498e-01
4.645675331690651833e-01
6.536945109257165099e-01
4.665122187246455998e-01
6.266708101026990940e-01
6.635700959077760475e-01
6.169485075276383013e-01
6.985596215953602250e-01
7.393161249987583172e-01
7.634059632500527215e-01
8.117393517277795567e-01
8.181429725437314726e-01
6.504809699940826695e-01
6.669580206481281470e-01
7.784618412727692949e-01
6.220154201090688506e-01
6.280380740545153939e-01
8.078720291673149312e-01
7.498046581596162774e-01
8.441839643824596839e-01
6.575788228015717607e-01
8.480805091412245700e-01
7.106507879630723501e-01
8.433572906162571936e-01
6.073317938103027780e-01
7.656428054143593620e-01
6.978130598648605298e-01
9.244486841997826554e-01
7.562827837443073520e-01
8.671405577938999798e-01
6.857903364996035256e-01
8.902303303608789520e-01
7.661209790622834914e-01
7.382953422013838196e-01
7.434836055787903408e-01
6.964294667899302294e-01
6.249986732553092228e-01
6.347868164633219124e-01
7.455702253142514335e-01
9.366263028354185893e-01
6.817465846015083875e-01
7.866715160291497533e-01
8.288673753490310991e-01
7.156815610536557681e-01
8.636515859538337336e-01
7.710495636719413293e-01
8.238732044552261602e-01
6.964972482344597982e-01
7.262129816122953052e-01
7.725055138653112996e-01
7.596190075370603534e-01
8.482459419932342204e-01
7.290277060563166156e-01
8.055263050572799566e-01
8.157248699581072238e-01
7.105595114917618860e-01
8.560930725825580678e-01
7.846988832802211933e-01
7.852318554373877157e-01
7.347051667343245107e-01
7.477155276710171217e-01
7.042907502783067875e-01
8.815913634270544641e-01
7.137005730293506378e-01
8.027745694884810268e-01
9.303433979979857105e-01
7.972251664853217124e-01
8.238214119388728163e-01
7.371198541332164567e-01
8.952233186477760452e-01
7.367667306514842362e-01
7.896512338783850948e-01
6.773925315597695285e-01
8.015413530261068509e-01
6.980313907402190265e-01
8.261283709238365081e-01
7.447113444093979018e-01
7.515902191217819217e-01
8.207791372488810744e-01
7.913363696221861199e-01
8.162441818292820450e-01
8.885485542770005241e-01
7.652849577300795403e-01
8.534205375427964535e-01
8.209293552008311012e-01
7.145878354368437879e-01
8.560566121660213579e-01
7.604937257356938485e-01
8.858376882022196419e-01
8.685583835522752150e-01
8.222246058103015454e-01
9.304687683445896917e-01
7.982463804542062613e-01
9.686975944633059443e-01
9.903481802051219418e-01
8.902508455203590465e-01
8.061408406713148622e-01
9.097075795545906951e-01
9.210542443788876099e-01
9.121253467241283719e-01
8.707029760728723922e-01
8.901679726165493411e-01
8.600602229296705481e-01
9.934394316654356905e-01
9.196395621870840920e-01
8.426723842067251891e-01
8.029711967944230810e-01
1.078524208089387093e+00
9.650450655152400525e-01
1.089420747034312464e+00
9.648667178910818043e-01
1.002833635934522905e+00
8.802041214168424554e-01
1.011708580352035369e+00
9.936265437538313039e-01
8.569516201263422950e-01
9.935622326470638921e-01
9.670710808112731316e-01
1.002857661773064679e+00
9.018322904806319595e-01
1.018486832472419668e+00
8.394370268455184636e-01
8.335289766128505251e-01
9.356737578710357939e-01
9.458033032656195660e-01
8.807911174899127893e-01
9.924631415392123346e-01
9.429362713784619210e-01
1.004007001626191053e+00
1.095027008038614857e+00
9.384404852652018514e-01
7.816938856456535634e-01
8.156049362932520364e-01
1.015327684544934606e+00
9.157996391055485130e-01
1.084227235646185949e+00
1.044634836912535114e+00
8.591020478439529429e-01
9.741717709064079411e-01
8.970318696809188586e-01
9.639764942658507474e-01
1.088037602586714225e+00
9.739216627708857654e-01
8.883134013187006239e-01
1.028520615627321222e+00
8.415556028623660811e-01
9.334319667436339341e-01
9.572896217624804471e-01
1.046865751175999781e+00
9.351763967962842816e-01
9.540757407372214560e-01
9.482156099529795990e-01
1.092258273769765919e+00
1.050467473412441066e+00
1.084438193717140120e+00
9.729786494761822890e-01
1.075435969668684155e+00
