-8.859120080872294745e-01
-1.098253537477988040e+00
-9.411433682880975260e-01
-1.014152997226143604e+00
-9.665778180919434304e-01
-9.804295537244963610e-01
-9.609033478763405745e-01
-9.773298989630364586e-01
-9.534587760662465161e-01
-1.004929635683832423e+00
-9.665615569011333230e-01
-9.687575432550077359e-01
-9.907281670625915915e-01
-7.219040404693617408e-01
-8.997193912805877547e-01
-7.425433814497764962e-01
-1.040461918616143899e+00
-9.637935327281866860e-01
-1.023558591882145485e+00
-1.118970704076029943e+00
-8.711024123628845484e-01
-1.028192307918848192e+00
-1.030999184994396245e+00
-7.953968804213255028e-01
-9.563841700797074408e-01
-9.045655358444719685e-01
-8.973288132293604225e-01
-8.963848251885380147e-01
-9.868589580636895064e-01
-1.059704352384342574e+00
-1.018270210670974896e+00
-9.549879317289605707e-01
-9.615346926165441177e-01
-1.001416152226417999e+00
-8.775658130165665538e-01
-8.737212743491120648e-01
-9.117926025574677462e-01
-9.729943596907707493e-01
-8.768642178160227507e-01
-9.676334073255801194e-01
-9.605595355348703901e-01
-8.725871346689491048e-01
-8.630601321354727240e-01
-9.385452181541203975e-01
-7.334500040845597368e-01
-8.671799883268997977e-01
-8.988761462017005321e-01
-8.983615431277967023e-01
-8.598965598056175219e-01
-7.563789968281339204e-01
-8.901056857622374752e-01
-9.238610933705097006e-01
-9.986918091819877441e-01
-8.801932486441870207e-01
-1.047825230317280587e+00
-9.640631821336210772e-01
-1.112434309172733560e+00
-9.270725235054391167e-01
-1.016274591283792494e+00
-8.501039193462294197e-01
-8.543241449535575738e-01
-9.632276354649108585e-01
-9.935088463775579859e-01
-8.569916589025176057e-01
-9.881183159652862091e-01
-7.706222031595658661e-01
-8.349557828874685228e-01
-8.565544562999657385e-01
-8.287544906551185253e-01
-9.569503244784661744e-01
-8.604173240963406410e-01
-7.012623870735043008e-01
-8.216771452829362277e-01
-8.199531994294158022e-01
-9.176416178621306097e-01
-8.233446947964673246e-01
-9.307219699362327958e-01
-8.379860698631276250e-01
-8.332067902053809094e-01
-8.230974963242371212e-01
-7.419696134369238028e-01
-8.208603215399582487e-01
-8.233855503545355337e-01
-8.148001761887412320e-01
-9.897296795922465584e-01
-9.380425368326200664e-01
-7.773316889644711347e-01
-7.755856170602359878e-01
-7.887221302509784815e-01
-9.217040864690571045e-01
-7.305226026586781884e-01
-8.916252907427548724e-01
-8.820895762158801334e-01
-7.520006992811588686e-01
-8.253170930823680029e-01
-7.901516445708732794e-01
-7.626312052084571746e-01
-7.266853908267347784e-01
-9.320532635894642759e-01
-8.650550395583953556e-01
-8.488868465947028152e-01
-7.589655599675561026e-01
-9.292056036453455459e-01
-7.178933284228535827e-01
-7.847802856525636361e-01
-7.332525666141075371e-01
-5.985575113022182370e-01
-7.878754300951877898e-01
-8.625267299453241998e-01
-6.725107735817582588e-01
-7.660671460509399511e-01
-8.290452498802796111e-01
-8.392423507081590017e-01
-8.601623398011256638e-01
-6.485752679092646744e-01
-7.113621461568178095e-01
-9.335020783883288820e-01
-6.574556124286636827e-01
-7.344896800594471475e-01
-9.242026963670232353e-01
-6.810194490606895634e-01
-9.991181324388220819e-01
-7.709164978375898647e-01
-7.625298008382702664e-01
-6.948681239645208008e-01
-8.664132330020808404e-01
-7.686825540682061808e-01
-7.804362737721342036e-01
-6.601694453204047797e-01
-7.497543841250139396e-01
-6.217117414304267342e-01
-6.929775288606154771e-01
-8.328410924715573538e-01
-8.329383943976591542e-01
-9.408498591668841282e-01
-7.446176106431092734e-01
-9.229145827787250678e-01
-7.236962380197592415e-01
-7.404752848679467814e-01
-4.386695774442245788e-01
-7.155053177185631830e-01
-7.298415598561786011e-01
-6.527164658827843136e-01
-8.451587517089588220e-01
-6.936743474110824703e-01
-6.695178761760364194e-01
-6.393801174668253262e-01
-7.413600915195807106e-01
-5.377112142078314116e-01
-8.316832386271888478e-01
-7.724655066118352176e-01
-5.513292814359985750e-01
-5.619923395689347956e-01
-7.560038476623919257e-01
-7.948294572147225345e-01
-7.054087508548355645e-01
-6.460130668539293408e-01
-6.031614629238155612e-01
-7.132942807050022260e-01
-6.115041963088314603e-01
-4.876996625987975453e-01
-6.831254444841327045e-01
-6.503478201631874844e-01
-6.955721538986984198e-01
-6.472810273566822481e-01
-6.991655074053950703e-01
-6.858995837807172480e-01
-6.231204316625739148e-01
-5.518330397362454232e-01
-7.121566404206238765e-01
-6.184454532470639032e-01
-5.929436657789334264e-01
-7.858414401782657377e-01
-6.738714059157621117e-01
-7.212638546241563198e-01
-6.069412038491732719e-01
-6.073642712662813414e-01
-5.757751902646842668e-01
-7.202425356375343757e-01
-7.681436492267291749e-01
-6.470986875919348957e-01
-7.273097584940978466e-01
-6.366863629530946644e-01
-5.175089823722247573e-01
-5.644587490738645075e-01
-5.310322434602886554e-01
-5.522960649572909997e-01
-6.575824855565801652e-01
-5.804414095869775414e-01
-4.859285555032091808e-01
-7.358212798150626233e-01
-6.367779788387083473e-01
-6.208039904829482092e-01
-6.137321334607662715e-01
-6.091709768014383908e-01
-5.191485182370247919e-01
-6.712019155884125787e-01
-3.848302110437877843e-01
-5.986032007000291477e-01
-6.147355338105141564e-01
-6.516402712615233517e-01
-6.963023887755620533e-01
-7.370779524900459290e-01
-5.422595645557451993e-01
-4.231869176245060538e-01
-6.219057417694004997e-01
-4.574954404339003355e-01
-6.418226649811084039e-01
-8.020346375231879321e-01
-5.127055706213440311e-01
-6.782448828684286557e-01
-5.594874434825781728e-01
-5.717768323660427088e-01
-4.969167554883335280e-01
-5.869127716790689675e-01
-5.347392747925482359e-01
-4.933505045180279769e-01
-4.910954511005273804e-01
-5.384744703740598215e-01
-5.098437296161932863e-01
-5.729941775152458394e-01
-5.391992945279847627e-01
-5.923438217641242565e-01
-5.691575260537020675e-01
-4.976756459143537037e-01
-3.969747658529915735e-01
-6.658490801828943484e-01
-3.158385211550621130e-01
-6.906452469430329755e-01
-4.685480398761814880e-01
-5.765126638612438903e-01
-5.186219646917680226e-01
-6.863952776813879719e-01
-5.069247005299311049e-01
-4.884625236289632522e-01
-4.950693066925957453e-01
-4.860744883054321508e-01
-6.846069152316744955e-01
-5.355089306315581332e-01
-6.289722027445424635e-01
-4.756644277134388643e-01
-5.555816953780956524e-01
-5.726199856530871379e-01
-4.447911403388962737e-01
-4.103990809970570197e-01
-5.213808025362753895e-01
-6.507833087873351463e-01
-4.940008467080658217e-01
-4.935220738258958573e-01
-5.445847463858334292e-01
-4.517456466145763350e-01
-4.106389917209361529e-01
-4.547845597383671223e-01
-4.787001130981183850e-01
-4.311579360544389172e-01
-3.924979004823851425e-01
-5.158183387272631260e-01
-4.348360934281034207e-01
-5.007697170293052835e-01
-5.835294265049494333e-01
-4.650541755709664549e-01
-5.518461958236384746e-01
-4.910400970427925005e-01
-5.815591045737463771e-01
-4.077552298572094669e-01
-4.416044660664746324e-01
-5.326402661684188633e-01
-3.653451549357475958e-01
-3.121467685499423883e-01
-3.837596604081668916e-01
-5.053909394975851788e-01
-4.848273346759480740e-01
-2.791070236370548074e-01
-3.949337854473086162e-01
-4.145968201677726617e-01
-4.466125884454927863e-01
-3.822510559333197611e-01
-4.629717181853427177e-01
-4.347833150434797234e-01
-5.612084613047452208e-01
-3.601068609027229250e-01
-3.564381123868379242e-01
-4.350897175648248960e-01
-3.457335291207533357e-01
-3.014388517185647154e-01
-4.427891132118321749e-01
-4.026230514003805716e-01
-3.120068268441231751e-01
-6.366971234971982030e-01
-4.382634132875921629e-01
-3.233985473641204367e-01
-2.850359052688953287e-01
-3.139206140594122951e-01
-4.590027946468764886e-01
-3.835781360913535498e-01
-3.915559093962064363e-01
-2.304678424153831506e-01
-4.279926260701793495e-01
-4.280539405041135503e-01
-4.022552702610304176e-01
-3.686830553239790476e-01
-3.154783622455333836e-01
-4.405752250255440816e-01
-4.781734359768469722e-01
-3.839061470483907113e-01
-3.365477057513914794e-01
-4.043311797083319337e-01
-2.679001023777849433e-01
-4.742773362296834327e-01
-4.576651969262265918e-01
-4.257250285966547865e-01
-3.352615470823487320e-01
-2.873595373210618975e-01
-5.283896009319577480e-01
-3.578098805171001651e-01
-3.559071597117282604e-01
-2.923065046617203122e-01
-3.590815235353527202e-01
-3.763564291376226834e-01
-3.702731501844321871e-01
-3.087412711333537008e-01
-3.578471455220768593e-01
-3.642057826103215490e-01
-2.119046584827554147e-01
-4.559110890551298367e-01
-4.795498310134633790e-01
-4.066373470065488549e-01
-3.531030087628894698e-01
-3.295477067102242641e-01
-4.178988345775562219e-01
-4.429109794903640096e-01
-2.074924521436998792e-01
-2.957980652990363502e-01
-4.091277245177815658e-01
-2.611030279179629154e-01
-5.002706124999390935e-01
-3.765000119719862370e-01
-4.476444192539975608e-01
-2.595943352825656469e-01
-2.145482205706660539e-01
-4.715581710032235585e-01
-3.544508355603813166e-01
-3.372082078079818857e-01
-5.038522355139873898e-01
-2.597354154970669127e-01
-3.283710923065590870e-01
-2.600169262633185152e-01
-3.148528725500715497e-01
-3.380957470330890891e-01
-2.961925892748070721e-01
-2.770209804451699842e-01
-4.075311272087088765e-01
-2.267155027216778695e-01
-1.537931721202074886e-01
-2.725552689059441702e-01
-2.765106730615229380e-01
-2.051691219689903423e-01
-3.703666091336107469e-01
-1.921208692930290174e-01
-2.823342867279218238e-01
-1.980694031139988709e-01
-2.285249327499052074e-01
-3.936907304834141863e-01
-2.052198884080078112e-01
-3.341706169929740677e-01
-3.591955645568206679e-01
-1.973685686803593742e-01
-2.644655856696816465e-01
-2.545086478692989429e-01
-3.147263425048281160e-01
-3.490608285408248745e-01
-3.010828128920142732e-01
-2.612902094504307993e-01
-2.822772202330479652e-01
-2.710659634110384464e-01
-1.772793596115084247e-01
-1.355812303861713697e-01
-2.657240186656785741e-01
-2.835418752156820821e-01
-3.397639054923624058e-01
-2.451109074783168473e-01
-2.123130821663037626e-01
-3.005864709365190998e-02
-2.923247133349791693e-01
-2.191989729030543455e-01
-2.999352342308282959e-01
-3.072538432318889234e-01
-2.155922891969836441e-01
-5.696801322196041323e-02
-1.978369364713619960e-01
-1.786856135396692469e-01
-1.980200913522986994e-01
-1.812613574072159950e-01
-1.324437849132329981e-01
-1.688822834168176301e-01
-1.818213448588954506e-01
-1.420486319064847569e-01
-2.938461352205179455e-01
-1.628566452987499358e-01
-2.228765390372111910e-01
-2.309277585053151061e-01
-2.729116852514636982e-01
-2.086766993726585362e-01
-2.438688029937877977e-01
-1.449771979701248601e-03
-3.339547058776543009e-01
-2.733086015435586269e-01
-7.196146315614182498e-02
-1.011975257278332346e-01
-1.940531184532037490e-01
-2.098716981695304962e-01
-2.099658837624118202e-01
-1.873602334768496580e-01
-1.295620241595832889e-01
-6.484261852815967342e-02
-3.342995664622704366e-01
-5.739970618089754173e-02
-1.528537151967152008e-01
-1.809049056617436368e-01
-2.774448300327345684e-01
-1.008570691943925096e-01
-2.381862262997048452e-01
-1.167432464871761277e-01
-1.018344535732466360e-01
-2.462844863499574419e-02
-1.755788424607051257e-01
-1.853341450161187232e-01
-2.800403592910162276e-01
-1.474922763804600023e-01
-1.931887097110144558e-01
-2.131777449440196703e-01
-2.139965462099035487e-01
-1.419624254296192323e-01
-1.850360833994180998e-01
-1.182972802890534941e-01
-8.974488518614860688e-02
-1.391970204760771823e-01
-4.051538641523542289e-02
-1.018451360408507839e-01
-1.499634974175309832e-01
-1.156122419820506952e-01
-1.474969498890583985e-01
-2.894026654603690796e-01
-1.684253937077647700e-01
-1.598914640038995305e-01
-1.307625536484544604e-01
4.690961217231270214e-02
-1.425971077587011582e-01
-9.392053608562750400e-02
-2.267311950418897382e-01
2.409176958141352742e-02
-2.977827577943138390e-02
-7.662085336294824356e-02
-4.565296082401965050e-02
-1.675777302823706905e-01
-3.049203828593112231e-01
-1.240864307208905948e-01
-2.145491521326646223e-01
-9.146114324458187728e-02
-1.215693141647974651e-01
-2.053100909962422560e-01
-1.647790321813142611e-01
6.043124802860929193e-03
4.653373603628109881e-03
-8.253171353630693596e-02
-3.965652161494798156e-02
2.744820425203315511e-03
-1.893636434216320052e-01
4.611735347493748499e-02
-5.138770976247346821e-03
-1.544225072810738973e-02
-1.459287818526139036e-01
-3.924910927347102091e-02
-7.098011914562317448e-02
-7.158777336335783725e-02
-6.692125336064430607e-02
-2.108636104141767276e-01
-3.815181117039819630e-03
-5.760703423335328255e-02
-2.734556495778030227e-02
-5.791295219964544966e-02
-7.458660379232709414e-02
5.101731090529182389e-02
-3.501537418292494097e-02
-1.575112837064532589e-01
1.335172111688825644e-02
6.539809745158024767e-02
-1.668231831876474669e-01
-5.665644596597735339e-02
1.317294816939809828e-02
6.077461043364613263e-02
1.499026975660045294e-02
-1.999549097629399821e-02
-3.234260813149526792e-02
6.167887379061733066e-02
-7.475890289407127742e-02
1.772691171434214730e-01
4.744925323698033319e-03
-2.407166167311693833e-02
-1.059877951022289017e-01
-7.937963953565402297e-02
9.159677260529230924e-02
-5.888440574606978312e-02
9.722512997896960718e-02
5.103495536168719399e-02
9.008023567086345315e-03
3.221119240786224358e-02
5.323605224908646572e-02
-1.262543162258004080e-02
9.009568162496164661e-04
1.113974620618306682e-01
3.807792356380793747e-02
-9.409209263680484714e-02
1.206670497306709319e-02
5.848768060343930569e-02
-5.042003469539163563e-02
1.844672850021996865e-02
6.341802224668457999e-02
1.177310393022739099e-01
7.982039798447440604e-02
-2.575005715441232024e-01
-1.977447380446452074e-01
7.964772130320817156e-02
1.305523983164305624e-01
3.588726825486836247e-02
5.738374642342915222e-02
2.005899738076231606e-02
-4.281327477406625392e-02
8.066463827176804935e-02
4.875901196124429043e-02
4.775567831503734623e-02
1.488422096815710527e-01
2.050747209767780632e-01
7.823142550243028515e-02
-4.320641409277449496e-02
8.390066614111574284e-02
-2.105816431828635288e-03
1.029517421057274951e-01
1.502522884154945948e-01
-3.161991885672778280e-02
4.335772706033385465e-02
1.835576104915886131e-01
3.232036576838698272e-02
-7.183512464536223607e-02
1.122630922379226348e-01
1.590071477422231594e-01
2.041668002276858171e-02
1.797893840326466597e-01
-9.155395986116679485e-02
1.050149552951824272e-01
7.073226613459233231e-03
1.216613129783290087e-01
1.614621949770013165e-01
1.483828523472687233e-01
-4.954516609921407605e-02
8.543041103665702241e-02
1.096465965724135599e-01
1.140864608234592181e-01
6.766098682715335211e-02
6.107914602575607865e-02
1.716454030334803871e-01
1.245158425277528708e-01
1.816312010612958217e-01
1.017200560893831013e-01
3.063326637079518688e-01
2.231471473972421737e-01
8.769277000865753624e-02
1.939598515764222320e-02
1.706556630800540042e-01
2.522518147949771028e-01
2.003642333994634095e-01
1.241085759127747851e-01
-1.391518152132146559e-02
4.799312017387748902e-02
2.224199209724755932e-01
6.410920215810968215e-02
8.259174293515250675e-02
1.480489067776529777e-01
1.773311644311877933e-01
2.133494559079591457e-01
5.558380263532504417e-02
3.042547115086698950e-01
1.392020242309196798e-01
2.229476045647599547e-01
-4.084488325824151694e-02
1.895032145469429385e-01
8.792160440445763447e-02
2.897966614148786979e-01
2.628411638614942536e-01
2.240222723511171021e-01
2.511208891912170560e-01
7.688717081843582379e-02
7.862584160424065938e-02
1.234579400552763828e-01
1.255998469414093821e-01
2.400025714321876724e-01
2.808347152111719813e-01
6.826307154885612183e-02
2.586388137975298984e-01
1.874391130801116578e-01
1.454689620301775066e-01
2.075534603086519880e-01
7.928066146242176981e-02
3.484168918684520388e-01
2.835278270076263540e-01
-1.600075513657678306e-02
9.916802925094674037e-02
1.900034927074652769e-01
1.007121640592470307e-01
2.315837557793839763e-01
1.193590833679047530e-01
2.280612636971134644e-01
2.598760343151475527e-01
2.493566840459008338e-01
2.935983025001556168e-01
2.625082313438819037e-01
3.410140026608275421e-01
3.208679351814906489e-01
1.505521743406997015e-01
1.889177762039067066e-01
2.514890932600292173e-01
3.207278554598573805e-01
3.344565639924987344e-01
1.763285667670327628e-01
2.131219202369756816e-01
2.575155510755231525e-01
2.733599577775870371e-01
2.752572933776841757e-01
2.867527303491294588e-01
1.251767877159916942e-01
2.954250646071088782e-01
2.304674272030550752e-01
3.352079719127274982e-01
3.699792104157547112e-01
2.974983818928889634e-01
1.344877964229795608e-01
2.681167040154531778e-01
2.152499129639940112e-01
2.443388627143972813e-01
4.202730366129644457e-01
4.183368795738507395e-01
3.141569372600385712e-01
3.974290108526883913e-01
3.169595317286519331e-01
1.957507319020741765e-01
4.787397523630538276e-01
1.626977345163123090e-01
2.855461586631174442e-01
3.898147209923169543e-01
3.533510111613444304e-01
3.845653732833558269e-01
2.482120943152352488e-01
2.301125050114145587e-01
2.773132513809165034e-01
2.646052037509755150e-01
3.041576006174319113e-01
2.725132769279624556e-01
4.074341265958185687e-01
4.040225860560044402e-01
4.063868055669567214e-01
5.039352721745388175e-01
3.580989980398080474e-01
4.232286660403039025e-01
2.422160533222511847e-01
2.637362276302064878e-01
2.341119881421874771e-01
2.950151109119538151e-01
2.955435976487355565e-01
4.256043002312055457e-01
4.933087665579388159e-01
3.225687767213087920e-01
4.695666632905657334e-01
2.574758118978170418e-01
3.753035419242859994e-01
3.487503867589452078e-01
3.572045786358571395e-01
3.637755670580533618e-01
4.787812171241169201e-01
3.474361019983081555e-01
2.642892959594697055e-01
5.180145542363673306e-01
3.640821489171873204e-01
3.607055551677896821e-01
2.514238090170038409e-01
5.027783449019225248e-01
4.353505550597215334e-01
4.611495528127593224e-01
5.097924901774061324e-01
1.779738421303157514e-01
3.151327823644650694e-01
3.493858033112884898e-01
1.631947831578003383e-01
3.218160732294924053e-01
3.513506933391209452e-01
4.297496638574478389e-01
2.986671234949048181e-01
4.837314388892621775e-01
5.133488352994814985e-01
4.890775023326118798e-01
3.636814158350551440e-01
2.841521929577791039e-01
3.475307116617030179e-01
3.005763229314862839e-01
3.098432431773991413e-01
3.084488139069876400e-01
4.326651050391645548e-01
4.961190609815909758e-01
4.696679585340521879e-01
4.857939849582262881e-01
3.316183102640054003e-01
3.618345142774007095e-01
4.675191765049263037e-01
3.931540237890144285e-01
5.956137817824285197e-01
4.917297946654924923e-01
4.697516074935779717e-01
3.884653668703614837e-01
4.208373681676384481e-01
4.590657826145246312e-01
4.623845619672442009e-01
4.296592543912941542e-01
5.079149612958092641e-01
4.158813539326720043e-01
3.987431681007561068e-01
4.247742778908620842e-01
3.751715314630976184e-01
3.671944066997124834e-01
3.970642031144029360e-01
3.928304927967185556e-01
5.023658284078945657e-01
3.683862229204878935e-01
3.549539045284524907e-01
4.699704860713413423e-01
3.441788639252453819e-01
3.698517909208492993e-01
4.284446426192930479e-01
6.349827649508815730e-01
4.005054777833038093e-01
2.799376213531111768e-01
6.708337570847825448e-01
4.094261649638318290e-01
6.380534513308103728e-01
5.956073969638958632e-01
4.888456661240740964e-01
4.606377765549866665e-01
4.831826359521517178e-01
4.342475632703124977e-01
4.187504902665401540e-01
7.698070237164146290e-01
5.941534785946707142e-01
5.962506185697049599e-01
5.772653764335955451e-01
5.491411892653046412e-01
4.757570355824211061e-01
5.838465566354962277e-01
4.928301358307664026e-01
4.677079982887701881e-01
5.619305483860992378e-01
3.497409012599813072e-01
3.368937923031299908e-01
6.778721530400572126e-01
5.168577157260122457e-01
5.759979461980992976e-01
5.583620290662832941e-01
5.320190913786637665e-01
4.980661345075262925e-01
5.494028986219372523e-01
5.782389527300216825e-01
3.297774792608637040e-01
5.532403895132964600e-01
5.931391734819090322e-01
6.307088470657825630e-01
6.309713142463195812e-01
6.566162529180304963e-01
5.624429079188624225e-01
5.825333424839775898e-01
5.909139811589255720e-01
5.705301277724641462e-01
5.678458058321723678e-01
6.233273376636417895e-01
5.209795021590842845e-01
6.492635782131077615e-01
4.869011706739674317e-01
6.765800901269607426e-01
5.386012976190027723e-01
5.866160383242232657e-01
6.409862309050402551e-01
6.530737818796956695e-01
5.608475030042010534e-01
6.650424381190452872e-01
6.324236118227496428e-01
5.319597864791179020e-01
6.236463243386154431e-01
5.815978037974036674e-01
5.853280437876284825e-01
5.441823685279089107e-01
6.671509279352835220e-01
5.892641101415702076e-01
5.951265806816803394e-01
7.077202488516470824e-01
5.776623056557498304e-01
4.521081957972863385e-01
6.069593971188427250e-01
6.156695834046573834e-01
7.062261739853890052e-01
5.245044505199633056e-01
4.461235431404896867e-01
6.605297901958531170e-01
5.163861628835585416e-01
7.154711490465754942e-01
6.535696350468230831e-01
5.197166088619044055e-01
4.814667729853922551e-01
5.638744617641817669e-01
5.763042807268869971e-01
6.857798255686099465e-01
6.167806263538657685e-01
8.261359214867973755e-01
7.569991767936248284e-01
6.440809245205859623e-01
6.445024762385072048e-01
6.522896250764061987e-01
6.627817772618858072e-01
7.068647063342901049e-01
5.586203949022721105e-01
7.343648529282031934e-01
6.682449008599742335e-01
6.855892150340547886e-01
5.343250187736159340e-01
5.469826095205405636e-01
7.612766788116734906e-01
7.360241525986321864e-01
6.777580515690330154e-01
6.553630554930967023e-01
6.969144096870305560e-01
7.414392638204636565e-01
4.589383487456543120e-01
7.709530671700831617e-01
6.930119216901968748e-01
5.681355872256342865e-01
7.723697308933326067e-01
7.090728560289875082e-01
7.215469136354146773e-01
6.396865758762163567e-01
7.948127382875720404e-01
7.326208009000629851e-01
5.965425607423279208e-01
7.051982981706719222e-01
6.242134122170459598e-01
7.721274794203680791e-01
7.170816035622780138e-01
7.267677800226142182e-01
5.780836387774673790e-01
6.897966793608210079e-01
9.382387740016063793e-01
5.837644228780406452e-01
5.680793783712497769e-01
6.818111014718110097e-01
6.102481291576331568e-01
8.768544637702503364e-01
6.668220143355360063e-01
6.597430862450485156e-01
4.884825071701537902e-01
6.328483551549370922e-01
6.268735687556056257e-01
6.793912188906111593e-01
6.487222530670604392e-01
8.398415795793983119e-01
7.768219540665178835e-01
7.402623089488794550e-01
6.953889444339941273e-01
8.102328357186806551e-01
7.490588317526258866e-01
7.852903706766000136e-01
6.826754851320011586e-01
6.659802627800829322e-01
8.092719861053800923e-01
7.020222167685331582e-01
8.504749831753460887e-01
6.345521525778966554e-01
8.174978418335661079e-01
8.419941531855646977e-01
7.656946178494850042e-01
7.978663934942192837e-01
6.951487036167249833e-01
7.969694818414264637e-01
7.130993664034409596e-01
6.713144989149513187e-01
7.615588518581607458e-01
7.768401340538563238e-01
6.565701784495813209e-01
8.720413727958146177e-01
8.069862287361408981e-01
7.667880739838208726e-01
7.755529340642125513e-01
8.516464622657916594e-01
7.646258086221263683e-01
9.151993731429807211e-01
8.042109909090464637e-01
9.795342686457678694e-01
7.987946317556343656e-01
7.309871961903713355e-01
7.125757472108992241e-01
7.932451954773792613e-01
7.350878117548212964e-01
8.242555701564030501e-01
6.923977630066688871e-01
8.841289314583905545e-01
7.719400704526546697e-01
7.976737923299765942e-01
8.755184453259613475e-01
8.102843767951044551e-01
8.786998399588393793e-01
8.045258537340544969e-01
9.543706057575449542e-01
8.704604756727928327e-01
6.363132211427275919e-01
8.381083463124945343e-01
8.487034300076243820e-01
9.920550843975071142e-01
8.670135597583200626e-01
8.965853618033282624e-01
9.176337699165326711e-01
9.311324660712003709e-01
6.696819280054979728e-01
1.062891613683329073e+00
6.844101602165222342e-01
9.541691439347351755e-01
7.550994659059127034e-01
8.608503390874996386e-01
9.654847557258841029e-01
9.751350784131573857e-01
7.926407971513041995e-01
6.706882396106361721e-01
8.786015772960069636e-01
8.688892341822108678e-01
8.490494024193634415e-01
8.127395145348786931e-01
8.500340310452374482e-01
8.733951127681893745e-01
9.341341838718880686e-01
9.427737879790224484e-01
9.596748971831275954e-01
8.927328271090871903e-01
8.818039880319680224e-01
8.161107509058856957e-01
8.671585596859342493e-01
8.253055739784642686e-01
8.226626249720406792e-01
1.096088739308583637e+00
9.968658417916772541e-01
9.226764752466726227e-01
8.827031235752170746e-01
8.214660290115195496e-01
8.999760631085031992e-01
9.298735688013001210e-01
8.452540423737532338e-01
8.771432874300610916e-01
7.697728068938972656e-01
9.790869397783739103e-01
9.673488761487311072e-01
8.680252777815860021e-01
9.166240507791540981e-01
9.156896515539865167e-01
8.963155413496587398e-01
9.704221691654689730e-01
8.744735535369003721e-01
8.612520533089504937e-01
8.836693415339069713e-01
9.984849081195948939e-01
9.078024679217462367e-01
8.724509865574691103e-01
8.935403799799430669e-01
8.097309012976479092e-01
1.046193934498983680e+00
9.303742198196259805e-01
8.855095895507423265e-01
8.946049658354591205e-01
9.583680870294533083e-01
8.403171007573798645e-01
8.880607461727351160e-01
9.685989433420814088e-01
1.030165261094985185e+00
9.083053966781271527e-01
1.023504459877542017e+00
1.109788525823558913e+00
9.812662664128780632e-01
9.715917080296648800e-01
9.567232316956337801e-01
9.669332672410645424e-01
9.914404390862788796e-01
1.047223517368660817e+00
1.142624554966556349e+00
9.891029786137605084e-01
9.038544816119445935e-01
8.583487941618177519e-01
1.172191274649559523e+00
9.478594479810219520e-01
8.581989509678026318e-01
1.055052830185447599e+00
