-8.675834358788352407e-01
-9.743598276422181792e-01
-1.145897962132543357e+00
-9.633973494337415566e-01
-9.880432382727519780e-01
-1.114775435640233070e+00
-8.419368924945428434e-01
-9.757972176568430189e-01
-9.205155133640813281e-01
-8.177016748567411675e-01
-1.036413643755073277e+00
-8.599538557367086833e-01
-8.253081026144486465e-01
-9.901084092696340599e-01
-9.050385185067446603e-01
-8.549034197126469392e-01
-8.865763441474292517e-01
-9.015458715215225460e-01
-9.359132752751706530e-01
-9.817534435802386383e-01
-7.594922387220990334e-01
-9.272999493434553875e-01
-9.846562596376612353e-01
-1.008988759677689195e+00
-9.396153160355543710e-01
-9.408078809949351751e-01
-1.036713497781308169e+00
-8.020376639289992227e-01
-9.093811155668038992e-01
-1.002640863479585809e+00
-1.060683888679198494e+00
-9.473677417956649638e-01
-9.837704490804780599e-01
-8.159380138391658654e-01
-1.048800188644821052e+00
-9.421924999028187253e-01
-8.226420402736317472e-01
-9.250075094246588137e-01
-9.488749250045178663e-01
-6.604452520368505608e-01
-9.948993373441628041e-01
-9.036036904070307019e-01
-8.714058851308983389e-01
-9.394953050197309974e-01
-9.155895617722688007e-01
-9.055256592178977382e-01
-9.735066399318383912e-01
-9.355237651104809649e-01
-9.673227053366176831e-01
-9.471434599148710332e-01
-9.599651729464858674e-01
-9.621894424176343774e-01
-7.380369847246298631e-01
-9.279208189941712259e-01
-9.136262903173515415e-01
-9.876847932930474805e-01
-1.052981881775590933e+00
-7.608785470263265127e-01
-8.963347372199088614e-01
-9.010811124750640611e-01
-9.027739014977153031e-01
-8.817498235957482722e-01
-9.089545546594522962e-01
-7.755162264358524959e-01
-1.005983479375588185e+00
-9.211383806904323013e-01
-9.053294691746298639e-01
-9.026335334018360523e-01
-8.435063720951576638e-01
-6.391133753487626690e-01
-8.123166079506677351e-01
-7.307429029364708173e-01
-8.369782730938402082e-01
-8.514197097583271479e-01
-7.726123450210576893e-01
-8.380088364069536722e-01
-9.885520512268100024e-01
-7.252140355112126624e-01
-8.518558837905149117e-01
-6.833101558350052063e-01
-8.440848282795392343e-01
-8.254369487275614592e-01
-7.465647536326738276e-01
-8.787735903862647913e-01
-9.380129494871612961e-01
-5.740078724680766076e-01
-8.952810529546368912e-01
-7.693326766067056788e-01
-8.508277706543490027e-01
-6.822666152720945343e-01
-8.586636064701361759e-01
-7.714638200816854585e-01
-7.448254890514601767e-01
-6.995753395363446536e-01
-7.775488054890702383e-01
-7.860135877176911423e-01
-8.639955617051308101e-01
-8.785585588820090663e-01
-7.866777888078785308e-01
-7.395821301292899719e-01
-8.905845186463332563e-01
-7.822420114984136585e-01
-8.528406411497085893e-01
-8.961394483791100818e-01
-6.763016831653365646e-01
-8.218027354082824143e-01
-7.899459982419190229e-01
-6.548678423726196351e-01
-5.992259794326636468e-01
-9.026323013260778572e-01
-8.904263507818220846e-01
-6.914248710583532631e-01
-8.105258535730671676e-01
-6.979525863981341782e-01
-6.740688683201799813e-01
-8.211201360769575519e-01
-7.322812878597256825e-01
-7.223851546569184379e-01
-6.550112629634170514e-01
-7.273260221207974441e-01
-7.372482292017850103e-01
-8.409208078489058824e-01
-7.909604466304669401e-01
-6.783475665036827751e-01
-8.171128446911023469e-01
-8.490227222291171216e-01
-6.905182186568040725e-01
-7.862907318583590710e-01
-8.936819063760115256e-01
-7.472251694562808133e-01
-8.091548271989620345e-01
-7.056581472781536801e-01
-6.658743364766813722e-01
-6.063229349866124940e-01
-6.010383645281496268e-01
-6.842608525763234084e-01
-8.516825012739505096e-01
-6.824082861327913641e-01
-6.956823753406112809e-01
-6.794147401113530549e-01
-7.266718907974968333e-01
-6.929250121814067853e-01
-7.215042776531478408e-01
-7.295606880131823013e-01
-6.891497532092976108e-01
-6.245228520325513122e-01
-6.732162383704076714e-01
-6.665264683091230991e-01
-6.822607664305749831e-01
-6.195648117867202931e-01
-6.537391705395168007e-01
-6.573720666132639723e-01
-7.962091212373636484e-01
-7.417187033376393401e-01
-7.405547884418054450e-01
-5.599554890452533851e-01
-6.177043099193326725e-01
-7.042396295705225517e-01
-7.005449852211339534e-01
-8.420947751037096696e-01
-6.320368734738268657e-01
-6.659765100569827734e-01
-6.381014761892206399e-01
-6.086962402262213745e-01
-6.480917814134563582e-01
-6.266069152056830127e-01
-6.152926887887657514e-01
-5.925577033328924825e-01
-7.274805474626072632e-01
-6.135981954200195876e-01
-7.813034635411829631e-01
-6.611040006859403295e-01
-8.250440775686087580e-01
-7.314026203590349162e-01
-6.904298165014020050e-01
-7.030166107771615991e-01
-6.526401864620610116e-01
-6.008754469882717775e-01
-6.852483144143441951e-01
-7.536125984924757493e-01
-6.171715483257780299e-01
-5.562711769564107067e-01
-7.142473936301201309e-01
-6.112590272211970710e-01
-7.399286685028283461e-01
-6.192051388469458351e-01
-6.743424231868145879e-01
-6.283310563355070100e-01
-7.000398959927705000e-01
-7.906445547618693448e-01
-6.311124723848545726e-01
-5.400925657441038030e-01
-6.927092055543961902e-01
-5.643940536191539570e-01
-6.814801778515154895e-01
-5.528348254784186677e-01
-7.849154059888289181e-01
-5.362678733662894492e-01
-6.999460215436216215e-01
-7.373521505158477929e-01
-5.566824005959510879e-01
-5.009573586479558749e-01
-6.395304376621747666e-01
-4.862140368982940108e-01
-5.800985546838854923e-01
-6.706723297886580948e-01
-5.464150971552280689e-01
-6.324056078476076870e-01
-5.277268746272300026e-01
-6.121096198399232913e-01
-6.268798231096764928e-01
-6.415739627803312972e-01
-6.966065461360586575e-01
-6.990493562628616875e-01
-6.059285163305597743e-01
-7.375672507502554209e-01
-6.366257340101103557e-01
-5.013582298982820484e-01
-4.671982461170483547e-01
-5.206619850172856667e-01
-6.659626321222186229e-01
-5.639521083956713365e-01
-3.002088645486529206e-01
-5.970960271226762872e-01
-4.725192691706771586e-01
-4.174290731708047986e-01
-6.257648318604881466e-01
-4.901707275623751192e-01
-4.532681560931244857e-01
-6.956957477039188431e-01
-4.848329481920837791e-01
-5.777326501644544088e-01
-4.253693279046859566e-01
-5.569985302542943550e-01
-5.605544752205858794e-01
-4.605789968448804061e-01
-5.205745967811847841e-01
-6.080208720569779679e-01
-4.626753685525780702e-01
-4.734317460066518324e-01
-4.726079780938076125e-01
-5.897255638083801488e-01
-4.386743915022002227e-01
-6.342100584947890640e-01
-7.776574492050201126e-01
-4.089648671502262300e-01
-4.011736196098110718e-01
-5.155979645155110980e-01
-3.956995597877322468e-01
-5.386458206640569735e-01
-5.762593891783900357e-01
-3.830522903649973832e-01
-5.767230016161920547e-01
-4.258199498233011804e-01
-6.212111096305319435e-01
-5.611428229503871989e-01
-4.468586311886454943e-01
-3.981360052619999923e-01
-4.658081679529778030e-01
-5.565439950087468501e-01
-4.005704800472445481e-01
-4.825007550899098607e-01
-4.005755509099158118e-01
-5.931119770197947894e-01
-5.625015174107924620e-01
-4.696189750526366669e-01
-5.720976482672144314e-01
-3.590240735936184313e-01
-6.189233055196198263e-01
-3.741111113456603299e-01
-5.005368954335309706e-01
-4.353809041203922647e-01
-5.321242436756477012e-01
-4.799102491171214346e-01
-3.469402477892742365e-01
-5.079921519331431767e-01
-5.790768811717086351e-01
-4.154625456616942158e-01
-5.190972373784374927e-01
-5.161985606353028944e-01
-3.646380976472479163e-01
-3.742285810746281416e-01
-4.568950212417813295e-01
-6.435512418634062870e-01
-4.268209818826810276e-01
-4.521144889036004533e-01
-5.204272516805521498e-01
-3.771333846404416046e-01
-4.706044441183327431e-01
-4.610910794146753644e-01
-4.239660837548788197e-01
-3.671923630646811709e-01
-5.731754481671438306e-01
-3.591128852986837372e-01
-2.809094459892935713e-01
-3.844741468100189574e-01
-4.070916707118814593e-01
-3.896904274835634174e-01
-4.720805080161445955e-01
-4.403597258716389629e-01
-4.093345353657407704e-01
-3.794181335907589880e-01
-3.949720362631047865e-01
-4.850576686334939769e-01
-4.980340304851884614e-01
-3.334921191846821897e-01
-3.968332623108005164e-01
-3.810149938859234697e-01
-4.884184318407822079e-01
-3.061009635539461149e-01
-4.351937951543931038e-01
-3.696309636507074114e-01
-5.712123150218736400e-01
-3.533689745609663313e-01
-2.248726447658649652e-01
-3.747881055462956024e-01
-3.402880709909899548e-01
-3.379250231999566534e-01
-4.419780424181400935e-01
-2.805451185049814833e-01
-3.476932433936675282e-01
-3.976658550614696197e-01
-2.084749020074574133e-01
-2.109171218227555988e-01
-4.647492562737060573e-01
-4.059595913405705248e-01
-4.478263483443136184e-01
-2.690344216568189561e-01
-4.574939281638245592e-01
-2.663271500778385814e-01
-3.905712131070218085e-01
-5.749957952957134300e-01
-3.287384714711989453e-01
-3.562869568818783361e-01
-1.772403465774096409e-01
-3.724156720310562441e-01
-3.107181505595073556e-01
-3.850313692247127606e-01
-2.345189616447888592e-01
-3.401578552749421336e-01
-2.561481630273211296e-01
-4.356664596391680577e-01
-2.243480055726145006e-01
-3.558367358771476474e-01
-4.366205411970683348e-01
-2.900615606246037537e-01
-2.079531592071476587e-01
-3.911422520126357494e-01
-3.141944435723074136e-01
-3.950371879329714897e-01
-2.544508743833934217e-01
-4.069280111904035602e-01
-3.310315603498372172e-01
-4.272370719150184737e-01
-3.384105091504357454e-01
-2.147962537529971572e-01
-1.846411454739239066e-01
-3.567556845545858391e-01
-3.616515557313439433e-01
-3.848747582679197810e-01
-2.425260472985237836e-01
-2.660739901301201749e-01
-3.330020912088585416e-01
-3.560697821092521087e-01
-2.059938147391890406e-01
-1.119831903053210148e-01
-3.225595246132003657e-01
-3.048831064256316559e-01
-2.963554687268696863e-01
-2.878758345353572556e-01
-3.151645922706102637e-02
-2.797734343632274912e-01
-2.548707889761799295e-01
-1.168535628171568641e-01
-2.070659007394065609e-01
-1.472186996371528112e-01
-2.838030246172015270e-01
-2.399752647346869161e-01
-1.364113946918161235e-01
-2.107908280028437109e-01
-2.311976655442867234e-01
-3.867162884910311238e-01
-1.897725459531946768e-01
-1.458977027663565240e-01
-1.913746552788954114e-01
-1.450585743327877930e-01
-2.666856417494858911e-01
-2.614802761583127633e-01
-2.107630994472957930e-01
-2.731387523794944205e-01
-1.387276229749331569e-01
-2.273283928251026431e-01
-4.990453271479728531e-02
-3.391432743181808096e-01
-2.787923824433307107e-01
-3.107296923069968186e-01
-9.231386868463246909e-02
-1.827356899054361772e-01
-2.708816665240665889e-01
-1.335035080102746075e-01
-3.084631885404698903e-01
-1.088386027327435945e-01
-2.731323186256364721e-01
-1.307587412159752494e-01
-2.109020432720994098e-01
-3.005798521329613449e-01
-2.736806446165855333e-01
-1.837258441858032887e-01
-3.311662155626976523e-02
8.648600828742046553e-02
-2.849934833695813019e-01
-2.197808191605672978e-01
-2.146452902722382761e-01
-1.449360772744697490e-01
-2.050065995876603486e-01
-1.969959689490491661e-01
-1.581254741014930520e-01
-9.785986013536558670e-02
-1.459072030960779087e-01
-1.587540250627500760e-01
-1.901341025672328711e-01
-2.281869239400518418e-02
-1.955562668835751361e-01
-7.353080152428970173e-02
-1.661068343115571500e-01
-1.933818493598755406e-01
-8.929244935373030143e-03
-2.243651685248375938e-01
-1.941758603680097117e-01
-1.884158500803789493e-01
-2.487352723947010014e-01
-3.943117296655104104e-02
-2.426434955137569960e-01
-1.228910353469274686e-01
-8.272158281094123267e-02
-1.531064784153473579e-01
-1.292359459078415707e-01
-1.679458014858362380e-01
-8.858559839823224036e-02
6.343578944807903852e-02
-1.007799365929017560e-01
-1.016220688666246430e-01
-5.979349494572498702e-02
-2.219175643576708767e-01
-2.109290660041938659e-01
-2.078081113029371929e-01
-1.521187166838948168e-01
-1.112236704423916200e-01
-1.618109544136932601e-02
-1.027322055628919623e-01
-1.654292675212426511e-02
-1.078288509423874497e-01
-1.661097083974477813e-03
-2.061892675922006035e-01
-1.343718976629517670e-01
-1.838726340659232183e-01
-2.222833361171082933e-01
5.236847163026401436e-02
-1.540207227621365749e-01
-1.110382500194341121e-01
-3.122187356011772372e-02
-6.263112123930293651e-02
-2.548137500090163696e-02
-7.178870081489874266e-02
-4.618436057056959226e-02
-7.375978601031275839e-02
-4.798366330439558097e-02
-2.187374254462469067e-02
2.588196537657312668e-02
1.782131296647413571e-02
-4.189960564881906047e-02
-1.089325186242414978e-01
-1.155260793974116074e-01
-1.975946553536095107e-01
-1.946270684930534178e-01
-6.849421286841403389e-02
2.568788288095656680e-02
-2.523228256323233054e-02
4.129430242037304688e-02
-1.741049528610691122e-01
5.499400371413548649e-02
5.868801391958826386e-02
-2.147394543539954126e-01
1.626203117145118837e-01
-7.458842333562389071e-02
4.678160743138949466e-03
-5.192229351771691231e-02
-3.050359070642140111e-02
1.672508704022180465e-02
-2.076207001028702176e-02
-3.308425122786130823e-02
-2.632342309710308456e-02
-7.664231579061855926e-02
-5.075856949959079573e-02
-2.582433886393827732e-02
-2.252869130847687251e-02
-1.759469820094553827e-01
2.281939922471445600e-02
-6.875929218463991410e-02
-2.778388599968512063e-03
2.731543394314953424e-02
1.421874641716280308e-01
2.232029503453799787e-02
-7.010937345779143237e-03
-3.708380663571744090e-02
-5.554234565102025151e-02
-5.312096154752673355e-02
4.391624284768577691e-02
4.584934063362516854e-02
3.009425368898959244e-02
1.717715334672383076e-01
-7.758773440336241833e-02
-1.266280567333750474e-02
5.343003824340272767e-02
-2.614406462577243545e-02
1.630225404629844499e-01
1.899753629672690626e-03
-3.335638535122983916e-02
-1.794734833882376257e-02
-1.893132706737257753e-02
-9.238885810094782380e-02
-2.229851233221203776e-03
1.030359422473896280e-01
1.707490536144994075e-02
-8.303700932000007348e-03
5.759894163617786805e-02
5.771615790423982595e-02
5.760860949541656006e-02
1.730033541081247572e-01
9.385416994661785473e-02
7.426243582409472466e-02
1.469280828605709077e-01
-5.725840357897371558e-02
1.982443992142901013e-01
2.096476932480140776e-01
1.689885120933051488e-01
6.032623998976258811e-02
-1.222109706874217050e-01
5.245815799079608238e-02
2.893918461311239740e-02
-5.569377353140932130e-02
6.810778231104212821e-02
4.886258374569337620e-02
1.208250351278457035e-01
8.805284171656649339e-02
-3.309324296323844228e-02
2.220438987588824742e-01
1.253188606860008436e-01
5.599353008306175855e-02
8.537058906044482642e-02
5.276723812322834523e-02
1.675580029988140152e-01
2.868110283651906789e-01
8.219777245850136416e-02
1.200495973906717112e-02
1.607762410079797144e-01
1.313868035999103123e-01
1.398001435836696837e-01
1.440270002563362739e-01
2.549115461680421246e-01
1.558869617997466761e-01
2.596476441722984918e-02
1.649712252370711951e-01
9.419853287015940435e-02
3.793243223744682813e-02
1.699152606535162258e-01
2.093833616190064750e-01
1.626079315910006484e-01
1.816510123343639260e-01
1.125152100137605804e-01
1.684463967401716167e-01
1.720100945183053454e-01
2.043313126618836739e-01
2.110358039675105102e-01
1.903511706552871163e-01
1.207904874284730645e-01
1.377483860583554875e-01
7.596570230719265626e-02
2.477054534664512031e-01
2.554670844312030287e-01
9.734525263662914540e-02
1.675694913380308126e-01
1.258773063822264671e-01
1.499251948434173753e-01
6.888863617146129270e-02
1.925358018636817159e-01
1.308588665294484199e-01
3.164387034283781541e-01
1.863095506251547517e-01
2.657877189933072204e-02
2.221534588146178990e-01
2.433948961856043092e-01
1.707211039474017533e-01
2.737870302924800825e-01
1.009722838059897571e-01
2.193205913900703741e-01
5.322934186351774288e-02
1.426071708641506453e-01
4.224525440560844558e-02
1.117383196804216661e-01
1.708706213195138879e-01
1.485902165736423530e-01
2.778341870667445646e-01
9.532906036856599041e-02
3.220433069336200993e-01
3.525096267893331192e-01
7.392353828891239098e-02
5.255157458665810771e-02
1.887117082623592512e-01
1.189820400529160160e-01
2.003741540243239028e-01
1.738940632276735343e-01
1.353153746930580159e-01
2.149858574416134982e-01
2.940550106694443944e-01
2.279691996492042572e-01
1.248835365902770389e-01
2.350681195342566865e-01
3.350947952016732345e-01
1.679912309569336903e-01
7.653937129340197820e-02
2.484820687354603319e-01
2.347056417592402744e-01
1.237923261085713683e-01
3.170427974414514183e-01
2.945610011633033043e-01
2.861186993621174235e-01
3.204014449671483411e-01
3.843146906076553848e-01
2.631941242006013981e-01
2.530592523411169248e-01
2.498577264909144224e-01
2.290390149293639876e-01
1.541849066229123988e-01
3.788081553448358618e-01
5.714848861629744092e-02
2.317546930775993552e-01
9.191881309422514357e-02
1.394430888480953923e-01
1.283300033275842356e-01
3.857035241321292163e-01
1.829192341179528836e-01
4.545235019823345435e-01
3.522086141642693513e-01
3.315991539583961201e-01
4.487803646227551679e-01
1.526283608328056485e-01
3.138606444503906356e-01
3.392624732395647658e-01
2.425646912470966199e-01
2.335948698335383600e-01
3.403355362225646275e-01
3.157618636955296654e-01
2.957618197254592296e-01
3.323264573891738793e-01
3.640339870728112048e-01
3.009444393009812480e-01
3.659020159606846678e-01
3.114545378397210462e-01
3.420076154726409134e-01
5.373107148850001652e-02
3.296151356365408791e-01
4.324959369820243760e-01
3.946772473760505884e-01
4.091209486806275941e-01
4.853253351644792324e-01
4.041505341092970216e-01
4.320979332073242585e-01
3.250198567282399642e-01
2.090066262139738118e-01
4.105301527133016215e-01
3.079772065134981363e-01
3.056920696501022050e-01
2.672761711909827920e-01
3.857952078436955312e-01
3.953229853052985798e-01
3.899838488293791983e-01
3.327495782741710650e-01
3.928983724753075668e-01
2.872396022842825247e-01
3.844243078386433421e-01
3.023529446288031330e-01
3.445491464857841080e-01
4.373717872192230405e-01
3.097288624092175979e-01
4.629220575962820217e-01
3.653287812251242439e-01
2.799075001790307660e-01
4.032230133245946480e-01
5.011007176515287487e-01
3.569058925887773071e-01
3.156865813506786189e-01
4.268489490900017613e-01
2.891822388981569736e-01
5.005043409634548635e-01
4.833431814639344570e-01
3.092567903230069026e-01
3.175311528655678228e-01
3.107706187606995574e-01
3.184392988604212160e-01
2.787623290197759895e-01
4.145186316950803529e-01
1.960168380457159854e-01
4.326265895445299825e-01
2.508250587254526875e-01
2.790501733597996470e-01
3.812257707160094933e-01
4.980644002091690892e-01
2.141569617745321952e-01
3.992303166390154257e-01
4.988334525039576084e-01
5.079306850833619214e-01
3.862480510098984521e-01
3.683667798531886639e-01
4.326206260023363614e-01
4.922082230366451316e-01
4.395113351853220940e-01
3.993947897703917227e-01
3.578902388778160137e-01
4.011458947637753236e-01
4.571692796307789686e-01
3.833186263969109442e-01
4.037275038495912183e-01
2.959492751472787009e-01
5.805025258732637861e-01
4.248853105609531888e-01
6.281819219520156095e-01
3.161742362353224811e-01
5.317216737887778821e-01
6.814440607400499283e-01
4.199327167375737635e-01
3.903637565769043083e-01
5.150456909352477686e-01
3.333253236756841265e-01
4.646327656358474889e-01
5.757220923022551284e-01
3.967190409438873799e-01
4.824832491448788341e-01
4.435514103807297048e-01
4.905610420089024926e-01
6.334009873833481574e-01
5.650254492989530419e-01
4.838783420287889880e-01
3.891112181289269056e-01
4.412417030010817864e-01
4.302168426019497560e-01
5.054657172189287451e-01
4.475107558438117805e-01
5.053324915712621435e-01
4.220731723224160348e-01
6.386233904691175356e-01
5.305869550220684294e-01
6.029523162085526078e-01
6.045958653554387441e-01
3.747066123262136617e-01
4.921272723096000168e-01
5.076330357927110182e-01
6.800059818539946344e-01
6.954078025925385376e-01
6.020141292125666954e-01
7.474021097237746325e-01
6.971209569623458835e-01
5.485792417589651082e-01
3.650773546430989280e-01
3.235833833961288541e-01
5.374090175176863271e-01
4.674810771303321566e-01
4.103910774630308844e-01
4.761400672070685292e-01
5.070001095594980356e-01
4.086326646605384361e-01
6.488020670794852895e-01
4.820104587127896911e-01
5.966315807166728824e-01
5.730327924407301321e-01
4.537321706683696831e-01
4.784324881066796542e-01
4.802219768588181226e-01
6.247928418846839804e-01
5.388565974679393467e-01
4.544992949948021277e-01
7.486326649744929895e-01
5.942613880237364032e-01
6.099013348423867331e-01
5.682905183722550824e-01
6.355909939035589984e-01
6.065086252431345359e-01
5.299367996436278316e-01
6.154729859459378005e-01
5.385028671620024632e-01
6.178922235941534113e-01
4.714450701888241446e-01
5.336132070189214538e-01
6.946534377291776474e-01
5.084606058652479943e-01
4.521537624867394967e-01
5.459462020361970369e-01
4.515643154163242468e-01
5.994271145954956914e-01
7.007953522120147216e-01
4.750478774861006670e-01
6.727131563947463810e-01
6.157783834703587367e-01
5.768278834523604681e-01
5.319079992696424952e-01
7.329973821845887638e-01
6.502070410332672079e-01
5.308262164244464953e-01
5.562923026571530150e-01
6.650170086023646787e-01
6.323762450419737613e-01
5.228727130723329619e-01
6.266654077904222353e-01
6.068902290801108101e-01
6.317820855191018659e-01
6.744032559669256299e-01
6.612187399493222317e-01
5.992599099368599580e-01
6.363774538735594843e-01
5.732597692581384852e-01
4.316897773243904557e-01
7.005837114271455945e-01
5.904728967090143721e-01
7.133041783859002116e-01
6.126526756322893119e-01
6.629170778144268805e-01
5.674527666968884887e-01
6.232933689943139788e-01
6.319827117183518528e-01
6.547292459294541400e-01
6.154406291405134510e-01
5.985023384009029446e-01
5.991508926037790728e-01
5.253298447810037519e-01
5.361748894537256005e-01
6.428759283873815011e-01
6.569446005284874657e-01
7.737850560701698965e-01
5.383754302443710671e-01
6.408595304311505148e-01
6.484884786606039953e-01
7.350879296910474148e-01
8.048583847616589404e-01
7.391066694331054343e-01
6.034189990500165024e-01
8.073626396403622563e-01
4.565559749704812820e-01
7.236458914828407529e-01
7.364489637316573578e-01
6.811943464162200090e-01
7.860160262197710690e-01
8.347014421008068785e-01
6.547460749283185999e-01
6.964526883273262081e-01
7.204227582791697948e-01
6.403403454614322587e-01
8.690577422113298089e-01
1.081861183245909519e+00
7.443881023941161246e-01
7.319841430014563111e-01
7.867210482295824425e-01
8.556838108752613525e-01
7.303159237240778312e-01
6.542808408311341362e-01
7.302211230431282507e-01
6.232210278955335747e-01
7.055525951594254774e-01
7.671020194731229536e-01
6.750312080570534112e-01
6.786484160666437226e-01
7.693453535921808140e-01
7.923017390829805162e-01
6.320085102383056208e-01
8.362490723799351766e-01
7.440372157423524868e-01
7.104509207038305352e-01
6.920812660658232085e-01
6.390797347699300746e-01
8.397815140920398269e-01
8.259562637991091361e-01
8.352262469488903607e-01
7.374213138672680579e-01
7.169627408133059099e-01
7.071235472422485735e-01
6.542719022052692068e-01
6.763648545359178810e-01
8.391775057488447542e-01
7.408621026831280210e-01
7.129265879713377885e-01
8.752303237719727402e-01
6.645358205031191012e-01
9.063204857722509944e-01
7.264017700696892010e-01
7.016425406094172201e-01
7.746458274509951947e-01
7.971610918922807931e-01
7.945223188023412542e-01
7.760689773438278483e-01
6.834397571552051076e-01
8.972752467161333456e-01
8.566744080243611226e-01
8.789121143075394604e-01
8.774352680745443056e-01
7.464448336765584502e-01
7.971390081723082055e-01
8.167032384268360090e-01
8.015818829690827263e-01
7.339744439744416704e-01
7.598171664367501243e-01
7.890799369925552975e-01
8.492392071896580630e-01
7.432010572436825724e-01
7.792573781114963127e-01
6.825624737217567128e-01
9.277259207589214629e-01
8.502413706165735663e-01
7.725961260825324750e-01
6.721557773616895215e-01
8.057015274668168914e-01
8.069927185512348888e-01
7.841481500994874621e-01
1.039889785048242032e+00
8.109245377669229704e-01
8.434854940684185509e-01
8.354304822044358314e-01
8.406216804380692853e-01
9.041092124940194319e-01
8.713045025819770029e-01
8.907278025260768617e-01
9.405511371051819003e-01
8.307944389151167286e-01
8.022699494097915718e-01
8.453531765070647630e-01
8.603313885820051965e-01
8.108258421393650384e-01
9.521468002932508279e-01
8.410943103549897160e-01
8.756056880082401239e-01
9.183906013419216308e-01
8.086800260157703812e-01
9.027468760060677333e-01
8.375989742001384020e-01
8.193202460026196565e-01
9.456483811328626476e-01
9.160694662591601922e-01
8.553672111804822009e-01
9.385205756546879385e-01
9.004191829124039703e-01
9.141049653222368399e-01
9.495947143304972471e-01
8.589213938818495153e-01
8.250891432395079939e-01
8.987712830880779658e-01
9.445422174124947778e-01
8.568282963285603904e-01
7.519220710424687759e-01
8.271263235312746875e-01
9.564938344315044860e-01
8.169642435798463165e-01
1.063627152599754488e+00
8.813875836343496584e-01
8.932635790264066289e-01
6.792805884897800128e-01
9.553541629988645534e-01
1.063303672792787147e+00
8.515972088441365884e-01
9.129781300993430326e-01
9.203537206475950194e-01
1.014115126945816625e+00
9.679835653029216225e-01
7.837841702275987199e-01
8.841129133121641281e-01
9.161315555363389596e-01
9.153227723603081234e-01
1.011139210496522001e+00
7.588149307475787753e-01
9.145337235910558915e-01
8.885568572598835368e-01
9.801001684938073222e-01
8.973574871884504311e-01
9.682852193942014241e-01
1.005173572970270879e+00
9.434784128992981245e-01
9.145039582533366351e-01
1.027921578019844073e+00
9.655909257085344422e-01
9.005304049887752349e-01
9.997722855678845555e-01
1.089891091830454961e+00
1.145036803651340751e+00
9.498743574025739766e-01
1.054939329510695911e+00
1.046157342909056265e+00
1.042971027581446775e+00
8.955259585104418107e-01
1.059659004718748410e+00
9.967759712818540230e-01
1.135723797123702417e+00
1.065564234215349293e+00
9.394838597771613120e-01
