-1.065237242100745219e+00
-9.616343132259898008e-01
-1.016986384090251549e+00
-1.053484739840867102e+00
-1.046753304641912408e+00
-9.642852274976416727e-01
-1.208579523992482141e+00
-9.917174891829760863e-01
-1.062564505339722576e+00
-9.685195707330213066e-01
-1.010708648029487788e+00
-9.924599857697961047e-01
-1.023388543686787777e+00
-9.080227927404908028e-01
-1.155328403754131150e+00
-9.572150156809315913e-01
-9.465630354734798635e-01
-9.906104515536376942e-01
-8.782647257893292370e-01
-1.060007960669109517e+00
-1.166916646926301482e+00
-9.762974873604992609e-01
-9.540452008774801262e-01
-1.045368661045432912e+00
-8.808713916460549909e-01
-9.416979440917886413e-01
-9.891867046372315730e-01
-1.031520392791885898e+00
-7.892040856381143943e-01
-8.761180440980551598e-01
-9.675576414925673996e-01
-9.535873786799203833e-01
-9.032170844639482166e-01
-1.047492082054050755e+00
-9.635424613039894615e-01
-9.246669047646477457e-01
-9.860962351308462104e-01
-9.010054616549879603e-01
-7.956227799596348182e-01
-8.092210952603160479e-01
-9.559415974525232729e-01
-9.997076052070144048e-01
-7.903599044943169227e-01
-8.177710536198482538e-01
-7.952178371489695419e-01
-8.760749758194122938e-01
-1.039254764385761476e+00
-9.234831029693552074e-01
-8.627271411663276490e-01
-8.586272142161267551e-01
-9.247402329972544965e-01
-9.930573924353216508e-01
-7.460869072479707764e-01
-1.020126290945050807e+00
-9.030414763540580703e-01
-8.898434756535892332e-01
-9.492019139818392848e-01
-8.333791991560794976e-01
-7.757405840195441549e-01
-8.380815550513057710e-01
-8.892197016601958159e-01
-8.743993806172593031e-01
-9.012161535163910608e-01
-8.597752871818259424e-01
-9.001711834402097434e-01
-9.153004410900631438e-01
-9.061804595176771171e-01
-9.740424133233808179e-01
-7.793035141408695132e-01
-9.553428142831490444e-01
-8.692625196809669053e-01
-8.342177481721418930e-01
-8.609873165852858223e-01
-8.928087988170776423e-01
-8.069410107223984330e-01
-9.250446261807052650e-01
-8.170875546657202504e-01
-8.777342676015927880e-01
-8.475614656650850565e-01
-8.531548931880740261e-01
-7.117469661363562405e-01
-9.916013297363819312e-01
-7.382371959049239818e-01
-8.627003057392934604e-01
-8.203218165180892196e-01
-8.351644343902080436e-01
-8.191483518661567542e-01
-9.298922075591398162e-01
-7.131422566012866060e-01
-8.830752108466539685e-01
-6.015747899788761455e-01
-6.976134182030729880e-01
-9.005234958533390177e-01
-8.952743261554607646e-01
-8.371928266332262503e-01
-7.583915766701770922e-01
-8.328899926797664888e-01
-8.517766661172515574e-01
-8.996712581374706197e-01
-6.993343320835446741e-01
-8.924334448938601172e-01
-8.674017779858159694e-01
-8.620045255883962421e-01
-8.043190457954276784e-01
-8.132786304343574413e-01
-6.656829016066786453e-01
-1.024115909609402797e+00
-8.872098329748906442e-01
-6.836179846268761739e-01
-7.848333834093784711e-01
-8.603438969884343868e-01
-6.506476777460333816e-01
-7.154693060009359451e-01
-7.901287875812054162e-01
-7.962776205382400274e-01
-8.484526250221935406e-01
-7.513149325345579443e-01
-7.650422000663158473e-01
-8.504670306006721914e-01
-6.271764867925230247e-01
-7.128187931706835290e-01
-7.586297722402298715e-01
-7.763262915660211760e-01
-7.250668878119724825e-01
-6.194573286944871082e-01
-6.750578882010299653e-01
-7.028798409268786074e-01
-6.277518796917969102e-01
-8.266132379666714103e-01
-6.707036533902911435e-01
-7.333097882264805190e-01
-6.574269153377417796e-01
-6.661565347799507375e-01
-8.092550106754320405e-01
-6.310546119796632825e-01
-8.049070905443491686e-01
-6.078567939574925916e-01
-6.501587264944337363e-01
-5.167513777980834444e-01
-8.283250210318935380e-01
-8.148796616043022523e-01
-7.678060231448321504e-01
-7.132255865924533866e-01
-6.958073466166063703e-01
-6.964830818396325895e-01
-6.247286309908566260e-01
-7.503971195586254250e-01
-7.521841505061042099e-01
-7.260422282408530714e-01
-6.201398283124420763e-01
-7.475690202070629509e-01
-7.402415455192226101e-01
-6.684931904376067990e-01
-5.879190412083504791e-01
-7.340931653283783165e-01
-5.872916802263193903e-01
-5.011400114537549744e-01
-6.746482267507433184e-01
-6.951621604637244767e-01
-6.868432150161086769e-01
-6.880731958737650311e-01
-7.360782253211394233e-01
-7.396518253728464609e-01
-7.395139675338755492e-01
-6.707227019323732664e-01
-6.626688360556777235e-01
-6.455578351367361467e-01
-6.699251758465797346e-01
-6.376476170254408160e-01
-7.349028944621956994e-01
-6.698163758476316509e-01
-5.477260604547301570e-01
-6.928031218036346806e-01
-5.759429804491261740e-01
-6.961067787114272321e-01
-5.927040889348437203e-01
-6.336571978736426081e-01
-6.397898834515455269e-01
-7.941620755056700842e-01
-5.996308990168575104e-01
-7.215307251613438666e-01
-5.274326989218226514e-01
-6.076205093196789253e-01
-5.014327776061718867e-01
-5.152489614002534468e-01
-7.675296025156332913e-01
-5.890323790017624184e-01
-6.260017848134168394e-01
-6.541951029734777157e-01
-5.515552574276104680e-01
-5.844306726756058890e-01
-5.266044351236539578e-01
-4.994804580889213863e-01
-7.165912459482420838e-01
-5.442514008317591578e-01
-4.377522893725706576e-01
-5.267203660450813230e-01
-5.993977914925011641e-01
-4.973851671912382644e-01
-4.997285592304731017e-01
-5.617413589487556536e-01
-7.466349199766290079e-01
-5.969404487400263859e-01
-6.672790408093650649e-01
-5.586098913684111045e-01
-5.532835047365505243e-01
-5.811475372608667644e-01
-3.908223447999102929e-01
-4.959170662401013452e-01
-6.378936760449430698e-01
-6.514367412563225601e-01
-6.183801159939128489e-01
-5.814102707317758689e-01
-5.727584469069271211e-01
-7.808128114910406481e-01
-6.511179320558011518e-01
-5.708191817219746556e-01
-6.905742649391052312e-01
-6.594477906981975890e-01
-5.825082437642570277e-01
-5.419314275462033814e-01
-4.081160665043888636e-01
-6.113849011305929615e-01
-4.794184844133302925e-01
-6.074065811656572667e-01
-5.819136810764090617e-01
-5.972755043690478605e-01
-5.480247197306312712e-01
-4.851645560462545803e-01
-4.931058607985072118e-01
-5.542743396201946782e-01
-5.921746408060165612e-01
-6.320795464198382119e-01
-5.657386697011254073e-01
-5.688211683673621843e-01
-5.102985158603343674e-01
-3.911749604342232844e-01
-5.487089575230488236e-01
-5.297745107695225331e-01
-6.277776291452550339e-01
-5.525468519652970700e-01
-5.473879629381485090e-01
-4.336627727664368326e-01
-5.948947010390922552e-01
-4.144483703096940586e-01
-4.933194779043190148e-01
-4.075962864362690508e-01
-5.420683559412349251e-01
-3.658773257657970679e-01
-5.410434271786691562e-01
-5.737741334302258744e-01
-4.880327128835004746e-01
-2.847961014032102667e-01
-4.847566186709232339e-01
-4.468225134261287201e-01
-5.490388056308905806e-01
-4.714861426863279914e-01
-5.243846162392025168e-01
-5.034985184044441509e-01
-4.845509996752810911e-01
-4.197644921385202954e-01
-2.835712583215777016e-01
-5.267901288982800301e-01
-5.443754865830552347e-01
-3.996610579179027400e-01
-3.851018009557453659e-01
-6.980719037792336712e-01
-3.590945118626795995e-01
-4.680206788798528250e-01
-4.248183337248404579e-01
-4.758717425828689618e-01
-4.121418177095976243e-01
-3.717799830037796793e-01
-3.711886329899015680e-01
-4.151207793650634748e-01
-4.601815615809069504e-01
-6.340459345953916026e-01
-4.056756027193948455e-01
-4.110146916341738677e-01
-3.358557899671741898e-01
-3.138858202171329048e-01
-6.105132479605061002e-01
-2.579492751797190508e-01
-3.699269096578887139e-01
-4.080757462073825170e-01
-3.719314207435809871e-01
-4.764089044475521284e-01
-2.413838808184350371e-01
-5.132303878319709467e-01
-3.348398909826452718e-01
-6.448660036906648241e-01
-5.163837266892274958e-01
-5.263345125812217695e-01
-3.728086158634436598e-01
-4.294410578651218224e-01
-4.052879782346827664e-01
-3.833683867837676673e-01
-4.151638429558120458e-01
-4.598655615693255649e-01
-4.384286915417813790e-01
-2.937754454561475326e-01
-4.270915411484991209e-01
-3.994057130794764765e-01
-4.511557985925107039e-01
-6.195481815865381270e-01
-3.814609522271448783e-01
-3.756865775539462993e-01
-4.696846735327637190e-01
-2.572497936187808643e-01
-3.182527662109997935e-01
-4.140343442749885305e-01
-2.799796627079487177e-01
-3.818227161350032928e-01
-3.686282641119602022e-01
-3.025873617459128306e-01
-3.140070729550070161e-01
-3.817393942532510409e-01
-3.641856827592565016e-01
-2.356700194581330954e-01
-3.697525617609074833e-01
-3.541589634063439518e-01
-3.453916766894223889e-01
-3.769957475247140977e-01
-3.645119189747937916e-01
-4.287333939493753743e-01
-5.157420562859944546e-01
-3.745761293771340816e-01
-3.688926993788512743e-01
-3.422192435667735788e-01
-3.611909270326935095e-01
-4.280670646536448021e-01
-3.810040464534827920e-01
-3.205333097032036505e-01
-4.146356731545025043e-01
-2.534488265585057021e-01
-3.521991456848847513e-01
-3.651066952797781262e-01
-3.418160908872243664e-01
-3.854612533691887943e-01
-3.072159031492537884e-01
-2.333523435110842204e-01
-2.333609659898868982e-01
-2.661617788281218644e-01
-4.551457767711639124e-01
-2.591956334946201590e-01
-1.646708270165021526e-01
-3.457661751394282557e-01
-4.576972254278788288e-01
-3.994953225408188202e-01
-3.056075014442752869e-01
-2.762692116638993944e-01
-3.139993321023013539e-01
-2.291823500717649342e-01
-1.704548400122159191e-01
-3.507499390707398690e-01
-2.307393819692140358e-01
-3.032458758983750391e-01
-2.266873999973844922e-01
-3.047585135795816136e-01
-4.297258762452645375e-01
-3.513159081502712500e-01
-1.669655602610430056e-01
-1.161964620869368331e-01
-3.754037516614153747e-01
-4.050313245573411436e-01
-3.480816281570932591e-01
-3.631897951977230421e-01
-2.836896873410818531e-01
-2.592059417619649864e-01
-2.233178721567321556e-01
-2.116620173986115128e-01
-2.778854454445526811e-01
-3.039577667073848355e-01
-4.413028380342881585e-02
-3.496557609839681668e-01
-2.257974161496988930e-01
-2.835364923948659466e-01
-1.829034828248359834e-01
-3.132781007647922333e-01
-3.457203060078714030e-01
-1.154288713415742296e-01
-3.005798347157644379e-01
-3.678967407844700999e-01
-4.657189150216574647e-01
-3.211570225515819055e-01
-2.731437730066901270e-01
-2.027695899530993495e-01
-1.694815336957291585e-01
-2.624986525956577998e-01
-2.807109317691060535e-01
-1.975277230072158552e-01
-2.461774669351575184e-01
-2.340454377714899503e-01
-1.546262082799209070e-01
-9.421204227542853693e-02
-6.500103965701661823e-02
-1.777356066037877602e-01
-1.716077653577471329e-01
-4.708500968852417923e-02
-1.819929548807312503e-01
-1.051711346813290343e-01
-2.289782123256620949e-01
-1.977560429738365044e-01
-1.892966704447550386e-01
-3.071298149107085651e-01
-3.112135490192806109e-01
-3.782205059280837906e-03
-1.708422409330867531e-01
-2.256016551333276388e-01
-1.469551203958246455e-01
-9.268039426018283289e-02
-7.254034168309439479e-02
-2.903699343842535696e-01
-1.424508594613172752e-01
-1.362692971712089474e-01
-1.907430947967272417e-01
-2.720631308553269623e-01
-8.512977560918193187e-02
-3.562878201521582078e-01
-1.984378909880190889e-01
-2.416891684090499981e-01
-2.848778118527035830e-02
-1.634270098726924025e-01
-2.013729186351617684e-01
-1.263952605226049686e-01
-2.291632148377165112e-01
-1.055556782292256107e-01
-1.028833972350910730e-01
-1.189675457670298780e-01
-1.634713816065327674e-01
-1.825723836249573961e-01
-1.395398025989695069e-02
-4.525848788081777985e-02
-2.060561799506905878e-01
-2.464969613255964254e-02
-1.459575330658867964e-01
-1.413447428904131276e-01
-1.668614571668004809e-01
-1.526831839126088775e-01
-1.241990041504024561e-01
-1.282665295985569442e-01
-1.235415673242664519e-01
-4.768947056211943897e-02
-6.589340827790952926e-02
-1.675096691778743818e-01
-3.120795143319882725e-01
1.910144324872281238e-02
-1.721289378500281686e-01
-1.069179085878288332e-01
-1.492287853115604468e-01
-5.257151726244012335e-02
2.091554661561509376e-02
-2.006682430001492101e-01
-7.271494547345691561e-02
-8.968663785720103199e-02
-6.965318199159016826e-04
-2.755303359187868395e-01
-1.284618114877874029e-01
-7.870501064296828164e-02
-1.156191931160675257e-01
-1.157306753902624247e-01
6.677460055896428624e-03
-9.347132886063067719e-03
-1.132919564796914524e-01
-1.816783119784716738e-01
-6.940104082483458670e-02
-1.152025155074426072e-01
-5.971228083885940507e-02
-1.148610906079840788e-01
2.485497903511482351e-02
-7.666719484798301121e-02
-7.372618075493425627e-02
-4.484680935786042322e-02
-2.543360815950699780e-02
-9.189801264448581308e-02
-5.960142067706862556e-02
-2.073736384859303783e-01
5.774001464943237516e-02
6.118488780750098999e-02
-1.852752297913751872e-02
3.291376188777642153e-02
6.840863077621817112e-02
-1.132301227729241508e-02
-1.008069106587266700e-01
-1.824829866413865687e-01
5.500767846429582830e-02
-1.965107684771199778e-02
3.593864639535734699e-03
-5.804473546867235101e-02
7.899089325073191392e-02
-3.455291770583560074e-02
-1.616894002496884961e-02
-2.450619859720945190e-02
-9.801541535027412377e-02
-1.250804403228736317e-02
-1.783366925603823427e-01
-1.189061507475356327e-01
8.513887744892098541e-02
8.118852224641587637e-03
1.800527570732579075e-01
-1.574851513129766484e-02
3.551971481888278187e-02
5.833936476217779082e-02
2.117521321595313560e-02
1.242983778697830111e-01
8.230534229122243861e-02
-5.016754208594091657e-03
3.728504905863083002e-02
1.234429190842623175e-01
-9.667727265919655311e-02
3.544049081046141136e-02
-4.622089167827110601e-02
3.237017386996124402e-02
4.752999785469054495e-02
2.536360298478202227e-02
-1.572971700684775570e-02
8.360688084924887409e-02
-8.112565601956882311e-02
-1.825764724913947132e-02
-6.398367908549733784e-04
8.543601282527794882e-02
1.265887517519561911e-01
1.566427895115111990e-01
2.431154115266764490e-02
-6.452855706875915143e-02
9.267742798494853218e-02
-4.157210631115132449e-02
2.175749459470334435e-01
4.898524655964548585e-02
2.040863483829728486e-01
7.836571961303805123e-02
-6.116619467202990407e-02
2.745610045360478285e-03
8.381253130048944844e-02
1.276070808435696424e-01
1.042800775704349620e-01
2.637908968585809741e-02
1.342444801277870858e-01
1.020687463873381912e-01
1.529909262184588059e-01
5.200665563894119742e-02
1.572819499104848029e-01
7.965234797564270386e-02
1.305650328883277700e-01
-6.166172879576936605e-02
1.890155469375888742e-01
-8.851703134950175689e-02
5.095514822203142669e-02
2.177524776294709474e-01
1.146863874988406085e-01
1.061983099368585398e-01
1.525808260016830731e-01
7.763039558293095832e-02
1.603607685077525213e-02
2.382202765572549730e-01
-8.217518027702961064e-05
4.854620204419597684e-02
2.750596290616478812e-01
1.018090994128983823e-01
9.211738881491050857e-02
1.245677352858947096e-01
1.641137663501962274e-01
7.167503272258386737e-02
1.410265895407644410e-01
1.425325102967666124e-01
2.369437660415736890e-01
4.244874517989286056e-02
1.046974482677748980e-01
1.724610368962730955e-01
1.134636186881083503e-01
1.421460724748562499e-01
1.280545981634084729e-01
2.105845165288745269e-01
-3.100337393133394473e-02
4.307865770795823307e-02
6.089083460332193887e-02
5.681266941338258131e-02
2.526691959046279967e-01
2.497856084114379593e-01
4.553395687839031925e-02
2.173671788102447266e-01
1.189497459370724708e-01
3.847049494983443424e-02
-7.506906118894918906e-03
2.163577475098443781e-01
2.157002433041956546e-01
2.857356490834496165e-01
6.256115799136924283e-02
6.484491420210390655e-02
1.722384058601986179e-01
1.307737098568105549e-01
1.903706754122745093e-01
2.627685041494853824e-01
1.188434241993676643e-01
1.704501920083257571e-01
1.557618661756359768e-01
2.591263455976032248e-01
2.511926819913367637e-01
2.059152991926791465e-01
2.044301123875562898e-01
2.657866260551683957e-01
1.247778489186451983e-01
1.699132548005513332e-01
2.021675032853847698e-01
1.457037671987474470e-01
2.661223465183003012e-01
1.942312495520304161e-01
2.264740447375869492e-01
3.149527443414000816e-01
2.889729818669731776e-01
3.457610700884377608e-01
2.027721540569762670e-01
4.091883381536901010e-02
1.457352393113156286e-01
2.220417399708730921e-01
2.539426633975297443e-01
8.979581519867460560e-02
4.345908441239551556e-01
2.524399457635281840e-01
2.022395037012712227e-01
1.897193837502172409e-01
2.115798802729554617e-01
3.103325027923562462e-01
3.014917964712177656e-01
1.954819604661581778e-01
2.879118944342207165e-01
3.077200296552347059e-01
3.149449427657173839e-01
1.997377502248965653e-01
1.541821301244503395e-01
1.564648558846165327e-01
3.914097687404728965e-01
3.003451950994840414e-01
2.769517224319258397e-01
3.802437998796014407e-01
3.770084383294964869e-01
2.551667121176108832e-01
3.012319034327704537e-01
3.629240336167809944e-01
2.390047384936669905e-01
2.619626467081002663e-01
2.182394590291409087e-01
3.083462676154672399e-01
3.535989256771771005e-01
2.505194035947492237e-01
3.266601803691325800e-01
2.628006708337879971e-01
3.069398844039026297e-01
2.422969191753574780e-01
2.035095651356577662e-01
2.440111257061967909e-01
1.952845812121206115e-01
2.416002071799190909e-01
2.387649129466622444e-01
3.427110292391752910e-01
3.508559334042986033e-01
1.719674896366784334e-01
4.002541080849112420e-01
4.017334143290796078e-01
1.658652928014705819e-01
3.729385312331252034e-01
4.751805737894804760e-01
3.264102001539420095e-01
4.665467156744226851e-01
3.959846011325848791e-01
3.489825671989697509e-01
1.826720995067557807e-01
3.549847085501480204e-01
3.248953730599251077e-01
3.871173561027174137e-01
3.414438893321951052e-01
2.103076039585091150e-01
2.272846047797206226e-01
4.377980656568331019e-01
3.157684654028742322e-01
3.883450353111385089e-01
3.156273499832525364e-01
3.065902051993489308e-01
2.444181631655757414e-01
4.592667642642379033e-01
4.871942488272379412e-01
3.531266684765096975e-01
4.020320736576342147e-01
1.639623555400069321e-01
3.741580434494815588e-01
4.506593245788411140e-01
3.239424739680613619e-01
3.717746113364432947e-01
3.818207830325029972e-01
4.607296044667740231e-01
4.114291240804436312e-01
4.036429987730446034e-01
3.792235763405527038e-01
4.307538022961664437e-01
2.879345120336249120e-01
2.380422156425274494e-01
3.191017738490575240e-01
4.906235051932921754e-01
4.741198983124206290e-01
3.025609865291877809e-01
3.994470924314641458e-01
4.687117747689731329e-01
4.407277457598021142e-01
5.007943449606861996e-01
4.423638965908969212e-01
4.419566926284236863e-01
4.840062804402128216e-01
3.869595926245461559e-01
3.447647062955047081e-01
5.866940713979204025e-01
3.785234208808001544e-01
3.695593543549832161e-01
3.166273632593460396e-01
4.757723629316497616e-01
3.224320722877450085e-01
5.050122013086871808e-01
5.154272223181024515e-01
5.099874896278823178e-01
5.037972982240830344e-01
5.503265777726308317e-01
3.799887812544295862e-01
3.779162585988423140e-01
5.022583876844987083e-01
5.598132072813712945e-01
3.602409790587589034e-01
3.127337767478708397e-01
4.470361374621115713e-01
4.067978716965182651e-01
4.952175829212650537e-01
3.785498758236035544e-01
4.269472593273575534e-01
5.949207180902073011e-01
3.662441192428300130e-01
4.527373029629505607e-01
4.464824657539321895e-01
5.591708915806298252e-01
4.759301242060566262e-01
3.433989839416619616e-01
4.128204754619113070e-01
4.762185291701371836e-01
5.028682903437332596e-01
4.716829653641780307e-01
4.774335008623709076e-01
5.117974186383602575e-01
4.898906199905693759e-01
2.713390989931813713e-01
3.425256044527651977e-01
5.365928547817495620e-01
5.508716700652078746e-01
5.456327660177687777e-01
4.195242778932851135e-01
5.234585631217198998e-01
5.189097195077306823e-01
4.408700444594007006e-01
5.743061735593805173e-01
5.957590754900932151e-01
5.243367056720584785e-01
4.687672139054192000e-01
5.486964778841133539e-01
6.189750308704345949e-01
4.720144666339853856e-01
4.673178409547533718e-01
6.790287380106906356e-01
4.502502820014642193e-01
5.253819171304852098e-01
7.157823814715555955e-01
4.720556696102163885e-01
6.423606099871382868e-01
4.872821815422430092e-01
5.189429254896702481e-01
5.236146128646492759e-01
6.658301461794384757e-01
4.603672132348922141e-01
5.189531216746807729e-01
6.904506796310106997e-01
5.293161267919760382e-01
5.616664291859266855e-01
4.450449643980072256e-01
4.607935278671102530e-01
6.212557173141772804e-01
6.204686421028298149e-01
5.948229505167226261e-01
5.850792116123715303e-01
6.308142811851842335e-01
5.575899654248417381e-01
4.626112333036271895e-01
4.489791525389254523e-01
4.441422768569668889e-01
6.205660976043718691e-01
5.775179537117643980e-01
6.429998754353775103e-01
5.012732561152135613e-01
5.035703714919197438e-01
4.531925163783153132e-01
5.406387828337080315e-01
4.198667452335294592e-01
5.401261926493706733e-01
5.922690059728985545e-01
6.160430908506409065e-01
6.652726738413279328e-01
5.885583076635177990e-01
6.669710151315716429e-01
7.234544756596272830e-01
5.319940572896130204e-01
4.122513034343431859e-01
5.918182621840224478e-01
6.001387503245890764e-01
4.733778551708674454e-01
6.308194125985988610e-01
7.865737398690971771e-01
4.887169219256556896e-01
6.418571032254380970e-01
5.643413072195334612e-01
7.037774280891901935e-01
5.341732961262632973e-01
5.593318077631828089e-01
7.754615518746313940e-01
5.481520667339844222e-01
5.722365426269355737e-01
6.824929809135764636e-01
5.927845989556159711e-01
7.070573925382717118e-01
8.183550845312159705e-01
6.258654194621573463e-01
6.260267649967721226e-01
6.669136100028244529e-01
5.288428142422759715e-01
8.533504613517129966e-01
6.972339374353022645e-01
6.157095063561009995e-01
6.014416479842864538e-01
6.444386594980215932e-01
5.529298980396363250e-01
7.917246753634945566e-01
6.125769134563024965e-01
6.619287829855188265e-01
5.519790384137278627e-01
6.170361315343443342e-01
7.219312539010843688e-01
6.132700683819560794e-01
6.685592955209196386e-01
7.019421050307976806e-01
6.762752850651947423e-01
7.529441890435588647e-01
4.795823727521564273e-01
6.742438201999283454e-01
4.643597902541079514e-01
6.151343942670597364e-01
6.894114649374049053e-01
6.219134745816695675e-01
7.208958307754035344e-01
7.458294752009201334e-01
7.635920018575376167e-01
8.043825299470046541e-01
8.207883295405966617e-01
6.559863453838477021e-01
6.728252728045088782e-01
7.687062906452236666e-01
6.296604420235261124e-01
6.036629609346416681e-01
8.199517909615486877e-01
7.333831863884821001e-01
8.289271667628245188e-01
6.443575767786552388e-01
8.448254241046299073e-01
7.194209235758720622e-01
8.643582672452252424e-01
6.057245068993666326e-01
7.600871882668679413e-01
6.842424727386465788e-01
9.176328362873537037e-01
7.743226969095605705e-01
8.507352394184587441e-01
6.669986585307495774e-01
8.757824626899545217e-01
7.682734621738669389e-01
7.283172460525015879e-01
7.174504033418532822e-01
6.962049340937175312e-01
6.313716592673846995e-01
6.434374266814775201e-01
7.398194103615015615e-01
9.489395322938992683e-01
7.037682808544553081e-01
7.899688697205435872e-01
8.338975218356696750e-01
7.300159973940729685e-01
8.742001290776593159e-01
7.923200722237758731e-01
8.478839853793378456e-01
6.830999956067946854e-01
7.229937698207891117e-01
7.630030285842279714e-01
7.675794209553850056e-01
8.609627632859373492e-01
7.199410026477152114e-01
8.068558075318880141e-01
8.339531129967923118e-01
7.000254268955389270e-01
8.543008670832000773e-01
7.891825965731044112e-01
8.009719018837911930e-01
7.491359963934467459e-01
7.497916396655405213e-01
7.143888856639675211e-01
8.541785339982561620e-01
7.214561600058950752e-01
7.911454195621068219e-01
9.120873394879402962e-01
8.060124870446107037e-01
8.013163305314572327e-01
7.221835130859924901e-01
9.041661647011517422e-01
7.387742804616619363e-01
7.809351417266773288e-01
6.771436926303555648e-01
8.105459087296196241e-01
6.888198317185965092e-01
8.402404934063818498e-01
7.416260824054980993e-01
7.202778315887390370e-01
8.199803037012558526e-01
7.635639770132114368e-01
7.929186284648933603e-01
8.904485610747434610e-01
7.734155384864288552e-01
8.599275982950845831e-01
8.364708867079035937e-01
7.364349078915558566e-01
8.838817013270771072e-01
7.372290204941145397e-01
9.149853584269022067e-01
8.464363089420124941e-01
8.166237029957382765e-01
8.996527286678991375e-01
8.099297324401728559e-01
9.680248599625893569e-01
1.003304729989822563e+00
8.698631277623749547e-01
8.000243708883496563e-01
9.191278686577122325e-01
9.300299533748728198e-01
9.069721065839311258e-01
8.850790054650130578e-01
8.768625807926556659e-01
8.375618173383213572e-01
1.001609595590968960e+00
9.146003730697490619e-01
8.385612956708076160e-01
7.852582954303746199e-01
1.091424009954440555e+00
9.587297753599570704e-01
1.067849538410864607e+00
9.644322817771642242e-01
9.986920318754985981e-01
8.724917697599553490e-01
1.005987544368019737e+00
9.863476529218250244e-01
8.593852327509129418e-01
9.892800707944738869e-01
9.407089583269699906e-01
1.021925163728667929e+00
9.160441753787437191e-01
9.835761906003387400e-01
8.398612438040196082e-01
8.582362858531964456e-01
9.245257296006184067e-01
9.455132874900878948e-01
8.854617601814320782e-01
9.782952575023067254e-01
9.492085695749646890e-01
1.012856868825164902e+00
1.111253792599389056e+00
9.463191540204825003e-01
7.705994664661375282e-01
8.154479139190426995e-01
9.996931331647268548e-01
9.221584486491956056e-01
1.083905531725898097e+00
1.013072273463349049e+00
8.469618006193873061e-01
9.784981868041571218e-01
8.974475749152878157e-01
9.723288712864630590e-01
1.083928357869431869e+00
9.858873195173852855e-01
8.811102113959041748e-01
1.009322216787894799e+00
8.305861953166824296e-01
9.471684575157348629e-01
9.758475854086109402e-01
1.041238856058199769e+00
9.471586716932217653e-01
9.414152200570519158e-01
9.513706054774617726e-01
1.117414879896942104e+00
1.055928243378773779e+00
1.069804172180116808e+00
9.573749274815078758e-01
1.062948701744845348e+00
