-8.444639773645017389e-01
-9.778735737592371136e-01
-1.152295689879706542e+00
-9.626526495535030481e-01
-9.932695390445185346e-01
-1.105410248174242493e+00
-8.470624101502675085e-01
-9.701514372941083542e-01
-9.176630486577457280e-01
-8.228737735941749065e-01
-1.017945991619036095e+00
-8.596659701781187435e-01
-8.219615505186445015e-01
-1.005983455601027421e+00
-9.090885648704680744e-01
-8.445908398341213097e-01
-9.107946286913983780e-01
-8.901918019562319317e-01
-9.403308919329432802e-01
-1.001163267480183139e+00
-7.541108459045781087e-01
-9.197957935527661943e-01
-9.751212180064673385e-01
-1.002860873881600279e+00
-9.434354015763067869e-01
-9.449438242511236652e-01
-1.032156095036529608e+00
-7.939052939727574421e-01
-9.032426118030315587e-01
-9.932806329729879646e-01
-1.073074222926251098e+00
-9.574143883885093409e-01
-9.714817721373534276e-01
-8.222428226722637845e-01
-1.068581194763567721e+00
-9.288900025813527916e-01
-8.429236103197687013e-01
-8.912152617008902711e-01
-9.270523266390112704e-01
-6.404891489317572351e-01
-9.944033476832920826e-01
-9.017816029808807254e-01
-9.073512206944033265e-01
-9.259989983362602040e-01
-9.102159442403570111e-01
-9.248118215645203533e-01
-9.720674867912465489e-01
-9.420026998998082268e-01
-9.661824939915992783e-01
-9.531316339897124568e-01
-9.585933025595966273e-01
-9.636546451745507946e-01
-7.395644778121657215e-01
-9.227835131667140312e-01
-9.060820356781732476e-01
-9.849821891166375964e-01
-1.061469647011938910e+00
-7.573874356420483567e-01
-9.149011668321382906e-01
-9.102071385895593725e-01
-8.990391873921961263e-01
-9.080076534422542034e-01
-8.941569267813234134e-01
-7.570813764184527450e-01
-1.019329000181131484e+00
-9.356466949211379447e-01
-9.014995381823045495e-01
-8.988343240531194711e-01
-8.318525523651930653e-01
-6.383134030699386674e-01
-8.242604652016305433e-01
-7.350200799503742166e-01
-8.421602840819515379e-01
-8.270896390656820030e-01
-7.815688905507904849e-01
-8.114873853690356409e-01
-9.965219733191711393e-01
-7.308697054610180377e-01
-8.441523528013714639e-01
-6.596666724899294953e-01
-8.708204941844674973e-01
-8.316596580797651628e-01
-7.654184932527915430e-01
-8.681247487840652033e-01
-9.025135226539047206e-01
-5.818122782531823800e-01
-8.766492260317446661e-01
-7.632310620342462881e-01
-8.422786036722601510e-01
-6.716797622100125764e-01
-8.583894282675367249e-01
-7.491220637025206575e-01
-7.593050550719858682e-01
-6.995926376989909379e-01
-7.541186016746683762e-01
-7.944449490332639030e-01
-8.701509341198496728e-01
-8.584817923185024124e-01
-8.164455742133356342e-01
-7.342734604092565620e-01
-8.868370827551294022e-01
-7.775993906699227853e-01
-8.562524658871800698e-01
-8.832801841911295249e-01
-6.733974643729359055e-01
-8.169685915415066946e-01
-8.032981082616331703e-01
-6.641691050024356446e-01
-6.096465733443739987e-01
-8.732313331786631938e-01
-8.936793215723034534e-01
-6.985913493770566918e-01
-7.881931115522737841e-01
-6.928241437589577334e-01
-6.629926485267635394e-01
-8.282704703130320256e-01
-7.313423501084211908e-01
-7.195202216766145575e-01
-6.457627059772816924e-01
-6.806606906817135316e-01
-7.748104331635087272e-01
-8.346726235921255732e-01
-8.223334199159919589e-01
-6.733223912327802596e-01
-8.424265167614802818e-01
-8.787200503115942807e-01
-6.944473284657276535e-01
-7.883300608301725410e-01
-8.985873596820642684e-01
-7.487028802139531480e-01
-8.179525457164162905e-01
-7.109509934848818880e-01
-6.713638106733575972e-01
-6.045718920469151936e-01
-6.109114452026380704e-01
-6.897902475277463141e-01
-8.275835949565506500e-01
-6.670870476538596217e-01
-6.888069579762166050e-01
-6.820905891042433611e-01
-7.116575916409494384e-01
-7.245256507299803195e-01
-7.268891966544934746e-01
-7.475475595045517618e-01
-6.943632559519719027e-01
-6.180342509289576958e-01
-6.767497191363812670e-01
-6.859396344208694707e-01
-6.739449099307608382e-01
-6.178964217743077025e-01
-6.348082079255625843e-01
-6.402398681176477702e-01
-8.036409233746090175e-01
-7.495215971063979854e-01
-7.420979737168277302e-01
-5.527626351973344843e-01
-6.389038396407629161e-01
-6.952331346204428941e-01
-7.009421152642271169e-01
-8.680865563954015540e-01
-6.391878398190378174e-01
-6.611668659533235237e-01
-6.358936983502128104e-01
-6.243315852411305267e-01
-6.683237079442292394e-01
-6.276337603928592301e-01
-6.320115633360893215e-01
-5.699177503413606072e-01
-7.095790232522239949e-01
-5.976414606379200078e-01
-7.809721080440646945e-01
-6.748375797701924306e-01
-8.061840135510380811e-01
-7.388675083499635088e-01
-7.069970546573499659e-01
-6.837665952836992078e-01
-6.691022260505313790e-01
-6.282464654144921390e-01
-6.894706634817496793e-01
-7.401945510851332122e-01
-6.216316396528592803e-01
-5.687557915758976179e-01
-7.249509610207991450e-01
-6.328201734009654134e-01
-7.111651457444391200e-01
-6.232928519361468078e-01
-6.555605555977549459e-01
-6.459406239593893373e-01
-6.976645211536327551e-01
-7.836049971634205802e-01
-6.310700539928916220e-01
-5.424196040297368793e-01
-6.863890148145000980e-01
-5.396627847981303461e-01
-6.988805929361013858e-01
-5.723294100684207519e-01
-8.025066939944712763e-01
-5.293496211412239694e-01
-7.113585302727628568e-01
-7.199563954124442722e-01
-5.561977510848047368e-01
-5.182843294679767565e-01
-6.388693918649960279e-01
-4.899489584832261713e-01
-5.583906688754779468e-01
-6.876866491568649487e-01
-5.306231176796484261e-01
-6.297294995238451598e-01
-5.381006856338939048e-01
-6.294365203407661369e-01
-6.527885259791755823e-01
-6.596001179960611083e-01
-6.795992602391272008e-01
-6.902855581475796365e-01
-6.316184420376420583e-01
-7.479231342302401497e-01
-6.293387717400937831e-01
-5.074551553154377226e-01
-4.436679669207669319e-01
-5.172194618372613073e-01
-6.686489093667895567e-01
-5.722365737499925942e-01
-2.982875369381066122e-01
-6.251140104668490016e-01
-4.796761829530796772e-01
-4.106807363960043311e-01
-6.109819707863394234e-01
-4.731347715745107263e-01
-4.376151557822297034e-01
-6.893303703801753057e-01
-4.942611335479282775e-01
-5.836472648497782467e-01
-4.142807740657903359e-01
-5.466231837763000367e-01
-5.509001639755956026e-01
-4.584128176454881354e-01
-5.149131866585083817e-01
-6.214610976522861874e-01
-4.693589493437587690e-01
-5.156017359249163157e-01
-4.697101349839455930e-01
-5.827346119951727355e-01
-4.559006813777516376e-01
-6.245495547788048052e-01
-7.708258063889349421e-01
-3.949847552172695564e-01
-4.153979760503508922e-01
-5.034571188928392838e-01
-3.980933887758337786e-01
-5.191314858446547387e-01
-5.842046425058605719e-01
-3.913449874749921342e-01
-5.888005649859611168e-01
-4.358012183633610537e-01
-6.201400388683717679e-01
-5.882959961586705644e-01
-4.346491427660411633e-01
-3.905136060457596869e-01
-4.519714590251365793e-01
-5.705049155053615317e-01
-4.130543304016245365e-01
-4.994517400655985040e-01
-4.186310613054868290e-01
-6.094468187352805044e-01
-5.747795105450814734e-01
-4.803383977211508338e-01
-5.342870851332538473e-01
-3.321489359369442229e-01
-6.325451688027238228e-01
-3.865716275449772588e-01
-5.088256644402409101e-01
-4.356295984626838425e-01
-5.462421081589939886e-01
-4.667096059072567416e-01
-3.550139449834840977e-01
-4.938304860814453079e-01
-5.923324111333814201e-01
-4.205140419980087918e-01
-5.221355028799008480e-01
-5.362707207271076859e-01
-3.586198068673709383e-01
-3.667295239993312861e-01
-4.675156833561379677e-01
-6.283843209495529880e-01
-4.222639974367712323e-01
-4.602886209763517034e-01
-5.336858608755032929e-01
-3.779975041273996861e-01
-4.632103939916674684e-01
-4.609168725971961589e-01
-4.331343445848708784e-01
-3.875555882744173841e-01
-5.754406949543205974e-01
-3.570874834021666167e-01
-2.688419912710362514e-01
-3.848577683840043728e-01
-3.849768990041622096e-01
-3.811766009434454094e-01
-4.790563571597350467e-01
-4.588413438398602495e-01
-4.059007804463679592e-01
-3.559604179329347584e-01
-4.020222947689722770e-01
-4.826502990222241718e-01
-4.785295486030254342e-01
-3.367281478789363458e-01
-3.745853458340906994e-01
-3.857779721107851834e-01
-4.970535526989554032e-01
-3.137875350784564699e-01
-4.394840841285022059e-01
-3.829241917328722877e-01
-5.647575753959513944e-01
-3.519646335537053861e-01
-2.188388252113331878e-01
-3.787263596793736808e-01
-3.506948719882647114e-01
-3.413207169830928533e-01
-4.509597381900993240e-01
-2.845879438652795801e-01
-3.645555940068722633e-01
-4.025063590428964999e-01
-2.005229418785739737e-01
-2.116873721265206398e-01
-4.754169975774621415e-01
-3.963593790459791211e-01
-4.417638043964889349e-01
-2.770329725636958562e-01
-4.654944080117580096e-01
-2.388055752047803237e-01
-3.641786302534011366e-01
-5.807750571959758856e-01
-3.068746188908200723e-01
-3.595987177359460940e-01
-1.859766042327581914e-01
-3.828114973899238160e-01
-3.189523897122233942e-01
-3.574275964659530680e-01
-2.343366843123193544e-01
-3.320204321212731902e-01
-2.804656980954917667e-01
-4.172945027983785415e-01
-2.168178286264291488e-01
-3.559691423454627857e-01
-4.378144725933219017e-01
-2.923935119519103787e-01
-2.054461540684424659e-01
-3.903656725159553309e-01
-2.907872168527440571e-01
-3.983229889279502056e-01
-2.425449774314032692e-01
-4.035591070740530140e-01
-3.288174465168694494e-01
-4.255185298609237554e-01
-3.230117370375266139e-01
-2.206717375757339950e-01
-1.817914723142013134e-01
-3.543594706743700695e-01
-3.564068658436559400e-01
-3.918087833726103253e-01
-2.297779655626014939e-01
-2.762009549397160812e-01
-3.286086599785280060e-01
-3.728235315515345816e-01
-1.981874807188993559e-01
-1.228853370892938474e-01
-3.278425832806575180e-01
-3.162618276890611924e-01
-3.104086562826446904e-01
-2.999992929775607275e-01
-3.068542788424945961e-02
-2.697516738547389714e-01
-2.258236477811096099e-01
-1.269038112690852593e-01
-2.111505098064035968e-01
-1.255391596559208289e-01
-2.690497902107552575e-01
-2.586518494359247855e-01
-1.555724447208478023e-01
-2.249020336510456075e-01
-2.285729502563927096e-01
-3.864422959616374831e-01
-1.751790236221291708e-01
-1.629291738865160655e-01
-2.073027563146508379e-01
-1.716822533227062020e-01
-2.422684724789352650e-01
-2.388218378444326162e-01
-1.921246597614571505e-01
-2.548551294503955122e-01
-1.474196288139555111e-01
-2.290685508400502057e-01
-4.209178246414813085e-02
-3.437597609332961324e-01
-2.845662070268650257e-01
-3.322326597494393852e-01
-8.192352051248735778e-02
-1.733394215926982174e-01
-2.506164433090715127e-01
-1.134897512566157285e-01
-3.220989142691741414e-01
-1.223641806390460551e-01
-2.805165717054353136e-01
-1.322333820999016252e-01
-2.076643854951756019e-01
-3.110031419257122121e-01
-2.884284189426643552e-01
-1.818190099167415197e-01
-2.481160507524697231e-02
9.377311027005326427e-02
-2.776479917635925054e-01
-2.189767937839127709e-01
-2.178096198495513558e-01
-1.342734840400148510e-01
-1.999740892971848538e-01
-1.977052497446835089e-01
-1.577847905594001454e-01
-1.024937989473689304e-01
-1.246791998174150429e-01
-1.925040985316195941e-01
-1.837188711955103637e-01
-3.009737004422928172e-02
-1.837481052113823232e-01
-3.927564235222352068e-02
-1.403368862433324593e-01
-1.677301837348789681e-01
-1.729207860052030601e-02
-2.075506595895896256e-01
-1.979979036955620830e-01
-1.774402268302758823e-01
-2.633132605322684450e-01
-2.415684534823084664e-02
-2.405514447432619551e-01
-1.043948848061443530e-01
-9.711546187639805150e-02
-1.531457062794827351e-01
-1.181625621111014462e-01
-1.855424627407835370e-01
-5.487352874926086643e-02
3.853881869631702733e-02
-1.043079356608921787e-01
-1.042383527779719155e-01
-6.466853199801372853e-02
-2.216921498482863628e-01
-2.069945468703121572e-01
-2.099635858235057995e-01
-1.333581687581450737e-01
-1.066648323261743664e-01
-2.223059062791085325e-02
-8.285279604461612268e-02
-2.791445132717057173e-02
-1.078430226978803197e-01
-1.078803723390621416e-02
-2.152968711999258544e-01
-1.182897641462137550e-01
-2.192870620094280187e-01
-2.160362899296976169e-01
6.141292469319904052e-02
-1.382095153786984665e-01
-1.332117050937492164e-01
-5.010890087209685789e-02
-5.205936316592039981e-02
-2.553808853618482963e-02
-3.832200192627220614e-02
-4.065773263575708785e-02
-5.781674799642366053e-02
-5.090305277404162665e-02
1.959697119396994289e-03
4.786844722620265877e-03
3.312668677633758690e-02
-2.307132304307641518e-02
-1.189161545143893189e-01
-9.562652405093539920e-02
-2.011675764776518771e-01
-2.051134057517680631e-01
-4.957722766434982664e-02
2.778131252959735453e-02
-5.183167340349165153e-02
3.905896543431572332e-02
-1.838529250401124970e-01
2.245955205840010835e-02
8.139348594811095239e-02
-2.477941277251290431e-01
1.590521255579879223e-01
-9.447778130786697870e-02
3.986474529453410201e-03
-4.743438358341951072e-02
-2.894293483885971088e-02
1.770657264427232197e-03
-1.304854356105006503e-02
-2.981882924744685623e-02
-4.187248205136626794e-02
-8.096098766170027605e-02
-7.118360274138119115e-02
-2.280579508908845907e-02
4.717718601239022196e-03
-1.648140652183347488e-01
1.014893947158211455e-02
-7.212933466898090173e-02
-9.679654371473316726e-03
4.482177882831428484e-02
1.642181811611418685e-01
5.300429785980279029e-02
-4.142362572567007128e-02
-4.010664547678612774e-02
-5.175279899835180664e-02
-5.897057955650741867e-02
4.484182321273651184e-02
5.659348196837296618e-02
2.619483861488414861e-02
1.616387363909298491e-01
-6.938443440206648605e-02
-2.845170710999265357e-02
5.386595808914459993e-02
-3.259940460276160301e-02
1.658787583446796610e-01
-3.865262634911390775e-03
-2.499192450509868033e-02
-4.557874663981070079e-02
-9.475200864300033915e-03
-1.015718248001435398e-01
-6.401926941338801670e-03
1.072419897738723232e-01
4.652121660496231006e-03
-1.115467346109407301e-02
5.659024321393648499e-02
5.177025266768731093e-02
5.625812447312048686e-02
1.612670000606255261e-01
9.467882755147583040e-02
6.444076031160751727e-02
1.456158806906653336e-01
-4.154951933739278735e-02
1.891541876104491648e-01
2.215336367556929864e-01
1.607037619948318563e-01
8.780058840222254579e-02
-1.329933133882798546e-01
5.708773915766880008e-02
3.290732162768133379e-02
-2.362014258809550307e-02
7.769983481478645593e-02
2.926941848809281807e-02
1.130846440861003332e-01
1.028305999626396572e-01
-5.122673846027191169e-02
2.231926541877255199e-01
1.255719688282371793e-01
5.838811812359095271e-02
8.851362931159249825e-02
3.587739287172413138e-02
1.896432799851260897e-01
2.826924565907696363e-01
7.636615853026466894e-02
7.651788229272145185e-03
1.781656340840860331e-01
1.483302410843119201e-01
1.562762858299496793e-01
1.631463309771157277e-01
2.593587351247075290e-01
1.655804718796470565e-01
2.077868103144114159e-02
1.657970984325846109e-01
1.013858973193431934e-01
2.218064853535566677e-02
1.777540623756268812e-01
1.957493327671845085e-01
1.627221214551579365e-01
1.617295123551365510e-01
1.021326940152871010e-01
1.701115402590631653e-01
1.577016697340264950e-01
2.145595934218268164e-01
1.933986908487219936e-01
1.687156582146029926e-01
1.239611815324574429e-01
1.437352643328798085e-01
8.960438917683695437e-02
2.483065910304871615e-01
2.725341628171150110e-01
1.104305341478620806e-01
1.591799297958675918e-01
1.155530251326057911e-01
1.236293065709496430e-01
6.920487316006494749e-02
1.932983936265522673e-01
1.149743030214456924e-01
3.028591679940330073e-01
2.042078639458285716e-01
1.503507809688190734e-02
2.356981031229639090e-01
2.422964512420220373e-01
1.677946188920085291e-01
2.995813112829081026e-01
8.672883905931463855e-02
2.357677787636859312e-01
5.296732660668079101e-02
1.419212380092459702e-01
4.307992183055179419e-02
1.303620413302274683e-01
1.731267174332648540e-01
1.477161045820356566e-01
2.860695194003997632e-01
9.183259850420424919e-02
3.179404883776359991e-01
3.659547938181592630e-01
8.999189328460611981e-02
5.796005796057214499e-02
1.853179078651744360e-01
1.383825169960199719e-01
2.073068565099449034e-01
1.757141915127370668e-01
1.259443894628708704e-01
1.948534956721691691e-01
2.981527493840604448e-01
2.223681966950175892e-01
1.333395558856282914e-01
2.162464664841535211e-01
3.376980589190036186e-01
1.738949722546844490e-01
1.010471602029142379e-01
2.471135148153185412e-01
2.338681994828086252e-01
1.273133645227660093e-01
3.249498606752179719e-01
2.804398568414292470e-01
2.982670436077350939e-01
3.025017554070786874e-01
3.774379794678068833e-01
2.524191642982500650e-01
2.216733659747966434e-01
2.511773131330803377e-01
2.089125290030294790e-01
1.526150481052328811e-01
3.660299748174034584e-01
6.541942980978632249e-02
2.338371103430655906e-01
9.102009004729236241e-02
1.224944612837822466e-01
1.430471144736417399e-01
3.697410025753116725e-01
1.699023441097012310e-01
4.694568874010311976e-01
3.249681871967294300e-01
3.059105218778273572e-01
4.096876262940261637e-01
1.495513895522386505e-01
3.063298812952806038e-01
3.533278118749506591e-01
2.422519412665367355e-01
2.474906087295982160e-01
3.425482785600642011e-01
2.986400566156399150e-01
3.008119407745829532e-01
3.383852903389305555e-01
3.766354567963522415e-01
3.091809196081320987e-01
3.730269766206126825e-01
2.854033393796297502e-01
3.648196643741851708e-01
6.099605733035128735e-02
3.266017252057868969e-01
4.220449097613266365e-01
3.878887821873900910e-01
4.194776956976948856e-01
4.607483011171505938e-01
4.158312369356135796e-01
4.306406266983860420e-01
3.394563500477164597e-01
2.071161357346706644e-01
4.328054676777964849e-01
2.840829144101322812e-01
2.988306368093621712e-01
2.759352309359240363e-01
3.911103924914098307e-01
3.645895578074977994e-01
3.745892029292753889e-01
3.428862351379921014e-01
3.918160962055061702e-01
3.067379102976678928e-01
3.810036781322135302e-01
3.031092600840056828e-01
3.407615603405990123e-01
4.406305441338965734e-01
3.341806000304083368e-01
4.626416145433282501e-01
3.718207932362559420e-01
2.714817906682718829e-01
3.755126114048082386e-01
5.173119943351757177e-01
3.613769079766998571e-01
3.179218233752407752e-01
4.249301163575447404e-01
2.771125129131862264e-01
4.940464591742732559e-01
4.903978633550034050e-01
3.048390989211325341e-01
3.171043962440948105e-01
3.215736418918869188e-01
3.183366312604485326e-01
2.761008592857038257e-01
4.312612862070064890e-01
1.928868666814332611e-01
4.181865005868009022e-01
2.691267928838694257e-01
2.586174338323964372e-01
4.187370921051353778e-01
5.036215833920167917e-01
2.151826138883355388e-01
4.012874726053759500e-01
4.974578097968070933e-01
5.312152570441815991e-01
4.053204363425628176e-01
3.374789112888157971e-01
4.478243883062573705e-01
4.993919700966613084e-01
4.575419977359123647e-01
4.003476917156228998e-01
3.751223913341455996e-01
4.085709554262428878e-01
4.345299771587290971e-01
3.910473810924715576e-01
4.112834480121492220e-01
2.870153430950649343e-01
5.582449898103212238e-01
4.262937840619914209e-01
6.524356203628093320e-01
3.114538756108028994e-01
5.370123608315298114e-01
6.622574485761587582e-01
4.123246696902974628e-01
3.878130591933399152e-01
5.285865680853332194e-01
3.036870966679263706e-01
4.479909091607340854e-01
5.747896359567932212e-01
4.133656113927103859e-01
4.783496694861817389e-01
4.623410328297769545e-01
4.777063359270568577e-01
6.212675301941883443e-01
5.267431151551115187e-01
4.903526809045837265e-01
3.988398788529879391e-01
4.307187704447995036e-01
4.345514857705314316e-01
5.158819864384964760e-01
4.651944624218406488e-01
5.010105509285354142e-01
4.270204411395892019e-01
6.352363183776006395e-01
5.449971208821279278e-01
6.021573735344394329e-01
5.690291626946721859e-01
3.810783591002591675e-01
4.998637707415215514e-01
5.172433067429030862e-01
6.783516849956736650e-01
7.025022684932524797e-01
5.715487197483403170e-01
7.133787131660008773e-01
7.395931082435334147e-01
5.523624453516753352e-01
3.579274572850040803e-01
3.433830347820245876e-01
5.318819153729128502e-01
4.998933728893067974e-01
4.385392119711618575e-01
4.712819263202140951e-01
5.151993491099409184e-01
4.055404580243589518e-01
6.260338526402978720e-01
5.110233258075356222e-01
5.841448699496637476e-01
5.554761159933668813e-01
4.802202143585221905e-01
4.701673383359246672e-01
4.776236980860132375e-01
6.297658667751335759e-01
5.413951349215275766e-01
4.705055806088334069e-01
7.609858413368126850e-01
5.866415190115128464e-01
5.767258937656946083e-01
5.943921054395470138e-01
6.254971900962553732e-01
6.086792231802931052e-01
5.214713748832950913e-01
6.109727471674804011e-01
5.352571175962055339e-01
6.187557322631700440e-01
4.956329178403119373e-01
5.041171927849862344e-01
6.836410783210244979e-01
5.172045689044169059e-01
4.626436762757726862e-01
5.677076262371787418e-01
4.613644570470897266e-01
6.172330012450190084e-01
6.854750106653388908e-01
4.676633333078361043e-01
6.942992957214098038e-01
5.890755934998438414e-01
5.828606494836969798e-01
5.336586214258718375e-01
7.577053506856402665e-01
6.548469655914133103e-01
5.358038582657810300e-01
5.716819528349420532e-01
6.468924398199912273e-01
6.404667248078932396e-01
5.211793691523591843e-01
6.223997531321988630e-01
5.939944749823632408e-01
6.295135190106534440e-01
6.922512239050806482e-01
6.860826894145102273e-01
5.706580595694404900e-01
6.238426800650118675e-01
5.904137543447584013e-01
4.494473417551803629e-01
7.027026351921960012e-01
6.148450034130775732e-01
7.341706267237614325e-01
5.789572504697029220e-01
6.539102190724691566e-01
5.722058957509956745e-01
6.333279569581079516e-01
6.141099305454426061e-01
6.249160495280299266e-01
6.014859113085155862e-01
6.068381285120131308e-01
5.796521446787902265e-01
5.512377088786680757e-01
5.021381460745081293e-01
6.165220986224293487e-01
6.749476639832389102e-01
7.760513535089444970e-01
5.276981955444398631e-01
6.561003628551753675e-01
6.730406230478805929e-01
7.271436236598772807e-01
8.121651141166876808e-01
7.232945514557727051e-01
5.981518224971431597e-01
7.743319180552631353e-01
4.473344664938330162e-01
7.159210762621845969e-01
7.540040158603683595e-01
7.012745858724679371e-01
7.915008777501560955e-01
8.624677216371099409e-01
6.408014378960672497e-01
7.065417379136278431e-01
7.227077383749377359e-01
6.217538821137211791e-01
8.558159636387921987e-01
1.046803894364760845e+00
7.547893368746706466e-01
6.966827527652562635e-01
7.857558704758907941e-01
8.571379878133269514e-01
7.230611035298469824e-01
6.778701526421331280e-01
7.493791680909166475e-01
6.618818091384870428e-01
6.934843438978188779e-01
7.565913560430834739e-01
6.479677696192488456e-01
6.696654252487125314e-01
7.631021039671560535e-01
7.951224671049453852e-01
6.270604726102352311e-01
8.435864321245788444e-01
7.484131417526759256e-01
7.185154905625706911e-01
6.979971338323974761e-01
6.433871717741788121e-01
8.471017835215677305e-01
8.331255373582763246e-01
8.203677961192371582e-01
7.594169704398175957e-01
7.013881569135795857e-01
6.966256856436695566e-01
6.802539096886404124e-01
6.807646336119289598e-01
8.293804513327598382e-01
7.425762945120564229e-01
7.339269066940328212e-01
8.638518389442960688e-01
6.600903195385265931e-01
9.095007997053164983e-01
7.305468072897702836e-01
6.535600242171953900e-01
7.784525298450170050e-01
8.031330750103756744e-01
8.176706124235008089e-01
7.336927854968888774e-01
6.794510947366790843e-01
8.819727703085094017e-01
8.376332203612419924e-01
8.851079538260291368e-01
8.490665432507364940e-01
7.461123715828182901e-01
8.161500151945053627e-01
8.060089848051745776e-01
8.120429046632413606e-01
7.619905083468869744e-01
7.755052815449968717e-01
7.806090455377453496e-01
8.412018926514146511e-01
7.751458828996669048e-01
7.902255764223028445e-01
6.875732583125251374e-01
9.138286589167869955e-01
8.687158100088954171e-01
7.685169091544755693e-01
7.012306626760754780e-01
8.175292845271768805e-01
8.069316225767493300e-01
7.881378045016345091e-01
1.042968197876624759e+00
7.935887394344549595e-01
8.413399968419732478e-01
8.510149555656265630e-01
8.330481325216098076e-01
9.281378322869632269e-01
8.500114123846709280e-01
8.748920029256026520e-01
9.546229772260249602e-01
8.498440356047861632e-01
8.104344371844869332e-01
8.501409676948216143e-01
8.524317172709072743e-01
8.161457052686039715e-01
9.527457182693466198e-01
8.433162113068602972e-01
8.888821075257394844e-01
9.125478532994149017e-01
8.027909945590304686e-01
8.773489252347483891e-01
8.208279097407819025e-01
8.082580630625602058e-01
9.519231141428849963e-01
9.105623290401931857e-01
8.680441587880647347e-01
9.424230409233407268e-01
9.216864958808473896e-01
8.995857470827693936e-01
9.370513904887214363e-01
8.617197971758626673e-01
8.177275693549607150e-01
8.661247759268921875e-01
9.341983069538445372e-01
8.607013542357044855e-01
7.834031424650462760e-01
8.498575124355221000e-01
9.462416953008949694e-01
8.169673015044236486e-01
1.068439047771774231e+00
8.919828334437415185e-01
9.173769769049596734e-01
6.856208990833659866e-01
9.551310159397077282e-01
1.072397351585220759e+00
8.370764784689350702e-01
9.257043397018940301e-01
9.424739034358962098e-01
1.025137225695245125e+00
9.615047062971626701e-01
7.869134928734000667e-01
8.970158643880136173e-01
9.459005745550800315e-01
9.137726177595967281e-01
1.023663969048386635e+00
7.527824401167041435e-01
9.110534764849178568e-01
9.235935136953801194e-01
9.706767767237375333e-01
8.954747270455973851e-01
9.776345365797302067e-01
1.001745772127876410e+00
9.494241337758551058e-01
9.250937611825812423e-01
1.012849508222372297e+00
9.723227519897021942e-01
8.846245254039089012e-01
9.988782070123635171e-01
1.081213836162126851e+00
1.171219538541724114e+00
9.507631541079676341e-01
1.034562855897169342e+00
1.065023001489182386e+00
1.064473024731981354e+00
8.940908514358234527e-01
1.067041722415760674e+00
9.984111539418164538e-01
1.131222280219794207e+00
1.072359626002989286e+00
9.402027273945617880e-01
