-1.014696152930049555e+00
-9.489296897173671308e-01
-1.187497561165975046e+00
-7.393142869197655287e-01
-8.278513327070390337e-01
-1.096136956652316252e+00
-1.087701617026950673e+00
-1.186279297911647435e+00
-1.099520263766386563e+00
-8.608060094733309686e-01
-9.754220715318125956e-01
-9.983573211835047312e-01
-8.844721872050018696e-01
-8.550253811445471808e-01
-1.116134708828789845e+00
-9.472722658275877228e-01
-9.713698018319931737e-01
-9.977815408452246349e-01
-1.089515240307166177e+00
-9.213652221322038427e-01
-8.800050796353361404e-01
-8.900589336568258680e-01
-1.045112434477707852e+00
-8.637751059262870346e-01
-1.092449693447919978e+00
-9.568030847839459341e-01
-8.690676624139662687e-01
-1.058946978067422995e+00
-9.403163037144597336e-01
-9.810192390496769166e-01
-1.023384558862889149e+00
-9.941419335657518674e-01
-7.926439119696468971e-01
-9.105318940555258145e-01
-8.499623636066511168e-01
-7.844307139058983580e-01
-8.017874317113473648e-01
-9.193485941891801350e-01
-8.007545686807128194e-01
-9.451200163826414258e-01
-8.887566871659061674e-01
-1.090839812596871905e+00
-9.109857484555302642e-01
-1.056261583656095793e+00
-9.507138646364133860e-01
-1.003189055758779702e+00
-1.031638830111069716e+00
-7.362371328058436859e-01
-8.578670227414325611e-01
-1.010966508008795062e+00
-9.942402660713921536e-01
-9.680999864716646197e-01
-7.937066936181959020e-01
-8.817434444627938461e-01
-9.587964605479746272e-01
-9.686903733324557786e-01
-9.552489761560306603e-01
-8.673736290352421774e-01
-8.378660391558192533e-01
-9.528920141160531765e-01
-8.144578774215782691e-01
-9.076178786838958734e-01
-8.659065867446577025e-01
-8.415205022911956823e-01
-8.489289231136522007e-01
-9.964837673704480814e-01
-7.072729222183176123e-01
-9.096717765118117471e-01
-9.731879549274214947e-01
-7.527537904943595315e-01
-8.518354106960976946e-01
-8.699979129415165158e-01
-7.253525859682187216e-01
-8.368989393769497021e-01
-7.592426290899721986e-01
-7.948697883093142069e-01
-9.120758458782504130e-01
-8.518520866661289936e-01
-8.516974952223228534e-01
-8.920572732170198860e-01
-9.207434817782468306e-01
-9.118609874139964599e-01
-8.204668620844497440e-01
-7.609134760067715053e-01
-7.883782076425122076e-01
-9.353819891967866118e-01
-8.242598805419665275e-01
-1.014920395344564907e+00
-8.802617072329779191e-01
-9.213549764183499580e-01
-9.304739687487133537e-01
-8.664347155510063736e-01
-7.976031291872189843e-01
-1.006362073178779681e+00
-7.505842794105043181e-01
-7.592838070352951885e-01
-9.220409045572413032e-01
-8.014907975663676520e-01
-7.327618902998498385e-01
-9.448121292366503665e-01
-8.395499875966473402e-01
-8.134262107608098979e-01
-8.082203161879240039e-01
-8.122823491296053966e-01
-8.293844661946491170e-01
-7.627872715853337704e-01
-7.495576001037148606e-01
-6.895589428722584957e-01
-8.801624864190009667e-01
-7.767768751837782482e-01
-7.956098391441620565e-01
-6.702907154430888248e-01
-6.832869955176331667e-01
-7.367711774541049197e-01
-7.719206678683682155e-01
-8.375744794716675212e-01
-7.808956345293170953e-01
-8.472021845465635970e-01
-8.447969513854357571e-01
-7.067921211149847949e-01
-7.280597680314299103e-01
-8.260217405761315357e-01
-6.805841407795659714e-01
-6.329781964515093229e-01
-6.690323463406663285e-01
-6.909684604567999378e-01
-7.185035742083935029e-01
-5.934326895480375175e-01
-6.581825996299129899e-01
-5.474196223325177302e-01
-7.518194660616478453e-01
-5.857174318870521645e-01
-6.547552448514796231e-01
-7.848490443093463220e-01
-6.831941450165319729e-01
-7.302210822337297236e-01
-7.318350607602261970e-01
-6.811224701460248943e-01
-7.119938758974306836e-01
-7.526221826387822222e-01
-6.581025849698505237e-01
-8.539645186311293212e-01
-7.788039100053110175e-01
-7.583814015715751866e-01
-6.671725543496945798e-01
-6.613558394130424345e-01
-6.270511930429888414e-01
-7.012902156397076148e-01
-7.522155671214850736e-01
-8.074508533577191560e-01
-7.301907549130959296e-01
-6.937213013060266054e-01
-6.561102688847442188e-01
-7.944504698382031105e-01
-6.321974031858681453e-01
-5.308228181359464504e-01
-6.865154303921841006e-01
-6.455796417682955202e-01
-5.190957464760870277e-01
-7.496287449375149681e-01
-5.981857927101564831e-01
-5.747813231091803976e-01
-5.289770150284746064e-01
-8.077302082499522307e-01
-7.114337171783479130e-01
-5.620523644817724263e-01
-6.824195955096966637e-01
-6.843988979261259598e-01
-6.987772025843939083e-01
-6.222338110690620594e-01
-5.464334655624951687e-01
-5.938897061800783028e-01
-7.385027842318863112e-01
-6.178209005653695352e-01
-6.894532471901736459e-01
-6.243044704756390839e-01
-5.117968613925857335e-01
-6.513434759139421493e-01
-6.905888708296032963e-01
-6.054294623901244066e-01
-6.481042932067224704e-01
-7.261840257942840937e-01
-6.246190539991011148e-01
-7.140745449523604460e-01
-4.222244051880797433e-01
-5.516403845195878564e-01
-5.650390064984986971e-01
-7.844425848614003938e-01
-7.773219627107010865e-01
-6.475359716971007540e-01
-6.257840848033807690e-01
-7.362710897015726230e-01
-5.464652704692378737e-01
-7.232193887206384009e-01
-5.527463441013253931e-01
-6.887834345604950670e-01
-5.940735631486299129e-01
-6.739331092958231739e-01
-6.912986493274991817e-01
-5.353291754500245636e-01
-6.465986710168618590e-01
-5.583820810577937443e-01
-5.339115376863526885e-01
-6.305690288266312393e-01
-5.500773025906406932e-01
-7.207047147416236754e-01
-6.498425133831399192e-01
-7.155444145783591559e-01
-5.692643945948087092e-01
-7.141117996225017084e-01
-6.203148541573475505e-01
-4.656949012011079581e-01
-6.873377158368979556e-01
-5.182442611381719022e-01
-6.413126219055620414e-01
-3.888112985160963042e-01
-6.628523273612202393e-01
-6.013020637554830072e-01
-5.247871970976069056e-01
-6.423854901154507635e-01
-5.805539242906216924e-01
-5.215992071734739666e-01
-6.249142271539394056e-01
-5.660916199186258879e-01
-4.993313743037971486e-01
-4.923821302995364246e-01
-5.486066204431059301e-01
-5.917400779491182039e-01
-4.242520575513900605e-01
-5.786847129666219391e-01
-6.812116420053306864e-01
-3.704891739540187579e-01
-4.556184859178673552e-01
-7.064067958922940482e-01
-6.088521433824721774e-01
-5.937703356377957986e-01
-6.264008858370506694e-01
-5.291196175115701061e-01
-4.957086155300338137e-01
-4.344136849098926834e-01
-3.961376185532891614e-01
-3.208210445765320995e-01
-5.256908045708553745e-01
-4.515241680453979112e-01
-4.673430312443812573e-01
-5.621778213916686084e-01
-4.982986563367730604e-01
-4.237889503421704007e-01
-4.086395802831645496e-01
-6.371479851327878086e-01
-3.936637043575926809e-01
-4.886453662111163720e-01
-4.947566915117752595e-01
-5.041130798035459160e-01
-5.287478239246737877e-01
-5.440004953960435596e-01
-6.341858275581394588e-01
-4.585844828021997666e-01
-3.462917978658121010e-01
-5.199858996705545300e-01
-3.778626468256664483e-01
-3.764111807359279416e-01
-6.419544909864193238e-01
-3.799639525531733342e-01
-4.294740398344603638e-01
-3.955441031044057976e-01
-5.073742547080638543e-01
-4.261072812249421249e-01
-4.231716076020701212e-01
-4.838059795666012075e-01
-3.802624746751703810e-01
-4.278169734106549438e-01
-3.278355080938704647e-01
-5.066997023446709880e-01
-4.173225471361569072e-01
-4.262948003007910325e-01
-3.409728677590172508e-01
-4.760851150720732949e-01
-4.347035412756384276e-01
-4.157705050604083574e-01
-3.753333007895554574e-01
-4.405093970325181241e-01
-4.973309182600110234e-01
-4.180015970859445318e-01
-4.224472593970252099e-01
-3.771695127308167250e-01
-2.913211021404610301e-01
-3.123962832004850698e-01
-3.422688996942376827e-01
-4.200036373260523370e-01
-3.630735230220585308e-01
-4.365405644522699635e-01
-3.159384681369128423e-01
-5.205947257640503034e-01
-4.294507850899143553e-01
-3.658885274282691613e-01
-3.942990598777579847e-01
-2.548265281298831009e-01
-3.201263326599562697e-01
-4.596053153166989036e-01
-5.373409251895375771e-01
-2.979475274559276743e-01
-5.073851281731216467e-01
-4.771854130561212770e-01
-3.406927736080243019e-01
-4.337319417600888349e-01
-3.103518227383483263e-01
-4.504731093131365549e-01
-5.715966054448888833e-01
-3.607789481982908719e-01
-3.609291116589957715e-01
-3.206183254210042133e-01
-2.737951291433752821e-01
-3.451536060008603690e-01
-3.764844988392975766e-01
-4.026562837479913948e-01
-4.885026756051045194e-01
-3.407445369887854847e-01
-2.278233403039020000e-01
-4.093185504121878426e-01
-4.218585881397521331e-01
-2.464366776951997240e-01
-4.507824390171389362e-01
-3.959766690567624314e-01
-3.303279840268661949e-01
-5.591280963813517468e-01
-3.795056667199543932e-01
-3.430064078399283067e-01
-3.933536128645561125e-01
-2.527119891271502050e-01
-3.480778581012268780e-01
-2.914726150209546729e-01
-3.306565379402101046e-01
-3.663538839956321791e-01
-2.451345198495450961e-01
-1.940866022527132362e-01
-5.501153562881401504e-02
-5.417294076163257088e-01
-2.006151997893756422e-01
-3.433625276405504745e-01
-3.041949219162576878e-01
-2.262955104692934982e-01
-3.081318644694417963e-01
-3.711802774839592090e-01
-4.671472934717827430e-01
-4.393101135343107644e-01
-4.051729005942160677e-01
-3.955804994004415431e-01
-2.362503474471616405e-01
-3.090997877708437924e-01
-4.058103823289884726e-01
-2.747128006829832048e-01
-3.427527146153349635e-01
-2.689192973933684505e-01
-2.773533922535819096e-01
-2.223135819210397546e-01
-4.778571482250742464e-01
-1.784469417689506510e-01
-2.766753210469157787e-01
-3.372107272599901284e-01
-3.998813112076264331e-01
-3.231329373161087593e-01
-2.126062298099079262e-01
-4.931130718439038496e-01
-1.455031798873801796e-01
-1.712545929962827618e-01
-2.572310906577986861e-02
-3.323572909613980442e-01
-1.826443436764140782e-01
-2.843535267269536315e-01
-1.771828747908575918e-01
-3.577707404458967400e-01
-3.092595988552689357e-01
-2.216792317782308730e-01
-3.410000534356706359e-01
-3.435498247042380049e-01
-3.569242324548052570e-01
-1.706666731374930357e-01
-3.194103430419726886e-01
-2.422774681936187835e-01
-3.395658962151692495e-01
-3.055025692426711625e-01
-1.817348665887827397e-01
-2.659687388955885856e-01
-1.773941103883273085e-01
-2.577846308483288107e-01
-8.045413648000482310e-02
-2.784340322967586712e-01
-2.951269499016009878e-01
-1.206086329211511626e-01
-7.976848367007487173e-02
-4.105392891562142377e-01
-2.206037826108806221e-01
-4.030158237717701430e-01
-7.420781098962829503e-02
-1.966907326875714512e-01
-2.616992796364738805e-01
-2.142360716115349617e-01
-1.662023746956047821e-01
-1.721254176236802214e-01
-1.054002758596785105e-01
-2.926590789120205316e-01
-3.155597193115794452e-01
-2.614843328895666286e-01
-1.966319758409600382e-01
-1.930723456125835458e-01
-2.098805845332589459e-01
-2.743407508119992677e-01
-2.061613308916229736e-01
-2.140878040145088312e-01
-2.093532496652735497e-01
-1.838915975591525198e-01
-1.496160776627223354e-01
-2.303288434563047216e-01
-2.288759169035218255e-01
-1.184411092300983459e-01
-1.789676727170334269e-01
-2.762863836987446420e-01
-3.295015334523382911e-01
-2.353051164568918940e-01
-2.632133686152473562e-01
-1.256418741294844654e-01
-8.644395175765796913e-02
-3.120036336980581693e-01
-1.309691280883261699e-01
-1.665820526072273877e-01
-1.104118959805168027e-01
-1.047695088436720878e-01
-1.174369423639776283e-01
-1.291574641159472792e-01
-1.540994729889317016e-01
-2.746275503399198126e-01
-3.318859132060076322e-01
-2.263423142562404067e-01
-1.254045626944930436e-01
-2.325800208668862556e-01
-2.885934509384470159e-01
-2.614557586542861078e-01
-1.715055478536416100e-01
-2.268748182117332202e-01
-1.002147995785451634e-01
-1.544453440054348869e-01
-2.084409147130470152e-01
-1.875854907418515183e-01
-4.744300524305256062e-02
7.875026453420276573e-02
-1.584981950849505550e-01
-1.134091902160821730e-01
-1.545926362352321726e-01
-1.009717411761038158e-01
-2.941076185801159149e-01
-1.977521079552613942e-02
-3.405989436351666150e-02
-1.669687781316902542e-01
-1.855152877027155534e-01
-1.187812614665152700e-01
-5.427987156527518814e-02
-4.734613643893592627e-02
-2.343297351830591138e-02
-1.695128246197567801e-01
-2.050388223376396410e-02
2.709493203769645225e-02
-1.874265095153347105e-01
-4.984327726215478926e-02
-6.189354665500056835e-02
6.393128840324127649e-02
4.542847547299124628e-02
-7.954389008226986357e-02
-6.835833835624609278e-02
-5.591298762982782611e-02
-4.865351651451784408e-03
-8.800800695616374514e-02
-1.118298260464604954e-01
-1.469162029107471193e-02
-1.791519761369208541e-01
-7.715319923266139579e-02
-3.485406192217706516e-03
-1.152418767065784173e-02
-1.367459767476512933e-01
-4.519676786587446034e-04
-1.504525937072084818e-01
1.968463012954071133e-03
-5.096004805721029984e-02
-2.653446985332374650e-02
1.000345805845434810e-01
1.971440652161626783e-02
-6.638362774164717484e-02
3.636578314094344316e-02
1.086479504657611589e-01
2.436424237820782393e-02
-2.967732961547297349e-02
2.618921670754747674e-02
1.288725162504907318e-01
-1.410633063206888638e-01
1.148090821916879362e-01
3.440710293071749803e-02
-5.798999569098670093e-02
-1.457936125852126071e-02
-1.149924392850748822e-01
-3.936716304974030578e-02
-1.139438087018738860e-01
-8.880340726634726456e-02
4.037592438444287390e-02
-4.618351900762340118e-02
-9.373900610572138969e-02
4.971784385523694491e-03
1.393229445807450118e-01
-5.603054013431679053e-03
1.781591933991394650e-01
1.142376196614239836e-01
4.777189673882500411e-03
-4.725296984656036231e-02
6.723099262240782303e-02
-4.261162483942812669e-03
1.304826317586700417e-02
-9.372844988852858938e-02
-3.213826268475800801e-02
-2.086587589519377575e-02
-1.399948499954975500e-02
2.444352663530360847e-01
2.660730036660566983e-03
-7.825375733744206752e-02
-1.851009022431847860e-03
3.612976629229412706e-02
3.927920003210805255e-02
1.042246674845814097e-01
3.622847370547236344e-03
1.603953720758614365e-01
-5.582914738340877953e-02
1.089716437447281194e-01
5.370873561471759677e-02
1.121108484196965127e-01
5.617179569237622239e-02
2.345227116543261991e-01
2.011195657428884731e-01
-4.243805862261221251e-02
8.813066162211287413e-02
1.026760661689934545e-01
-2.821089352812707063e-02
1.183337011836810837e-01
1.774736454690031551e-01
1.130860506006259453e-01
8.096746127248627412e-02
1.857062711484909756e-01
2.022263483492904579e-01
2.149384325547785690e-01
1.466933930699975963e-01
1.726826705438764542e-01
1.220988090036211060e-01
9.124821215053416368e-02
1.190679583425033605e-01
1.474876466091130239e-02
-5.462658126544891329e-02
1.330466947997904770e-01
6.377537496526645977e-02
1.669234390718758454e-01
2.390086836962848904e-01
1.187366801322927157e-01
2.059998945364782952e-01
5.207400216370644541e-02
4.410984685382580983e-02
6.514371464499994768e-02
1.286282799504472329e-01
2.504625848450436343e-01
1.645053467422645799e-01
4.763422874664390710e-02
-3.705789313373747396e-02
1.346342159524830107e-01
1.198409334086087547e-01
1.296630697611659833e-01
-2.013641704567213989e-02
1.929219211403312428e-01
1.032870468869216407e-01
1.215794267120528654e-01
1.482841883092035906e-01
1.901809069473911207e-01
1.944660443131982497e-01
8.304296933780179468e-02
1.696817483926212899e-01
2.626203904655419197e-01
1.279887193437519721e-01
2.387879490851596287e-01
1.680746559544342156e-01
2.260763432712966925e-01
1.616275541230060842e-01
1.235504470865540910e-01
2.161480361907809067e-01
1.472193950060811107e-01
2.244783717491459496e-01
8.772281638650776536e-02
2.093303108474044716e-01
1.812914020661284265e-01
2.994083498782528774e-01
3.006547711048905280e-01
4.431465801385857384e-02
1.618152427032107932e-01
2.673924884964394288e-01
2.878197005009160425e-01
3.559440085304414469e-01
4.800404756799202949e-02
2.132075812605952747e-01
1.810341644415463802e-01
2.131037301250729155e-01
3.109431842561753978e-01
2.933254045148949718e-01
2.120273830998739562e-01
1.030078150273371768e-01
3.436033914726018268e-01
9.431498108828650917e-02
2.963027246174799734e-01
1.009890174540844371e-01
1.931490631196773611e-01
6.960464184596888704e-02
1.886968805833031948e-01
1.665449096021528186e-01
2.853780968170877008e-01
2.047060614791971211e-01
9.673376872936743920e-02
7.901065086640239599e-02
2.862978619545605841e-01
1.432289273611188907e-01
2.537889355367604627e-01
2.536446320675859178e-01
2.450913269160204799e-01
3.077652620270674433e-01
3.621088417015191907e-01
3.194360827899602739e-01
2.610454407594385295e-01
2.830328076057964104e-01
2.185025044156958529e-01
2.439111537202324764e-01
1.976360446685541117e-01
2.886299479219813779e-01
3.502239090066954774e-01
2.219228909529668281e-01
1.199054572760479276e-01
3.912677194613490284e-01
2.131753972336663250e-01
1.777333712314078662e-01
1.719595173910145880e-01
3.650642004832964083e-01
4.696514227430632626e-01
2.626147285431039147e-01
1.131515148050236674e-01
2.945060215976467166e-01
3.106742545368746389e-01
2.332018972430833503e-01
2.403941381540828648e-01
2.523375364539320875e-01
4.638645233511470845e-01
3.421272836494791969e-01
3.241458851894687410e-01
1.642979846874264016e-01
4.117080737807872204e-01
3.463685240981498881e-01
2.703237227680853061e-01
3.233670648599470954e-01
1.722912108026289912e-01
3.018897463468484532e-01
2.621779811797996240e-01
3.076734013255102984e-01
2.556477256337298942e-01
2.255169827445459019e-01
4.740112275344691706e-01
3.370482773025105794e-01
2.213856549825184705e-01
3.665389748801062830e-01
2.366684604632901812e-01
2.953381047639213608e-01
2.285509080445770336e-01
2.446312165159262308e-01
2.252866050111569651e-01
3.755479226769202206e-01
4.096973781059573549e-01
5.033839913823187073e-01
4.514217337383343298e-01
4.033020620485126551e-01
3.194668192127110284e-01
3.850878270676700854e-01
4.438930532404415930e-01
3.337477041989366233e-01
3.576827565422407429e-01
3.890939363164646614e-01
3.655019885970183235e-01
4.520348471558466863e-01
3.319992699759647392e-01
3.328653056676175170e-01
1.310408039195222751e-01
3.968010745836512143e-01
4.072628539220013999e-01
4.444520923684076585e-01
2.653620528751032270e-01
4.907544085146779977e-01
4.097474616785489743e-01
3.952329765045850540e-01
3.854918299920755409e-01
4.055819936075288346e-01
3.461367612724550180e-01
3.285097571192976407e-01
2.661495424923309150e-01
5.632251159092797055e-01
3.229141084182238775e-01
4.690630809779394172e-01
3.539875756715378796e-01
3.327508883182159205e-01
3.734460043011196273e-01
4.758554475045313481e-01
2.899234518651513937e-01
5.322975317679466967e-01
4.080742813381555423e-01
3.255552377426912947e-01
3.721318477659437129e-01
4.962714655930403618e-01
3.779598791298313665e-01
3.648426549879742464e-01
5.103743955473374339e-01
5.002078986586403486e-01
4.444933590982965699e-01
3.134523560272219900e-01
4.813920426376573358e-01
4.324443486403545256e-01
3.547644068703474929e-01
3.671638565870599669e-01
4.298923954426874250e-01
4.701535975614171692e-01
4.001721488946926586e-01
3.403132496839890164e-01
2.699142516471053632e-01
5.800057816423241919e-01
5.244977395304319945e-01
4.734298621842928378e-01
5.350223282989643447e-01
4.587387616719619254e-01
4.438909935714245858e-01
4.660771050272762284e-01
4.908393079871536391e-01
5.131932677808628274e-01
5.699520818277968859e-01
3.641407831442215470e-01
5.235047345787021689e-01
4.719239813148959906e-01
5.760298806786054993e-01
4.568432635131979835e-01
4.221774799724054561e-01
3.866735146657717115e-01
4.761926262185632308e-01
4.337357626052988357e-01
3.931066219202439260e-01
4.513869877089172755e-01
5.595977553519864145e-01
5.577105135492437249e-01
6.296151907669040870e-01
6.180489017699148935e-01
4.880022677566920319e-01
4.856452660210103800e-01
4.855115772242235561e-01
5.501740852325892606e-01
5.322814713280120680e-01
4.587190105219073333e-01
5.559895070967472153e-01
5.526952234191189195e-01
5.513789300708721308e-01
5.771441848235243643e-01
6.399642863844074991e-01
6.546082334572157491e-01
6.624712299956052597e-01
4.993250074532932237e-01
5.213908522597220374e-01
5.367635025361860990e-01
6.063536793152293214e-01
5.479831687079737002e-01
5.114442575384779976e-01
4.115519216559431759e-01
5.506416539096425922e-01
5.996805237363412866e-01
5.627930098888936916e-01
4.651583337574248800e-01
5.686785180238665971e-01
4.037519671984596270e-01
5.591897863487635956e-01
6.289730236072864633e-01
5.133743265757059193e-01
5.770721331940064092e-01
4.846396351774686084e-01
4.420504704439267019e-01
7.125613681078151185e-01
5.350760852752931562e-01
5.147021359545294050e-01
5.545705100786876285e-01
7.707436081022750463e-01
4.227914560560965263e-01
6.566681956678849241e-01
6.196512505236788648e-01
5.378455225578646637e-01
5.916295813767027401e-01
5.758046102383393983e-01
4.975824441635360862e-01
5.472716732282427721e-01
6.099891044571491561e-01
6.175515606721013739e-01
6.432241037315120646e-01
6.558376677084414297e-01
6.615767226755445707e-01
5.001209628526859241e-01
5.029602108533639537e-01
5.951087971126254317e-01
7.001616947615304509e-01
5.345261588614764747e-01
7.816058290774524631e-01
6.019662040062854214e-01
5.413073842303282035e-01
6.691552204121623548e-01
7.153646699456723823e-01
7.208726240917615602e-01
6.274519352749881040e-01
5.563963853706196394e-01
8.043749164245334038e-01
5.877088697204162493e-01
5.816414276108883286e-01
6.635541293624099835e-01
5.551989995487000007e-01
4.698715098325835227e-01
5.609073119379994754e-01
5.975743697914743802e-01
6.370765319642374136e-01
7.093467169499056979e-01
5.426109478487471938e-01
4.978954934680733801e-01
7.287775681666328609e-01
6.585335389968239861e-01
6.290125753632767047e-01
7.494350814165586794e-01
7.101666420952507108e-01
7.265718597371452203e-01
7.222323014712355160e-01
6.616559751763648745e-01
6.423859293292344397e-01
6.805710614528225344e-01
6.519505324554384362e-01
7.340036698449355912e-01
7.214517733932969135e-01
7.608828063955592746e-01
7.551152515686273548e-01
6.291786946250237378e-01
7.327063748488926720e-01
7.351332414086564349e-01
6.572221272425445848e-01
6.957897759233827584e-01
7.081577817052105983e-01
7.749860359533518039e-01
7.580512082256898321e-01
9.024421421302388779e-01
5.388132790978559239e-01
6.491424705399226891e-01
7.357756281028950962e-01
7.174397017863137771e-01
7.158651372341688912e-01
6.930138094540068128e-01
5.391958921836154106e-01
6.929020908695914249e-01
7.996978991948949789e-01
7.947527841047357100e-01
7.155467693575884303e-01
7.061370503733988002e-01
7.628976903222108863e-01
6.336553013356975850e-01
7.013958797410759782e-01
7.475590350018185282e-01
7.087090258478031535e-01
6.125744507631071256e-01
7.456688575314880385e-01
6.998394596140685708e-01
7.214757034644978528e-01
8.770590431638782825e-01
7.701710195897031319e-01
6.570660273006668772e-01
7.857330907183385227e-01
8.481776622999822601e-01
8.545082574307867329e-01
6.675131545106945952e-01
8.802438969968050531e-01
8.351630580832466455e-01
7.726835448002691287e-01
7.123272025426997667e-01
6.397483448066818568e-01
7.560800585219376035e-01
7.213949568799143952e-01
7.715491569761929735e-01
7.963018927370785205e-01
7.696345559231168032e-01
6.689032925312735633e-01
8.593543741715055084e-01
7.993576572583694917e-01
9.183990224360556454e-01
8.012141108505289600e-01
7.204161097579960815e-01
7.187077462688069573e-01
7.878112525383296205e-01
8.060562837144497061e-01
7.314045086672039675e-01
9.025081743653133870e-01
7.979350124951601897e-01
8.132247192501834698e-01
8.771335965200475204e-01
9.139058627638085852e-01
8.442472666868041653e-01
7.432338387847926553e-01
8.678507294083346313e-01
8.909689121999492256e-01
8.461777356850109788e-01
9.638903197166434067e-01
7.850300900235257506e-01
1.092649262154539835e+00
1.010338705238480905e+00
8.201456645693611103e-01
9.596090652825385314e-01
7.865532608123328995e-01
7.593768433561373099e-01
9.279018694420700930e-01
8.598612504049467642e-01
8.444663583547318275e-01
8.984963159223680051e-01
8.245572009538669755e-01
9.229295129165112632e-01
8.725370351232240029e-01
7.632127381550189993e-01
8.500053858874820900e-01
8.857963784735249924e-01
9.360521726154986677e-01
8.625059083310380181e-01
7.988648633671581178e-01
9.607129770859260676e-01
9.151244450078179771e-01
8.997620050238518408e-01
8.917003676454611227e-01
9.353763041306724091e-01
9.251274006579469633e-01
9.500905962124267523e-01
8.921250971141396757e-01
8.935320623587053035e-01
9.127590478321796486e-01
1.007149523426861704e+00
1.087793120707266414e+00
9.541137493742959386e-01
9.799039479044588941e-01
9.272282434408830598e-01
1.009345077826070858e+00
8.198781846365558179e-01
8.411213481533272862e-01
8.028941849973649791e-01
1.053669606140591686e+00
8.329988065658707752e-01
9.289657507132037528e-01
8.551410179903310427e-01
7.710169574994537589e-01
8.454853378533058184e-01
8.062643740474324527e-01
8.996292586009559944e-01
9.044383005313738622e-01
1.077076045584431041e+00
1.033967057269939538e+00
1.016318469100771393e+00
1.096254015386594283e+00
9.476584291073759658e-01
1.056357542630087520e+00
8.559116186022595052e-01
8.648141857348927708e-01
8.598479175491350324e-01
8.774993823430342621e-01
9.791420568522019030e-01
1.046443444906001607e+00
1.048312925563067655e+00
9.424704873902770563e-01
9.285593793918542893e-01
1.016998804247245536e+00
9.012379576998058583e-01
9.733208097567219719e-01
8.539020038412142855e-01
7.692611489569232130e-01
9.601197867235644612e-01
7.922174383712595747e-01
9.381625933254704730e-01
1.100426577537821915e+00
9.048907815019233691e-01
1.039803551916256286e+00
9.411794536074036266e-01
1.050421568814484674e+00
1.052822154859080817e+00
9.832993368508553544e-01
1.091779368055695754e+00
1.037894997468559177e+00
9.781883791990019228e-01
1.092746374709385737e+00
9.693461674628590652e-01
9.933011022794714373e-01
9.764795480475699785e-01
8.757050851499423860e-01
1.091083479606582252e+00
1.070226197561779946e+00
1.038358788749615735e+00
