-9.765447812004379724e-01
-1.008658732498767696e+00
-1.036854631042998021e+00
-1.137346865892760350e+00
-9.834945090139803892e-01
-9.197902849256321955e-01
-9.111105971225539335e-01
-1.076826216610975440e+00
-9.689836460625348424e-01
-8.170128968854436513e-01
-9.885380261045372263e-01
-9.027175996130396562e-01
-1.037245588533668661e+00
-9.170574065456730262e-01
-1.051384922336528138e+00
-9.001856732610858947e-01
-1.031692603984851520e+00
-1.027533326536860470e+00
-9.396971948454156953e-01
-9.635777086361800858e-01
-9.103935784914225504e-01
-1.028588917025125227e+00
-1.100718639005698662e+00
-9.617470780274932629e-01
-9.059904147330041235e-01
-1.019754382453358144e+00
-1.021431649903570271e+00
-9.887810673288713881e-01
-1.126327700945825017e+00
-1.052833465604894325e+00
-8.747931036072349453e-01
-8.965681344305057587e-01
-9.013861779333517399e-01
-9.776221353298316652e-01
-8.886979807905669437e-01
-8.862740686828144421e-01
-8.796285698898922423e-01
-8.280500015888788701e-01
-7.628765823376151278e-01
-8.637720828031935083e-01
-9.231059541658453993e-01
-9.776538875728558731e-01
-8.295525738160882678e-01
-9.746416134567189582e-01
-9.339451032813969045e-01
-7.591005251362947792e-01
-1.188603074841201090e+00
-1.074462012651129950e+00
-9.474425760559996856e-01
-8.719655270634029121e-01
-7.611424338769868791e-01
-8.850194418290705523e-01
-9.546175015554100307e-01
-8.018135759226274750e-01
-8.927930589555016505e-01
-9.989956955747711920e-01
-8.611672257977069922e-01
-8.900696697602652474e-01
-8.463941088156692327e-01
-8.075045619942768926e-01
-1.060044338580315770e+00
-8.100133894129805112e-01
-9.818335683714626283e-01
-8.917931396529367172e-01
-8.300684546521313045e-01
-9.223849103151073869e-01
-7.980056094630971764e-01
-9.247990538207838673e-01
-9.008488699739022332e-01
-8.564488671934311625e-01
-9.238159399122224391e-01
-9.543098349681731207e-01
-8.323429866343826644e-01
-7.744806369177140715e-01
-7.524933260954689285e-01
-7.241034006464063255e-01
-9.164383533415183525e-01
-9.185352803451488635e-01
-8.285396954657765489e-01
-7.648715030481697541e-01
-7.146892624918885772e-01
-8.295547902634772264e-01
-8.708318982270976116e-01
-8.013809060292911290e-01
-8.588550842118205519e-01
-6.833790216785589067e-01
-7.132588614217992840e-01
-9.601237142788556778e-01
-8.495829596417624474e-01
-9.243149891520217043e-01
-8.640280397994639650e-01
-7.462404027575409993e-01
-7.349760277832597666e-01
-7.473760872655861309e-01
-6.653888276681755309e-01
-8.532625022406106208e-01
-8.674788797429338061e-01
-8.413810515772049969e-01
-9.025116743453600598e-01
-7.827026476781743236e-01
-9.070616691284831834e-01
-7.490556525921253650e-01
-7.662525363403550616e-01
-8.200567994910529235e-01
-9.055450023031285101e-01
-8.006067887923203896e-01
-7.997993910729599421e-01
-8.406270276048209977e-01
-8.686456016991399576e-01
-7.793951399080134568e-01
-8.811880261750514309e-01
-8.238289429688977483e-01
-7.917674539465658912e-01
-8.916710016950832873e-01
-8.789881626562857653e-01
-7.824810215027628857e-01
-6.947008557822487163e-01
-7.092173751409512894e-01
-8.160708027546605958e-01
-7.967570459550619155e-01
-7.881259593135755415e-01
-7.439878374790358517e-01
-7.804649442125507486e-01
-7.228756785964595144e-01
-7.730999646781435697e-01
-8.739069057385592254e-01
-7.763956456342775425e-01
-7.515218493667147337e-01
-6.908964806278895532e-01
-7.430037253199812675e-01
-7.806130097222887532e-01
-9.947647689149117234e-01
-7.261200786899957293e-01
-8.340707330833467825e-01
-7.735424344970026622e-01
-7.421840974066205021e-01
-7.514030490877008361e-01
-5.935861144874986506e-01
-8.106289919760856222e-01
-5.706045112711808365e-01
-7.989923357889371358e-01
-5.562909768347077399e-01
-7.209033346346109816e-01
-7.538730452980078045e-01
-7.854316114335143650e-01
-6.568781131514073168e-01
-5.431866686796649191e-01
-6.194526780679971978e-01
-7.371307354038686421e-01
-7.932882024024776602e-01
-6.228802713213078546e-01
-7.576062865575727834e-01
-7.476402431754989308e-01
-7.114301332070757100e-01
-6.260865479368562525e-01
-6.912095593456752951e-01
-7.168766102649537508e-01
-8.798674467202354244e-01
-5.268041974583961284e-01
-7.588258557541688321e-01
-7.546003593927885778e-01
-5.486051776429845539e-01
-6.363975245435294914e-01
-7.259163787342313157e-01
-7.095099373165996148e-01
-7.362318898148259017e-01
-6.492805750397886433e-01
-7.476524467323398815e-01
-7.142038953213869501e-01
-6.676855176096341271e-01
-6.238417262324428281e-01
-5.604969452885980585e-01
-6.662026159402936187e-01
-6.135119023111497150e-01
-5.357865325556763203e-01
-5.217785809560542276e-01
-6.284183521879823653e-01
-5.806848965173294630e-01
-6.483416769857148765e-01
-5.913976033229696450e-01
-6.663178940611262924e-01
-6.140086738842900349e-01
-6.312622908290007606e-01
-5.933370500663023295e-01
-7.009722047343167617e-01
-6.588859460747629182e-01
-5.884497725169248739e-01
-6.018762310389932368e-01
-6.173326675172282618e-01
-7.402065333122116453e-01
-6.550057208401556252e-01
-4.466341748123064392e-01
-6.165377992300514753e-01
-5.941823701418820214e-01
-6.253985475665304605e-01
-7.670930315349763218e-01
-7.158140603350178210e-01
-5.522110164559547174e-01
-5.592617771676853256e-01
-5.384594802049975648e-01
-6.082694701474750110e-01
-5.870841906249963937e-01
-6.114464313335451484e-01
-4.448807915078719089e-01
-5.888096762107677407e-01
-7.451681326785128956e-01
-6.877034700440504134e-01
-4.883382415164181922e-01
-6.633360215013662797e-01
-5.937616914893343312e-01
-6.116253407929467256e-01
-7.026112425555862684e-01
-5.217496995680015459e-01
-5.752575839914021438e-01
-6.196266833325655421e-01
-6.921169778197869826e-01
-5.891991556685272080e-01
-4.996303951326111492e-01
-5.859384414748528558e-01
-5.526306074203745089e-01
-6.392206430389169025e-01
-6.121199394451972697e-01
-6.270670514703067244e-01
-4.902167775522606741e-01
-5.820991235192926050e-01
-7.614932272864241014e-01
-7.001014641947895800e-01
-6.204280084029127895e-01
-5.894213819280347266e-01
-6.368081191642835925e-01
-5.352327020016590664e-01
-6.311142121655894943e-01
-5.022679779821511703e-01
-3.943376295129504272e-01
-6.828035408600507949e-01
-4.889265624593286397e-01
-3.739581355163869580e-01
-5.039953253177359427e-01
-4.627427484527196211e-01
-5.538295368925681972e-01
-4.501190024442852100e-01
-6.556056367731626366e-01
-4.099417794573499418e-01
-4.764647171201325526e-01
-5.914312580162200961e-01
-4.869923670160459794e-01
-4.466561538548878829e-01
-4.062983838260859071e-01
-4.601430548279117350e-01
-5.097319650392213575e-01
-5.028672107109674050e-01
-3.859468183835499944e-01
-4.502384322714480525e-01
-5.239300646543804119e-01
-4.317879604312105379e-01
-5.817615997451061061e-01
-5.207194507832082486e-01
-5.390506716415012223e-01
-6.854150169227648526e-01
-4.487888736598496520e-01
-4.254342337050356915e-01
-4.131573836769723007e-01
-5.542681427088018697e-01
-5.204449514940893140e-01
-5.143592265591195867e-01
-4.686706866364866442e-01
-4.794064722731056771e-01
-4.798577636503132959e-01
-4.792246260720980366e-01
-4.555344195222548742e-01
-6.041627135855924813e-01
-4.215860168383299689e-01
-3.856795335752674636e-01
-5.049233438632019233e-01
-4.561181107352282882e-01
-3.659114731481530880e-01
-4.325129789882211084e-01
-5.070938519437966363e-01
-3.326676891036791650e-01
-4.087923151973542057e-01
-5.464762516117237512e-01
-3.178720052695856446e-01
-4.872654306555684878e-01
-4.711803148197967750e-01
-5.142385042035920728e-01
-4.337696580954225611e-01
-4.333134568141684961e-01
-2.841952204149774674e-01
-3.901370747600709232e-01
-5.084403623385995719e-01
-4.331039267470687681e-01
-4.660830834777734966e-01
-4.060791153942347465e-01
-3.638738072650181676e-01
-4.178303629555457088e-01
-4.835064454341619911e-01
-4.177383419326131109e-01
-3.933963837031131394e-01
-4.544356080126027431e-01
-3.641464055929645727e-01
-3.528177158447274864e-01
-2.462301382984749265e-01
-5.034193053872212387e-01
-4.765605637569828579e-01
-4.194856542846947534e-01
-4.356426381935615266e-01
-5.588702941949169611e-01
-5.540402314480186163e-01
-3.986663974096256724e-01
-2.443315442036767260e-01
-4.179463994654684100e-01
-5.427832203881229889e-01
-4.178524662405129764e-01
-2.962882444875323262e-01
-2.895146177368714824e-01
-3.543080974855620791e-01
-3.355163168288616826e-01
-2.887435314077583248e-01
-4.483261190056928025e-01
-4.268588283501176806e-01
-3.129572842344950923e-01
-3.345801730358697879e-01
-3.729418759685513840e-01
-4.501720512982546052e-01
-2.831988288723655822e-01
-3.331341854427091742e-01
-4.838528124921985807e-01
-3.814860948322895129e-01
-2.414010478465382914e-01
-4.097511302226082841e-01
-3.914877218320780838e-01
-2.683121250334168373e-01
-5.187367370670821209e-01
-3.783982283794490864e-01
-2.711291042027726417e-01
-2.825493026107133154e-01
-2.908684684061401682e-01
-2.710597208701185923e-01
-3.077389941333151802e-01
-2.802786409532806444e-01
-2.377119068877743824e-01
-4.197623278434940985e-01
-2.449248633860913738e-01
-1.471307009983511549e-01
-4.740139574998422090e-01
-2.154601584162615380e-01
-2.170277064681927215e-01
-3.275984897653789751e-01
-2.172994029901227087e-01
-3.639112202681877295e-01
-2.670324409079701811e-01
-3.174901570826940689e-01
-2.383927268971112734e-01
-3.205994211737977495e-01
-3.563655443927336020e-01
-1.998632460416006340e-01
-1.928891367502993948e-01
-2.370072737785192118e-01
-3.154926812165314565e-01
-1.377292736352020708e-01
-2.521687299555614437e-01
-1.570552285810212223e-01
-3.214815114879144842e-01
-2.714098102281738423e-01
-1.932034555820295318e-01
-3.854724077323070097e-01
-2.990086140427111738e-01
-3.924296207212744081e-01
-3.753166585259115617e-01
-3.527694859374898018e-01
-2.226340269629434321e-01
-2.164187642193790007e-01
-3.619550537968404536e-01
-1.760848680157105495e-01
-2.227626979581722733e-01
-1.128141411089327861e-01
-2.926105103829494403e-01
-2.669311184628537226e-01
-3.285940999689164754e-01
-3.759107149178782525e-01
-4.549590713344726645e-01
-1.834119520894851862e-01
-2.399877921158893035e-01
-2.592614112652057989e-01
-7.864391001743686882e-02
-2.243854276559806293e-01
-2.582616187240787675e-01
-2.079973363899201011e-01
-1.902661624454431710e-01
-3.106559976226293540e-01
-2.443405209034971715e-01
-1.900823050490470234e-01
-2.280235312374503387e-01
-2.267807973728544479e-01
8.600816756943784405e-03
-6.509129670156438285e-02
-1.560197975004423976e-01
-9.477558071429592612e-02
-1.842669599797334412e-01
-3.086792347291639205e-01
-4.231465675428253831e-02
-1.297979624515652464e-01
-3.655149366666619881e-02
-3.081833482483155584e-01
-1.106166909051462671e-01
-1.762513081712932805e-01
-7.287290578127661456e-02
-1.109641672110587007e-01
-1.789022324926791141e-01
-1.455985842340886960e-01
-3.021549222519358535e-01
-2.159943772665863237e-01
-1.576767171093643172e-01
-2.990366892996498271e-01
-2.523493344515600478e-01
-2.261106882017512032e-01
-1.282960247042638779e-01
-1.388280761172822897e-01
-1.572752137125119909e-01
-3.593949338237296121e-01
-2.325177318653275371e-01
-2.631719631757948319e-01
-6.157569610851838793e-02
-1.803493115410271519e-01
-1.543340032399688200e-01
-5.875296606677155031e-02
-9.859658704474413837e-02
-1.963200296928679367e-01
7.949573784726670506e-03
5.073582614764002297e-02
-7.432186641436426544e-02
-1.073704781816100379e-01
-2.824937841232657010e-01
-4.469312647806197858e-02
3.653017567919206177e-02
-1.890095114978692648e-01
-1.987589215929566611e-02
-1.347837954534069349e-01
-9.631535385577688624e-02
3.133764779711614712e-02
-9.784479445423120703e-02
-5.548668735361826643e-02
-1.325327165775705973e-01
-2.363933209469091246e-01
-1.485866982312244733e-01
-1.359982842732990749e-01
-8.512004905745856886e-02
-3.196853599426172782e-02
-1.243968070963699796e-01
-1.766180729172660280e-01
-2.722520732550336511e-02
-4.385038275236499694e-02
-9.323580243096175890e-02
-1.049656243223358737e-01
4.063406617469653842e-02
-3.716960963764530390e-02
-3.625827163409407056e-02
-1.541627639604567779e-01
5.331638151317070508e-03
-3.754679968361773063e-02
-2.712628927311609359e-02
-1.935467402499489176e-01
-5.832632134156414544e-02
-8.401741234399988378e-02
-1.805616661498698206e-01
3.404285401549306256e-02
-2.449185827727347886e-01
-2.529500658895209378e-02
-2.952214566423471132e-01
-2.896557522311847890e-02
-1.514182698363393254e-01
4.569035843461403262e-02
-1.324795079533137299e-01
-4.759012848499893922e-02
-2.203484931677107683e-02
-9.461713629942164472e-02
5.227846989107935022e-02
-2.582920422811655140e-02
6.446303022743442301e-02
4.814214416391399132e-02
-1.785864852144191939e-01
1.105426115812471570e-02
-2.134965434779681204e-01
-1.051039048156932332e-01
-2.196424874980616032e-02
-2.682684963253957611e-02
-1.090455461821502204e-03
1.193943668484871538e-02
-1.966524056818889574e-02
-3.489086371060945435e-02
4.513992282159242503e-02
-1.659100864534809039e-01
-3.803158043958685536e-02
-1.318447477017835601e-01
8.658044860901670248e-02
-1.649020450756686351e-01
1.165312623387508573e-01
-2.914341170183376573e-02
-7.263061186741509578e-02
-7.893842644824182464e-02
-8.651648716035335862e-02
1.336063081460091839e-01
-1.455325191562997778e-01
4.626598654121390208e-02
8.878632214218644403e-02
7.671855632575825916e-03
-2.404939561604388029e-02
-6.147980421410125657e-02
6.951340786311151210e-02
-1.026346574279363710e-01
1.234209976099001453e-02
1.633854804021085683e-01
1.658214346605715317e-01
-3.529099536624599048e-02
1.083245852046793439e-01
6.305248915567315815e-02
1.661255369871442733e-01
7.459273258903084680e-02
-3.469763796792760258e-02
-7.629343757388380720e-02
1.268437460760649393e-01
-1.564994426868226637e-02
4.479674372225763562e-03
6.773284337822658985e-02
1.743434282130829349e-01
9.898510704506492328e-03
1.118151164371402745e-01
-6.888363409034407858e-02
9.113803029130401745e-02
9.632776414475315019e-02
6.457078754463779768e-02
9.836708074956082570e-02
-1.677617964565317199e-02
7.148701321171635481e-02
1.162357357415581688e-01
1.997571869446809478e-01
1.745017520095018815e-01
1.885259884799408148e-01
7.025934079971447865e-02
9.714000050861590352e-02
1.165087584172086882e-01
9.588345305130091187e-03
8.630370935598123336e-03
1.154866565034240594e-01
1.322002653837276442e-01
1.918497506554762699e-01
1.913906371523161620e-01
7.307577870502061923e-02
1.256473391962874839e-03
1.278254509946618600e-01
8.923737496669997826e-02
3.013446246259959133e-02
2.425702290014806473e-01
-9.974477212271381718e-03
1.548620809344131155e-01
1.706072986916301049e-01
3.658919194798406632e-02
1.340170573689457578e-01
1.206464129785668332e-01
-2.125698199430980494e-03
4.712514497115596890e-02
-8.421275688866525222e-03
2.388564610681931100e-01
2.141461849512337201e-01
9.691808050701655741e-02
1.987189587890839937e-01
2.304920785809379258e-01
1.133700216154460289e-01
5.325313041417435028e-02
2.353456168085367173e-01
5.046692335789616790e-02
1.993245211968931729e-01
2.239174910691701104e-01
2.024483482796025080e-01
5.693302844714981034e-03
2.338948735157215519e-01
2.661907129633845348e-01
9.828407456204633907e-02
1.794221420498825215e-01
1.052830239577263599e-01
2.447205072892839339e-01
1.808268494525787362e-01
1.448559011193433221e-01
1.749396720721447251e-01
2.403752844745691841e-01
-1.014233196938675585e-01
6.874535583108380699e-02
1.612690066616355444e-01
9.572082686541594221e-02
1.300679746268022796e-01
1.877798988590667628e-01
2.544692420135039601e-01
8.217592978206383902e-02
3.096427802878315982e-01
1.197651732598637442e-01
7.296628094891187410e-02
1.991422282360717499e-01
3.782290946427360745e-01
1.850918712586475390e-01
2.250825249087302915e-01
1.318983727948041529e-01
1.775913870428907915e-01
1.388409711986547113e-01
2.632155996286142385e-01
2.184621328037247012e-01
2.110558645825920121e-01
2.189158398478777967e-01
2.664562551483555253e-01
1.957622754540709054e-01
2.583456977732185855e-01
1.614026161628416556e-01
2.668328731817228294e-01
3.544936127390727054e-01
3.046633172979732462e-01
1.559550427912307080e-01
1.516504118290544212e-01
2.487993612137538446e-01
2.139734943252670218e-01
2.622896442506278403e-01
3.932505959157116537e-01
1.460386757294771798e-01
3.876562861287221468e-02
2.798003929594513606e-01
2.725179389875840297e-01
2.396181661288242226e-01
2.444050610553896441e-01
2.776741055509526768e-01
4.314960258252424352e-01
3.102156585582187542e-01
2.524504363779937477e-01
4.696986299295869971e-01
2.194708337440874901e-01
2.914222660389301778e-01
3.017680642532315494e-01
2.724883992484610773e-01
4.046901856305266110e-01
2.120995301732836458e-01
2.105849170852535091e-01
2.353042665456356319e-01
2.880038297726428831e-01
3.010521214790908839e-01
1.872986881639186751e-01
2.890363645902200851e-01
1.416680381186326831e-01
2.977697357059001515e-01
2.668966668577451018e-01
2.391792522241077412e-01
4.395706817533916455e-01
3.442160890055664391e-01
2.321712382972620226e-01
3.716109592737644463e-02
3.461305319524987656e-01
2.935291415034322893e-01
3.910656465622776579e-01
3.861522681432711379e-01
2.511478639000267465e-01
3.587323014046859271e-01
2.203535413216280436e-01
3.468084659952329063e-01
3.853791772960906692e-01
3.311920087966119253e-01
2.730584874830688791e-01
4.022052046185508045e-01
5.223687143997042259e-01
2.397759557399877783e-01
2.288163283274049775e-01
4.134615497009698770e-01
4.220305765269266041e-01
2.856430059351323103e-01
2.956905755347383202e-01
3.951258868670390889e-01
3.122069726450504845e-01
4.789955059418568029e-01
3.575623749641891891e-01
3.566252339606269528e-01
3.641436186357234761e-01
3.166694662597760446e-01
3.478351172370962030e-01
3.908186681658075146e-01
3.528784791544295474e-01
2.995592389859802473e-01
1.595629154618840306e-01
3.080117637622894478e-01
4.276416425791365050e-01
2.414632182505029312e-01
4.823761063396033721e-01
4.244258003016737058e-01
4.477401819366036428e-01
3.801094544788426455e-01
4.707491455166627481e-01
4.461110561239144956e-01
2.955500517958697393e-01
3.923765398528163972e-01
5.212175682023026946e-01
4.445653620301662223e-01
4.715843372748190765e-01
4.063917725690480709e-01
4.044415415584635687e-01
3.769619469031142422e-01
3.442544636779441003e-01
5.267424630732138180e-01
2.893193588904404701e-01
4.422341431185381477e-01
2.706797162359874109e-01
3.466592450127260472e-01
3.579257539841397828e-01
4.100974348599645825e-01
4.297015186291666677e-01
5.935336861852024137e-01
3.967590712357794702e-01
3.718724566646193219e-01
5.363797477786095280e-01
4.593736784819358876e-01
4.931624864904794459e-01
4.789325489359503307e-01
3.718657271712951240e-01
3.151556760092630860e-01
4.667005077658188394e-01
4.969981560634109119e-01
3.271703592108324843e-01
4.768479689648984499e-01
3.193293668425078446e-01
4.508427698925422944e-01
4.961831581744730602e-01
5.821873813368665385e-01
4.626658812647325703e-01
4.076809888833063389e-01
4.918477380921006392e-01
5.192726126601091563e-01
4.561793275953544557e-01
5.017462260974689947e-01
4.242589080362930698e-01
4.722757540390946640e-01
4.378449837921250531e-01
3.986055834945521625e-01
4.522191066596299436e-01
5.790230930930404529e-01
3.979729729105742631e-01
4.265802050761638431e-01
4.976818045561013371e-01
6.025238628075807457e-01
5.765014759296782643e-01
4.719979847706454734e-01
5.699374527515597144e-01
5.908504795835511914e-01
5.732589434821073748e-01
5.983084550523269929e-01
4.004578628210597180e-01
4.609405492406384863e-01
6.025807310151519713e-01
5.479237345105764101e-01
5.457511360942715051e-01
5.343025520111364113e-01
4.785982122968954755e-01
7.623224715209956370e-01
5.284333179113785972e-01
5.269889706814109287e-01
4.343441620761153144e-01
4.566077211439297234e-01
3.628279516564487661e-01
5.368611287690513434e-01
5.988210399414712892e-01
4.562927324251060957e-01
5.824764073117881802e-01
4.927590999124147886e-01
4.205620785895189950e-01
5.334305948016168086e-01
4.884089842891870537e-01
5.246029534995158006e-01
5.218357130024408042e-01
5.680880565315937769e-01
6.346707822913919550e-01
5.497593520560535296e-01
5.249027483068176014e-01
5.830534067325158221e-01
6.006727878756717987e-01
6.099977886806379201e-01
5.580092642470724229e-01
7.068194877361015926e-01
5.833878056191799111e-01
5.516731702203426790e-01
5.218020507687055609e-01
6.749867941864421406e-01
4.618800049196197799e-01
7.204978675441516822e-01
5.584499081300212664e-01
5.756440421927200290e-01
6.567062195382153966e-01
4.925706421897189102e-01
7.267916704569277186e-01
5.264990696777094303e-01
4.877717360604730268e-01
5.887362735693368876e-01
4.833522613576716198e-01
6.051599847107739238e-01
6.579205180231271211e-01
5.400113757892535116e-01
6.220909011876623040e-01
6.564656752125528349e-01
7.292408646000416717e-01
6.674570778077280053e-01
5.954856356126847494e-01
5.645901414220363401e-01
5.944277671756081904e-01
6.275432075096553097e-01
8.396108239226099945e-01
6.332956720567153308e-01
5.800093258993245238e-01
5.993116944486256426e-01
5.391754749688250081e-01
6.715015208045855832e-01
6.289254203452708802e-01
5.875691440491742634e-01
5.120651302790677484e-01
4.256839325032532040e-01
6.324201058768430528e-01
5.618635943586470782e-01
4.783072527164553556e-01
7.396809239032637873e-01
7.782812576629778434e-01
5.945281382108987822e-01
5.968816643529114563e-01
7.011348659432016239e-01
6.338181140383609691e-01
6.241734846734610098e-01
6.086018152077415921e-01
6.856256630177636202e-01
4.824652457002880368e-01
6.483421525260478768e-01
8.374031356744018328e-01
5.501975216508484534e-01
7.650305232830630908e-01
7.405240292649754030e-01
7.407496485249572826e-01
6.770077751810331668e-01
7.884058761158414530e-01
5.619118547328880720e-01
8.617859546688955152e-01
6.866851474515279774e-01
6.191414180309908755e-01
6.224728909865154813e-01
6.479091094165374543e-01
6.551154648628997323e-01
7.078366491960444984e-01
7.066430498485409828e-01
8.721093143465765696e-01
8.081406366819755549e-01
7.930229280543400483e-01
7.263969959182701164e-01
6.910853734148042493e-01
7.011857257449605196e-01
7.131255236557239030e-01
6.940516294398128005e-01
7.042263034301914360e-01
6.674310367573872416e-01
7.693016563278913811e-01
6.489116045182081738e-01
6.838961048444315294e-01
6.591987550878403157e-01
7.193825218810414590e-01
7.772460392909661397e-01
5.844138268494606381e-01
6.622083081655700809e-01
5.420136188454360848e-01
6.034549951871472917e-01
6.571141640852663501e-01
7.753125781604988109e-01
6.419736951063453878e-01
8.261019967448709478e-01
8.686038423406361453e-01
6.757393747435717080e-01
7.304387230413583731e-01
8.141790674816871132e-01
7.020452788045602466e-01
8.373217998875988055e-01
7.301912648824133711e-01
7.385179027562871479e-01
6.425820340230198324e-01
6.638306694363516058e-01
7.628475210437792864e-01
7.323264448684925210e-01
7.077049465993529020e-01
7.682394404868669868e-01
7.833048285633809060e-01
7.881375090734912270e-01
7.065379675206188148e-01
9.354147009022029113e-01
7.576850841164898265e-01
9.100226957257562255e-01
6.023037538474493857e-01
7.294227139485627287e-01
7.544661873457597645e-01
7.324140497631426161e-01
9.350899992254886328e-01
8.658192862151186109e-01
8.028352389989860116e-01
6.862393026338843294e-01
8.805475316740922764e-01
8.135996400924340177e-01
7.508583602076472907e-01
7.677014359829182899e-01
7.005236177603765269e-01
8.410715946438640511e-01
8.945334280649740455e-01
8.775904040375759330e-01
8.678041402388211312e-01
7.397775038547741433e-01
8.142062624973119833e-01
8.613661438529024439e-01
9.031311898874817556e-01
1.061292538673755059e+00
7.250209922913231075e-01
8.296647476787830655e-01
9.116557128331045368e-01
8.142613090621464433e-01
6.879598698828371939e-01
7.491437532530047516e-01
8.899492425799813144e-01
8.625548062222460066e-01
8.441446614241754354e-01
8.045877768134177543e-01
7.557939620854418061e-01
9.061069721483100414e-01
7.781590994026729158e-01
8.721161205374728942e-01
8.477919032450276227e-01
8.360948581962186488e-01
8.557350408003761011e-01
9.322191052841964920e-01
8.824892465992264512e-01
8.537646710553398188e-01
8.401677947482703024e-01
8.062972213475314565e-01
7.572172817066207262e-01
8.503140666006103743e-01
9.057303422459865860e-01
9.818851153133966170e-01
9.131646855214219372e-01
9.303082291809652293e-01
1.003600050633900009e+00
9.053035930983006629e-01
9.200287784595728713e-01
8.570347982692828603e-01
6.056660390001600280e-01
9.199195024067037263e-01
9.359670537803008727e-01
9.015649972562850278e-01
7.640190554267408674e-01
8.980613745250980440e-01
9.087704865262072884e-01
9.857013417363715835e-01
9.659586169283539414e-01
9.314945578238144064e-01
8.371565092715261835e-01
8.453673998633688402e-01
7.402318362935934593e-01
9.899030554032736129e-01
1.078364638128408215e+00
9.747234035016189013e-01
9.550775773297653926e-01
8.263518201838022659e-01
8.925563031447683038e-01
9.821896141488707377e-01
9.614367831777416162e-01
9.525910492481265424e-01
8.865478452632684636e-01
9.462853161175007743e-01
1.095619705818383638e+00
8.532683066398376592e-01
9.580612797975516237e-01
9.557673906647728979e-01
9.984896263473769240e-01
8.666514018806886765e-01
8.213820946009438018e-01
9.577343793307337982e-01
9.641457891064870722e-01
8.659685850334352120e-01
8.920360349948880385e-01
9.136079669582682916e-01
9.771757124420048513e-01
9.756295789486815195e-01
9.824439681514294254e-01
9.788984802980906785e-01
9.170056987000780868e-01
9.411828463394181776e-01
9.603651286382283159e-01
8.722284591525802933e-01
8.589266004182412040e-01
1.000167949476852502e+00
1.016215369740318009e+00
1.025322192490246476e+00
9.929685077400968174e-01
9.449168119768927010e-01
1.019904133240724375e+00
8.310314417884356875e-01
9.553621235088398667e-01
7.822897954703497136e-01
9.888029180078194980e-01
9.473140555655612527e-01
9.494190517993147393e-01
