-9.875000342298367872e-01
-9.914622642964120436e-01
-1.055645156518999928e+00
-1.131268068766530410e+00
-9.834799252110859591e-01
-9.167397447987499781e-01
-9.513499204996762604e-01
-1.062716892252832945e+00
-9.926292284468640759e-01
-7.963639855911028853e-01
-9.946878273188726194e-01
-9.192514228564330203e-01
-1.020470662976392662e+00
-9.156194625387483743e-01
-1.045078268042883840e+00
-8.904780450433830152e-01
-1.028210140250260363e+00
-9.870320132548268122e-01
-9.355187294518062524e-01
-9.728630853241493348e-01
-9.158734797685464946e-01
-1.024231757919541907e+00
-1.118533218210433722e+00
-9.788505326032690412e-01
-9.003345595346292640e-01
-1.017135465374637393e+00
-1.029161108690589410e+00
-9.891552647729786596e-01
-1.108287251510099880e+00
-1.049545417803718017e+00
-8.765126980453205041e-01
-8.803191090193718260e-01
-9.026851735759989781e-01
-9.821496584363550442e-01
-8.872984483842148995e-01
-8.806821214115874152e-01
-8.887663879310682136e-01
-8.300667293511203582e-01
-7.793401106101337517e-01
-8.896925121125683900e-01
-9.579597326863299456e-01
-9.628695743792611283e-01
-8.074906645402547545e-01
-9.929429810399135192e-01
-9.307895784277974149e-01
-7.597821182018418273e-01
-1.196576181881843892e+00
-1.087859229293649532e+00
-9.410737271543003768e-01
-8.631566094776988995e-01
-7.550042428152069496e-01
-9.134913961918713632e-01
-9.659231328540925920e-01
-8.178772378715087887e-01
-8.974117953326229413e-01
-1.003086805194198794e+00
-8.691711730529412261e-01
-9.010660979105149515e-01
-8.348202567996224621e-01
-8.011543859439647086e-01
-1.045381552676486692e+00
-7.830877456074569753e-01
-9.879075674433531740e-01
-8.578437816675983374e-01
-8.350238392908556628e-01
-9.240645199127877074e-01
-7.958255028740728321e-01
-9.228563202197523907e-01
-9.053118217886313435e-01
-8.760446536514917559e-01
-9.145329184036417036e-01
-9.362077012356355699e-01
-8.445058736365663732e-01
-7.638352395233770631e-01
-7.612590130695829904e-01
-7.232520168178522280e-01
-8.992805026384742551e-01
-9.043115482047580089e-01
-8.187775401333633463e-01
-7.728307312240357829e-01
-7.395425233040735513e-01
-8.409913675148472656e-01
-8.784216620757127059e-01
-8.149392350691082587e-01
-8.533358736044416304e-01
-6.785388640372609359e-01
-7.334338451778367185e-01
-9.454504289743577150e-01
-8.438712195926013626e-01
-9.131380692786740250e-01
-8.461091206406323728e-01
-7.472308080144061115e-01
-7.170001525960283395e-01
-7.455635117521084432e-01
-6.481829281754859506e-01
-8.552550110707625164e-01
-8.594809128127748332e-01
-8.359745645652022494e-01
-8.963108354521236443e-01
-7.789131194610278142e-01
-9.132744126449067190e-01
-7.173021498420508735e-01
-7.569328970468293116e-01
-8.418953017931513072e-01
-8.778902986895958938e-01
-8.263862862945600130e-01
-7.906800065615868789e-01
-8.122691900190780467e-01
-8.832320271760772945e-01
-7.913578306164857912e-01
-8.735747393578815467e-01
-8.248733728108473828e-01
-7.964792245791605385e-01
-9.055081535351252597e-01
-8.677501985081313984e-01
-7.748396114047073624e-01
-6.967239068934297785e-01
-7.143947791861774421e-01
-8.188670550100873857e-01
-7.869090377191778618e-01
-7.862829169778512428e-01
-7.328005655758429437e-01
-7.749872684379860432e-01
-7.000672866203850875e-01
-7.886570815534393875e-01
-8.738511701434903411e-01
-7.529588653358787464e-01
-7.508950739536172092e-01
-6.903665535020027111e-01
-7.536108142787431019e-01
-7.927220045264294912e-01
-9.998439145117130611e-01
-7.448281186333627346e-01
-8.458511795155285728e-01
-7.867897153405687405e-01
-7.661925552429295072e-01
-7.467668052676496027e-01
-6.075653312708706455e-01
-8.128261845581492562e-01
-5.840372017119731529e-01
-8.021730520143116605e-01
-5.697947735827050275e-01
-7.332560453352809926e-01
-7.445016265889387030e-01
-7.848140789604705070e-01
-6.639192589242376430e-01
-5.597360818370621383e-01
-6.176647871272910040e-01
-7.544456890651002334e-01
-7.933615223039248709e-01
-6.121729187250041226e-01
-7.647861438257173017e-01
-7.295595835792432204e-01
-7.004628496790993308e-01
-6.255109094275118631e-01
-6.754586220222151827e-01
-7.018430932757239171e-01
-8.804154196711349023e-01
-5.137574371313660127e-01
-7.632257618068055693e-01
-7.605227065536371844e-01
-5.334318853465497279e-01
-6.236479617732055836e-01
-7.026454569770709258e-01
-7.109734372217026976e-01
-7.332307626097810394e-01
-6.512916821455344563e-01
-7.391065684912144773e-01
-6.896218200682503463e-01
-6.668521907382739533e-01
-6.077126621356624403e-01
-5.579417366230199349e-01
-6.531375631221255640e-01
-6.133405667198073008e-01
-5.435576928721973511e-01
-5.209118119334510411e-01
-6.468688168737619648e-01
-5.862365415438488547e-01
-6.436982036752547653e-01
-6.200550968491049808e-01
-6.811171679884757690e-01
-6.312718360624787195e-01
-6.357741405034343929e-01
-6.013821649642980827e-01
-7.292876150145537473e-01
-6.619716847174704766e-01
-5.729130887004003636e-01
-5.901431491991766531e-01
-6.163742433898016237e-01
-7.573473453555468193e-01
-6.639898501448070478e-01
-4.433834553772166287e-01
-6.108625318774008051e-01
-6.180252707603144380e-01
-6.311850413336278498e-01
-7.672206365336643463e-01
-7.261713208707517575e-01
-5.346906672688610529e-01
-5.653846822881634093e-01
-5.392993325167041441e-01
-6.010311728842842038e-01
-5.839806957934832177e-01
-6.106987885238112090e-01
-4.336977417735677909e-01
-5.630013930769921515e-01
-7.301230626714111382e-01
-6.746137725537552088e-01
-4.968952559457846530e-01
-6.584176876400469336e-01
-5.827662110588458511e-01
-6.094635546606459453e-01
-6.900208523710538167e-01
-5.224040154502092026e-01
-5.626003588842820591e-01
-6.092148258599094923e-01
-6.885286711622686795e-01
-5.891287346613114373e-01
-5.159105304938401693e-01
-6.093427215493326665e-01
-5.490714262078826291e-01
-6.414657296516463880e-01
-6.118588359043706237e-01
-6.842717452148464607e-01
-4.932649518337556271e-01
-5.872071663526469143e-01
-7.468205781485213191e-01
-6.949001592680235095e-01
-6.322870430937409525e-01
-6.072233927200280101e-01
-6.216859024020942037e-01
-5.378440541211063630e-01
-6.259966059853963039e-01
-4.887400883561506260e-01
-3.790536741162792156e-01
-6.751645272237941642e-01
-4.928061838031761455e-01
-3.926174110871170631e-01
-5.111758548619089737e-01
-4.832522298061604493e-01
-5.522038357060914393e-01
-4.558994861226094431e-01
-6.218032839262516154e-01
-4.178247549969679731e-01
-4.813595786511024044e-01
-6.031966835619062550e-01
-4.751478978179954349e-01
-4.417747858986745824e-01
-4.409188198064514785e-01
-4.562366448486387949e-01
-5.241500052239089769e-01
-4.829815919623866027e-01
-4.017617730581080071e-01
-4.510728197495009195e-01
-5.223860482182937082e-01
-4.347811750989457602e-01
-5.817945983029499946e-01
-5.338697652604555977e-01
-5.354512432763759433e-01
-6.879722335899370877e-01
-4.282362260930160924e-01
-4.291811431187492198e-01
-4.020014242732478094e-01
-5.469170293280009032e-01
-5.067485151289232714e-01
-5.323750109582735535e-01
-4.632590714835467249e-01
-4.639868477664791380e-01
-4.809610679592522531e-01
-4.726361314950640047e-01
-4.400831039997351590e-01
-6.075466505307425269e-01
-4.066984678138350628e-01
-3.924349374173582983e-01
-5.224812348505358806e-01
-4.455706209337053636e-01
-3.625038512541911562e-01
-3.955489331571650502e-01
-4.957625155546386275e-01
-3.194669212699354777e-01
-4.049963435927000366e-01
-5.487326583799716495e-01
-3.213853746769270159e-01
-4.918914480879577056e-01
-4.834021012444111864e-01
-5.069081279967254661e-01
-4.373908844581665956e-01
-4.144698852602490824e-01
-2.756083591527727639e-01
-3.763165072461419625e-01
-4.956685742166580533e-01
-4.394216465402074334e-01
-4.459125661607812319e-01
-4.120597810155224860e-01
-3.647827887652114742e-01
-4.022566563886359470e-01
-4.784226515953066694e-01
-4.485049803897758203e-01
-3.955793816181517042e-01
-4.689687239665052410e-01
-3.637699173972828159e-01
-3.532006927299873866e-01
-2.505177547903398860e-01
-5.217726023553758141e-01
-4.731357820305693296e-01
-4.201692342293905646e-01
-4.310034247197463420e-01
-5.329557710415991911e-01
-5.452478840825103479e-01
-4.040824702877097163e-01
-2.431355712782820311e-01
-3.948934285099229835e-01
-5.601564075314788838e-01
-4.355082005056828409e-01
-2.962176079144759888e-01
-2.851143483564701486e-01
-3.787599417277963676e-01
-3.296737293134448521e-01
-2.915780761045966840e-01
-4.665430015717862977e-01
-4.174929824522126687e-01
-3.194521571625457690e-01
-3.441257325832445813e-01
-3.687726556053722016e-01
-4.552456749934848390e-01
-3.030518382059462223e-01
-3.525330967587663178e-01
-4.772548824297958014e-01
-3.611483094756954837e-01
-2.463638277534656029e-01
-3.975521243761508949e-01
-3.865512887141147047e-01
-2.775728084157350062e-01
-5.140018214463840662e-01
-3.691327982739142088e-01
-2.624007953329677290e-01
-2.931627234696817519e-01
-2.868622764106443790e-01
-2.621291681401548557e-01
-2.953276963914991393e-01
-2.469130704964460632e-01
-2.527449975013464911e-01
-4.362501415619354783e-01
-2.406509545114773607e-01
-1.291743538393067825e-01
-4.767001350281051542e-01
-2.071143745258365865e-01
-2.232334037985959918e-01
-3.257149777402383317e-01
-2.020732885908176624e-01
-3.775077368023970203e-01
-2.627567842355560401e-01
-3.150116101576828642e-01
-2.592341972037695008e-01
-3.095191964179394573e-01
-3.554241621939949747e-01
-1.841492563532005911e-01
-1.976663090526079303e-01
-2.303757549026122786e-01
-3.036818529748543383e-01
-1.173166880680478474e-01
-2.293077133503407528e-01
-1.679686028477759829e-01
-3.369905646843475711e-01
-2.756565390606049992e-01
-2.126871033342654094e-01
-3.882078384188177300e-01
-2.859409231190173095e-01
-3.828426355459447206e-01
-3.828390861582643412e-01
-3.669092109270336577e-01
-2.296024095679136678e-01
-2.007745672747120735e-01
-3.246945086318450135e-01
-1.821242375378210321e-01
-2.096624328732712983e-01
-1.365257445723964125e-01
-3.049816147050025128e-01
-2.739567912715995535e-01
-3.150826377936681300e-01
-3.712199611710039759e-01
-4.444019856822165604e-01
-1.933289499796695676e-01
-2.478189583580211741e-01
-2.607861359146251834e-01
-1.006747537629324313e-01
-2.136546894917234762e-01
-2.527439271234279139e-01
-2.083499243751423813e-01
-1.952884357690028716e-01
-3.002458528052829312e-01
-2.459625230409823449e-01
-1.521336014690417293e-01
-2.104447411648305011e-01
-2.040234813986091245e-01
-1.043791851377280297e-02
-5.527518922700910831e-02
-1.702514661682970054e-01
-8.908273231425398175e-02
-1.736428505761118402e-01
-3.147517999232501418e-01
-3.666692186990567343e-02
-1.508098560362819973e-01
-2.452058799211236095e-02
-3.146563187028159070e-01
-1.278490001142644217e-01
-1.779238336227378092e-01
-8.400394225920644609e-02
-1.228751341567620309e-01
-1.811619183424170998e-01
-1.267887504674960752e-01
-3.079098922224484669e-01
-2.305053056355863828e-01
-1.566138438930679277e-01
-3.118011275966094398e-01
-2.095160002959417511e-01
-2.204411480814799096e-01
-1.385980663272193270e-01
-1.332885964058879991e-01
-1.642467474498001956e-01
-3.541085607190105344e-01
-2.259518800991108523e-01
-2.567112833305225106e-01
-8.899339264488188850e-02
-1.945521112796575747e-01
-1.248392233172682664e-01
-5.863012412187164346e-02
-1.003393087135915768e-01
-2.194041553811926226e-01
3.301064987563714654e-03
6.536503568755659688e-02
-7.191278725976368857e-02
-9.956361895393210648e-02
-2.939624631063380011e-01
-3.502719377594538247e-02
2.899748168389275696e-02
-1.914564694128877698e-01
2.210665039010663996e-02
-1.561137427119721754e-01
-1.196223797470108291e-01
2.198074327572223374e-02
-1.123642324994136854e-01
-5.884169039764054060e-02
-1.031694247742148823e-01
-2.447879809904884296e-01
-1.477663812504545204e-01
-1.290250378865443748e-01
-1.048982213172848371e-01
-2.371878011774199244e-03
-1.183533766006141380e-01
-1.753589677227334331e-01
-1.342484656059746498e-02
-5.145971099248077690e-02
-9.279667864647443698e-02
-9.192603444490210496e-02
4.289141560562608618e-02
-4.326468949563304356e-02
-3.989693614544059797e-02
-1.551850242156650184e-01
2.331918144831272161e-02
-1.422603113678234769e-02
-3.566981107907484655e-02
-1.888383749574182591e-01
-6.933941204125169955e-02
-1.108156962276851537e-01
-1.816930800680852387e-01
5.276560550990598564e-02
-2.479613008692018727e-01
-2.402305685039145960e-02
-3.053682871370723695e-01
-3.576682594769251683e-02
-1.592886978389276287e-01
5.345561633802019263e-02
-1.330622625068923204e-01
-4.477741965798773260e-02
-2.770798114342308549e-02
-1.263237763378971534e-01
2.903871727631897673e-02
-2.277267414198000731e-02
6.378448798688406141e-02
5.437648939007880960e-02
-1.928774015254425267e-01
3.083811874398191544e-02
-2.109236673263657491e-01
-1.131119105834379052e-01
-3.759200056699320974e-02
1.221182077366627164e-02
1.779418242069529324e-02
1.584090006173853940e-02
-1.985233684544434468e-02
-2.640419352557279650e-02
1.617758652265507621e-02
-1.506989636153219514e-01
-4.343030462079166404e-02
-1.206413203351285185e-01
8.697412472777170389e-02
-1.669204013003398879e-01
1.192433884592212084e-01
-2.705767040885164246e-02
-6.347295834603816633e-02
-9.639207121321932692e-02
-9.624639247999150493e-02
1.412340132987267849e-01
-1.588080335553483102e-01
3.658595489185603039e-02
8.508783246958052937e-02
9.600155730440351406e-03
-3.722665654468544638e-02
-7.112243897462093567e-02
5.224791854820742820e-02
-1.235767812435477619e-01
2.147839334643466061e-02
1.657369826675819113e-01
1.598311641500319291e-01
-1.589254248095926456e-02
1.031328461562892734e-01
7.872887546197498976e-02
1.796578936611787081e-01
7.907153947142206429e-02
-5.082421677871486188e-02
-7.962080773393974409e-02
1.094792389523759762e-01
-4.846207979857145888e-03
2.190836446077876545e-02
4.531701376527248054e-02
1.752370503671771551e-01
1.922417508872461753e-02
1.245710641028100890e-01
-6.611638379446727054e-02
8.531968813964246889e-02
6.837754972328065339e-02
8.107238437588062951e-02
8.873577915597397059e-02
-3.327308980425292689e-02
9.944118353870050331e-02
1.024117719964256212e-01
1.945813948641878233e-01
1.551086181597333413e-01
1.890236003891962724e-01
5.485227647578418131e-02
8.407874193844722122e-02
1.077761946382698038e-01
1.480023194679859315e-02
-3.880788584592757915e-03
1.052562680029639347e-01
1.446340927187224068e-01
1.996219989858892541e-01
1.998448210496259203e-01
6.417215753735380779e-02
2.577384178910187632e-02
1.255477240913159542e-01
7.738850983068372436e-02
4.620965907858386179e-02
2.486676114847140573e-01
-8.791925453839416482e-03
1.692398164885313139e-01
1.726451297743311353e-01
5.535434177876212558e-02
1.477347623453524605e-01
1.417284155045859528e-01
-1.847709215648653258e-02
5.298195202129038495e-02
-6.098112398277123238e-03
2.434135916857505799e-01
2.051151440258713321e-01
1.125330514087670014e-01
1.992362193821338168e-01
2.280074534256626984e-01
9.461250876941310062e-02
3.851227528279027590e-02
2.393506296074878192e-01
6.170394274377713484e-02
1.767914920010626167e-01
2.220359782822399763e-01
1.727651603895744292e-01
1.959999766219619813e-02
2.235849362242033622e-01
2.625288933087840948e-01
9.983107404173159616e-02
2.087096715944755931e-01
1.074579546381006501e-01
2.243412635975960967e-01
1.937198118313809281e-01
1.146894376841687130e-01
1.775560234719150421e-01
2.636397565396412790e-01
-6.711423678512141999e-02
4.586565161014398428e-02
1.485840679662685238e-01
9.529943537131138620e-02
1.374631645639893540e-01
1.961217379182097209e-01
2.701582397885972098e-01
1.132357465250391215e-01
2.845116665917747367e-01
1.129778369620706296e-01
4.930261791139240596e-02
2.332940281977868291e-01
4.220212801244088152e-01
1.539451285869319341e-01
2.259967075857146623e-01
1.384513027974828281e-01
1.845802083829227169e-01
1.465677443410039194e-01
2.709435537717788112e-01
2.266246810901825504e-01
1.980218911035551976e-01
2.127536778506024517e-01
2.688633088895818757e-01
1.815359054973076924e-01
2.723188183495333092e-01
1.583051152626788749e-01
2.721682500579758468e-01
3.689335355302251762e-01
2.951601322902167035e-01
1.548182824923058643e-01
1.473667935329370515e-01
2.551065694831123332e-01
2.325954502956592840e-01
2.694283124901772353e-01
3.838273998174761004e-01
1.557863790638652213e-01
4.980029766951738629e-02
2.734061097959301634e-01
2.556254865675341437e-01
2.411941661092773248e-01
2.425431609959686485e-01
2.494480054657177981e-01
4.276935180447384299e-01
3.023329793968936863e-01
2.072837999863712810e-01
4.562049991407088334e-01
2.023715221207674220e-01
2.895096846225325149e-01
3.406426994275030262e-01
2.743955735402642260e-01
3.796938995776262260e-01
2.048874131856670833e-01
1.964573334616178113e-01
2.102438765500365125e-01
3.308027209275840597e-01
3.135927113200467908e-01
2.110201558988043513e-01
3.013056125953432751e-01
1.430765843540322824e-01
3.365712061182863923e-01
2.785280222738586997e-01
2.530988762403392767e-01
4.302137570301425851e-01
3.423892448521398402e-01
2.380507055765669067e-01
3.298848701488896196e-02
3.464031555043959876e-01
3.090565081976032191e-01
4.011015870235885017e-01
4.050320226547367009e-01
2.505154543949705825e-01
3.392544280014325730e-01
2.263595621055300433e-01
3.339033650851604418e-01
3.740256137908561929e-01
3.233972319254937999e-01
2.805027615349425241e-01
4.081737933162924437e-01
5.325744487849426445e-01
2.464452406243882177e-01
2.077557708667863157e-01
3.852475485783536380e-01
4.002608317718596709e-01
2.862751289616003447e-01
2.921748446261282495e-01
3.924210088755388792e-01
3.040203888177365199e-01
4.821828137285325000e-01
3.601421823769383468e-01
3.765766869188801880e-01
3.698352613325101568e-01
3.002735187202194567e-01
3.670904477932172560e-01
3.959336020134313072e-01
3.488182708796250253e-01
3.101096224581023075e-01
1.682794683135979408e-01
3.046580197342262375e-01
4.321466857373617576e-01
2.446594684150440457e-01
4.783209006639109195e-01
3.939438630673647856e-01
4.511575946334347997e-01
4.052068442778641866e-01
4.780688142564367138e-01
4.359942905335210672e-01
2.616500928860809316e-01
3.868199144978943238e-01
5.148219896724390843e-01
4.411256955009082437e-01
4.675010041235823088e-01
3.996416979363672795e-01
4.045378635866505035e-01
3.946306014938793516e-01
3.455724537398023322e-01
5.275079942057241400e-01
2.845270544447205396e-01
4.492413421050297506e-01
2.567098625619297358e-01
3.376557414025458947e-01
3.549087019051830882e-01
3.934971565400918192e-01
4.141947430803676888e-01
5.918618501767141105e-01
3.819513591825307031e-01
3.724953476892436943e-01
5.516810197644868019e-01
4.376310230875475327e-01
4.813635177120590414e-01
4.589140350291082693e-01
3.722914493783024970e-01
3.416606232065683701e-01
4.805269567664663399e-01
4.898982997367115622e-01
3.037474915810086662e-01
4.744544859261187186e-01
3.316280179943391082e-01
4.397031649403638220e-01
4.840825884819907610e-01
5.854506463062141286e-01
4.787001927047360161e-01
4.164028878814484136e-01
5.074912964459822318e-01
5.482422768162581450e-01
4.737250993784911102e-01
5.146332760771242798e-01
4.354179851030120507e-01
4.740115602715890830e-01
4.442748615314153215e-01
3.837133584126444785e-01
4.303576747118643131e-01
5.665263231912930353e-01
3.964705722096266149e-01
4.532020986930999085e-01
4.995711884499621780e-01
5.946690087931738589e-01
5.620908508948765370e-01
4.548372934372398313e-01
5.572834990300218339e-01
5.769859155818870544e-01
5.667728262866872369e-01
5.778426266575070747e-01
3.907917717306202410e-01
4.659500578336250864e-01
6.081368345624734717e-01
5.408548606053052987e-01
5.526873731758544794e-01
5.236742450461066012e-01
4.878635008018999408e-01
7.736488823931439995e-01
5.235845978317924532e-01
5.203046325543312367e-01
4.324841968069541576e-01
4.572438066200819606e-01
3.715751742771413735e-01
5.375714125265156351e-01
6.105281944111632386e-01
4.314235805607064544e-01
5.765731164743869153e-01
5.115394230057902503e-01
4.205961086823243322e-01
5.209562233236862960e-01
4.799832660062259282e-01
5.191533995092841858e-01
5.260617007475173468e-01
5.657716862923174439e-01
6.382270364196140910e-01
5.546820783277830458e-01
5.299602983171660675e-01
6.047650548957104188e-01
6.011138720440500904e-01
6.174869460360520312e-01
5.593330272859520225e-01
7.080949245855125973e-01
6.023139980279975658e-01
5.447548808548593469e-01
5.345680739199683007e-01
6.648763457888842154e-01
4.511740305901660864e-01
7.109870769399592172e-01
5.585671179108665507e-01
5.964360640558337145e-01
6.561555476500126050e-01
4.950025024723153089e-01
7.331235302041022583e-01
5.343778483605470253e-01
4.949796600171927352e-01
5.859766030974453699e-01
5.133145444941566993e-01
5.912759246305497873e-01
6.824954611543671001e-01
5.561318112115160028e-01
6.315644584671024075e-01
6.862250431528013062e-01
7.177859889155888684e-01
6.391741028038144812e-01
5.825962137344617986e-01
5.571140632323656749e-01
6.160769976662823222e-01
6.128334395465796502e-01
8.311409479631771680e-01
6.385089528834522188e-01
5.838321399702981473e-01
5.897751861167046528e-01
5.630238211543503457e-01
6.550684465001826995e-01
6.365466664075236647e-01
5.640391328280260907e-01
5.343392856290619664e-01
4.144641429738252225e-01
6.535079119442587237e-01
5.669562199545618020e-01
4.766745112702548415e-01
7.053558999436927435e-01
8.092039594598171570e-01
5.918582891464121420e-01
5.907212021753910358e-01
7.014082722800910608e-01
6.149018987357024457e-01
6.111312109098269163e-01
6.337168375800752429e-01
6.899287258170669901e-01
4.910136998208153303e-01
6.710187709769754871e-01
8.246000003590956418e-01
5.471806067328799372e-01
7.793995218576079687e-01
7.169322696994577804e-01
7.544929595101528275e-01
6.822242115474135282e-01
7.751125909779299494e-01
5.943323847564347950e-01
8.554881826482901852e-01
7.023872898569833989e-01
6.272052133769874249e-01
6.258684838916945825e-01
6.549756412527594218e-01
6.799690856326644495e-01
6.846739474930128022e-01
7.107236812311961138e-01
8.782247407647624238e-01
8.357925270148941488e-01
7.859827821308618123e-01
7.321882147320184497e-01
6.947386625985569886e-01
7.289996377247507375e-01
7.201655593216044204e-01
6.968890074694772396e-01
7.303151345214665691e-01
6.769373309511165226e-01
7.744596260113049135e-01
6.710186975159034839e-01
6.642636704142478310e-01
6.336591581525088390e-01
7.121150868537262646e-01
7.718163046113341030e-01
5.691855643948893206e-01
6.806579031739747876e-01
5.346265911878598232e-01
5.881274401717709877e-01
6.755078511400123276e-01
7.830407437208682930e-01
6.522067187833615609e-01
8.669970755959464093e-01
8.870214442123086629e-01
6.838445315745238506e-01
7.321246200491263734e-01
8.083458290736597052e-01
6.916841628970581413e-01
8.433595159308806544e-01
7.222176101716059060e-01
7.692842700745373685e-01
6.308704444574518844e-01
6.660627053214007720e-01
7.356094758400633093e-01
7.321185438587552996e-01
7.081552557328620878e-01
7.600315186314506866e-01
8.134390564527745893e-01
7.971527394565427471e-01
7.093878460404231534e-01
9.423345910082503440e-01
7.851687548134043126e-01
9.275845186453446356e-01
6.329431245702735742e-01
7.161052922723047942e-01
7.262437841933160332e-01
7.284506161039394634e-01
9.231278025493410144e-01
8.573507982093069302e-01
8.064892046247457147e-01
7.116580014816198396e-01
9.095336941600251635e-01
8.141115675518750816e-01
7.445281007679523944e-01
7.841838508095638760e-01
7.188231043344234239e-01
8.575252904976486956e-01
8.850891106611447068e-01
8.737555337721368831e-01
8.766953785871993698e-01
7.440064148743525951e-01
8.183671355085897492e-01
8.634867893915701975e-01
9.168592753797107919e-01
1.067968622189937378e+00
7.328931909878004802e-01
8.551631433038517915e-01
8.942858624579967941e-01
8.349142286849885464e-01
6.885745725381062776e-01
7.327386171307090912e-01
9.159047992598469135e-01
8.479068573349979321e-01
8.453490734057067524e-01
7.993052365149904137e-01
7.867406415372459882e-01
8.944129251182255658e-01
7.920923452612269600e-01
8.694217467613615247e-01
8.704817034071193893e-01
8.324587738470472509e-01
8.578778206076806967e-01
9.358498541083550837e-01
8.692549271780990461e-01
8.369823333768551255e-01
8.625209289386586153e-01
7.992513195856336683e-01
7.675044325143030033e-01
8.442782414654917966e-01
9.397726270303417007e-01
9.795590070483185530e-01
9.240387424837152031e-01
9.349165768345348848e-01
9.848630517724621392e-01
8.875025487292749204e-01
9.211874387881188175e-01
8.590738584809419764e-01
6.022248168377958288e-01
9.006033331868519287e-01
9.547394257020245245e-01
8.967535544727543995e-01
8.015401939512075691e-01
9.222818727616172163e-01
9.066184832209777111e-01
1.003749792821413411e+00
9.828180789109072224e-01
9.396426005623846889e-01
8.271854511068805760e-01
8.370516143723500946e-01
7.272535824121737491e-01
9.799591505264135805e-01
1.063638660867333607e+00
9.515155148923996054e-01
9.202768179167397644e-01
8.500027509584974217e-01
9.024018103148375713e-01
9.988736289986843708e-01
9.729627696733963438e-01
9.522515783015240709e-01
8.741649484932768610e-01
9.482694378371556709e-01
1.081077298046137392e+00
8.473344590131173248e-01
9.639741647963041560e-01
9.551142799649749993e-01
1.019446895527313046e+00
8.585378564593563189e-01
8.281679472854212021e-01
9.763138963589749197e-01
9.571138548914912558e-01
8.947451739800793558e-01
8.907977345282657167e-01
8.804505531448261202e-01
9.697498199565484089e-01
1.000403413470725589e+00
9.787587898739127379e-01
9.719998388029348346e-01
9.212972420288119135e-01
9.523297105679034980e-01
9.319758124568873203e-01
8.763305003303351048e-01
8.665958214151793237e-01
9.862939802647469056e-01
1.015510840516877789e+00
1.024880021061633339e+00
1.000568493215073351e+00
9.489208729212170734e-01
1.004317839992449723e+00
8.235671406995670463e-01
9.454787422229675720e-01
7.929301120074222498e-01
9.977377760701336973e-01
9.365345424506026362e-01
9.526321116997049643e-01
