-8.682209307797617015e-01
-1.120304567183882050e+00
-9.548343129288866526e-01
-1.024974505284497628e+00
-9.524681427284257262e-01
-9.992793274443481089e-01
-9.600710108026165868e-01
-9.795332529155297285e-01
-9.394693401934465227e-01
-1.002499074211830710e+00
-9.723785781744632706e-01
-9.660825001878140528e-01
-9.780619506426123655e-01
-7.343115274823580618e-01
-9.031637430916520382e-01
-7.386180617208826238e-01
-1.037692442089311662e+00
-9.857863207014269102e-01
-1.009055389738761299e+00
-1.117684486048571291e+00
-8.698875364846141434e-01
-1.009423505501195306e+00
-1.019035601861398854e+00
-8.449325965409568706e-01
-9.595852616452774653e-01
-8.718371490326672912e-01
-8.963161094852243327e-01
-9.066835128843476754e-01
-9.668286342880321182e-01
-1.044389195440639462e+00
-1.014609621246035376e+00
-9.401850298220834068e-01
-9.608132996965891293e-01
-1.010832555728120807e+00
-8.885925514671613179e-01
-8.661874624348254725e-01
-9.131845025409683902e-01
-9.682823280934252930e-01
-8.674953913188812038e-01
-9.618992752573419791e-01
-9.781226453648680375e-01
-8.892425360181588356e-01
-8.728386619341217401e-01
-9.411813000244665384e-01
-7.202661450371016238e-01
-8.670588605905319435e-01
-8.933029457771445303e-01
-8.649865700924238565e-01
-8.580309957721767855e-01
-7.588502662026265222e-01
-8.928163936349615692e-01
-9.196291670064994372e-01
-9.992760098267385871e-01
-9.038324407508576686e-01
-1.020635658775431054e+00
-9.523256944231018872e-01
-1.096156739021613591e+00
-9.264980587732197792e-01
-9.876852221674613519e-01
-8.727364794564016481e-01
-8.356533879710275059e-01
-9.739717739579891731e-01
-9.899516802812219352e-01
-8.476761179107388244e-01
-9.764127858110719371e-01
-7.997545931660542395e-01
-8.520690899003698915e-01
-8.528262680791983685e-01
-8.143365203525869678e-01
-9.538342665334004211e-01
-8.689200034930838479e-01
-7.095573867270856816e-01
-8.413012215006226979e-01
-7.920430467286974086e-01
-9.048474670678857690e-01
-8.315399542404554589e-01
-9.406974530519465194e-01
-8.461389299400985387e-01
-8.219415906721250220e-01
-8.275525475872866910e-01
-7.552281542684339266e-01
-8.257057417228729213e-01
-8.345924410346368116e-01
-8.315106980014439486e-01
-1.013501462364988948e+00
-9.422441302240622818e-01
-7.763264801822965522e-01
-7.933620008181643257e-01
-7.926556601482570574e-01
-9.338794370677528933e-01
-7.225560490849425310e-01
-8.727045163457327615e-01
-8.551555781062787354e-01
-7.484122854449555273e-01
-8.333542080914094763e-01
-7.924069974477960798e-01
-7.741286779246485672e-01
-7.210549621753865601e-01
-9.270047187068825023e-01
-8.552274635709722350e-01
-8.660178421790232228e-01
-7.502746670781835769e-01
-9.453794953030050241e-01
-7.023022872447418630e-01
-7.904798056312898336e-01
-7.261627779677496397e-01
-5.819953438193434803e-01
-7.980259759654148022e-01
-8.675137684882222588e-01
-6.875212594465593963e-01
-7.636054567828712836e-01
-8.118432341484750348e-01
-8.364261521760646412e-01
-8.557994294461703788e-01
-6.157630267474480945e-01
-7.317288904346092027e-01
-9.383224118327049279e-01
-6.799531617197825950e-01
-7.478789157367874418e-01
-8.851927128254870603e-01
-7.025395883992857637e-01
-1.022755027130999528e+00
-7.652127682579183965e-01
-7.580885187853734219e-01
-7.093014366019385619e-01
-8.625865043148366329e-01
-7.545896912086047514e-01
-7.955149202196688529e-01
-6.732703097560306382e-01
-7.764866769029259430e-01
-6.320424124755659179e-01
-6.833331646173956830e-01
-8.125715240920894367e-01
-8.409082942295748042e-01
-9.558967575608490197e-01
-7.283076298099924184e-01
-9.194771568986568333e-01
-6.976818227844964193e-01
-7.231569678148743741e-01
-4.518690167700312732e-01
-7.024436384623687912e-01
-7.068405582236435558e-01
-6.611090506236976250e-01
-8.400453738912737611e-01
-6.762267115867462985e-01
-6.637896774742451100e-01
-6.496314963066591730e-01
-7.353239510175649807e-01
-5.412914033338408482e-01
-8.213675434461874536e-01
-7.495818789084264244e-01
-5.497897426138028676e-01
-5.693243961641649697e-01
-7.614971840975774953e-01
-7.952082836305568447e-01
-6.964116429197811931e-01
-6.460319583159973567e-01
-6.273437925546908600e-01
-7.001531697011360578e-01
-6.151119457372824506e-01
-4.810522969463708054e-01
-6.558375279665771274e-01
-6.310045676736778519e-01
-7.057419086957522625e-01
-6.715664147585849175e-01
-6.942089093594489002e-01
-7.054449666250649509e-01
-6.120590737400588566e-01
-5.626793669889117444e-01
-7.073949682291856833e-01
-6.327891027676366686e-01
-6.155272179793198628e-01
-7.644024958306064876e-01
-6.675483494657509231e-01
-6.940837063189915224e-01
-5.764826195670019748e-01
-6.037350666275523858e-01
-5.835379709273226245e-01
-6.914351316157089089e-01
-7.697549468476398982e-01
-6.559135396063342505e-01
-7.149689498782624275e-01
-6.204145343541004332e-01
-5.373928979411372042e-01
-5.753388750111790850e-01
-5.437443782310190654e-01
-5.726584284899153277e-01
-6.523588726998199583e-01
-5.918920252965137463e-01
-4.967600865045886938e-01
-7.394848625033649814e-01
-6.564016300485003841e-01
-6.117360711488893932e-01
-6.104796480612437737e-01
-6.024659159404659459e-01
-5.438047163904639048e-01
-6.756816833886701845e-01
-3.916960597035950009e-01
-5.822308451211922753e-01
-6.102860137075465374e-01
-6.596488334632469863e-01
-6.849445502353028736e-01
-7.428464675228380054e-01
-5.681097419164962137e-01
-4.189499039194479746e-01
-6.578875514929312107e-01
-4.770208178666586751e-01
-6.348365044840080795e-01
-7.961194224850712819e-01
-4.905426348611843790e-01
-6.828904722024307095e-01
-5.706633942622381106e-01
-5.839676954184651603e-01
-5.035381174381654557e-01
-5.721285412533038128e-01
-5.531043475351701266e-01
-5.016056362842989946e-01
-4.839969738958692647e-01
-5.522908974071351063e-01
-5.092733495215961970e-01
-5.713305338561985858e-01
-5.458856219043756175e-01
-5.988092688683539500e-01
-5.733375384178071021e-01
-5.027087529674473254e-01
-3.999017622154648621e-01
-6.544129644515447319e-01
-2.966018315856651100e-01
-6.618075485612520126e-01
-4.748623113321210898e-01
-5.691627117509245881e-01
-5.141603938345274960e-01
-6.859422467648227384e-01
-4.900170416044509758e-01
-4.731621194589434309e-01
-4.636140235590355263e-01
-4.617349378857662501e-01
-6.604900150683357118e-01
-5.400610915896238984e-01
-6.290748750193019267e-01
-4.976716482676179498e-01
-5.377326272593403456e-01
-5.769729135616423754e-01
-4.703164727991833716e-01
-3.976672518272542645e-01
-5.131279992156742020e-01
-6.532538425636856827e-01
-4.891369768682085062e-01
-4.884131546487527897e-01
-5.537283676722604131e-01
-4.636544761554010075e-01
-4.026029445307823806e-01
-4.512321345182324639e-01
-5.067150795172121747e-01
-4.367856909109216756e-01
-3.606574319500749359e-01
-5.212326290058273415e-01
-4.196105489434113767e-01
-4.585956654791467635e-01
-5.954576325034625084e-01
-4.835749142679768853e-01
-5.728170145207324149e-01
-4.926325716299153612e-01
-5.976234333910376284e-01
-4.167337305354867349e-01
-4.409914756826494031e-01
-5.329621440675410549e-01
-3.476145795334985023e-01
-3.159322371635225335e-01
-3.805558260390252689e-01
-4.931297881678870509e-01
-5.247201338651157343e-01
-2.909192489620880395e-01
-4.009399199667443292e-01
-3.992646825767099950e-01
-4.449386750417288483e-01
-3.933285602914143309e-01
-4.492988554419551361e-01
-4.260809154573850788e-01
-5.736567024313421470e-01
-3.516155791931392938e-01
-3.589444750840093956e-01
-4.674813130026284069e-01
-3.212770928656337732e-01
-3.087133470663508406e-01
-4.181681825322293156e-01
-4.221979323485108848e-01
-2.850993485066068978e-01
-6.245644078420522494e-01
-4.487200832263781858e-01
-3.266650906851628622e-01
-2.944408229826248613e-01
-3.061933547591230709e-01
-4.509258148408480937e-01
-3.808461232663212792e-01
-4.159695970329997938e-01
-2.088837546522103183e-01
-4.256854676394849490e-01
-4.294092970248621355e-01
-3.854510922549322927e-01
-3.693414284621138743e-01
-3.127485752812816377e-01
-4.514227212419499868e-01
-4.570607598677186023e-01
-3.808665841479196290e-01
-3.503096753618100689e-01
-4.232127877611094879e-01
-2.805650111246066336e-01
-4.652601012128238511e-01
-4.501093012874501920e-01
-4.191256414613747094e-01
-3.268084142190628150e-01
-2.884178762611348534e-01
-5.258255901383923625e-01
-3.598205146633687290e-01
-3.591999958875520815e-01
-2.659849515261596964e-01
-3.701288401913624404e-01
-4.016809248732346460e-01
-3.759264998339917896e-01
-2.729075257161024393e-01
-3.586372332694005016e-01
-3.443809834006752446e-01
-2.171371658318206610e-01
-4.560641836913149061e-01
-4.603839520635295557e-01
-3.674936675782669027e-01
-3.606770832080840039e-01
-3.331889816580207997e-01
-4.139239630308882978e-01
-4.298316303709124320e-01
-2.174780178489072457e-01
-2.709995398900706398e-01
-3.935590314697857695e-01
-2.929377927629273071e-01
-4.936259020838013600e-01
-3.767137459136593591e-01
-4.460155719922578865e-01
-2.558770044193414139e-01
-2.382139254270487227e-01
-4.800572635799877363e-01
-3.550472567786948086e-01
-3.616981681862586617e-01
-5.302879215006580660e-01
-2.476994603323553479e-01
-3.399470001841220501e-01
-2.760776607437074870e-01
-2.983340658229486353e-01
-3.346380714019853708e-01
-2.974153709689169034e-01
-2.641666427279001916e-01
-4.246109824734943250e-01
-2.096549361447385407e-01
-1.609842913962362398e-01
-2.703844238734957606e-01
-2.643890477306737319e-01
-2.126301937969392875e-01
-3.369699677522191017e-01
-1.896525211629953855e-01
-2.773326261407166871e-01
-2.119619958373246127e-01
-2.589842781309337760e-01
-3.675295410944390273e-01
-2.108361750176924732e-01
-3.405258888659223326e-01
-3.921693594681994743e-01
-1.951546074049170798e-01
-2.503982529905282028e-01
-2.415369497479405436e-01
-3.079938451066033256e-01
-3.395628536099578598e-01
-3.004422177194999710e-01
-2.922805347889728123e-01
-2.785082785537814631e-01
-2.737801540491427432e-01
-1.888272466277878536e-01
-1.355300035249660529e-01
-2.632639028860280228e-01
-2.999805156051451038e-01
-3.405431436873898599e-01
-2.543425104831189554e-01
-2.025674232651452633e-01
-3.589247888494122296e-02
-2.750960814556869249e-01
-2.246211559440804140e-01
-3.006251829112721596e-01
-3.420441763498505150e-01
-1.917600777664963119e-01
-5.132278022258614930e-02
-1.947031880887717392e-01
-1.517627639118879490e-01
-1.671272450934386256e-01
-1.894899679793963787e-01
-1.580930937263530234e-01
-1.743180941541609963e-01
-1.692385393060951981e-01
-1.486433676493835454e-01
-2.761948778488810263e-01
-1.574650975943257258e-01
-2.096457504596955790e-01
-2.182931464193145210e-01
-2.705801463393944228e-01
-1.947052689357757216e-01
-2.307132200015315771e-01
6.346420478827529028e-03
-3.306975612743393023e-01
-2.498231743565262619e-01
-6.176619994597263436e-02
-6.946064962662515385e-02
-1.828941128406438299e-01
-2.228287147106436661e-01
-2.012247929147450709e-01
-2.052883481685593148e-01
-1.449039151741841336e-01
-6.783848815396646692e-02
-3.307064407588971577e-01
-4.894629226465511962e-02
-1.642257852845534771e-01
-1.889853944475295422e-01
-2.622698289565657537e-01
-9.632075031964001943e-02
-2.271377560048004896e-01
-9.488145245257301186e-02
-9.734519291038870592e-02
-2.095634523527300369e-02
-1.943802350518147593e-01
-1.948615956884370282e-01
-2.886718355821324411e-01
-1.307415122600503188e-01
-2.149396611961228998e-01
-2.061882998045035942e-01
-1.918713138342720836e-01
-1.455156378719540122e-01
-1.697813267543756000e-01
-8.954996084788208188e-02
-8.881415588004594464e-02
-1.401668377164781432e-01
-3.861321385925430699e-02
-8.989117512403789478e-02
-1.538481113244692944e-01
-7.691447936367067084e-02
-1.363907326170245293e-01
-2.807593673914848820e-01
-1.802220571830143725e-01
-1.496829400108907471e-01
-1.458000290472919458e-01
2.404049865101051328e-02
-1.279279309494154859e-01
-9.706967996940955856e-02
-2.348945564480444947e-01
1.422648195295959060e-02
-2.564830013357280100e-02
-8.409038973194735145e-02
-5.932249539876808392e-02
-1.719444483928554979e-01
-3.312303270059550053e-01
-1.466824410427286784e-01
-1.948759120224269059e-01
-7.795721806363573037e-02
-1.275137553859567174e-01
-2.148366095601060843e-01
-1.742733248237719745e-01
2.036127250947013939e-02
1.084719859572945422e-02
-7.036849406923266492e-02
-1.896415557728305112e-02
1.014582275820760313e-03
-2.077777673183585083e-01
5.868557711274037525e-02
9.230252559639641474e-03
-2.069928929143552074e-02
-1.381564110811304424e-01
-3.857094787206374886e-02
-5.096033605062227911e-02
-9.146656089175733695e-02
-7.137082024296696747e-02
-2.125309732006496477e-01
-1.604025039538643435e-02
-3.648565269215531259e-02
-7.442592356928875823e-03
-7.669692094544396099e-02
-6.187263015010500272e-02
4.602530126889850526e-02
-2.899785939319866890e-02
-1.552460370638516773e-01
1.473764324862356090e-02
8.678937099731763583e-02
-1.468649697051900016e-01
-6.779311787436409498e-02
-4.110887389672008771e-03
6.357236478647179667e-02
-2.281286572940518717e-02
-3.760037813829903569e-02
-2.771409519373692690e-02
3.622383660057414828e-02
-7.511879459198320119e-02
1.733400814507014276e-01
-1.603628432864574434e-03
-1.330639881205964749e-02
-1.027469550695474104e-01
-7.327015776338699493e-02
1.074502898030133685e-01
-3.822193839103470853e-02
1.019503987955919233e-01
5.112325933743548656e-02
1.003211876896074189e-02
6.337914574979977740e-03
4.962035154069258797e-02
1.701524414954904254e-03
1.244238732926623630e-03
1.180737869045866140e-01
2.802493957837975253e-02
-1.016607577260047468e-01
1.727954651567516556e-02
2.829232690050768190e-02
-7.623159709962348818e-02
1.055989995253381331e-02
8.020699786497578754e-02
1.070072259583154661e-01
4.079049764628980140e-02
-2.677627664222098081e-01
-1.789386576104123605e-01
7.268517974535593229e-02
1.040828262285125871e-01
2.029381924635533657e-02
6.317920139085886344e-02
6.040037528334536547e-03
-3.541833700951433489e-02
8.278310680881441341e-02
3.771783864110481166e-02
3.610396993479191019e-02
1.602340165016454265e-01
1.867605034743568260e-01
7.865618578516492265e-02
-2.762652816283124244e-02
9.572375378626592213e-02
-3.184067205753787766e-03
8.732897160386388080e-02
1.350401926878140590e-01
-3.802201855280848419e-02
2.784132764116211203e-02
1.930392824985324995e-01
9.666111316177455545e-03
-5.004765962992906853e-02
1.079667897869944354e-01
1.539848456991216308e-01
3.078588481227095483e-02
1.535112689133272812e-01
-8.891019085176982140e-02
9.659725497872022337e-02
3.256361917133309553e-02
1.346184447858677913e-01
1.517329110582157636e-01
1.698945464802940342e-01
-5.564615807064985514e-02
7.868208662851274016e-02
1.194362331005349998e-01
1.215219479701726696e-01
6.915644400856731100e-02
4.397750464640651918e-02
1.766737187171044943e-01
1.250296272951018084e-01
1.888079711834170227e-01
8.207572779710813060e-02
2.901972412109403154e-01
2.130126179277620491e-01
8.012620049515795095e-02
1.508029598329914227e-02
1.544747937659630976e-01
2.612021299623284443e-01
2.267632348361299510e-01
1.215941666042121977e-01
-1.576753907789617964e-02
5.067268349503675079e-02
1.929932397392686017e-01
7.716439534799442168e-02
6.495111019697824561e-02
1.470803302449355809e-01
1.717515368688061206e-01
2.228916917222800997e-01
3.853811556194094295e-02
2.983356095465565239e-01
1.552629195381408367e-01
2.297764605825801665e-01
-3.209172728110873396e-02
2.011047197051487045e-01
7.314977012372830822e-02
2.809483674637112127e-01
2.526403762300105105e-01
2.030208147610647051e-01
2.408658664087480472e-01
9.220569897416720784e-02
1.109069706865732086e-01
1.229581598104586559e-01
1.400688191034348828e-01
2.372878525007498796e-01
2.799245822083512025e-01
8.043302461606990916e-02
2.650514842469200438e-01
1.943334886135107131e-01
1.606354026414552327e-01
2.316692977643378115e-01
9.246095908024828947e-02
3.480864530630129461e-01
2.837756725584257289e-01
-4.945959642360185649e-03
9.917656229538614199e-02
1.798173302443137889e-01
9.442242752727976474e-02
2.291193984903784064e-01
1.013485961863238027e-01
2.271813445167426837e-01
2.510149303112026997e-01
2.477549909396627725e-01
2.898024307532811039e-01
2.685450359406291732e-01
3.430769303913744905e-01
3.302972994649095995e-01
1.737487313455292892e-01
1.731398281785958004e-01
2.677208367369858233e-01
3.212415189999356380e-01
3.148036794632023683e-01
1.611707146347883812e-01
2.196202624615487820e-01
2.404182516998094876e-01
2.756220963200659013e-01
2.939942524651866784e-01
2.975437137308359903e-01
1.254323702903302196e-01
2.905392952497095616e-01
2.099387573730352174e-01
3.192868909605661165e-01
3.824141505112479966e-01
2.991742091237518664e-01
1.420785080394331990e-01
2.682479914343505745e-01
2.145632102162080834e-01
2.511710298686252729e-01
4.139709685183540766e-01
4.415949601729205476e-01
3.046477837884525308e-01
3.970814383449822182e-01
3.384313795237527400e-01
1.889676058063914366e-01
4.675304348605652804e-01
1.643838564091883725e-01
2.926007400864549246e-01
3.809191012814723831e-01
3.125083986622699816e-01
3.788110787702100302e-01
2.453779624924620761e-01
2.265849846122604816e-01
3.014758380095367563e-01
2.635583722265872897e-01
2.953447667108120012e-01
2.719717560100861076e-01
3.854982660791773652e-01
3.708427850406563753e-01
4.226938057996134090e-01
5.107961228793386210e-01
3.560008698726139231e-01
4.234074087542742393e-01
2.451274960324631991e-01
2.802800137162543836e-01
2.394841314420331768e-01
2.917761445612013227e-01
3.038967201936887963e-01
4.224341491313095553e-01
4.973720423328404361e-01
3.187624858900757752e-01
4.473020044217433933e-01
2.717128028352637781e-01
3.810696060225838289e-01
3.541256107903424932e-01
3.521620977013955045e-01
3.832792506142639888e-01
4.932506735708240275e-01
3.272734064726706138e-01
2.755953368330013586e-01
5.068995631834182225e-01
3.197328634210409581e-01
3.717291475948957813e-01
2.362143116603147297e-01
5.096304872537659181e-01
4.437868948596768726e-01
4.535034804782160922e-01
5.529217889286559551e-01
1.712105510963060906e-01
3.025350757051201156e-01
3.393675441718023156e-01
1.421084128440647520e-01
3.199753592482804665e-01
3.597858521817050015e-01
3.997600038893254770e-01
3.333367013825029312e-01
4.666280880657618924e-01
4.970251202883263497e-01
4.850771334475176833e-01
3.695506215112264181e-01
2.836612169000331529e-01
3.347831416740829624e-01
3.082679583863752182e-01
3.047994747334680787e-01
3.344992608570542258e-01
4.480935780316904204e-01
5.012320185339114165e-01
4.796213200186736914e-01
4.659331755908953654e-01
3.197621079465122751e-01
3.704881714427483153e-01
4.796309098491866596e-01
3.936861885864019195e-01
5.939096209402986437e-01
4.904131755554843597e-01
4.825791448611478907e-01
3.959593836180993476e-01
4.184612367231469454e-01
4.656841568006678811e-01
4.515228520097036014e-01
4.275752469653912313e-01
5.172760292334870336e-01
4.267846955653731844e-01
3.880459665261788982e-01
4.404075783101843999e-01
3.547390368307378195e-01
3.639231771016743222e-01
4.029005285293015270e-01
4.039865325554762299e-01
5.208667202551211517e-01
3.653357714296599501e-01
3.485510002828828835e-01
4.795145815443367932e-01
3.574529668119182380e-01
3.422041665563409496e-01
4.115659176190272217e-01
6.352491069534078605e-01
4.209315542449350578e-01
3.085500186587157301e-01
6.800461089203139187e-01
4.124261710488163479e-01
6.341775202358815866e-01
6.096974511214543480e-01
5.057807667104301519e-01
4.610922091962070812e-01
4.712066338032988022e-01
4.532759434740485927e-01
4.199324869306044761e-01
7.770905007181335700e-01
5.825650617294304556e-01
6.041157353802405483e-01
5.589592030948065116e-01
5.526525022524145792e-01
4.677233507956767289e-01
5.789847930527891595e-01
4.899646920129838712e-01
4.558988360597219791e-01
5.392707807463321679e-01
3.702368835041379147e-01
3.256630221633471933e-01
6.849567084304313269e-01
5.081585334422632494e-01
5.893542392097879112e-01
5.488752653224451272e-01
5.511068906691302116e-01
5.115113140313826134e-01
5.448562712921078965e-01
5.715746872163582903e-01
3.279083502156797669e-01
5.479880785982192970e-01
5.884668998556411568e-01
6.138747746736449296e-01
6.178323316074264548e-01
6.712295616819111688e-01
5.725707380223463705e-01
5.836278967095579473e-01
5.989999531528706900e-01
5.672711010828114242e-01
5.543659522859963884e-01
6.203229883626155683e-01
4.984851620901437075e-01
6.259133111617997125e-01
5.055153969498275002e-01
6.788814682363667474e-01
5.199932995615602627e-01
5.819818109773226000e-01
6.358604795876450222e-01
6.372432396498759477e-01
5.583209147546251971e-01
6.706040484083024555e-01
5.744429265355737169e-01
5.318023882936089297e-01
6.243367400545904999e-01
5.680388288441099442e-01
6.118864232524146018e-01
5.473491903323052243e-01
6.917571763844589938e-01
5.841412997879259494e-01
5.935009979900092159e-01
7.010902379877584911e-01
5.836038525809712496e-01
4.334299186354559352e-01
6.249170516345977644e-01
6.075824630703881013e-01
7.183252983830713534e-01
5.356131984674167290e-01
4.537396752755563090e-01
6.913580866145443427e-01
5.063984229868307985e-01
7.162131960656354934e-01
6.505937749604265852e-01
5.246464823434707769e-01
4.788410895300069248e-01
5.579808177488093657e-01
5.739598213096652746e-01
6.728931400302782251e-01
6.171910387525687547e-01
8.023775521597061866e-01
7.532420284594231186e-01
6.586334011248822229e-01
6.379917326308227610e-01
6.567011040452257475e-01
6.349381092374341007e-01
7.196684765099455872e-01
5.445839720290698294e-01
7.497461504228193352e-01
6.578969431063735884e-01
6.682604900682256321e-01
5.401358614788296375e-01
5.449506713350598108e-01
7.945491706614808969e-01
7.295921766415277565e-01
6.829215337638846473e-01
6.745662838835141395e-01
6.751758426046380324e-01
7.031100803114477271e-01
4.613265387213639213e-01
7.862679721929802801e-01
6.783305507955100788e-01
5.550677790359426211e-01
7.622236566656798162e-01
7.158028449249772551e-01
7.070819887816199856e-01
6.533965443442789622e-01
7.729846354861400481e-01
7.392204610780885865e-01
5.976286032452798880e-01
7.026920659917901268e-01
6.390354514847618184e-01
7.736631303028823625e-01
7.122600402465988356e-01
7.487543139602846898e-01
5.607174974025557201e-01
6.969151665697181919e-01
9.206870656760205440e-01
6.026197532748702734e-01
5.883212799218194844e-01
7.059626632170785676e-01
6.099828013114887426e-01
8.796232064097551095e-01
6.596974369457480059e-01
6.482997814345201615e-01
5.061610718062725667e-01
6.289850303492922068e-01
6.443601442015695069e-01
6.542163819034736427e-01
6.348525069312704883e-01
8.284399190880733510e-01
7.604722667983145890e-01
7.267766528863526254e-01
6.931519333156745954e-01
8.099038849204883705e-01
7.330774206342556276e-01
7.694689256246473041e-01
6.657631958056192678e-01
6.755388361678320575e-01
8.006111755033102906e-01
6.997447619131482721e-01
8.191953967506979684e-01
6.070648635932323067e-01
8.292536572203070833e-01
8.298442809339217074e-01
7.451334081268056186e-01
7.940202436679300035e-01
7.112873864611647390e-01
7.711431422972471195e-01
7.054598683402856230e-01
6.547414860332674280e-01
7.488928555811340537e-01
7.880101868933907516e-01
6.361261135873927941e-01
8.735059409240952810e-01
7.791315946359798073e-01
7.364677679121212073e-01
7.700232706711487296e-01
8.574341859595339121e-01
7.499636756717654729e-01
9.131623080789110780e-01
8.041197857462679677e-01
9.731976311082854991e-01
8.042201620931970218e-01
7.392214866922829364e-01
6.801346017160188051e-01
7.919638256304024626e-01
7.282099673207808044e-01
8.365042342271877818e-01
6.976925318424631595e-01
9.024573967437504729e-01
7.620617741340084406e-01
7.772158195692961957e-01
8.780113416691857076e-01
8.312047807263737154e-01
8.850417044239603515e-01
8.031684312302538320e-01
9.422302133547926228e-01
8.581215078942726615e-01
6.299935388606220377e-01
8.394793797027799709e-01
8.830695314552341468e-01
9.979403640392354724e-01
8.706081271938276300e-01
8.768925692067865985e-01
8.993165891661476508e-01
9.139776291285202081e-01
6.673598701657492693e-01
1.077080175492758585e+00
6.848345341705268652e-01
9.447378503123300408e-01
7.662861206420760185e-01
8.728547935883248510e-01
9.850552992127635799e-01
9.725869607966992625e-01
7.998910270103580800e-01
6.608179713989534854e-01
8.673185702175978395e-01
8.871904106651679056e-01
8.663991796100967147e-01
7.995295035007057294e-01
8.272308327038355724e-01
8.967801710805536342e-01
9.117372632330803528e-01
9.588101485472591001e-01
9.485115838513570319e-01
9.177588420658382429e-01
8.271744814682345792e-01
8.190638324343454402e-01
8.621613234838778617e-01
8.267298721167962716e-01
8.096857139681350457e-01
1.076881858021604854e+00
1.005001453531619182e+00
8.967085625345081468e-01
8.986624336980294503e-01
8.024785570971196824e-01
8.878864751628406937e-01
9.293780965068872968e-01
8.354083570290299354e-01
8.593140932434829571e-01
7.805346570014695118e-01
9.682884109709044562e-01
9.705128393912380025e-01
8.557096389256397817e-01
9.301244845273456407e-01
9.169752842463090303e-01
8.998021003173717336e-01
9.638942971091041256e-01
8.503546778081814139e-01
8.644769366246108921e-01
8.643191050289612543e-01
1.008796378405501182e+00
9.364369238619161262e-01
8.689886004785970508e-01
9.195902547788443737e-01
8.195853935581681737e-01
1.054791399090756698e+00
9.187088637440363748e-01
9.018643875226215467e-01
8.875861722519923225e-01
9.478540366886877289e-01
8.519110027992933265e-01
8.899796038256836406e-01
1.004237451754569577e+00
1.034280835292394896e+00
8.930158525400017089e-01
1.030790762117348436e+00
1.100977179507113046e+00
9.517549551465741553e-01
9.862864216378349758e-01
9.579965485531495295e-01
9.687288957673373391e-01
9.882999610888700825e-01
1.059578920069325081e+00
1.134771799789319635e+00
1.012266652547223256e+00
9.103831832162450066e-01
8.580204974605096790e-01
1.168381737141744425e+00
9.498932134453540455e-01
8.718457959286926018e-01
1.054442304308180978e+00
