-8.429386596622773231e-01
-9.886442450893112577e-01
-1.140838484764533201e+00
-9.626461337805968244e-01
-9.824742014491929520e-01
-1.104956742749315657e+00
-8.366060357726129437e-01
-9.726011331887057798e-01
-9.211104872524240594e-01
-8.118764953397474837e-01
-1.048299209479597316e+00
-8.553553112650220669e-01
-8.334122794869618378e-01
-9.906321136956095508e-01
-9.278926298965388675e-01
-8.676904233827927859e-01
-8.911492153931949156e-01
-8.897066045340293883e-01
-9.287104913010890694e-01
-9.936948552812669977e-01
-7.612064693367323054e-01
-9.262782005430049148e-01
-9.762068367613371267e-01
-1.002556241017937610e+00
-9.378674251994406630e-01
-9.465310212194222306e-01
-1.030025392712099919e+00
-8.134048094229267001e-01
-9.191581586286123873e-01
-9.932085533876939820e-01
-1.087671546584979332e+00
-9.628281563975914503e-01
-9.792952265150093316e-01
-8.348818988093873461e-01
-1.083217352356832031e+00
-9.305344833635316171e-01
-8.200272104555140773e-01
-8.969813032966316158e-01
-9.190704094351591635e-01
-6.664391424796195507e-01
-1.004926879318632338e+00
-8.789106542573345004e-01
-9.066943034234515864e-01
-9.194784905226457417e-01
-8.840311061034572537e-01
-9.011516966801138562e-01
-9.698748521358250274e-01
-9.328379604499246192e-01
-9.716868572307768570e-01
-9.283524802047372626e-01
-9.588631729236858359e-01
-9.515509984909372720e-01
-7.624797239562141060e-01
-9.192628430570430886e-01
-9.159205126868836810e-01
-9.848530893720540691e-01
-1.042812582038127767e+00
-7.692846591424135072e-01
-9.129058794798651233e-01
-9.164705636728578408e-01
-9.187695447643791091e-01
-9.078509588807663899e-01
-9.044833218292130939e-01
-7.641584314176872450e-01
-1.017150227336063528e+00
-9.396024931291144799e-01
-9.145426531146989557e-01
-8.748055113292397822e-01
-8.620283942867953408e-01
-6.357313362726516592e-01
-7.891434322161275938e-01
-7.511744239219596553e-01
-8.569962493954038640e-01
-8.360577616394444522e-01
-7.508663352122162404e-01
-8.241943850115599490e-01
-9.796923711399458945e-01
-7.152543139824785179e-01
-8.503556161292585847e-01
-6.753338213064922213e-01
-8.436565049999810162e-01
-8.361705647747035286e-01
-7.527506648469585171e-01
-8.645816858548716066e-01
-9.027180454277139443e-01
-5.704020065854177313e-01
-8.805291356027394878e-01
-7.767018978454989231e-01
-8.406622490273427672e-01
-6.744466198819176750e-01
-8.566082412920517086e-01
-7.632452387222949941e-01
-7.473455433815765492e-01
-7.113644743444312857e-01
-7.734600190188092306e-01
-8.075482023991923386e-01
-8.671223893942726635e-01
-8.547956037418891206e-01
-8.166875789524964402e-01
-7.335885660477337034e-01
-9.063337318300765943e-01
-8.033158813979011104e-01
-8.721970213851523157e-01
-8.871349170670520534e-01
-6.646712080754004770e-01
-8.261757374406284438e-01
-7.892822309309962536e-01
-6.596239053655666984e-01
-5.880380261737317982e-01
-8.790987503286689098e-01
-9.045711295097317306e-01
-6.933309657911055357e-01
-8.357448997470628971e-01
-6.954085860553197440e-01
-6.674071864404382826e-01
-8.289025465897071898e-01
-7.483709874756065972e-01
-7.369717183918373937e-01
-6.545432585769114242e-01
-7.235665597677500838e-01
-7.642634904588035960e-01
-8.437540215569074853e-01
-7.893247263204941078e-01
-6.654898838732463684e-01
-8.338369010133090953e-01
-8.282765915426516523e-01
-6.764360024228998070e-01
-7.896386066316876118e-01
-8.957817915881078896e-01
-7.502761155757551315e-01
-8.000169230415122845e-01
-7.147610184716026716e-01
-6.727903909792390946e-01
-6.161544433817028876e-01
-6.252360254887752156e-01
-6.948018878633630546e-01
-8.275343989464931660e-01
-6.775857464625412163e-01
-6.922298476083899033e-01
-6.722832988955588229e-01
-7.046721984714922060e-01
-7.057447214077108288e-01
-7.388526516679163603e-01
-7.572437106451492816e-01
-6.922535951553938638e-01
-6.019870585679462094e-01
-6.774346023650944515e-01
-6.798187699031339459e-01
-6.834759744773859502e-01
-6.160273192579012180e-01
-6.228380068362993072e-01
-6.517300131177012901e-01
-8.023574444916575787e-01
-7.413716983805748173e-01
-7.407125191930150621e-01
-5.400400289681731580e-01
-6.147340882117855454e-01
-6.870525098643914808e-01
-6.985880481290542843e-01
-8.663932633053949006e-01
-6.171722129969893222e-01
-6.587174962727291305e-01
-6.241281095736106455e-01
-6.208558047597930729e-01
-6.709639239590867721e-01
-6.300822594653949782e-01
-6.298209886837753402e-01
-5.916425749792622035e-01
-7.202449343827544981e-01
-6.241589944649597044e-01
-7.783190166136805255e-01
-6.671536904222182818e-01
-8.057366291403988967e-01
-7.403574896777730396e-01
-6.992471626190580603e-01
-7.126266814084352141e-01
-6.498551901445520640e-01
-6.295666888111465243e-01
-6.946161273319394480e-01
-7.542066926894133161e-01
-6.087657462246008899e-01
-5.612800182414685590e-01
-7.282686596705508775e-01
-6.157311266319495102e-01
-7.228402518878853655e-01
-6.166378634413803850e-01
-6.720674321755498726e-01
-6.161613648080331851e-01
-7.031900275751225005e-01
-7.921453823561085406e-01
-6.389210199015349367e-01
-5.422643746094734096e-01
-6.927163735489793028e-01
-5.699882289544389025e-01
-6.926573822892484467e-01
-5.643136359108554823e-01
-7.924921153877623192e-01
-5.446815295497821063e-01
-6.939369346021252438e-01
-7.010691717830436209e-01
-5.464014296697660145e-01
-5.111446267532819832e-01
-6.582320465165543144e-01
-4.789312844746199671e-01
-5.744419951923691592e-01
-6.781350505416520180e-01
-5.335360643700670646e-01
-6.281747136034772083e-01
-5.292238273106365520e-01
-6.322709557206952491e-01
-6.392585980454289496e-01
-6.464951421626677908e-01
-6.686184848810750037e-01
-7.002553478912706408e-01
-6.135127118589750461e-01
-7.617019748472233509e-01
-6.595932405084022898e-01
-4.866393233556283171e-01
-4.553307857392150937e-01
-5.173830892976110096e-01
-6.480708148002382041e-01
-5.683607635419620774e-01
-3.038152682597015097e-01
-6.079083520848541644e-01
-4.802527440135092585e-01
-4.206336364072985612e-01
-6.160775970564431603e-01
-4.931427995258867991e-01
-4.543240861806031594e-01
-6.742979769445256455e-01
-4.923975645287831382e-01
-5.974559814205799846e-01
-4.218726690533652346e-01
-5.572506587716793414e-01
-5.751737682622009018e-01
-4.574561107131681625e-01
-5.130812989997509677e-01
-5.998853688065708401e-01
-4.742627620873953731e-01
-4.964569995119196277e-01
-4.721472051228399192e-01
-5.660020592655858884e-01
-4.366775516532525603e-01
-6.141256921635740440e-01
-7.880121333927756488e-01
-3.830397800543842712e-01
-4.093510553840867261e-01
-5.075860965524123802e-01
-4.256717464084938674e-01
-5.063348327689735084e-01
-5.842292576336769461e-01
-3.792244831796257043e-01
-5.879226636396241990e-01
-4.255728337584975818e-01
-6.068492617714861259e-01
-5.674587458976352305e-01
-4.236653114902038109e-01
-3.846764493714066036e-01
-4.576425682197659550e-01
-5.778456669446854210e-01
-4.019147631176183677e-01
-4.954580197079761494e-01
-4.029276248021045892e-01
-6.320255561956725776e-01
-5.572577152519694321e-01
-4.683217799675594151e-01
-5.675401444549736940e-01
-3.600976504562680702e-01
-5.986170052414245824e-01
-3.838586837814060293e-01
-5.111454348879633791e-01
-4.149003943400287886e-01
-5.431598082875880307e-01
-4.690933522192965999e-01
-3.628437984876094480e-01
-5.002443667827243257e-01
-5.965319010259453325e-01
-4.364222533272246185e-01
-5.025672702895600530e-01
-5.346806636756773479e-01
-3.632367985856689296e-01
-3.707098594150917692e-01
-4.520013532649378996e-01
-6.280974585155089107e-01
-4.231812693569721451e-01
-4.425110909876495136e-01
-5.332778385219545392e-01
-3.957737738150473583e-01
-4.633322012225856157e-01
-4.646756283937151233e-01
-4.280099378929058673e-01
-3.614242775594628809e-01
-5.755260764695948605e-01
-3.613574861963300133e-01
-2.587653328036124689e-01
-3.682701510211578433e-01
-4.013222932554262878e-01
-4.124150620366824893e-01
-4.622494134399219301e-01
-4.345762668910640447e-01
-4.132960574679648835e-01
-3.748386139152056207e-01
-3.763928394220916740e-01
-4.678310135152655147e-01
-5.090802210804299399e-01
-3.496753437443651524e-01
-3.911022690105868116e-01
-3.895131034845872309e-01
-4.967327203243827594e-01
-3.275842869723707973e-01
-4.250456110239616558e-01
-3.633571787858307922e-01
-5.536445603204128707e-01
-3.530952936804538922e-01
-1.998642683134751186e-01
-3.865029440644885961e-01
-3.329998632026178185e-01
-3.474060888703497385e-01
-4.533502945708213772e-01
-2.839862735468590693e-01
-3.313687087860727187e-01
-4.061913472928972979e-01
-2.269553750631175537e-01
-2.031160768660482674e-01
-4.795799620041363842e-01
-4.022192738436198289e-01
-4.688432484844123338e-01
-2.747045089961947517e-01
-4.677463269234513055e-01
-2.410933762729535468e-01
-3.695000904252052076e-01
-5.629224742948730764e-01
-3.408997496905253333e-01
-3.620361270615096161e-01
-1.772659391629273773e-01
-3.663313719079502317e-01
-3.155588067558887655e-01
-3.801017339292979691e-01
-2.280590345729638924e-01
-3.517960535925506727e-01
-2.642173591495712848e-01
-4.338244552063129089e-01
-2.343595229800296831e-01
-3.608733600820936416e-01
-4.358021785723178443e-01
-3.111956928665075561e-01
-2.149743177198934763e-01
-3.906375160885296460e-01
-2.817039256386595358e-01
-3.993357278638077767e-01
-2.637127603915581098e-01
-4.120311545335620940e-01
-3.401137052199862398e-01
-4.174462590417886143e-01
-3.137814517795532998e-01
-2.145328079587867087e-01
-1.819900713802648229e-01
-3.502925474030824105e-01
-3.825694313958584170e-01
-3.872769126934065831e-01
-2.255651396764503103e-01
-2.635686326373457011e-01
-3.417676618342986306e-01
-3.651106395616147693e-01
-2.008314276774899876e-01
-1.102953122689789289e-01
-3.203636994765949320e-01
-2.795569342299409343e-01
-2.932409022289789169e-01
-3.015344863509427653e-01
-2.812754611160972126e-02
-2.590314058825706756e-01
-2.281455987914934036e-01
-1.258332228683196607e-01
-2.141145651542778194e-01
-1.594216301635051625e-01
-2.863332376993879547e-01
-2.497193472631280553e-01
-1.495007085897521182e-01
-2.330916054375268276e-01
-2.233872613430544218e-01
-4.150627071781378685e-01
-1.701386901767561743e-01
-1.632935909636282767e-01
-2.047485507151773632e-01
-1.719312955493769168e-01
-2.444651502814517985e-01
-2.305392694011530463e-01
-1.849442700919997074e-01
-2.563728244913019427e-01
-1.438618216511810266e-01
-2.382342251472003847e-01
-5.029608152057533921e-02
-3.430819314722060587e-01
-2.742886244152544228e-01
-3.120691992970094364e-01
-8.376963954070491825e-02
-2.038365749191881904e-01
-2.938961710036375741e-01
-1.256311702328826718e-01
-3.131066651712912652e-01
-1.238165829685667907e-01
-2.651219191449231682e-01
-1.465876095012179081e-01
-1.929960061803360771e-01
-2.801358137505249868e-01
-2.888389557772858551e-01
-1.842453288496112285e-01
-9.741671581267459870e-03
7.822083221550936438e-02
-2.697664189604490614e-01
-2.204103859303311874e-01
-2.211558307548780189e-01
-1.344651709476117618e-01
-1.970978587820628736e-01
-2.034103771411334416e-01
-1.557032740535081172e-01
-1.142652661585883966e-01
-1.279261186580838427e-01
-1.570561978793405533e-01
-1.623812429811956337e-01
-2.496823081010073660e-03
-1.950078915502194421e-01
-4.556419729709516864e-02
-1.321273252359757844e-01
-1.840235583668884678e-01
-2.108754420244066813e-02
-1.781454343853628441e-01
-2.113877173459660919e-01
-1.921677237980444486e-01
-2.415493624720856658e-01
-1.267155222079544528e-02
-2.187374028942067894e-01
-1.066709270837920831e-01
-7.790830475225436758e-02
-1.301821315876807439e-01
-1.004858036813655597e-01
-1.646002794293064952e-01
-7.582266136391678513e-02
5.031502807983089659e-02
-8.511962921938867610e-02
-1.103133883654290465e-01
-8.460941615929554183e-02
-2.411394341955052367e-01
-2.153148685122886485e-01
-2.202591380661233222e-01
-1.436967778852938360e-01
-9.023735253857803618e-02
-3.253626130447315190e-02
-7.901062885255509538e-02
-3.437746031312149952e-02
-1.215697236739732706e-01
-9.103949249130022237e-03
-2.202076463351669011e-01
-1.211999137314409281e-01
-1.891808125057732326e-01
-2.076123401943926194e-01
5.606662741852451448e-02
-1.473413754826216338e-01
-1.163967924701462958e-01
-4.898304927184526925e-02
-5.326511048875794130e-02
-1.661640192590885592e-02
-6.551281285728322024e-02
-5.664890365330971927e-02
-5.423332746008994315e-02
-5.837643703445691973e-02
-9.937871146742710896e-03
2.787570965819331434e-02
4.560748591932768659e-02
-3.561114926419546578e-02
-1.000488054394825521e-01
-1.155241357539955049e-01
-1.926384657467669625e-01
-2.075055146604112555e-01
-3.353961390284614097e-02
3.311053061734264835e-02
-5.054787209287932293e-02
4.399420785709537429e-02
-1.831856108248814119e-01
2.226281692748616203e-02
7.107116312146435910e-02
-2.010592408857818369e-01
1.494245292588026186e-01
-8.326117874801577945e-02
-6.397676238353602841e-04
-6.486617846814253519e-02
-3.915237361623011975e-02
2.368811489924931707e-02
1.331345157753944554e-02
-3.133916777956426147e-02
-2.751233001373493484e-02
-8.039760033018214513e-02
-7.918555854748120237e-02
-2.800541743244639240e-02
-5.766246201373991312e-03
-1.709511074461977365e-01
3.434600784339360974e-02
-8.694173131579131797e-02
-8.201956404957067709e-03
2.993673939614350035e-02
1.418366568888665136e-01
4.090292579710491649e-02
-3.981903444529527603e-02
-7.034515243830621878e-02
-4.361433827848876232e-02
-8.672031108845533465e-02
5.319482534570045551e-02
4.175966786253484941e-02
1.862632704131549771e-02
1.705264653922922424e-01
-7.992982541714856171e-02
-1.267887763498251434e-02
3.621993492794261388e-02
-4.243125744345201122e-02
1.516083633458766289e-01
-3.140588179617795350e-02
-3.621213905429099267e-02
-3.017870010268201147e-02
7.571286516196273214e-03
-6.264611919599968881e-02
-2.522334960605255444e-02
1.059124035063244013e-01
2.598279410837265810e-02
-2.622351715456142096e-02
5.058683965275353328e-02
5.628373388290684037e-02
6.226721454288946384e-02
1.795768991665196157e-01
8.936534787849687023e-02
9.292338847735225060e-02
1.491304283522008611e-01
-5.920186105638386431e-02
1.847947755567566908e-01
2.131610924485863034e-01
1.809329830787556326e-01
7.118999526203251271e-02
-1.376224064492977683e-01
6.074279829711540929e-02
5.606828644561678843e-02
-3.799464656909364718e-02
6.235152597978848438e-02
3.462836872483213146e-02
1.180170262982088714e-01
8.666056133695711206e-02
-5.399093333538952655e-02
2.141348722592480713e-01
1.332025592699008776e-01
5.266220532654939529e-02
9.364007134350728345e-02
7.522828264638999063e-02
1.808827898080354324e-01
2.878476212762972608e-01
7.368910535376160809e-02
8.491354497837978743e-03
1.527132840430522887e-01
1.400443061533426514e-01
1.215641504276797763e-01
1.360322440812610223e-01
2.577994920027518178e-01
1.576738522078987847e-01
3.297111940151225412e-02
1.763332231336614819e-01
1.098652702075784970e-01
4.435867165919344518e-02
1.861535352520666264e-01
1.945570593147994132e-01
1.482690109857976168e-01
1.762226038207201917e-01
1.135649684177970076e-01
1.973690118363494450e-01
1.461882749802031478e-01
2.026589241253745066e-01
2.003368416824449494e-01
1.609961035483296610e-01
1.506674449700935448e-01
1.627783591958045784e-01
1.017315430627059730e-01
2.260514034796334837e-01
2.604864577057038888e-01
9.076510618115354867e-02
1.648075720924064291e-01
1.151035687618143233e-01
1.352348420949545660e-01
6.188870919510754826e-02
1.805992831437160939e-01
1.122935076449664421e-01
3.150630568956413469e-01
1.836317178927517613e-01
4.943345456055076026e-02
2.438191711727291933e-01
2.514038596685406746e-01
1.424205192722000635e-01
3.012335132670937443e-01
1.091384111575782329e-01
2.212672172041668106e-01
7.519161353378719936e-02
1.445549397000682745e-01
4.671246710885502973e-02
1.412893193724141794e-01
1.567763099094472423e-01
1.572710975009145029e-01
2.859668040493711927e-01
6.122946651241052696e-02
3.297020363149550382e-01
3.397079279568682164e-01
8.516941956020282478e-02
4.107035356963555789e-02
2.013985386763380014e-01
1.225624152198170058e-01
1.915444549312677880e-01
1.884345714951299600e-01
1.212492743952355428e-01
1.902934061310587732e-01
3.137014064941431868e-01
2.229304035935118777e-01
1.230744458358845189e-01
2.105567744433925748e-01
3.482398812862130266e-01
1.732306972514270627e-01
9.094011687629655061e-02
2.323656850136624485e-01
2.279030152536579978e-01
1.340590466689602633e-01
3.255082843788515423e-01
2.750451320518293996e-01
2.904591447477068433e-01
2.930023549348290124e-01
3.736071855276220655e-01
2.787526930643512424e-01
2.478264958657338535e-01
2.428931710413479717e-01
2.079961889723334345e-01
1.701108503827120366e-01
3.651246534699680857e-01
6.744292995184854311e-02
2.186369239564615319e-01
1.099605726963444191e-01
1.334169955155146692e-01
1.425292766554757951e-01
3.825836088334620411e-01
1.654839408603874240e-01
4.789501949665354585e-01
3.622435644309983105e-01
3.122289223438691752e-01
3.986595201668828303e-01
1.648484227941184599e-01
3.122997087126642701e-01
3.381233688953299010e-01
2.109454181003984907e-01
2.605564363158762720e-01
3.273013991788135124e-01
2.921127172829321439e-01
3.077856631229770601e-01
3.282127155975281818e-01
3.810172016336517142e-01
3.086379112640430522e-01
3.630653479603748179e-01
3.098512314376933308e-01
3.328314021909946074e-01
5.718248987852131426e-02
3.189760321681770483e-01
4.391355079683519347e-01
3.998228250970631836e-01
4.158867455612169639e-01
4.346850325159640760e-01
4.180268520183746950e-01
4.125776582902963008e-01
3.295268523062277466e-01
2.035491054867596961e-01
4.007431649337080959e-01
2.969850576487986227e-01
3.077167825951269142e-01
2.674679465304696802e-01
3.892476830431863544e-01
3.954679171242767022e-01
3.832580024878580183e-01
3.313087039918918286e-01
3.943225453253433876e-01
2.811850178900072161e-01
3.471314852360538050e-01
3.021443191564449071e-01
3.496413461533772749e-01
4.275391984598145290e-01
3.291170192734694799e-01
4.740637432571971899e-01
3.711510803786163826e-01
2.864324754225444636e-01
3.712516543356720877e-01
5.112557199429227373e-01
3.657904995971401063e-01
3.243759368797375364e-01
4.244898870510813160e-01
3.091875278421414297e-01
4.945753939999651405e-01
4.529912510325724284e-01
2.843876198571290703e-01
3.286103466885909041e-01
3.100000323661558643e-01
3.145789599577977769e-01
3.084457255012532650e-01
4.311174834476318440e-01
2.094727815217406197e-01
4.282848540142183968e-01
2.717241406693178818e-01
2.742984608090434095e-01
3.862025666926121037e-01
4.893381390469276893e-01
1.979975460762540829e-01
3.837706435482142187e-01
5.032446893345761119e-01
5.159021140671813388e-01
4.030565659820210533e-01
3.503163187571754489e-01
4.178409429669787678e-01
4.808457618631793440e-01
4.544619307139718400e-01
3.918621717550452854e-01
3.576827220167325683e-01
4.342610637449745292e-01
4.553120101123503405e-01
3.675141163593502180e-01
4.181630589821195843e-01
3.128731753176732244e-01
5.714198807142921721e-01
4.189370384815581660e-01
6.286558430591266955e-01
3.063277505004574630e-01
5.392880705136101627e-01
6.765403599674538748e-01
4.382004913947327718e-01
4.048236973348270928e-01
5.216153686487414731e-01
3.301483516146288544e-01
4.532473264410028513e-01
6.014596300838003229e-01
4.123249891689353408e-01
4.687541805555345831e-01
4.548668641470057783e-01
4.794134108446573839e-01
6.438795043654709227e-01
5.593475154879584688e-01
4.607093970974237007e-01
4.130668607443553353e-01
4.354105313204472139e-01
4.360886597978297918e-01
4.986445912999397101e-01
4.616285745828364595e-01
5.159104223311546944e-01
4.315590021876403726e-01
6.041522853068197474e-01
5.075054930926642394e-01
6.013861383504019997e-01
5.965547315279765561e-01
3.808821702795611719e-01
4.611888805154431559e-01
5.251620868363615635e-01
6.937293507893502742e-01
7.040668630428165153e-01
5.776614019409869183e-01
7.231052519859850758e-01
7.126840269637607639e-01
5.519135881424916956e-01
3.666694956575566322e-01
3.230673002573039576e-01
5.439882102705637656e-01
4.729351052234354591e-01
4.301140700243035186e-01
4.724625697371063193e-01
5.177696099145140396e-01
4.062037943601994883e-01
6.424414268736619027e-01
4.930368400329152578e-01
5.776986154950886077e-01
5.682332632673323669e-01
4.692476613893623028e-01
4.799337335796534654e-01
4.774493235943534364e-01
6.146414094841052833e-01
5.265908751626121598e-01
4.524910880295267002e-01
7.689589595887421636e-01
6.045577531594756859e-01
5.800140655523169375e-01
5.761427019862821464e-01
6.281854132068349639e-01
6.006678450311625506e-01
5.290589724623732115e-01
6.068153134652779501e-01
5.327036606158437326e-01
6.444394049684654124e-01
4.828646316534754290e-01
5.247627237110480403e-01
6.971308811030667574e-01
4.987567192879255873e-01
4.421626034275016881e-01
5.330506140918854774e-01
4.391860387078034278e-01
6.015200434149619024e-01
6.841528463505825997e-01
4.624380946732042919e-01
6.737758880746509416e-01
6.138574697795138313e-01
5.806493576279238011e-01
5.051035700375182680e-01
7.546959691727285202e-01
6.459131687589518833e-01
5.387721621950222195e-01
5.760305429195472504e-01
6.400083387486160680e-01
6.666020110521554409e-01
5.209471466577016985e-01
6.134942335168214189e-01
6.226187695366910413e-01
6.191993168364300359e-01
6.716459193273831563e-01
6.853705382202721630e-01
5.775371972682875610e-01
6.336959123207213107e-01
5.946109562982225816e-01
4.505280688208395112e-01
6.772405275444991490e-01
6.107428592801850131e-01
7.264354745411497616e-01
6.083806511139627782e-01
6.721739808833786523e-01
5.749674267757145518e-01
6.254351168778135017e-01
6.134239559141103637e-01
6.508798796784672769e-01
6.224632091392329203e-01
5.989389861551640548e-01
5.776317158878293556e-01
5.578532587410630628e-01
5.137726342648809563e-01
6.563220269549129293e-01
6.609214166950064806e-01
7.785403050139269032e-01
5.221909711948026223e-01
6.600574355578482377e-01
6.544597151032252036e-01
7.110803585573893804e-01
8.091612923198712171e-01
7.227732952833347824e-01
6.196871046117374826e-01
7.893464008586028591e-01
4.628926303589060987e-01
7.159317648652281374e-01
7.450993230527951372e-01
7.072032627266148230e-01
7.766294421891988264e-01
8.614141690765844128e-01
6.672869175195597080e-01
6.821525474323787419e-01
7.280124662772300415e-01
6.003511893889866835e-01
8.260471280541246131e-01
1.048404316371495781e+00
7.426519788346006568e-01
7.195263592004580433e-01
7.626639654824660663e-01
8.541579119997438907e-01
7.175934353964749102e-01
6.577023351311250821e-01
7.639962081880831146e-01
6.378070240205510055e-01
7.075053259017741736e-01
7.657347034582991929e-01
6.685639951813295845e-01
6.815070932401929849e-01
7.565586021140364714e-01
7.941365757410172588e-01
6.253406204143190372e-01
8.484022091412783961e-01
7.664403077314820845e-01
7.210412060646340660e-01
7.039525858455164542e-01
6.491435371614264760e-01
8.496572501289820778e-01
8.387693903770326864e-01
8.245769172052705986e-01
7.573102877132396049e-01
7.306498532710448135e-01
7.091737759193872392e-01
6.552429194041654581e-01
6.687684012726361482e-01
8.292842463965538480e-01
7.125022933874090025e-01
7.184954951340284390e-01
8.852360530206585532e-01
6.403213315120906968e-01
8.874635061887229392e-01
7.077052557860938897e-01
6.620039969677122826e-01
7.881019150714320132e-01
8.126262895245595086e-01
8.178872718607428371e-01
7.474692287639984611e-01
6.682988748567892934e-01
8.994058226092234154e-01
8.244179091245145141e-01
8.794251026083935718e-01
8.498113392965065405e-01
7.320145599166911765e-01
7.931981018673293082e-01
8.137851340687902724e-01
8.194414042700400858e-01
7.528415899238505293e-01
7.658370574463919667e-01
7.929941945324621155e-01
8.466278215148044239e-01
7.664421695518260913e-01
7.777043505731539019e-01
7.002762183272319696e-01
9.192378114523842569e-01
8.572171256901108816e-01
7.583744828027869644e-01
6.890496556815826068e-01
8.231380172278776053e-01
7.948952987687268879e-01
7.724534628541799286e-01
1.032790307850396383e+00
7.975682331211912945e-01
8.734504672258927016e-01
8.473085714875240315e-01
8.226195354027181494e-01
9.143171306562862810e-01
8.451886179952723399e-01
8.690898652570436811e-01
9.606116383518561452e-01
8.423447165311661600e-01
8.090126811839224441e-01
8.468942427705603571e-01
8.553936409028947141e-01
8.224346205422031764e-01
9.603586636127301457e-01
8.432005744235695488e-01
8.797319468502639017e-01
9.133865515103533061e-01
7.959834948084565376e-01
8.883529215614234253e-01
8.213513072660878489e-01
8.240117981355158383e-01
9.468036988539355603e-01
9.106990682156876904e-01
8.493246488957524321e-01
9.620125443987860292e-01
9.127726724039586514e-01
9.025202475770822685e-01
9.390930306053015819e-01
8.551568165709154679e-01
8.178816968261065634e-01
8.848411076848816670e-01
9.423320420609341275e-01
8.485394749728097930e-01
7.598420532704736052e-01
8.446125176005395696e-01
9.596064257188814395e-01
7.863789227982870278e-01
1.058422374484939255e+00
8.791270496827994219e-01
9.041076826581248005e-01
7.021328505266453135e-01
9.530199188378362107e-01
1.096180229371790160e+00
8.488952443541061266e-01
9.217995244247334519e-01
9.397257692266371976e-01
1.022331769912890209e+00
9.462699158598310012e-01
7.618810920234940776e-01
8.892229247240363010e-01
9.264243238480143194e-01
9.163090818173462715e-01
1.028231371189404664e+00
7.635247451950980535e-01
9.057509284817130135e-01
9.112403012547553027e-01
9.763635644651091905e-01
8.822101606194449053e-01
9.613338127955117773e-01
1.017170177470454684e+00
9.341996321730031694e-01
9.044349990363736991e-01
1.018588103441443016e+00
9.601577066860192966e-01
9.007213109719169886e-01
1.007580563790155814e+00
1.087595171416370965e+00
1.145914818420403103e+00
9.592416389209837968e-01
1.041902103575135907e+00
1.051566005855029351e+00
1.054983745717048560e+00
8.862098731484179259e-01
1.061940496682060031e+00
9.793846745972729639e-01
1.143044536744341144e+00
1.076263123592166471e+00
9.516458392485971363e-01
