-9.812354766585211774e-01
-1.012704648142127573e+00
-1.057463251948919325e+00
-1.124339545542567764e+00
-9.789761528396234702e-01
-9.056982762259632169e-01
-9.295905017214508570e-01
-1.071149882580011647e+00
-1.000075457671673718e+00
-8.035816296217952459e-01
-1.012858229958287337e+00
-9.198074676319110132e-01
-1.023181964004745925e+00
-9.184903748820844038e-01
-1.022174708767327411e+00
-9.163457410567394934e-01
-1.049041503730235192e+00
-1.002128447371064990e+00
-9.216082918425380077e-01
-9.560342628635352114e-01
-8.935301108275101045e-01
-1.050151553773955415e+00
-1.116784369577925817e+00
-9.759479022010257854e-01
-9.054570544127888976e-01
-1.009979665556615558e+00
-1.005408527953431719e+00
-9.849092087917280525e-01
-1.117398229629747108e+00
-1.041143146604498249e+00
-8.554255341932508472e-01
-8.752456051125043768e-01
-9.060219876251216498e-01
-9.853166714238457136e-01
-8.826907170012511239e-01
-8.765797201874736544e-01
-8.827682163576321406e-01
-8.339944592654815470e-01
-7.611685499049454240e-01
-8.876497853719483855e-01
-9.211090974284433797e-01
-9.504350548823817801e-01
-8.214253914509824783e-01
-9.678607901846916217e-01
-9.295776421862699257e-01
-7.744695373060510590e-01
-1.204858392559152502e+00
-1.074587259222229418e+00
-9.371383624042569638e-01
-8.703877915779446583e-01
-7.629986901301212265e-01
-8.982941774066832696e-01
-9.887914446327285001e-01
-8.347979862311546428e-01
-9.220221840621835030e-01
-1.018001704437254906e+00
-8.636713326542336810e-01
-8.990986103937164131e-01
-8.365432846160084646e-01
-8.089477107638239906e-01
-1.053907801940062727e+00
-7.951945109519396038e-01
-9.847994603988931006e-01
-8.745749643665061690e-01
-8.405096565323918467e-01
-9.314802560028636602e-01
-7.888228931124376953e-01
-9.411144519740995973e-01
-8.843550939667788047e-01
-8.645087978737518997e-01
-9.138643696279301620e-01
-9.326610370949909301e-01
-8.249639784628142181e-01
-7.910926342696480429e-01
-7.638896389443150525e-01
-7.228393294482426956e-01
-9.059711093558231454e-01
-9.084371283048728873e-01
-8.393144931744078718e-01
-7.954732466860258144e-01
-7.264778108310706584e-01
-8.213615793681009469e-01
-8.408141951495289312e-01
-8.021981946495714277e-01
-8.303370733276461690e-01
-7.010421684963217270e-01
-7.071871367341531212e-01
-9.577493173313950114e-01
-8.532662064607577923e-01
-9.298838383969840748e-01
-8.491797705615545810e-01
-7.511020081762463940e-01
-7.206922013742880218e-01
-7.228429559889247846e-01
-6.825454685624879891e-01
-8.678508968945075619e-01
-8.627238014028696389e-01
-8.327823182252918066e-01
-8.997993863777523638e-01
-7.693659315136226473e-01
-9.130693093796574678e-01
-7.270493468267059667e-01
-7.557432175786998885e-01
-8.421097354244386768e-01
-8.782418940489533643e-01
-8.092024434636536645e-01
-7.809644183926982564e-01
-8.203359127428208053e-01
-8.781566558885568474e-01
-7.767348739449700945e-01
-8.886172689486622200e-01
-8.063414042272335491e-01
-7.996948730126269833e-01
-9.200198163035202548e-01
-8.562662500376664321e-01
-8.010837626718081417e-01
-6.926656676322717754e-01
-7.117705561712098783e-01
-8.140482140666374100e-01
-8.086353740833437387e-01
-7.702855569232974764e-01
-7.352470277295694023e-01
-7.576832939088431473e-01
-7.123685159485589891e-01
-7.988763406362395791e-01
-8.731802836071211882e-01
-7.535819415889866146e-01
-7.601067639744156779e-01
-7.021264960602531247e-01
-7.500913265645974271e-01
-8.137640961366759962e-01
-1.007703900209017345e+00
-7.372728138804243159e-01
-8.402524864656232273e-01
-7.897361102438502645e-01
-7.582141696714509438e-01
-7.474490019891973924e-01
-6.026390376012712435e-01
-8.246782533012421146e-01
-5.750528946655191209e-01
-7.853782531036588299e-01
-5.668121680904254500e-01
-7.428873139242361257e-01
-7.288708190736997716e-01
-7.822528182489401072e-01
-6.423958551435656750e-01
-5.668105041511845021e-01
-6.128150056952085256e-01
-7.549171414104814959e-01
-8.008704917625107944e-01
-6.241017283762509971e-01
-7.702086466338569082e-01
-7.676640489378088184e-01
-7.059020648620492056e-01
-6.169379480521482995e-01
-6.907457876513333206e-01
-6.876322105378077643e-01
-8.858009290024140281e-01
-5.279100010483152028e-01
-7.452193030565944509e-01
-7.641449406330282912e-01
-5.322572492078736506e-01
-6.424730348270129010e-01
-7.160726505256675978e-01
-6.996929272628192864e-01
-7.265259203907461494e-01
-6.637000189471902178e-01
-7.415480116645757347e-01
-6.976332368814855966e-01
-6.761451129151556660e-01
-6.219432308779231366e-01
-5.835065500194123178e-01
-6.677219821401164657e-01
-6.201719104023509788e-01
-5.473286255370730657e-01
-5.105881183927024614e-01
-6.317640920941941518e-01
-5.909117780288847266e-01
-6.666185052987423365e-01
-6.158731595255887425e-01
-6.824053917616678122e-01
-6.366434856734114467e-01
-6.257993708137935540e-01
-6.061793944427688041e-01
-7.310355209289214340e-01
-6.598660036034865728e-01
-5.917833441221532764e-01
-6.124687060188996890e-01
-6.218678130541457350e-01
-7.616261339314898127e-01
-6.636615998780593939e-01
-4.588739261872903930e-01
-6.074597252940949765e-01
-6.043404859013830066e-01
-6.111283959302449276e-01
-7.696254594347469169e-01
-7.341578137620399236e-01
-5.561250892076334829e-01
-5.695454680645157808e-01
-5.440021122628316830e-01
-6.029676135898681677e-01
-6.005243625753564629e-01
-6.212722586564837224e-01
-4.367065916983565721e-01
-5.813963140416841258e-01
-7.506825204908273985e-01
-6.723905827348527486e-01
-4.929303956069636672e-01
-6.625119182105517757e-01
-5.792973911977654655e-01
-6.185995517288354062e-01
-6.892619244836841741e-01
-5.075037141105092076e-01
-6.014679532361423275e-01
-6.014584848452528831e-01
-6.837213258524069692e-01
-5.993555756067496798e-01
-5.177979680327867706e-01
-6.033961660986759679e-01
-5.474435638022445705e-01
-6.365457911450150830e-01
-6.019540698413399227e-01
-6.388177887338023497e-01
-4.764840903871981892e-01
-5.715146769456261877e-01
-7.493999480920191525e-01
-7.041436427677623122e-01
-6.366501448557714271e-01
-5.829849361928509666e-01
-6.410999349085335641e-01
-5.357513007470907640e-01
-6.038486930435412736e-01
-5.201802210553249095e-01
-3.684111961198124341e-01
-6.796134146788600505e-01
-4.872069712750297654e-01
-3.803353220810848367e-01
-5.015468087597332314e-01
-4.830417423151780465e-01
-5.656109960938437986e-01
-4.528955049866728033e-01
-6.389270008120362387e-01
-4.167812337202064232e-01
-4.746830261902654224e-01
-5.830518346650815920e-01
-4.817296473525260470e-01
-4.380146146862077261e-01
-4.391702141914004542e-01
-4.628305701150353668e-01
-5.229848003294540471e-01
-4.817119213342049289e-01
-4.079390781077930628e-01
-4.609455389289293659e-01
-5.297045809125794369e-01
-4.147997506112641175e-01
-5.858283872831643313e-01
-5.299327012262947667e-01
-5.619512313157284389e-01
-6.723784826505956325e-01
-4.223090703856713923e-01
-4.084626100489646139e-01
-4.160587880351016010e-01
-5.528747521650164698e-01
-5.152397379266849820e-01
-5.262896362622219160e-01
-4.671268807312684568e-01
-4.506358032496347588e-01
-4.859198552706461838e-01
-4.937786722825717733e-01
-4.556265581184055224e-01
-5.947820302637398804e-01
-4.111311749590438325e-01
-4.022251324146998153e-01
-4.748790301766448452e-01
-4.425407944844820807e-01
-3.643152797428514389e-01
-4.150241365526781134e-01
-4.815816182592956296e-01
-3.251201491160198298e-01
-4.150093970060518278e-01
-5.055540634489196217e-01
-3.104050543948212448e-01
-4.982947227356900877e-01
-4.469599624197642673e-01
-4.933346027763046981e-01
-4.331425957101955881e-01
-4.221514821628110647e-01
-2.706029796717460134e-01
-3.773824065613554657e-01
-5.207526215613006437e-01
-4.281139577059037693e-01
-4.551991445454492968e-01
-3.951551619746866972e-01
-3.620059480775268956e-01
-3.926550892463380737e-01
-4.840468481426703495e-01
-4.476994036240822816e-01
-3.969552115797457814e-01
-4.551098281405383528e-01
-3.594584000902256715e-01
-3.368653993403263880e-01
-2.554643813954430298e-01
-5.099037792125508117e-01
-4.759251059449211008e-01
-4.173801579116257487e-01
-4.346229268561323522e-01
-5.677890556324780569e-01
-5.903394496046616702e-01
-3.921221830309188916e-01
-2.513155981929777183e-01
-4.231009130550052455e-01
-5.602561353802653077e-01
-4.443649937994331167e-01
-2.922946933855884999e-01
-2.776495022185541117e-01
-3.679057150650686392e-01
-3.406158092547554861e-01
-2.803520990834835191e-01
-4.339791558918583148e-01
-4.466691455619908879e-01
-3.362456687311411452e-01
-3.463392263138991845e-01
-3.721504236147342715e-01
-4.450695592078461327e-01
-2.824671852322166998e-01
-3.598277223924972179e-01
-4.662029250470319797e-01
-3.499896929171126270e-01
-2.507589503562768218e-01
-3.840080413529617376e-01
-3.842290526270020767e-01
-2.557883839247517277e-01
-5.184798976243497615e-01
-3.689680958363729668e-01
-2.966207325382465010e-01
-2.912743958654900878e-01
-2.877717712148653018e-01
-2.629058266425283730e-01
-3.033448835143817135e-01
-2.678935119813232735e-01
-2.436570651622810557e-01
-4.353647835967433544e-01
-2.306373667249868309e-01
-1.336834791841482739e-01
-4.503976760753062303e-01
-2.277294821250507306e-01
-2.059752090297033433e-01
-3.244138259468065666e-01
-2.108952779738755279e-01
-3.792653665742424796e-01
-2.631635624297033460e-01
-3.106380222120477264e-01
-2.500278121836212453e-01
-3.196569571167166002e-01
-3.725821384447310924e-01
-2.002425352788436141e-01
-1.833947274359726820e-01
-2.344380385199673900e-01
-2.973240389627546110e-01
-1.192341167930682233e-01
-2.413663763453477995e-01
-1.593124004961233020e-01
-3.050223683478787140e-01
-2.648794132659543221e-01
-1.764522783083374013e-01
-3.642997431327094082e-01
-2.946648190247143639e-01
-3.768218918463192568e-01
-3.992401882090736431e-01
-3.829769749255835243e-01
-2.368219843512571476e-01
-2.132294018687166670e-01
-3.209622170408400477e-01
-1.814186565933262885e-01
-2.109144636691888675e-01
-1.338147352558175240e-01
-3.064445057070929734e-01
-2.495391120570621679e-01
-3.218187612528509156e-01
-3.876218972863225698e-01
-4.424759400697669265e-01
-1.943922083552996616e-01
-2.413454761409503380e-01
-2.434192874155961528e-01
-6.621229141661662265e-02
-2.141952818970435934e-01
-2.654976780805324288e-01
-1.954364458695340145e-01
-2.007506347072088859e-01
-3.066653231143831038e-01
-2.480810114154737012e-01
-1.767574207105651884e-01
-2.224889010846878568e-01
-2.188506402885095348e-01
3.769427638370328494e-03
-6.784473897274038989e-02
-1.564992375283107140e-01
-1.149699222574991908e-01
-1.835276901252921589e-01
-3.065646716579506492e-01
-4.733997168400772004e-02
-1.517369145630244609e-01
-4.477492716236875642e-02
-2.948467883411325929e-01
-1.092887486324797819e-01
-1.922230259187253099e-01
-6.108027965497056511e-02
-1.184225721011710059e-01
-1.732442787390353067e-01
-1.464907275192776914e-01
-3.182444111317168089e-01
-2.340475531290189815e-01
-1.590959370160078545e-01
-3.172553716852349881e-01
-2.532422925120694224e-01
-2.198609472787723396e-01
-1.341716980990934338e-01
-1.221563575280375513e-01
-1.656172254468198102e-01
-3.577435984345375131e-01
-2.178456595899029569e-01
-2.723416197736411304e-01
-7.709409938276347296e-02
-1.897221104267875214e-01
-1.304812061158632519e-01
-6.764742866684750333e-02
-1.079522203511060763e-01
-1.995513247300545467e-01
1.592977676007132498e-02
6.131330701657111693e-02
-5.308123865961811294e-02
-1.150178388082654379e-01
-3.060364937049917522e-01
-5.275103052669039005e-02
3.336735882339874476e-02
-2.010293145081825383e-01
-1.103272743739794988e-03
-1.402952136747846190e-01
-1.156513655846116428e-01
2.643052496432065149e-02
-1.136495151463375458e-01
-8.249119497490499386e-02
-1.264463567966473689e-01
-2.282350362421523282e-01
-1.544653780859009118e-01
-1.087113836866421823e-01
-8.703533611767273748e-02
-1.069164221392820274e-02
-1.378699945795508197e-01
-1.746245151816124275e-01
-1.721535307076453927e-02
-4.332034774048474507e-02
-1.078932700388863519e-01
-9.006789140023122031e-02
5.347886331891697764e-02
-2.820558482749036325e-02
-3.690644562186579797e-02
-1.517827614016531712e-01
5.443679589331318867e-03
-2.530339037493688908e-02
-3.581471033789389302e-02
-1.914558152515381806e-01
-6.205439173402528541e-02
-1.016530340444514180e-01
-1.699233933996373569e-01
4.343221118154479837e-02
-2.495310651599699225e-01
-1.549090830981844982e-02
-2.852668790288821477e-01
-2.961363185607942053e-02
-1.505151713914341383e-01
4.025844417177960877e-02
-1.483556848518379212e-01
-5.032928144734707260e-02
-1.999751372967450980e-02
-1.321357912211249541e-01
4.069096226874336503e-02
-2.577344010838653054e-02
6.388870395200910157e-02
5.251227605604693455e-02
-1.636668159028555614e-01
2.258475225902293118e-02
-2.168502997161279311e-01
-1.161478427349334486e-01
-1.700154173926052628e-02
-7.569448077398657250e-03
7.839033563444550157e-03
-3.171541144409670797e-03
3.802064857572136965e-03
-2.303242218333239819e-02
1.431326379007661145e-02
-1.481024033058740419e-01
-4.304093095522904672e-02
-1.198388593602889990e-01
9.029513679187667341e-02
-1.672054601405322249e-01
1.041596042276569517e-01
-3.600749441423056058e-02
-6.721838922131845306e-02
-6.206392854810190152e-02
-9.362136850481068973e-02
1.187981339875182341e-01
-1.651388254880693240e-01
4.601461551308853176e-02
1.030618114751691156e-01
1.727153242364663430e-02
-2.990986219870250470e-02
-7.265696097917385965e-02
4.948728430491600161e-02
-1.136421359067112391e-01
2.012889725035295341e-02
1.499492116045805234e-01
1.529323046963932398e-01
-3.565711480521607107e-02
1.190644249385632569e-01
7.288976549481343548e-02
1.718454864459000031e-01
6.421823908920376578e-02
-6.790211732114401211e-02
-8.774740228844260526e-02
1.163855621204217955e-01
-9.859853489961585213e-03
-7.541905894832481340e-03
6.619371944532832786e-02
1.903672833791751617e-01
1.235295680596943182e-02
1.041282659840961494e-01
-6.352064332024831561e-02
9.013116554230468647e-02
6.950989117163344777e-02
7.595789953939324768e-02
1.109523830999166460e-01
-2.666082812114148326e-02
7.577660735533535419e-02
9.617730070019103739e-02
1.940025149604931165e-01
1.713472489030090362e-01
1.701424306880582049e-01
5.984816733708982900e-02
9.524026829146031714e-02
1.068277551917876517e-01
3.786632793066773556e-03
4.722856777313331859e-03
1.027511033133600565e-01
1.407926091839784011e-01
1.842100365887543445e-01
1.871747660168875949e-01
7.490667650313899417e-02
1.119915756514472784e-03
1.179786871926352398e-01
8.316233138287512650e-02
4.470172175296530798e-02
2.532303687126991054e-01
1.063438260108746751e-02
1.628745740950647558e-01
1.681489834206092437e-01
1.990341480784044853e-02
1.317364081142030907e-01
1.431927283672999873e-01
-1.981805182816832531e-02
5.193132339714420787e-02
4.178812644119828286e-03
2.577673778784437264e-01
2.238280394545635599e-01
8.171208927727685589e-02
2.033233435790897381e-01
2.183028900570545272e-01
1.006765132574057170e-01
7.956987901941128816e-02
2.467500493955163410e-01
4.960798525531703168e-02
1.591372388862697107e-01
2.079897552281700090e-01
1.915773267623271381e-01
6.821295370085834163e-03
2.118381337052320790e-01
2.758356991719183027e-01
1.126664189590125403e-01
1.895684416683938445e-01
1.412395438216990096e-01
2.297750421135197063e-01
1.656989802003702439e-01
1.495272619986075524e-01
1.697514749560752045e-01
2.544492634453370261e-01
-8.599388596576253152e-02
4.321805521047097226e-02
1.505197627300028651e-01
8.872691887110159548e-02
1.311920095370412154e-01
1.891064641249085299e-01
2.719698073350533818e-01
1.021000131702371472e-01
2.871282880708130314e-01
1.186344986625249009e-01
7.634816582768913507e-02
2.390091118193850006e-01
3.936334289309016965e-01
1.925530210809306420e-01
2.393000276430572726e-01
1.370138260859844470e-01
1.800057478814743872e-01
1.644408951409360164e-01
2.624705037442072730e-01
2.020867680237320718e-01
1.963596599807757026e-01
2.068987382570263711e-01
2.597338678774717691e-01
1.916539185065070094e-01
2.534918274293944673e-01
1.643884239777988199e-01
2.909678448334630518e-01
3.520820570236198876e-01
3.166182116423710835e-01
1.532250923147658317e-01
1.542766950379559909e-01
2.466543550341383784e-01
2.107627307576363240e-01
2.483106626239224013e-01
3.744241755351297440e-01
1.467509941575853294e-01
3.265857505800527638e-02
2.823108004978562846e-01
2.744789469382715175e-01
2.429060219729817782e-01
2.687298468262598883e-01
2.584875181966258539e-01
4.268846504207843839e-01
2.844063670180945747e-01
2.309768128037865964e-01
4.672170610016802561e-01
2.201016302722183238e-01
2.824428550501461022e-01
3.115444342262619903e-01
2.493588838308735400e-01
4.030262534553347153e-01
2.105020954058992311e-01
2.023954068465110556e-01
2.130770136330624176e-01
3.041259780615694353e-01
3.117510794904074789e-01
1.888134121611606542e-01
3.047332879247320880e-01
1.337883865030997099e-01
3.409070311965188282e-01
2.833325692407803187e-01
2.481749586094700033e-01
4.101635247180783761e-01
3.413394238302669415e-01
2.332501732379530235e-01
8.942165065601083776e-03
3.342379057191734448e-01
3.059028324356760642e-01
4.078410620976629097e-01
3.826669046239970506e-01
2.588539431907690980e-01
3.655251864691751451e-01
2.172781433773190718e-01
3.413712183546328549e-01
3.871019732336885011e-01
3.196995202346800680e-01
2.832052349476901210e-01
3.925195054693904062e-01
5.436166775005708551e-01
2.309988110392990623e-01
2.141332881783759579e-01
3.931217884854963374e-01
4.248144924508056031e-01
3.035935952547442751e-01
3.041539406804029122e-01
4.068814647972046616e-01
2.902347615448100382e-01
4.855546381991786009e-01
3.735818743169730394e-01
3.588404204768821382e-01
3.748404394350466906e-01
3.222228307968318384e-01
3.696519850076064873e-01
3.940341908181596575e-01
3.481440201980284255e-01
3.004876361535223084e-01
1.521776310336899751e-01
3.163410859118333529e-01
4.222914925812876752e-01
2.289922618569029678e-01
4.801050939423887054e-01
3.667110444810080527e-01
4.544023727512993549e-01
4.039523538342142395e-01
4.543758723914562703e-01
4.618951330650943876e-01
3.022245636402095537e-01
4.022841573009708349e-01
5.024580382840443393e-01
4.526787001115222253e-01
4.412898980442239161e-01
4.034730911693571453e-01
4.007348402220697325e-01
4.084813705512944093e-01
3.694753193190269402e-01
5.294073618660192215e-01
2.861782880413089036e-01
4.607290218159967310e-01
2.561539324765214620e-01
3.219084165951184850e-01
3.347868874012996376e-01
3.909594682667136278e-01
4.431586677600670154e-01
6.021437113825431897e-01
4.187967441423162684e-01
3.654710121388254351e-01
5.319900733461616626e-01
4.624433271900759146e-01
4.920972250479176413e-01
4.510773352001451464e-01
3.351413063941186543e-01
3.265149868695775282e-01
4.409894314258270831e-01
4.953337148548008773e-01
3.303311154691029317e-01
4.775875800705821628e-01
3.421175858047894591e-01
4.350719216517079935e-01
4.788386082992779902e-01
6.099037227548981255e-01
4.631710737359901464e-01
4.112525849789573917e-01
4.995460032620256396e-01
5.442785818776262330e-01
4.543075116658557566e-01
5.102789033749989267e-01
4.473427013857220191e-01
4.787164721018685731e-01
4.531885619187525638e-01
3.937197156903700090e-01
4.431019947136063952e-01
5.722027190332066304e-01
3.833123042997195196e-01
4.263584723182111125e-01
4.930007673927569445e-01
6.076529979465900011e-01
5.794131095182771807e-01
4.973173920870780917e-01
5.588856281155566430e-01
6.180453203652090943e-01
5.751518513474545014e-01
5.873920205239488990e-01
3.928896391149467870e-01
4.719601392748112856e-01
6.000353742075800190e-01
5.566292667966933339e-01
5.133251435999132140e-01
5.404647758396188273e-01
4.761324482375662304e-01
7.507309970393055698e-01
5.188390662929578401e-01
5.159662612203878007e-01
4.417127505570365709e-01
4.669282333954724029e-01
3.709398223098713254e-01
5.488987837535301839e-01
6.111618614854206211e-01
4.733602559642150487e-01
5.971667632082828803e-01
5.076305356199750651e-01
4.183118730223652215e-01
5.349838388984321513e-01
4.922055426627244823e-01
5.257130228951015782e-01
5.171757302551515112e-01
5.646839941361532222e-01
6.366205069707873143e-01
5.518951321297383972e-01
5.093366431050584398e-01
5.897639902137985501e-01
5.735854798137770549e-01
6.314435010377040802e-01
5.791531353476107036e-01
6.950105300468940595e-01
5.883003893695729625e-01
5.592259722914270093e-01
5.383294234063241701e-01
6.775359224209094311e-01
4.427883626455307309e-01
7.031201212587041560e-01
5.668142342986689508e-01
5.941423555395893841e-01
6.684940350815747889e-01
4.960371268198325301e-01
7.229077391054743451e-01
5.359925801319722627e-01
4.838974238625970981e-01
5.531018864030848858e-01
5.145894880624791723e-01
5.929012797463287798e-01
6.762819730401313789e-01
5.425610550534070153e-01
6.230643766858107169e-01
6.522240344853857952e-01
7.198144546498305152e-01
6.362248729161286143e-01
6.259803868954406658e-01
5.564978733994865312e-01
6.033555001110812999e-01
6.228717804253705026e-01
8.084272538703204392e-01
6.375802179504670431e-01
5.789826180528373500e-01
5.883898277485007933e-01
5.611314265305580307e-01
6.515339856962051313e-01
6.085298990986123258e-01
5.819681398139888717e-01
5.281769502917643688e-01
4.180310423464323466e-01
6.333045464217043063e-01
5.640302616035216543e-01
4.744598684924755116e-01
7.361745863337438855e-01
7.717655657876827391e-01
5.876275001227289074e-01
6.003967655804184345e-01
6.999768276071475226e-01
6.137701376976159029e-01
6.142577284656128844e-01
6.107027551394584863e-01
6.767449209816359668e-01
4.806731350084539334e-01
6.747073492638565595e-01
8.465609073062327905e-01
5.485621905235118501e-01
7.799110739422462357e-01
7.336143728572681599e-01
7.605765915539391964e-01
6.611798948136237142e-01
7.954296080214676712e-01
5.832293172860143482e-01
8.451779352464381390e-01
6.989650666743766338e-01
6.339946325891888668e-01
5.980726565417610052e-01
6.471487305419932889e-01
6.538812779425127175e-01
7.075156362674828170e-01
7.324873451859407192e-01
8.709414442898800734e-01
8.411334656307339896e-01
7.901045389056526869e-01
7.673527473517777198e-01
7.056471831195709754e-01
7.181699794053053587e-01
7.208932312922093910e-01
6.920111873156602478e-01
7.464243539283097473e-01
6.556646197262071540e-01
7.515625312696166960e-01
6.568204671019046703e-01
6.687852621711893875e-01
6.387738778770348791e-01
7.103821507446181904e-01
7.700847579512011265e-01
5.843973573494946061e-01
7.033011974567794367e-01
5.518026346323899878e-01
6.026331381804755916e-01
6.820613164801977435e-01
7.835780362076492089e-01
6.265765167019782256e-01
8.270616932272403243e-01
8.654145731930099616e-01
6.699844852753653601e-01
7.407627263364290338e-01
8.236412470819891585e-01
6.889471987632865835e-01
8.300864431551097100e-01
7.022973107952591443e-01
7.459298194782154612e-01
6.223804564993420385e-01
6.678615554531182053e-01
7.503606611545365901e-01
7.224240585438924667e-01
7.148305041866049869e-01
7.559948217565364281e-01
7.994358126909357765e-01
7.992023824558917022e-01
6.978082121866813203e-01
9.372884537164652974e-01
7.597916399316350100e-01
9.203396964325529783e-01
6.153243258912375335e-01
7.280043326238708756e-01
7.489300505511743422e-01
7.191230841794774564e-01
9.346382792028655739e-01
8.559887104914064571e-01
8.219796287033815929e-01
6.844048134267434191e-01
8.885716974223880626e-01
8.101248930486771860e-01
7.585533302634925867e-01
7.594356681937185494e-01
6.870263434205429176e-01
8.394929823674210922e-01
8.864962041296071682e-01
8.708069040557859797e-01
8.654584284890215473e-01
7.498700872880148527e-01
8.254450200078324862e-01
8.520143068776419026e-01
9.213061855739094197e-01
1.031356207902545341e+00
7.474100839230121140e-01
8.091113410521948435e-01
9.130732643446427543e-01
8.082770830592393985e-01
6.606473234459667720e-01
7.366121486135338570e-01
8.867655408485458635e-01
8.633554058397533426e-01
8.475211875341494006e-01
7.976481563473422076e-01
7.638479872758691114e-01
8.772182853088250631e-01
7.832734668669348865e-01
8.703483352544494345e-01
8.538626595374712025e-01
8.210224860433618099e-01
8.383145587179929858e-01
9.579721319771618004e-01
8.644786489643135896e-01
8.600404633113863939e-01
8.515104365501882100e-01
8.081348676223195637e-01
7.327949782780185384e-01
8.445257154065900496e-01
9.498335956955283876e-01
9.788332790191293098e-01
9.245826428710353095e-01
9.362316386250840727e-01
1.004359771833571946e+00
8.830112449894079729e-01
9.229010189037532008e-01
8.398076668074205831e-01
6.088024898323944889e-01
9.010605686897500410e-01
9.549426342777643795e-01
8.785856889815161219e-01
8.018979887214195967e-01
9.306905068738093867e-01
9.301070206608654800e-01
9.931884150590333249e-01
9.646462701489476599e-01
9.540527190693025572e-01
8.448416423669196096e-01
8.504342766478789617e-01
7.323306110401698321e-01
1.009319825349440425e+00
1.069869255176253420e+00
9.556711868125389309e-01
9.212143229991490712e-01
8.105507876695141611e-01
8.851299035363079382e-01
9.889153865430480028e-01
9.580141057507065572e-01
9.240626089095992368e-01
8.772822444960967081e-01
9.693455346987902566e-01
1.100780236447236549e+00
8.626741246925745399e-01
9.703670646132702693e-01
9.402894974951322427e-01
1.000253916908973917e+00
8.772882639424497420e-01
8.204886236350558137e-01
9.463515481789936956e-01
9.442116475906403572e-01
9.133170145845050936e-01
9.012092190415936788e-01
9.078613235314723084e-01
9.546232380556700647e-01
9.893131332913138731e-01
9.901634720077334695e-01
9.929920987543088273e-01
9.366442305740660945e-01
9.580503909393470741e-01
9.539867122831483526e-01
8.994157617125757564e-01
8.681943003166945338e-01
9.958986898554891276e-01
1.006886568745080979e+00
1.023738730438214173e+00
1.014252053763433858e+00
9.571293258054178743e-01
1.012788072313819177e+00
8.350332025090849708e-01
9.374661654501145192e-01
8.087022320530288244e-01
9.957087691796764339e-01
9.640724921469049358e-01
9.476994699468650474e-01
