-9.781459841449734460e-01
-1.026753098469783687e+00
-1.028947000324859529e+00
-1.129762529033538465e+00
-1.002351714180809372e+00
-8.884667215273518437e-01
-9.446200944312691528e-01
-1.068647176919985675e+00
-9.981057643162654092e-01
-8.078811902628139086e-01
-1.014380472908292807e+00
-9.314241651252759269e-01
-1.028850928787685248e+00
-9.257886485629734930e-01
-1.040424993880394000e+00
-8.896729828984937249e-01
-1.028116252456039215e+00
-9.944328885741904323e-01
-9.385485223983709435e-01
-9.656054923445680505e-01
-9.105297103671733394e-01
-1.022975775650226460e+00
-1.111481064400126284e+00
-9.719166641431833398e-01
-9.019273809290796473e-01
-1.007893950768976588e+00
-1.015088789749988285e+00
-9.865398771975965042e-01
-1.105290812025306879e+00
-1.044802017408512196e+00
-8.849119681152043393e-01
-8.777599626939927013e-01
-9.133518332259594752e-01
-9.716163363454934920e-01
-8.994611682262442232e-01
-9.014789018111624141e-01
-8.891819332948435184e-01
-8.354878157065374067e-01
-7.580997473457300462e-01
-9.001908014408335212e-01
-9.173640206635332861e-01
-9.540559229545295672e-01
-8.207372817642887286e-01
-9.796165451750720177e-01
-9.370716496469378987e-01
-7.621494623437474747e-01
-1.186733827949411513e+00
-1.069222569854717975e+00
-9.526887562866155346e-01
-8.799431710999318090e-01
-7.507573518639573118e-01
-9.027217290789861792e-01
-9.710540114630551445e-01
-8.243286048102694830e-01
-9.007219799107611946e-01
-1.015776610615266584e+00
-8.505829547809045099e-01
-8.922673508023133415e-01
-8.275578028770016470e-01
-7.874822561634348128e-01
-1.052792983128999049e+00
-8.075042362503408455e-01
-1.005797047716408210e+00
-8.825245052993498929e-01
-8.532286915524623927e-01
-9.186880055139737822e-01
-8.134862596863344786e-01
-9.410356497541016996e-01
-8.771530367001927342e-01
-8.780175676469923474e-01
-9.162451286417654384e-01
-9.383391718415993177e-01
-8.358009937413901635e-01
-7.734104639907688483e-01
-7.787118590654447114e-01
-7.366194114116246805e-01
-9.063359503624076607e-01
-9.196594016828237850e-01
-8.166188595440520004e-01
-7.862585634164710457e-01
-7.238742844209800076e-01
-8.295260310273843141e-01
-8.587531543700366310e-01
-8.179297276052119869e-01
-8.614398738700896896e-01
-6.820413549400256015e-01
-7.180173405846222989e-01
-9.555740028420126597e-01
-8.616563243269788064e-01
-9.495360197459944418e-01
-8.552852554359170467e-01
-7.321017699589340566e-01
-7.340375866132928806e-01
-7.548346291515473094e-01
-6.707236750796731206e-01
-8.597138295279130871e-01
-8.703388111757047740e-01
-8.432281533098157089e-01
-9.044518200319643375e-01
-7.616912628648762063e-01
-8.894557557787418078e-01
-7.277293068689666411e-01
-7.596604711953646172e-01
-8.383127614517020820e-01
-9.109220042948570351e-01
-8.283241268319070372e-01
-7.703664206533228365e-01
-8.377784094085333200e-01
-8.818423344413118814e-01
-7.819804604867375275e-01
-8.816839443659457709e-01
-8.309234515306254121e-01
-8.051482550507989000e-01
-9.234244550322001643e-01
-8.625638009159739550e-01
-8.064706458447813420e-01
-7.037645123940774461e-01
-7.111823575253787277e-01
-8.256798496669204290e-01
-8.063564840107239062e-01
-7.937913008626937827e-01
-7.281072181869439053e-01
-7.733495519257685968e-01
-7.255666391962519723e-01
-7.895174831176379193e-01
-8.570521395577009871e-01
-7.629007772491829265e-01
-7.640326217267773279e-01
-6.649905484351994467e-01
-7.488428751018922913e-01
-7.823538695890690509e-01
-9.963428483303582439e-01
-7.380013421617150904e-01
-8.638324459247276321e-01
-7.905883486956553075e-01
-7.589331851784021366e-01
-7.472521175485314915e-01
-6.218367296540376898e-01
-8.072238830440645607e-01
-5.638283660269231001e-01
-7.890014179590297827e-01
-5.702231005623762394e-01
-7.344767831998251228e-01
-7.421273191746303732e-01
-7.920235556697925450e-01
-6.867619581887214331e-01
-5.752273528322794371e-01
-6.339429336951011296e-01
-7.354593459082143792e-01
-7.881566501886368981e-01
-6.136088745667754862e-01
-7.819111911445779661e-01
-7.818361264818525225e-01
-7.066886088580556224e-01
-6.193697871761690843e-01
-6.838657183202224710e-01
-6.912175993354943149e-01
-8.797543147832863619e-01
-5.253865038107011776e-01
-7.429177275321537932e-01
-7.850347796272593159e-01
-5.302699336522128659e-01
-6.115933579238188589e-01
-7.139998627493796546e-01
-6.915243208370687178e-01
-7.523281653703373095e-01
-6.412347796872790440e-01
-7.469680788691015483e-01
-7.042722117250862501e-01
-6.556338504074915585e-01
-5.969391344164667323e-01
-5.742079222990900123e-01
-6.799920659434466330e-01
-5.987546620108384898e-01
-5.376377358828986486e-01
-5.208774817845213123e-01
-6.411375681393599590e-01
-5.717107719012636258e-01
-6.384615158111733857e-01
-6.056727374899200100e-01
-6.798953740635312881e-01
-6.309449464526600826e-01
-6.261335702121180180e-01
-6.076141736683229322e-01
-7.273371491009017475e-01
-6.362390999784328649e-01
-5.891304178272948056e-01
-6.023296234866017951e-01
-6.217006683808814493e-01
-7.647907821337797118e-01
-6.942535095559798641e-01
-4.421089019043604185e-01
-6.066521935001230048e-01
-6.109625052517579924e-01
-6.365869681902525112e-01
-7.707583176298102856e-01
-7.063608359935324987e-01
-5.570808882001663243e-01
-5.617695934676690817e-01
-5.472587970149188630e-01
-6.049863942000914818e-01
-5.837853621788733349e-01
-6.139278795966319757e-01
-4.371580469149480841e-01
-6.055600457374425982e-01
-7.453578892609401541e-01
-6.639201146466020553e-01
-4.868861827822323352e-01
-6.570434549480279607e-01
-5.891557411320992310e-01
-6.340855221266354924e-01
-6.998562836115221897e-01
-4.936295975827393323e-01
-5.724483500792463264e-01
-6.095826623001916467e-01
-6.855071305907810553e-01
-5.943748267427886312e-01
-5.217569638375229024e-01
-5.810837131769358566e-01
-5.436255356483064016e-01
-6.151250127983657334e-01
-6.040759678286270473e-01
-6.730632068226961584e-01
-4.698206475517824332e-01
-5.742129994507146895e-01
-7.617580236919174741e-01
-6.950907778175163809e-01
-6.271306644301400945e-01
-5.780041955776483720e-01
-6.537612027319660291e-01
-5.145998434248143516e-01
-6.211281705334732450e-01
-5.118942402105030043e-01
-3.976908510140167996e-01
-6.732855362595074888e-01
-4.879279030298898645e-01
-3.824382161053038742e-01
-5.149600901016218035e-01
-4.679653774415176715e-01
-5.628282585857251608e-01
-4.448812464910016362e-01
-6.258675299428879679e-01
-4.179517632391919202e-01
-4.730916910478559223e-01
-5.709329665564588652e-01
-4.880742184150597684e-01
-4.392239101421865355e-01
-4.315478214648581501e-01
-4.690692843715585370e-01
-5.186666073715967551e-01
-4.710086538228935860e-01
-4.149727485489040912e-01
-4.642087800656255481e-01
-5.278074981994185233e-01
-4.308043640201120184e-01
-5.965692984102914931e-01
-5.149622642039607401e-01
-5.930805038613626845e-01
-6.712733102160125531e-01
-4.367919893190058689e-01
-4.492798570818147819e-01
-4.136111614839511619e-01
-5.535466368968864348e-01
-5.038424916247580265e-01
-5.261441303852061324e-01
-4.705171996300993587e-01
-4.432941103093201440e-01
-4.690629863340766703e-01
-4.940505466024294745e-01
-4.556157745184504226e-01
-5.866033743881543527e-01
-4.094648236754273030e-01
-3.835298679676961142e-01
-4.956367980404843832e-01
-4.338577196513692114e-01
-3.872481781621693875e-01
-4.070905234109722937e-01
-4.838730884881744521e-01
-3.177061326692703358e-01
-4.201217556433136102e-01
-5.455396761516605464e-01
-3.384527031107736339e-01
-4.992269656591393212e-01
-4.759531075055282168e-01
-5.014712502872177291e-01
-4.357465776924953071e-01
-4.105413790984903111e-01
-2.524653266110190031e-01
-3.849391433841687360e-01
-5.088667526871366587e-01
-4.479707700103847112e-01
-4.419729120459011118e-01
-4.073365954354110641e-01
-3.717465110892900215e-01
-3.955404143935984385e-01
-4.979365601115864348e-01
-4.380417732303590883e-01
-3.633703812402195865e-01
-4.550405090239507677e-01
-3.562194840660377060e-01
-3.460031968808727765e-01
-2.460449687014023279e-01
-5.165059406520370322e-01
-4.775787856301259016e-01
-4.079271575596294941e-01
-4.211682846462110330e-01
-5.573885343043331053e-01
-5.598165855884336128e-01
-4.004292674092771454e-01
-2.357374561781659106e-01
-4.151259315037314490e-01
-5.227536130047698570e-01
-4.457329008985905228e-01
-2.995833220515462525e-01
-3.020941648684443148e-01
-3.631247523021448598e-01
-3.283588356347781900e-01
-3.172652351234908630e-01
-4.464164142870134522e-01
-4.235360949114036488e-01
-3.064863296946160331e-01
-3.239907746214277240e-01
-3.649007686975180298e-01
-4.374754521581499245e-01
-3.073679431820802166e-01
-3.336821864174867591e-01
-4.754734691653825784e-01
-3.664304975177577473e-01
-2.291684223661775710e-01
-4.063972124137472108e-01
-3.787926742914503042e-01
-2.691282673696509531e-01
-5.143157793114319087e-01
-3.713149320355400018e-01
-2.778879213237235302e-01
-2.966129566589121302e-01
-2.749246358903646992e-01
-2.546912233141988557e-01
-3.025977289417171590e-01
-2.805409994849722422e-01
-2.473241130347452188e-01
-4.363193861466725942e-01
-2.510449839464244381e-01
-1.310812398615363028e-01
-4.394342720746051700e-01
-2.345704983579734448e-01
-2.047380666245883496e-01
-3.194651545351853694e-01
-2.151290700043672899e-01
-3.656086602662514951e-01
-2.691856753850001560e-01
-3.298206364814205149e-01
-2.735161272765549989e-01
-3.145705528599375134e-01
-3.589489707233243787e-01
-1.946114549591469456e-01
-1.938969228883802298e-01
-2.205146888500869873e-01
-3.044102443618239562e-01
-1.143154867640729655e-01
-2.476929495422187377e-01
-1.667341068521797365e-01
-3.199921628929845441e-01
-2.903992896144540481e-01
-1.811379393794986248e-01
-3.533776103565410276e-01
-2.930304257837303417e-01
-3.865135520509673239e-01
-3.997296485788676690e-01
-3.672036084588139460e-01
-2.279063548981798415e-01
-2.013695168850015704e-01
-3.415472456700486270e-01
-1.852607974238466571e-01
-2.134891275681291556e-01
-1.316656908744983923e-01
-3.036960078130284679e-01
-2.697117251324202547e-01
-3.022783614787531437e-01
-3.571500135685001798e-01
-4.490397075158573115e-01
-2.040232129018064722e-01
-2.359790120404671454e-01
-2.415558443102809594e-01
-8.430756971779120035e-02
-2.277217125034595446e-01
-2.804715671441029290e-01
-2.065815007889305888e-01
-1.912107939253308853e-01
-2.975532464668993460e-01
-2.541973812114515785e-01
-1.905126405037041726e-01
-2.295279974685570101e-01
-2.110592629370542928e-01
-3.849277891404289699e-03
-6.806533936365634363e-02
-1.561321146350141131e-01
-1.101258649593629818e-01
-1.775601772496598896e-01
-3.122280372416694205e-01
-5.779081814972038267e-02
-1.415057458245133348e-01
-2.587728933206293741e-02
-3.145878824588163036e-01
-1.045225735646239940e-01
-1.736826400556201189e-01
-6.115136394909165968e-02
-1.016285196487535930e-01
-1.588156083235900962e-01
-1.437466758743586315e-01
-3.051870447613062587e-01
-2.111998406934273986e-01
-1.609125038556507015e-01
-2.919962789785971458e-01
-2.411377499569375416e-01
-2.309833413942910529e-01
-1.308366066576908404e-01
-1.468796447546020512e-01
-1.662807319278743479e-01
-3.561759727743641357e-01
-2.281044067876345227e-01
-2.267710046233669952e-01
-8.148335781444772385e-02
-1.801344523495480854e-01
-1.461449145207918132e-01
-8.058336508136468290e-02
-9.264830400448370584e-02
-1.974466761696667683e-01
1.575864926375329308e-02
4.557886848234814214e-02
-8.042195961530798631e-02
-1.089299715545152675e-01
-3.045283580995670758e-01
-4.367017906112897335e-02
2.094802625729265400e-02
-1.864442059553459430e-01
-2.063911682686122781e-02
-1.221570510324448966e-01
-9.904816896287103878e-02
3.085327685330604974e-02
-1.194521550869232784e-01
-7.237293879783783523e-02
-1.304270386486797439e-01
-2.208525760886929645e-01
-1.398442579624157855e-01
-1.164696003451775458e-01
-8.471006571303572874e-02
-5.135096712473512931e-03
-1.260825316616822622e-01
-1.843641705724869684e-01
1.400468491855051331e-02
-6.465395164420922880e-02
-6.833519240757125746e-02
-8.405382674501317430e-02
3.660200341424715148e-02
-5.985992681840809904e-02
-7.628054843915624446e-03
-1.299273528032502956e-01
1.156680850997121590e-02
-2.923879099592629344e-02
-3.700470770707380702e-02
-2.063543807919968331e-01
-7.654925173664686722e-02
-9.363875340030752836e-02
-1.664564124755912589e-01
3.560220466762999830e-02
-2.291160497272634877e-01
5.034708151504484891e-03
-2.897100773222078263e-01
-2.171809390578623503e-02
-1.886173306513427017e-01
4.006851599701331812e-02
-1.263831888922714586e-01
-4.943959056879325409e-02
-2.444829544171225888e-02
-1.135587773279048834e-01
2.628560175047802913e-02
-2.612015530755583056e-02
5.724108299873701539e-02
4.518689444635126673e-02
-2.011920342196940048e-01
3.221707569989039344e-02
-2.328696834526673975e-01
-1.158765764899132300e-01
-3.168612338475036705e-02
-4.969697731662657027e-03
6.388710628069628125e-03
7.590933554162188589e-03
-1.682540188790519753e-02
-3.097833643796436831e-02
2.080436096611591387e-02
-1.508719790908530090e-01
-4.577452886305391488e-02
-1.191797383931072485e-01
7.078610700818116497e-02
-1.802488021344426927e-01
1.073875435110306087e-01
-3.549729356568874505e-02
-5.090029744251276661e-02
-6.827914741587319536e-02
-1.055957350039523207e-01
1.265168886834110162e-01
-1.688959127575173080e-01
4.574378015241129664e-02
7.130355456358838939e-02
2.744044669448673923e-02
-3.202275683768420617e-02
-9.133268344817425943e-02
5.583691254316664604e-02
-1.180328258829994176e-01
4.448531106078677105e-02
1.647961043371851952e-01
1.489574049253235832e-01
-3.309128897494104105e-02
1.209324441208658174e-01
6.528702645192133169e-02
1.737858717829477428e-01
8.393206050289066245e-02
-3.910434923316500472e-02
-7.173712874555727981e-02
1.216263597461381268e-01
-3.381323165727544156e-02
2.327979426608752997e-02
5.400302414211130553e-02
1.711887917475074516e-01
2.407459327530064169e-02
1.213173541034155284e-01
-6.573510204813032276e-02
9.209260233034369247e-02
8.514481031903689545e-02
6.476696925081688871e-02
1.104779552228881689e-01
-3.662851773905152070e-02
8.509878244550944659e-02
8.791615140529450423e-02
1.967743300378051174e-01
1.486698781279459369e-01
1.883782118443810272e-01
4.895033155177578449e-02
9.297946066127169007e-02
1.170162246848627519e-01
4.035782240841136181e-02
1.388932146782342718e-02
1.022621416084724261e-01
1.370881058931142926e-01
1.897599104152646876e-01
1.691278438744717172e-01
4.282866708228365293e-02
2.606431809445546380e-02
1.510075563935966148e-01
6.236267837817799364e-02
6.477517955284853302e-02
2.620726419534494256e-01
7.139641931889316971e-03
1.667878727302755659e-01
1.605831488307252475e-01
3.225275635492971804e-02
1.380635550474173523e-01
1.356790392575513149e-01
-2.327328966853215581e-02
4.829837293201183490e-02
1.687030884461596450e-02
2.232983593220844165e-01
1.896159065432110602e-01
1.051369023333666025e-01
2.063089434023426816e-01
2.216323361503589884e-01
9.292889128963195688e-02
4.488764355905042885e-02
2.292803092338819293e-01
3.941006889279383141e-02
1.506068262467822882e-01
2.285908740528891092e-01
1.965828560518617096e-01
2.297896600197028155e-02
2.446056883993388553e-01
2.565595148393604585e-01
9.686703357062451114e-02
1.874901669472015531e-01
1.185620991421114934e-01
2.079773564607961533e-01
1.810692035909763076e-01
1.462127496954680195e-01
1.670153954818274777e-01
2.572878235300091743e-01
-7.295694460886441302e-02
5.135701195852021561e-02
1.472413946821301278e-01
8.740609823580877680e-02
1.472301677140013532e-01
1.913356093863541330e-01
2.718077302308721244e-01
1.156925585908538390e-01
2.805918755031250322e-01
1.096084139625695814e-01
5.530258290536917837e-02
1.979854641472803267e-01
3.959182865353038094e-01
1.759608819627791476e-01
2.115743710615823336e-01
1.352737898318634724e-01
1.788818186152325851e-01
1.547257223170926954e-01
2.584005175616819194e-01
2.158566478151899282e-01
1.998016383160117759e-01
2.118784814496966207e-01
2.786492158990425683e-01
2.047567550583730134e-01
2.649753997356058544e-01
1.445664267502295708e-01
2.770962911073507895e-01
3.652943770624152986e-01
3.017273166801431872e-01
1.437397178717443325e-01
1.692871589646746389e-01
2.567556327940909155e-01
2.215319211439386593e-01
2.471976350095187736e-01
4.063296298984064303e-01
1.421057835057609464e-01
2.397356270917084739e-02
2.905336615429611746e-01
2.628037464889574348e-01
2.232646038196967053e-01
2.415513028179017418e-01
2.679223345361629316e-01
4.284114869496977174e-01
2.890118966288020563e-01
2.229792681504076945e-01
4.553415617519246394e-01
2.250106870940318526e-01
2.880776110057557404e-01
3.041391144887907738e-01
2.615723095462670900e-01
3.863763084053401520e-01
2.044231438899034303e-01
1.912419240062866732e-01
2.385987732517109439e-01
3.248980369608707730e-01
3.005168885107024623e-01
2.059974871249259376e-01
2.897409938774510585e-01
1.432296187514756347e-01
3.164685561784783552e-01
2.892215563419782143e-01
2.447371492147624172e-01
4.210469268803749832e-01
3.449205972463127989e-01
2.541651038706044807e-01
3.782473712288740575e-02
3.479808457326331039e-01
3.086697164666090121e-01
3.943306974513661745e-01
4.048585161791175557e-01
2.233640364111933729e-01
3.640873030616308403e-01
2.059870792104970538e-01
3.318510555438355936e-01
3.904926408832312124e-01
3.137473540842456443e-01
2.740606490371654824e-01
3.917898464184632612e-01
5.331397898337663088e-01
2.459485009375289022e-01
2.004193317175783917e-01
3.804880881176655461e-01
4.144265469281039338e-01
2.900233674100116676e-01
2.775533371000652449e-01
3.885016567691131906e-01
3.036521932930345002e-01
4.772241645784779940e-01
3.729129402554776651e-01
3.769871335691082903e-01
3.674906966611835024e-01
3.170800384077934186e-01
3.764412102119718551e-01
3.946202581303080437e-01
3.613959488723516023e-01
3.202977870670312699e-01
1.633760498721579524e-01
2.937574388189408969e-01
4.134706753253549194e-01
2.446777947138330245e-01
4.766281106835914549e-01
3.909275812575851994e-01
4.479433063061797338e-01
3.954235814706279495e-01
4.855232731205572083e-01
4.569671291938354751e-01
3.001201506801586816e-01
3.857778161341727796e-01
5.247610428201910926e-01
4.532434226999433324e-01
4.577396418555328972e-01
3.858058904483515072e-01
4.099102846664580135e-01
3.927684660007104145e-01
3.797261452139696902e-01
5.205520470560810464e-01
2.730059450018184064e-01
4.554553170199273082e-01
2.457898341629324024e-01
3.050709662416926649e-01
3.351530316897013972e-01
4.035198769356345139e-01
4.476751302634687790e-01
5.929348340115867533e-01
3.967071107021606924e-01
3.750349195975162808e-01
5.116444988387620629e-01
4.655261796612752967e-01
4.916558407469839298e-01
4.684325766072335306e-01
3.526194282718736472e-01
3.114548511896130800e-01
4.540370640942214542e-01
4.966092424214933465e-01
3.088317702198942194e-01
4.607322561631361224e-01
3.266840993154180861e-01
4.350556939064017525e-01
4.876325037421890274e-01
5.765041547089588825e-01
4.515356606500324776e-01
4.040747664470336065e-01
5.077839302417295198e-01
5.266772348534251025e-01
4.633404166861049278e-01
5.103896356118994282e-01
4.436965437496142584e-01
4.723448377724340785e-01
4.418198662214884442e-01
3.790815674043969130e-01
4.356864571477267467e-01
5.700935876361228338e-01
3.986978320645326868e-01
4.310943011951432480e-01
4.872223602047134894e-01
5.919953322484567959e-01
5.911765362370485777e-01
4.780636802736494828e-01
5.617340856646145797e-01
5.855539253783604847e-01
5.628888258927710053e-01
5.744649200146134671e-01
3.948874619706573830e-01
4.610671948024068767e-01
5.843885662339347586e-01
5.451634313809935461e-01
5.445963430143359041e-01
5.347713272218809211e-01
4.805950845995750065e-01
7.690152118140104465e-01
5.270787758572488269e-01
5.396334778045027702e-01
4.378133126267887421e-01
4.851682730008429201e-01
3.636311138217256933e-01
5.570346933385105226e-01
6.221811676687803994e-01
4.418578521398580650e-01
5.763854127265023441e-01
5.111578522718678297e-01
4.424159732769967768e-01
5.284703605702641971e-01
4.877013047381303368e-01
5.366203056660382442e-01
5.128382420784661777e-01
5.584705528395509377e-01
6.561509216381505860e-01
5.402907171352201443e-01
5.233215791894190172e-01
5.900401559231511772e-01
5.771155811761752297e-01
6.099932199581750147e-01
5.784081604375068686e-01
7.099420298150214137e-01
6.003296642774359482e-01
5.429118294760600927e-01
5.578143372812170986e-01
6.633210140174756742e-01
4.450529697000285556e-01
7.078635048318011602e-01
5.535196940107718344e-01
5.729260517454506374e-01
6.580896640756507265e-01
4.907582977558866411e-01
7.237551106714164018e-01
5.396307301338201245e-01
4.962787882500594439e-01
5.815456296574769146e-01
4.998292425409687212e-01
6.131312044699781527e-01
7.019205600668159128e-01
5.355450310838031358e-01
6.243027432119608866e-01
6.428209415411675343e-01
7.122170883864504809e-01
6.593803263596436093e-01
5.860085847162967987e-01
5.577744198139921172e-01
6.032650920022651908e-01
6.122322148301283518e-01
8.187243244516114737e-01
6.400593345451260907e-01
5.823203278214063028e-01
5.843857072816284193e-01
5.619367462179108985e-01
6.499360926842019381e-01
6.216324725775378424e-01
5.798717007167873971e-01
5.111984494935705170e-01
4.224072796488400061e-01
6.473131168473840180e-01
5.663869418981820614e-01
4.700698572217671400e-01
7.351301139440342691e-01
7.892571591322318225e-01
6.096493990663103268e-01
5.740524577679296803e-01
6.857805216110970381e-01
6.317947586026742002e-01
6.176285085580137668e-01
6.206687272535872379e-01
6.733308067671440744e-01
4.907320334191828115e-01
6.342226668138428725e-01
8.437627551942450399e-01
5.399929142385336833e-01
7.610191147035552106e-01
7.135643029722275044e-01
7.533187388757737191e-01
6.665358779590987437e-01
7.868690848975924412e-01
5.793989388982285771e-01
8.552127651909202655e-01
6.980386396135738192e-01
6.250988107064132659e-01
6.324478496388378224e-01
6.546248792226285751e-01
6.593933269873145653e-01
6.777586449225423415e-01
7.108058129920256096e-01
8.750042968473442651e-01
8.388002329473216445e-01
7.913185840533089044e-01
7.156754963585048035e-01
6.605114376907839091e-01
7.071416497464004802e-01
7.146454434000423239e-01
6.897619905959870845e-01
7.349583237621178933e-01
6.393389115329661809e-01
7.435199688288891551e-01
6.643081383263341744e-01
6.743622143329951468e-01
6.335779092416037317e-01
7.099413355766882594e-01
7.759772042568076067e-01
5.749981341707984805e-01
6.845484012073396185e-01
5.477810173890674816e-01
5.778833865357820843e-01
6.829866774153140474e-01
7.812307096790210847e-01
6.373260929108510719e-01
8.483511578290300337e-01
8.545746691687688967e-01
6.806717575239963347e-01
7.402518920564015170e-01
7.979619958618134890e-01
6.924293215137463653e-01
8.156497199598332637e-01
7.127939656026108795e-01
7.472423622527035736e-01
6.406078760163003150e-01
6.561995219894319886e-01
7.620048426482363135e-01
7.285479997936521457e-01
7.017239605634282285e-01
7.475500305594445782e-01
7.988731039438510262e-01
7.799159837308871079e-01
6.867629368523567868e-01
9.262128938846683202e-01
7.525240332331113446e-01
9.221217906255253505e-01
5.912236648259645566e-01
7.358191665695400507e-01
7.451408508362896699e-01
7.463035925887721023e-01
9.393506422221932217e-01
8.563192645340790277e-01
7.956356919506875069e-01
7.078253078468065285e-01
8.723764103733865349e-01
8.023662899679568916e-01
7.688865862929317174e-01
7.517569261000033309e-01
6.981966150601169874e-01
8.371133791890351672e-01
8.943563943742673938e-01
8.811651709077277239e-01
8.726946857255085677e-01
7.527200463903047645e-01
8.193014085450924799e-01
8.704184256571588785e-01
9.146785622300078744e-01
1.055431509628252940e+00
7.223247460853623458e-01
8.244840171681276919e-01
8.798391994762735369e-01
8.003750008521740567e-01
6.703958678415796735e-01
7.295184428133295595e-01
9.013227044904249530e-01
8.623248445232775117e-01
8.527046910069600028e-01
7.766141431264940165e-01
7.869174995159585739e-01
8.947505467553350522e-01
7.676364083704306784e-01
8.622526031103298072e-01
8.399137023226616039e-01
8.280154647394405432e-01
8.567927731060004382e-01
9.424266061895151259e-01
8.543725588527908421e-01
8.574396035427197527e-01
8.395324164564487157e-01
8.091372410887145428e-01
7.725938979036434118e-01
8.205454906487239519e-01
9.212500439671628127e-01
9.747985846005601251e-01
9.125319257953106167e-01
9.284576907421008274e-01
1.004312649826915704e+00
9.026631100150659393e-01
9.233327789035211675e-01
8.723585292362961985e-01
6.080130996455161974e-01
9.083273619690369616e-01
9.486660284263868093e-01
9.024307287507681297e-01
8.161603936860990505e-01
9.041014677641662223e-01
9.060134630521760046e-01
9.815427689765331420e-01
9.689878210373291667e-01
9.435899558511630092e-01
8.230338469496852882e-01
8.569297706057797948e-01
7.125115106550030664e-01
9.898467112730787720e-01
1.067548214632490167e+00
9.513448898286873678e-01
9.315712394770029325e-01
8.234390229881717316e-01
9.065574531688747051e-01
9.873867119470582931e-01
9.583756625413704100e-01
9.321442675520071885e-01
8.787629721242410374e-01
9.597311305845911411e-01
1.094980044065793745e+00
8.611864414574954552e-01
9.506198504103381408e-01
9.420555102636327671e-01
9.830568119347384837e-01
8.710158351159255075e-01
8.160359847524644161e-01
9.772196803956108013e-01
9.490134919183593754e-01
8.833501189039660861e-01
8.724669852144874005e-01
9.211676690773554776e-01
9.648756058133569624e-01
9.989365139508838976e-01
9.812994931148497635e-01
9.928230615383354385e-01
9.253532875474265174e-01
9.752572013068508960e-01
9.341923987308122790e-01
8.807666274374932325e-01
8.609394909948934194e-01
9.889555670215588457e-01
1.029522727764430323e+00
1.007100351378551695e+00
1.009997482241246303e+00
9.588650096864540506e-01
9.946666003396762434e-01
8.165863818716980749e-01
9.317941710544299649e-01
7.949211137515791448e-01
9.992032917042114049e-01
9.623473018178789751e-01
9.461253338952247960e-01
