-8.707866331345114341e-01
-1.113146541275945145e+00
-9.381172963661770225e-01
-1.034761870437360010e+00
-9.455570342174455245e-01
-9.898118680268489511e-01
-9.601754503081616487e-01
-9.981216857871422210e-01
-9.277699031598418689e-01
-1.003574292139220780e+00
-9.874271965361476333e-01
-9.751505606801355031e-01
-9.846714710315328523e-01
-7.282574239918205850e-01
-8.952227443901040749e-01
-7.349053742055348115e-01
-1.014974910531227126e+00
-9.754496689669580611e-01
-9.935085482430774384e-01
-1.110863701570947049e+00
-8.583842461812899449e-01
-1.002747242170212161e+00
-1.028313378172966530e+00
-8.152102067410232911e-01
-9.586243933663163297e-01
-8.898069790754969954e-01
-8.975729443768564186e-01
-9.088892469472025226e-01
-9.846705723595162718e-01
-1.046237652336430290e+00
-1.030278287520348668e+00
-9.356355428460614299e-01
-9.624036499724677451e-01
-9.903751180230814244e-01
-8.886694590746764266e-01
-8.562192850110280640e-01
-9.035521995851103494e-01
-9.686925518351653386e-01
-8.723171908530569230e-01
-9.950115655646644131e-01
-9.747915539014793129e-01
-8.791535392362029855e-01
-8.743633453664781952e-01
-9.351431877418734384e-01
-7.264014416849621236e-01
-8.566531753145396610e-01
-8.785720672702775902e-01
-8.905849692345385593e-01
-8.393095366780896072e-01
-7.636738205277375791e-01
-8.840566102031509610e-01
-9.291539353759580289e-01
-1.000599738393751714e+00
-8.770022843463962658e-01
-1.032397415946039176e+00
-9.802332257904946555e-01
-1.094373331163314145e+00
-9.374544857685995769e-01
-9.852983393021034209e-01
-8.585372374037608667e-01
-8.474110007444066728e-01
-9.666487646470722783e-01
-9.805978734772470284e-01
-8.466289100033592696e-01
-9.810356159172859414e-01
-8.165786962186022402e-01
-8.407511791290114278e-01
-8.553009519567276175e-01
-8.296802349807906873e-01
-9.741899838549726853e-01
-8.851638890155539841e-01
-7.246397950641059182e-01
-8.391877591574388173e-01
-8.031091722123139265e-01
-9.226180099618069841e-01
-8.337111010919926457e-01
-9.287504369241688096e-01
-8.594263238131444327e-01
-8.026337061857589106e-01
-8.189097248190585487e-01
-7.622139232330348291e-01
-8.232248292898018960e-01
-8.300637719986083685e-01
-8.349857851919455509e-01
-1.013686150637374439e+00
-9.217724573295963397e-01
-7.615691562020417971e-01
-7.847500102399374011e-01
-7.966221042939515273e-01
-9.188353812126106579e-01
-7.194352211193038027e-01
-8.913523255584313576e-01
-9.097147189240443188e-01
-7.384418581452529828e-01
-8.137466016963124105e-01
-7.636183392539114267e-01
-7.596898354410186460e-01
-7.607722553465794402e-01
-9.216060140541828538e-01
-8.569173307231832126e-01
-8.638656412513638916e-01
-7.573828321065559921e-01
-9.384645670586015953e-01
-7.030527786927545097e-01
-7.818939816931789188e-01
-7.206213768832948618e-01
-5.864341271530244537e-01
-7.994267930006482281e-01
-8.674975792626838933e-01
-6.674799890859334228e-01
-7.796908318460916698e-01
-7.986733727009088790e-01
-8.349991697030672011e-01
-8.679610171836680266e-01
-6.328980290618740900e-01
-7.257517198141283377e-01
-9.278263094484189288e-01
-6.691404691137843308e-01
-7.224154183678924701e-01
-9.029885597607720804e-01
-6.851507553478308754e-01
-9.984498549502056619e-01
-7.464359059880800729e-01
-7.660799640168775015e-01
-7.061116231340724969e-01
-8.513374636006999507e-01
-7.700485285868731156e-01
-7.938753346327508398e-01
-6.481527833782174675e-01
-7.620471557595182022e-01
-6.199395542072624332e-01
-7.100781665105864171e-01
-8.447227921535238604e-01
-8.443858852591494824e-01
-9.692306769005875067e-01
-7.472777518430483434e-01
-9.318868368304613625e-01
-7.045579517662813318e-01
-7.285942757992664998e-01
-4.595226514374334825e-01
-7.337056565560702293e-01
-7.347053124745198671e-01
-6.672414095675353041e-01
-8.276958393592313001e-01
-6.630834929532480881e-01
-6.620792306546464667e-01
-6.515208840579670424e-01
-7.115751216042299765e-01
-5.217543226023407810e-01
-8.227808362060125003e-01
-7.664835525401795246e-01
-5.538642063554481965e-01
-5.716004671086718503e-01
-7.521648008191328394e-01
-8.255392675861457086e-01
-7.134733373127646328e-01
-6.644840788635464346e-01
-6.284944079633739689e-01
-7.111449461749353995e-01
-6.169172930799151633e-01
-4.382322224750839212e-01
-6.758699915553610937e-01
-6.450589679208408311e-01
-6.909237461392409019e-01
-6.829757052994881450e-01
-7.051455833253955641e-01
-6.883569921114500723e-01
-5.947836586881292131e-01
-5.632796749547454018e-01
-7.130319934855282593e-01
-6.360226351775347675e-01
-6.085595568458279647e-01
-7.804623898631963819e-01
-6.938800918941543383e-01
-7.116417216721108163e-01
-5.822595143914356397e-01
-5.846053317407435834e-01
-5.616857089444187157e-01
-7.066048431979470301e-01
-7.664876465682953777e-01
-6.456888300184721041e-01
-7.264943875337998014e-01
-6.468970390670741866e-01
-5.595666572542560280e-01
-5.890990336613827205e-01
-5.441893690048368315e-01
-5.465537653437880783e-01
-6.527385558849776448e-01
-5.953299228667128240e-01
-4.661201299122912922e-01
-7.165486397619673653e-01
-6.424988657284074201e-01
-6.217614831330990910e-01
-6.130049768244169028e-01
-5.996943847032095709e-01
-5.591116092387474756e-01
-6.606383694311814825e-01
-3.899229377920549466e-01
-5.817969207902707884e-01
-6.146913333552695979e-01
-6.369258305237606166e-01
-6.697494935836320051e-01
-7.126941643801341097e-01
-5.558969156995978711e-01
-4.177839761895195125e-01
-6.399780743567354824e-01
-4.691219695318531446e-01
-6.284969909572185598e-01
-8.231146502222945749e-01
-5.237452964940394473e-01
-7.002052071083650908e-01
-5.690161542171692233e-01
-5.798019220378241023e-01
-5.096699470478738281e-01
-5.806158586017184930e-01
-5.385575797401709330e-01
-5.024519755224707840e-01
-4.933217636612027834e-01
-5.693402686081839859e-01
-5.154553305936266927e-01
-5.771561258782859083e-01
-5.572295164432159442e-01
-6.054831272716181267e-01
-5.714437604797720782e-01
-4.906521172212306436e-01
-3.919188319741607196e-01
-6.689983799851955126e-01
-3.252434684888638183e-01
-6.871911678283766367e-01
-4.905465066748853631e-01
-5.747441726613581325e-01
-5.017884330688988648e-01
-6.873464863406064662e-01
-4.865672388425282269e-01
-4.891085074569729851e-01
-5.010966642430096929e-01
-4.580329805247776442e-01
-6.618691406250235554e-01
-5.419313602023412280e-01
-6.304655161375544159e-01
-5.046409523431306665e-01
-5.577051643680642767e-01
-5.884729103832518904e-01
-4.513108343882663576e-01
-4.156001375036191825e-01
-5.061518975571344114e-01
-6.785886964457005233e-01
-5.088891483180806308e-01
-5.025121901968575555e-01
-5.476853669190165919e-01
-4.563060401199564575e-01
-3.885116583693736803e-01
-4.588785071702637941e-01
-4.925389944843728829e-01
-4.481038690212333919e-01
-3.685079714020355057e-01
-5.153826817903042201e-01
-4.166608291765223626e-01
-4.831939070369486999e-01
-5.836431200211615877e-01
-4.691053202060893601e-01
-5.647937101725846176e-01
-4.768562568798879742e-01
-5.585519629704379652e-01
-3.935767265968819206e-01
-4.218692818100357456e-01
-5.382401350907741744e-01
-3.466210043024041121e-01
-3.104802784602347376e-01
-3.724326940260124230e-01
-5.017283580978376678e-01
-5.111676246737438811e-01
-2.687521607215258013e-01
-4.268301401801590789e-01
-3.959555975610233314e-01
-4.347787334546991955e-01
-3.907635467661453310e-01
-4.407603634984672003e-01
-4.204674238575695222e-01
-5.540204730621877127e-01
-3.526862391554219101e-01
-3.363922979379412870e-01
-4.646411501221729412e-01
-3.300557336740436165e-01
-2.993866044523426084e-01
-4.445472925648643603e-01
-4.102520394826730810e-01
-3.169497914576013264e-01
-5.942961126908462566e-01
-4.427448914301047034e-01
-3.005818091041711493e-01
-2.997785046707159839e-01
-3.126764158547199468e-01
-4.596462433067613484e-01
-3.767681703844143470e-01
-4.108795775579645593e-01
-2.230995082278719455e-01
-4.149047491791527653e-01
-4.353537625775795172e-01
-3.911068066102360574e-01
-3.694954691113766510e-01
-3.091787361961766400e-01
-4.364948843653601585e-01
-4.744881578669679634e-01
-3.778237979056353057e-01
-3.453028767501609697e-01
-4.240857569200663368e-01
-2.821825683552349195e-01
-4.550862021933594348e-01
-4.500701972805781215e-01
-4.218976074276294397e-01
-3.237603132654742200e-01
-2.794459897600986009e-01
-5.353975993463755412e-01
-3.481094870120322038e-01
-3.310035774088668226e-01
-2.799767010377188781e-01
-3.757985155141747580e-01
-4.017420066386795940e-01
-3.515979692827147507e-01
-3.119952421650609153e-01
-3.490310011200489781e-01
-3.578960202592484374e-01
-2.009194310781108606e-01
-4.593507839224880707e-01
-4.896975057163462375e-01
-3.992923864404877565e-01
-3.546522954491108104e-01
-3.287366581730921111e-01
-4.190454654708355431e-01
-4.258589685456409257e-01
-2.225564897824772181e-01
-2.865150342563131391e-01
-3.878838657860524397e-01
-3.031359421911252738e-01
-5.246883655525812484e-01
-3.730195722930837454e-01
-4.582594156472013514e-01
-2.462418769346010061e-01
-2.126541609922312781e-01
-4.835244934789822424e-01
-3.850182212632626277e-01
-3.373180524401547253e-01
-5.081297020464855541e-01
-2.577227855961421454e-01
-3.535700692519809785e-01
-2.577581749549270884e-01
-3.079563103274376434e-01
-3.489792474510464704e-01
-2.896107984067649022e-01
-2.692171500112967575e-01
-4.174800777987106026e-01
-2.203569878096562629e-01
-1.559537336859982137e-01
-2.593434790319439354e-01
-2.940477659704431868e-01
-2.107956082076520299e-01
-3.641799423190585916e-01
-1.978323040451258341e-01
-2.950196873447063495e-01
-2.073184332995550161e-01
-2.392022443375161345e-01
-3.887894826841470919e-01
-2.298391511066976700e-01
-3.195877750136228990e-01
-3.772717784445944744e-01
-2.019879147633525107e-01
-2.584995163073556257e-01
-2.510755751900734523e-01
-3.034371201671424156e-01
-3.496289789888777921e-01
-2.989324851029173669e-01
-2.660054675139147395e-01
-2.726966800523011880e-01
-2.636807271850909462e-01
-1.917620620585841207e-01
-1.341393562049868204e-01
-2.689812839894817897e-01
-2.815671107422066388e-01
-3.218434660424072113e-01
-2.618363599756603488e-01
-2.145386402118466540e-01
-1.053797812980206833e-02
-2.839957068780911142e-01
-2.224312870313329138e-01
-2.946504059667496844e-01
-3.262523229224852939e-01
-2.135287522440134644e-01
-5.490395707601767455e-02
-1.893616150048049174e-01
-1.933296983939647440e-01
-1.879638419325494192e-01
-1.773065675385350204e-01
-1.630101902673012637e-01
-1.486860881233153242e-01
-1.946314814828088435e-01
-1.432855765664188263e-01
-2.642780174675731231e-01
-1.552217990558832361e-01
-2.092497605969048102e-01
-2.055264081179553892e-01
-2.674491453530617457e-01
-2.130443436930989365e-01
-2.517894426790232010e-01
1.502391906318702175e-02
-3.249336993749325497e-01
-2.578104936261119695e-01
-7.635561979587315862e-02
-8.556135592468537554e-02
-1.827014813474234778e-01
-2.261625489218661855e-01
-1.936163002468876404e-01
-2.084021388026237875e-01
-1.499593944135294565e-01
-3.635543630026916856e-02
-3.242574809992656015e-01
-8.519099949266861760e-02
-1.734746870479538239e-01
-1.942346171536717958e-01
-2.409567095467946840e-01
-1.050397175516146614e-01
-2.347643706000661079e-01
-1.007538049938843661e-01
-1.122566880061654782e-01
-1.190042151536746702e-02
-1.620253826301708833e-01
-1.770518097690969572e-01
-2.735871143428261765e-01
-1.324137375233498393e-01
-2.066479903206573931e-01
-2.004451703594862799e-01
-1.951885756013086171e-01
-1.572687989006367748e-01
-1.671078743146469370e-01
-9.330901280251195640e-02
-8.490357779325537202e-02
-1.321666799307378848e-01
-4.413702641269426352e-02
-7.369606527915857630e-02
-1.388630515778369323e-01
-1.095121851048989486e-01
-1.565589860792999666e-01
-2.661600468449225598e-01
-1.580135980818158647e-01
-1.656132062804317184e-01
-1.184624255635641776e-01
2.189758639592145201e-02
-1.490402509116265650e-01
-1.106916159913316627e-01
-2.310667462538283368e-01
1.601758778530748550e-02
-4.281137358400470549e-02
-8.219016157502932740e-02
-5.158176052973900694e-02
-1.659621824472771734e-01
-2.937925068583103205e-01
-1.305472223257796438e-01
-2.028737564259812665e-01
-1.015260707619976138e-01
-1.172064352420438965e-01
-2.172071041464921637e-01
-1.769706849469517285e-01
1.735412340818261526e-02
1.517325303860254243e-02
-8.318697044026124310e-02
-2.365830040954624430e-02
2.623236256241533865e-02
-2.044658212463981439e-01
2.530549962772409012e-02
1.546532221593562365e-02
-1.535757384580209786e-02
-1.439232702404684983e-01
-4.827262713721177517e-02
-5.347219057767486211e-02
-9.523327668876392649e-02
-6.911148782858828055e-02
-2.148965014337419210e-01
-7.779272234127315028e-03
-3.593687372027389720e-02
-2.619151545314696641e-02
-3.854657813641105407e-02
-6.331999211764133273e-02
6.107317464341025653e-02
-2.658642158991587554e-02
-1.703391734011886205e-01
5.026891705319223858e-02
6.529203361266751326e-02
-1.418487138599676955e-01
-5.549429635779613151e-02
1.732618628952221559e-02
3.228545065594849023e-02
2.052455226203383706e-02
-3.211346911227557638e-02
-4.892172590658285664e-02
6.377781374284756388e-02
-7.189847268905051603e-02
1.783837488681151995e-01
-2.369413348530136239e-04
-2.510146286875036825e-02
-1.103537140884803536e-01
-6.125261174456807928e-02
9.181612214986814569e-02
-5.296139121732237193e-02
1.009791694549261182e-01
6.959424474848036057e-02
2.836534889192980982e-02
2.046944693922229247e-02
1.753405754502617916e-02
3.949588557504551256e-05
-3.062109789587610931e-02
1.157592715285092888e-01
1.201222631657469439e-02
-1.064521236757924177e-01
-3.593262534119203572e-03
4.399037803469935115e-02
-3.834104615254405740e-02
7.569193069376401427e-03
7.156137772258383545e-02
1.122999443816882076e-01
4.454270932544385220e-02
-2.475553143850991455e-01
-1.781456216643897139e-01
8.037447159802441066e-02
9.832230899174410066e-02
2.771966048952889672e-02
4.802447318952012684e-02
2.096227203889687585e-02
-2.940109652813055821e-02
1.021228961637274113e-01
3.907980279821262476e-02
5.042185714087896176e-02
1.633104236914213470e-01
2.002641284673242483e-01
8.235990462633470399e-02
-1.143529198573196327e-02
1.011862803652952558e-01
-5.843616063480194263e-05
1.069375299611721175e-01
1.510782200087359417e-01
-3.782793308385944825e-02
3.683710800588275297e-02
1.914785885069425486e-01
1.158459259889852225e-02
-7.645304285027119950e-02
1.012982878194515352e-01
1.709385860103489752e-01
1.949467443343013903e-02
1.667507441041448102e-01
-9.790301834923856306e-02
1.225940675134819940e-01
7.699250074266388542e-03
1.188297330538324037e-01
1.423965569505424023e-01
1.561115102584128278e-01
-6.854817107697246115e-02
7.378890670792090378e-02
1.168977317943401262e-01
1.136765397858428006e-01
8.220441929307097106e-02
5.184489573477900348e-02
1.720207975524397914e-01
1.111224881257875802e-01
1.895273315858485574e-01
8.487134444761189334e-02
2.997755756637403568e-01
2.219208437734908057e-01
9.160332145959708405e-02
1.659804989318497404e-02
1.733157129417849940e-01
2.891179435151044474e-01
2.150851931833580588e-01
1.082929830818555594e-01
-5.705619255643878777e-03
5.006597857015059744e-02
2.093630841465724812e-01
5.142750074424681794e-02
6.766589592030969325e-02
1.221316376704801449e-01
1.603162077937334562e-01
2.300287134761355157e-01
4.689433374044136432e-02
2.986835230163554789e-01
1.395485986442715765e-01
2.196850733649871878e-01
-4.752246837412613806e-02
2.006390980541679359e-01
8.033850216288206114e-02
3.077728795488510749e-01
2.740058289082726861e-01
2.238435979684916810e-01
2.477604148324915878e-01
9.496980681851147077e-02
1.075905573631274620e-01
1.388912213572228715e-01
1.241793459679001593e-01
2.017991259374622148e-01
2.994316363314965534e-01
9.873764024347039814e-02
2.783979936462552263e-01
1.917081414184056698e-01
1.391104914329038544e-01
2.402671406485338834e-01
8.177954300927077480e-02
3.529695207211662189e-01
2.850229327831743098e-01
-1.262125272924244021e-02
1.027171536815245367e-01
1.914757762825080867e-01
9.835985985272240051e-02
2.382463050012194328e-01
1.308362145115464226e-01
2.117191232494800845e-01
2.765278070360712159e-01
2.575786951093475552e-01
3.174457898503381670e-01
2.551520225926055541e-01
3.365004572981850073e-01
3.185208936051441841e-01
1.440271341913941516e-01
1.737678145709300459e-01
2.589182589157238978e-01
3.101530455370286044e-01
3.144817114494642407e-01
1.758364813096995882e-01
2.186449397634601111e-01
2.701347726331525534e-01
2.648394704678296296e-01
2.669549206483556869e-01
2.850823105783639178e-01
1.232585071179044534e-01
2.975168367824618243e-01
2.256942506831382256e-01
3.246335747776445957e-01
3.735976325332868719e-01
2.984507231256701143e-01
1.479978262201956662e-01
2.775398930028348254e-01
1.966571430124248732e-01
2.637893703721472805e-01
4.115184365929151489e-01
4.314357569937252168e-01
3.202148824057542420e-01
3.969889742891287709e-01
2.953907491283949693e-01
1.904371877001957980e-01
4.723899025914046201e-01
1.680995616204430665e-01
2.763178946281695803e-01
4.105320269310666070e-01
3.235976606458750848e-01
3.767105073794806969e-01
2.431904904574345438e-01
2.089521205130710491e-01
2.898990848877822657e-01
2.876882964131964315e-01
3.048124707236640751e-01
2.866222045567634047e-01
3.942992227638688063e-01
3.892676570837854122e-01
4.187518633158861525e-01
4.999251897295738933e-01
3.879030327289059721e-01
4.191136702457105012e-01
2.726847548516835862e-01
2.693333471109272126e-01
2.502794441484604282e-01
3.167454862017414774e-01
2.958600476622952336e-01
4.091733514002039440e-01
4.923847444785105498e-01
3.288978622354016834e-01
4.274110505070017330e-01
2.518129533739782433e-01
3.647578005402000723e-01
3.492354342643929632e-01
3.603481155566703453e-01
3.589236901127699220e-01
5.004150269374172399e-01
3.208302134074674794e-01
2.733539154979605645e-01
5.300067498447140757e-01
3.523615668772733245e-01
3.583635295560795297e-01
2.609053692125991586e-01
4.986886022690452669e-01
4.327916651559485794e-01
4.648292824886169350e-01
5.174198958632857392e-01
1.944613213816330510e-01
3.203753627679904459e-01
3.427436013467958786e-01
1.466823592077235727e-01
3.207215939957200335e-01
3.539457049653792486e-01
3.906101010703191267e-01
3.247413583051702024e-01
4.820014070538007900e-01
4.991989714262987654e-01
4.685596326713812321e-01
3.683592233722853271e-01
2.777016872998791519e-01
3.282128030837265231e-01
3.198720187709911955e-01
3.085371890257027627e-01
3.237500009482243146e-01
4.704753789441997180e-01
5.068836779954788430e-01
4.676992265553420736e-01
4.642966277755844473e-01
3.468705383238326334e-01
3.628724890140117565e-01
4.524897595359604896e-01
4.008749387529644825e-01
5.976859150307629598e-01
4.963350408918769663e-01
4.870792295411054962e-01
3.895930122083409164e-01
4.223468152010962373e-01
4.676703201315959291e-01
4.512675524687995710e-01
4.253214236070012033e-01
5.211394612863442521e-01
4.093976587807609535e-01
4.014534810093693395e-01
4.459791576768216692e-01
3.709093787008498344e-01
3.636704405758101610e-01
3.949933400660687877e-01
4.148385286819796791e-01
5.170621358142019064e-01
3.722389927448034874e-01
3.599318653567045168e-01
4.574092005128393978e-01
3.393601418101880318e-01
3.445837660308584960e-01
4.253430451691085912e-01
6.497170119521616938e-01
4.021646304161659025e-01
2.912512356212424436e-01
6.723876948681797305e-01
4.018587729691316390e-01
6.455041738482171221e-01
5.941632784961475844e-01
5.097679152203218322e-01
4.757303385580731181e-01
4.930752255179901566e-01
4.495857811781953650e-01
4.060323909651792351e-01
7.805519403123842848e-01
5.825895117636566978e-01
6.093776345681501949e-01
5.617308759109956862e-01
5.791233615793561773e-01
4.563514791964681794e-01
5.778350012310027317e-01
4.795391421798236853e-01
4.777576236464507464e-01
5.594646574316171073e-01
3.559502796528940527e-01
3.323829834707430764e-01
6.910014924268184089e-01
4.951264663264535182e-01
5.560827998412314344e-01
5.707208938843215673e-01
5.765670995991870607e-01
4.816366027017091600e-01
5.388536595261207429e-01
5.814234938795832530e-01
3.090528902137132383e-01
5.401141571876499903e-01
5.888260015993168617e-01
6.370408442334054566e-01
6.232732845999147120e-01
6.575244427915885037e-01
5.771704914278650289e-01
5.659906604919446860e-01
5.965975630104618510e-01
5.642313220654363581e-01
5.608087617906759581e-01
6.141153192298489660e-01
5.051289558000445767e-01
6.479680904074311965e-01
4.992164123371897189e-01
6.885742294692952514e-01
5.318830152145017642e-01
5.842461235162371702e-01
6.401612398744022103e-01
6.521334616490543912e-01
5.611825419273595017e-01
6.684279917063501442e-01
6.012812023838757236e-01
5.439136088350811082e-01
6.112488748827359375e-01
5.677875436171082590e-01
6.226673402544989910e-01
5.493951014183304782e-01
6.933490138634851307e-01
5.963753120655834739e-01
6.083054873206023005e-01
7.009947864063124090e-01
5.897421480549297490e-01
4.370020656028066885e-01
6.211340000728725608e-01
6.036991001280613833e-01
7.422603731612074096e-01
5.375392576522655119e-01
4.507773568526785568e-01
6.735981256409676599e-01
4.992381023013854890e-01
7.084112741055617057e-01
6.444762447051090026e-01
5.348159264346652453e-01
4.935006298832673721e-01
5.623157724397472856e-01
5.764627348234677706e-01
6.680713177726677054e-01
6.085324143386030560e-01
8.223548183133291278e-01
7.696628134547967015e-01
6.516170235785314624e-01
6.368040086451757231e-01
6.349751560512993942e-01
6.357572528749608765e-01
7.375910605029833977e-01
5.704204271753191557e-01
7.483379980029780665e-01
6.560251553308367178e-01
6.568855789964922476e-01
5.384847181370713276e-01
5.479646673289693126e-01
7.802084623106686490e-01
7.232048107882135257e-01
6.809551508493164595e-01
6.621048148515034093e-01
6.828350992771257122e-01
7.334146708941274850e-01
4.643547692508169233e-01
7.718089753746938397e-01
6.970298844537503591e-01
5.674930298944872442e-01
7.571234238206482337e-01
7.194511433417454249e-01
7.190042768971255382e-01
6.436973574155534505e-01
7.794092149373461620e-01
7.242900117133638238e-01
5.986664554789867809e-01
7.301050652328335833e-01
6.397179424207474208e-01
7.708275108700186617e-01
7.041264532248778796e-01
7.229527876607811931e-01
5.623191523530671754e-01
6.694302763811889045e-01
9.380719143146523109e-01
6.087625083122712999e-01
5.821621393060658622e-01
6.805311363637202016e-01
5.924123772924415610e-01
8.649951510233608865e-01
6.672073089699903647e-01
6.647996047847046786e-01
5.077210867851515985e-01
6.192275627837754426e-01
6.507719777178078147e-01
6.725013451772902107e-01
6.534602149555478467e-01
8.085318747410178419e-01
7.816041569072516015e-01
7.302031203002368187e-01
6.746450152883632922e-01
7.983907193775752198e-01
7.462190588395390956e-01
7.775986858432645255e-01
6.724614954295826674e-01
6.764226624160474266e-01
8.003336402530156768e-01
7.374519357624532701e-01
8.173760688055575763e-01
6.338920120815386694e-01
8.253762021709719621e-01
8.313584503636726186e-01
7.366351921791324253e-01
8.030426871762167407e-01
7.035023124303151354e-01
7.712940652350072090e-01
7.147250320814443336e-01
6.830813720815156476e-01
7.682889893578229712e-01
7.893503523254650212e-01
6.610094754517981119e-01
8.862521706375192654e-01
7.819256246761638884e-01
7.386454205877723833e-01
7.689040153063146921e-01
8.605323447962820449e-01
7.562634338219372809e-01
9.141504014137323830e-01
7.835044085947310277e-01
9.927218971806465175e-01
8.178334188316698228e-01
7.223264702184833963e-01
6.910375686259553341e-01
8.014653150022056360e-01
7.192734303383893080e-01
8.383228843216432580e-01
7.208168375611649914e-01
9.026321872488969333e-01
7.517348018449669933e-01
7.992404725548428734e-01
8.782340266217442126e-01
8.318946274740153246e-01
8.659247373965478500e-01
8.025677100206001224e-01
9.328596169877001465e-01
8.649708810564713524e-01
6.356149556869704620e-01
8.098917442241961862e-01
8.612891506734552394e-01
1.010489997033034992e+00
8.907499798796146839e-01
8.765400423702405241e-01
9.066308826340467864e-01
9.282371676407211725e-01
6.442459516659084784e-01
1.075288931594558406e+00
6.903710576546437938e-01
9.688416529899525065e-01
7.837530610514071849e-01
8.894582357875475687e-01
1.012939594749179495e+00
9.885477298030224125e-01
8.120890793758458459e-01
6.644364114071712457e-01
8.754488724070690342e-01
8.815978590853206232e-01
8.731383101829768290e-01
8.248817911406501890e-01
8.236179737432397507e-01
8.851874985348711089e-01
8.962130371808294527e-01
9.286528265564363283e-01
9.647278039643955028e-01
9.121977933506798530e-01
8.599601597646119311e-01
8.246116085246584237e-01
8.555711560043868236e-01
8.372313278082892385e-01
8.145876264922914389e-01
1.092819525963378835e+00
9.925748787530883632e-01
8.970910308506535591e-01
8.898450609157603219e-01
8.069628793815465384e-01
8.855195834304553371e-01
9.205626304600864618e-01
8.494870266221876687e-01
8.616460438010435929e-01
7.524788593110165458e-01
9.635114839154895749e-01
9.665868231305091429e-01
8.498392930814150370e-01
9.268372924749842534e-01
9.108112807275861034e-01
9.106260550918821028e-01
9.828327302396807630e-01
8.603621281154326672e-01
8.741715280188843140e-01
8.647826471523080150e-01
9.999073252090462383e-01
9.188981136894043278e-01
8.854147885999198442e-01
9.024148740203186136e-01
8.163148330476376335e-01
1.062883728364957481e+00
9.187793688968322048e-01
9.001542422805536292e-01
9.081045217224854582e-01
9.359163363105087452e-01
8.450332067277838144e-01
8.936918307611612100e-01
9.667672838934381341e-01
1.028368448036016680e+00
9.264873077486360797e-01
1.029293925237931617e+00
1.102941800579714027e+00
9.735907424714165259e-01
9.686272709440056916e-01
9.609705534947423633e-01
9.662617779777313842e-01
9.632689895751813669e-01
1.043577234638434215e+00
1.158555251910010186e+00
1.008702943840293687e+00
8.919412929723031791e-01
8.536859390540153525e-01
1.183583225273411754e+00
9.417058608426821520e-01
8.545861488918928828e-01
1.059895224501486988e+00
