-8.802487307628360513e-01
-1.118799673346608570e+00
-9.436009324649194951e-01
-1.008441420051751969e+00
-9.553722163522214705e-01
-9.999534522935804581e-01
-9.505595732160460054e-01
-9.889292716185633658e-01
-9.469604656817325328e-01
-9.897629937332946826e-01
-9.808283229796281866e-01
-9.909145267562506909e-01
-1.012836658701482540e+00
-7.122997331283071887e-01
-9.157335011851507334e-01
-7.379712005544252218e-01
-1.025858264644146089e+00
-9.899098663373976370e-01
-1.021002245567404820e+00
-1.119907222535268199e+00
-8.631109064950519549e-01
-1.006679564478679012e+00
-1.024890593028560781e+00
-8.196732588361991256e-01
-9.594528942894854362e-01
-8.931418714600467545e-01
-8.810731930525298461e-01
-8.871427065274004597e-01
-9.710678517419136790e-01
-1.038407848103084063e+00
-1.028464022934948430e+00
-9.477870434519696241e-01
-9.447177073139184644e-01
-1.000517553658651249e+00
-8.784412430936043847e-01
-8.917394542467372842e-01
-9.222937683658263275e-01
-9.854028334790257970e-01
-8.833662492234822805e-01
-9.380484930163706103e-01
-9.753408506177939641e-01
-8.868733041893195335e-01
-8.522860311919966403e-01
-9.404907242887651231e-01
-7.139113045455046658e-01
-8.524954786243642557e-01
-8.900856177286582405e-01
-8.823660777857509352e-01
-8.546528372859454326e-01
-7.433366825434872815e-01
-8.825316706151073998e-01
-9.383864863567216164e-01
-1.003212275206171400e+00
-8.751301486833849008e-01
-1.026906103473146148e+00
-9.694246268471706784e-01
-1.079513965270818776e+00
-9.123989321424927912e-01
-9.957091331029476189e-01
-8.603259219645728040e-01
-8.408095143885209177e-01
-9.472816581281787718e-01
-9.817224129019449519e-01
-8.625005279263888713e-01
-9.802739555967878715e-01
-8.014089935729228342e-01
-8.449757494946947833e-01
-8.773351714577241056e-01
-8.119542592596421526e-01
-9.702682457815666739e-01
-8.791111053259306196e-01
-7.103933358092785477e-01
-8.330393030003958588e-01
-7.990682467983413195e-01
-9.038298723410631563e-01
-8.125669789096049422e-01
-9.272735408150293290e-01
-8.636846799379855888e-01
-8.290079941957677612e-01
-8.227821183647857639e-01
-7.502942177025795356e-01
-8.353102707286352846e-01
-8.202411551921576782e-01
-8.162954435397083985e-01
-1.034936970188813365e+00
-9.505768139137210637e-01
-7.785113663771171533e-01
-7.982805977244120665e-01
-8.061058772618461266e-01
-9.228901736294339297e-01
-7.514908599154447311e-01
-8.967450120671259794e-01
-8.476160770616414375e-01
-7.310929026398422792e-01
-8.260487756098623402e-01
-7.886993314010897205e-01
-7.546493939409746332e-01
-7.550224743299446262e-01
-9.276452597013922219e-01
-8.386085091234308786e-01
-8.505261672549181418e-01
-7.603002124098776626e-01
-9.258751489383897360e-01
-6.998125067421339107e-01
-7.803401789379712516e-01
-7.179995192498583867e-01
-5.957685995757060482e-01
-7.695174300872816842e-01
-8.817759697789666617e-01
-6.890341425489253657e-01
-7.726072586534070696e-01
-8.038815460260501089e-01
-8.387609386695320524e-01
-8.638524097799334944e-01
-6.338597517987030194e-01
-7.278527906118428259e-01
-9.313973528374474009e-01
-6.920484953114802718e-01
-7.253019430203659912e-01
-9.102548086553975404e-01
-6.843328640331075574e-01
-9.700450878809109279e-01
-7.799081628562668511e-01
-7.691280236996140829e-01
-6.888439204679122074e-01
-8.590949114764867556e-01
-7.791017983613023334e-01
-7.761146795875731863e-01
-6.596107525995938969e-01
-7.549633626321581303e-01
-6.375258066580188343e-01
-6.957646310422105351e-01
-8.152704812116751132e-01
-8.366565967786406821e-01
-9.788639247061313720e-01
-7.396308237450210932e-01
-9.336821180951886401e-01
-7.210687430624301841e-01
-7.250670358882737032e-01
-4.288379906606197278e-01
-7.186421311678855561e-01
-7.377899660469526832e-01
-6.578479645263023423e-01
-8.297236371431533364e-01
-7.023777205994614636e-01
-6.646732939412558494e-01
-6.410185610738244888e-01
-7.369335679711678244e-01
-5.393840935165524764e-01
-8.267974604153817131e-01
-7.746929237063826523e-01
-5.645621708806148886e-01
-5.740632901530300369e-01
-7.578379112765145642e-01
-8.250693909046372676e-01
-7.298806141127416325e-01
-6.503710226534508143e-01
-6.154175926231122418e-01
-7.030102510988378572e-01
-6.046592042954268553e-01
-4.774157154325154861e-01
-6.561968016254210445e-01
-6.211845498625775397e-01
-6.982693669015760385e-01
-7.012964392792374602e-01
-6.897751814065532505e-01
-6.998207501208063563e-01
-6.283525317939395727e-01
-5.709322369876822512e-01
-7.258464586653592399e-01
-6.254105285556553762e-01
-6.109598030544154401e-01
-7.779797535304290301e-01
-6.626297933017168962e-01
-7.073908613774323451e-01
-5.902914174278730552e-01
-5.744644960659820443e-01
-5.878536471580612099e-01
-6.928608320745830440e-01
-7.722032581733515588e-01
-6.520310968036689969e-01
-7.462108457159798425e-01
-6.380052131630677970e-01
-5.324613925243536494e-01
-5.914014717107727304e-01
-5.346162220089857309e-01
-5.576901030505959644e-01
-6.492495584811298626e-01
-5.816571040258597947e-01
-4.813793039927606321e-01
-7.404282846778700300e-01
-6.243403137328733532e-01
-6.260825999658962138e-01
-6.221164589297522030e-01
-6.011258081462856895e-01
-5.438343800628631097e-01
-6.474683823903355506e-01
-3.652288039207225445e-01
-5.660240951744480720e-01
-6.223076610657140018e-01
-6.422084331918476163e-01
-6.764216620437207839e-01
-7.369633469335193920e-01
-5.740631809616485448e-01
-4.004825490860362547e-01
-6.496378962857116690e-01
-4.624780621788968094e-01
-6.501210766638009231e-01
-8.014784179641151196e-01
-5.123757743223410488e-01
-6.879420588654703295e-01
-5.588555003574172675e-01
-5.907347020439431828e-01
-5.155287901692331420e-01
-5.586213047509449581e-01
-5.313578374854811548e-01
-5.036272122307801080e-01
-4.756192209622676081e-01
-5.423364317923160538e-01
-5.101661380027561199e-01
-5.769040951058646005e-01
-5.426555223210814960e-01
-6.059522620362567391e-01
-5.795609201013940392e-01
-5.063063928868035690e-01
-3.801328387455638058e-01
-6.860435845494499141e-01
-3.264159095089965157e-01
-6.883626960392013050e-01
-4.718541425225750707e-01
-5.799826499595008844e-01
-4.920628951856803601e-01
-6.714461393431906400e-01
-4.909092805368610590e-01
-4.967395813741048438e-01
-4.750224078946101436e-01
-4.567087400305993028e-01
-6.728059098446842468e-01
-5.385549709880013136e-01
-6.107953012910116719e-01
-5.067250364178326194e-01
-5.340283388922186791e-01
-5.720004102300039195e-01
-4.283091568037128982e-01
-3.936692256843106197e-01
-4.906541371519929084e-01
-6.653363310891120541e-01
-4.706277554718032441e-01
-5.251173021305343136e-01
-5.605908804252804911e-01
-4.436521114121402265e-01
-4.185955923909653320e-01
-4.795627330911943487e-01
-4.736067999863494138e-01
-4.360007714335285556e-01
-3.781878853112236039e-01
-5.245288829789034324e-01
-4.286442874536445791e-01
-4.974122041795312477e-01
-5.929648399585185636e-01
-4.569908859006524549e-01
-5.623512417326342883e-01
-4.807613137797200342e-01
-5.590306936967636142e-01
-4.012554206231210285e-01
-4.495141062862952896e-01
-5.384527465891558728e-01
-3.505286542444421838e-01
-2.887444013926608877e-01
-3.398828706659301480e-01
-4.840172932092414171e-01
-5.285223786179558125e-01
-2.727395151266297502e-01
-3.864838958943708769e-01
-3.920929786848980081e-01
-4.617350606079664854e-01
-3.986130137680090058e-01
-4.479143703115508468e-01
-4.239252995228855458e-01
-5.504307692780519012e-01
-3.232840161579651483e-01
-3.485553885638514315e-01
-4.698066972959931142e-01
-3.464777319864773553e-01
-3.065790530786774437e-01
-4.430893574961663473e-01
-3.942270497993453082e-01
-3.135088014191133587e-01
-6.193960566086635922e-01
-4.354922711288314319e-01
-3.295500951845505289e-01
-3.016119160435582480e-01
-2.940462295558585182e-01
-4.409652866547771888e-01
-3.943833657042843388e-01
-4.042480515928411622e-01
-2.267462139130630716e-01
-4.191297682358690047e-01
-4.490086154048049116e-01
-3.997848468819916179e-01
-3.475779522417239420e-01
-3.202789335596253339e-01
-4.035861597766077224e-01
-4.620738745416194115e-01
-3.765293156174608358e-01
-3.293202091873573267e-01
-4.201982288785565123e-01
-2.620837351395934323e-01
-4.791989670288467895e-01
-4.518846316863350809e-01
-4.070414671956110730e-01
-3.419757374968621644e-01
-2.767154368578563228e-01
-5.211087288777016546e-01
-3.495793010322716388e-01
-3.465510720255713384e-01
-2.623141218259517626e-01
-3.594236458738200302e-01
-3.848931843587265478e-01
-3.569108474362185368e-01
-2.797245793467253994e-01
-3.453830467696942241e-01
-3.229802375385138480e-01
-2.050663844953549975e-01
-4.495632348523809774e-01
-4.864977760380396199e-01
-3.926358825561199195e-01
-3.677113606676264967e-01
-3.207147635428124199e-01
-4.118406367862001427e-01
-4.199901428127361114e-01
-2.124991407658438636e-01
-2.925217988228046018e-01
-4.076864995544619008e-01
-2.775308428888654255e-01
-5.128268630790967508e-01
-3.849173124434108750e-01
-4.434947378731852186e-01
-2.456984089429064544e-01
-2.269761636238352143e-01
-4.790351050878234318e-01
-3.584066856444842464e-01
-3.293412734410672282e-01
-5.331452744620166495e-01
-2.574179298747142908e-01
-3.480729706690733338e-01
-2.634540017636904929e-01
-3.122608359858601856e-01
-3.530709874631476342e-01
-2.973652208021368426e-01
-2.692238655079927656e-01
-4.373688152210993829e-01
-2.183193373542154925e-01
-1.568527952536673820e-01
-2.575031653086463090e-01
-2.600975448107740728e-01
-2.119628268684115580e-01
-3.463484645277878915e-01
-1.673282394310638965e-01
-2.899793953568040039e-01
-2.126800426179707160e-01
-2.333844504534166031e-01
-3.672475122118439295e-01
-2.203677342121822258e-01
-3.133539720688108265e-01
-3.994973918956034042e-01
-1.936600120696440885e-01
-2.588924402099288535e-01
-2.547677200498143502e-01
-3.270666458378856944e-01
-3.111317613481342503e-01
-3.036153999662629110e-01
-2.892286293147848797e-01
-2.732967340952660584e-01
-2.770489202513162774e-01
-1.900262256503702507e-01
-1.493854371411799942e-01
-2.524458841373387052e-01
-2.953576112799051745e-01
-3.195141465437267292e-01
-2.542033379727585696e-01
-1.977738633888424802e-01
-7.070799113391594733e-03
-2.650577002998671938e-01
-2.353822229473592764e-01
-3.042379796568021044e-01
-3.326087232384374315e-01
-2.004418005140208570e-01
-3.093399856087807737e-02
-2.092386731256205556e-01
-1.792329212116184622e-01
-1.877904061929008273e-01
-1.789545217704056335e-01
-1.628881511256886350e-01
-1.782374160256000317e-01
-1.906037227615120233e-01
-1.346814727714363003e-01
-2.521904299604838529e-01
-1.682373310729706750e-01
-2.232259780048691800e-01
-2.396341991509755576e-01
-2.828346794272927900e-01
-2.165087109732825865e-01
-2.614945987158346918e-01
-1.128473714048122342e-03
-3.301202616456118122e-01
-2.584456681667781641e-01
-6.113056707927343181e-02
-8.300266284342780465e-02
-1.743354971246322549e-01
-2.100528521114164160e-01
-1.930612169092781050e-01
-2.083384170028049764e-01
-1.531778666550658585e-01
-6.259426109161975171e-02
-3.422795044470938741e-01
-4.604683996721373185e-02
-1.718425545110682240e-01
-1.849048014638951243e-01
-2.655305675006437993e-01
-1.246038136737810387e-01
-2.127288353646898111e-01
-9.351692401384413544e-02
-9.438587619507123050e-02
-7.933685793098827280e-03
-1.863615583551992139e-01
-1.560525218227499233e-01
-2.594951151225582398e-01
-1.334111652704074724e-01
-2.127774624982752549e-01
-2.146522704279055782e-01
-1.938839782779882559e-01
-1.535423151898309968e-01
-1.784755590910852285e-01
-1.051055931057388870e-01
-7.110884093770598879e-02
-1.262875599774797020e-01
-4.796164183110445539e-02
-1.001523256322765371e-01
-1.423299668032672050e-01
-1.105508706840088867e-01
-1.469149758541644923e-01
-2.761069848836828489e-01
-1.562253750772056027e-01
-1.642188869055332956e-01
-1.289132498078604250e-01
2.920029742643135903e-02
-1.351789254962134368e-01
-1.103591128288100021e-01
-2.146265390985127586e-01
3.548724892848893059e-02
-3.311625390962735088e-02
-5.900910619136250090e-02
-4.835672978190622140e-02
-1.855113995992276332e-01
-3.013500556530674945e-01
-1.360083835098055971e-01
-1.853864478149593042e-01
-9.782455672013488923e-02
-1.048839590621599566e-01
-2.057554731713109875e-01
-1.900662566961217603e-01
9.603650889390061632e-03
1.700535487877377974e-02
-5.560926064136283847e-02
-5.233720618205718600e-02
7.967879088257873860e-03
-1.913508323337782258e-01
2.784268250341767614e-02
-2.890796912795976989e-02
-1.364909437151906949e-02
-1.594037923786634781e-01
-4.065003854700151298e-02
-5.767625760755321074e-02
-7.368812983262795768e-02
-5.573032295776544909e-02
-2.036715852438979180e-01
-2.938514035494779394e-02
-3.178781446627446106e-02
-1.471840441094399848e-02
-6.522572367528001180e-02
-5.264400088532040362e-02
7.414117910673437284e-02
-3.678575222309064807e-02
-1.496575644378062009e-01
2.879167678322139962e-02
7.936988939155331657e-02
-1.544409998480548440e-01
-5.618078060070192531e-02
1.591650833578871216e-02
4.786758353150383921e-02
-8.193413021644882152e-03
-3.123271063855592028e-02
-1.299616994623864139e-02
5.728573026195616508e-02
-6.206525172304232923e-02
1.921410416111067054e-01
-1.098545664045939493e-02
-1.660333660699097116e-02
-1.027122210684982828e-01
-7.336084455608901655e-02
1.012020054241019734e-01
-4.674664111303771658e-02
8.310534341777353617e-02
7.130829726553365722e-02
1.048542991201015934e-02
2.830713269629813594e-02
4.743390932031248813e-02
-4.917876600995819145e-04
1.962793195678920553e-03
1.267152829975204953e-01
3.541463921173563373e-02
-8.224324428661428099e-02
4.270827524997332218e-04
4.267998233307310207e-02
-6.961922324728746225e-02
-1.391014204344048289e-03
8.304631092362255163e-02
8.075485642353028015e-02
4.874665251258924331e-02
-2.640120769966412539e-01
-1.917199184828158598e-01
8.800907106165714588e-02
1.123910818084590674e-01
4.053459651798468205e-02
3.575983858745016702e-02
1.216084822743682820e-02
-4.267349323793204890e-02
8.383874900385183959e-02
2.781404662402729364e-02
5.469566358263418249e-02
1.635899699207628843e-01
1.792218642111338966e-01
8.909853834386179117e-02
-2.413823885447986470e-02
8.005125303764180911e-02
9.801149827172879990e-04
8.287521587323787298e-02
1.313480640205846872e-01
-4.359022295207337638e-02
2.849063830156048013e-02
1.790330347854761361e-01
3.773884909502052583e-03
-6.083686122687135406e-02
1.112167678745628191e-01
1.520585619660432541e-01
1.645274095650406734e-02
1.648950990798887517e-01
-8.538069330784078814e-02
1.151514690975344035e-01
-3.041493755374435025e-03
1.182550916331770313e-01
1.409210202652035893e-01
1.555580368995710672e-01
-6.133708970552682882e-02
6.614880399135750211e-02
1.126112879300074920e-01
1.248381697166280335e-01
8.531141003153952518e-02
5.281766206214896092e-02
1.956331051025036183e-01
1.266821657034294391e-01
1.661339234195731152e-01
1.020880445086962546e-01
2.862246626013407735e-01
2.112472629399917146e-01
9.835414359496526260e-02
2.556711012290615453e-02
1.426700017552319510e-01
2.556949450861146222e-01
2.144498194402682245e-01
1.190021780969200971e-01
-1.104378828480887670e-02
4.666474408930584156e-02
2.075568538523194229e-01
6.559732487779283694e-02
7.744283007967932286e-02
1.296525509013854993e-01
1.709941344681100983e-01
2.052850342411612350e-01
5.865503817616924548e-02
2.894718678961830105e-01
1.464912413883497910e-01
2.245533963675784839e-01
-3.609063156365328873e-02
1.812924519001672952e-01
8.596809644065163403e-02
2.934295469277906632e-01
2.687402109098107061e-01
2.187376619429087232e-01
2.513442733496391579e-01
8.978030362130759445e-02
9.858718097082279364e-02
1.272521126104804168e-01
1.160139354923029748e-01
2.034579997564576193e-01
2.871011833432717264e-01
8.994189400152699521e-02
2.875002977201118748e-01
1.931750488577415603e-01
1.372153991674664175e-01
2.117189131133290214e-01
1.019535697987239836e-01
3.312707292329852837e-01
2.829391812001715856e-01
-1.417294606571968887e-02
1.002916157491193921e-01
1.855209165193410503e-01
8.898257190143743500e-02
2.390639439456216653e-01
1.172791467838261714e-01
2.058766538226223242e-01
2.489040579965385303e-01
2.457382999696727244e-01
2.816295800002464045e-01
2.805721036611365515e-01
3.496081145188042472e-01
2.931350252216551322e-01
1.453853931326814231e-01
1.584036026389668006e-01
2.417585909454156023e-01
3.237109686455778568e-01
2.988779847772842224e-01
1.547003738849442867e-01
2.101604166484829783e-01
2.544427685054082011e-01
2.852660357924305945e-01
2.818170448836051500e-01
2.859442656681625561e-01
1.211711636659818098e-01
2.827516034635665365e-01
2.200863747230656364e-01
3.121706487644444472e-01
4.054990809737308299e-01
2.917728938637492719e-01
1.520054530007392823e-01
2.784490916444443687e-01
2.166750614613900672e-01
2.690361472697910261e-01
4.184412804662634988e-01
4.232618578515046637e-01
3.133782443860122502e-01
4.031971793457979070e-01
3.098647144904292938e-01
2.005534993485178774e-01
4.696274241690324147e-01
1.995482390026294128e-01
2.825553057802317469e-01
4.059867923538628132e-01
3.327557540905413669e-01
3.874927184374487577e-01
2.485543834436174382e-01
2.401005581211771434e-01
2.805990364648301427e-01
2.769528470305268608e-01
2.906731730655740531e-01
2.748469069461322301e-01
3.934414499642123197e-01
3.865565101700971784e-01
4.096849970440828437e-01
5.005557393371813379e-01
3.581943871702736870e-01
4.326546858309753829e-01
2.477060274194256562e-01
2.779881327669405655e-01
2.518357878174228293e-01
2.847600075550226761e-01
2.886455521464623142e-01
4.182953357666177041e-01
4.811131806058025484e-01
3.141741197609888014e-01
4.390717260060555960e-01
2.441516931168133953e-01
3.701679459758014379e-01
3.607420707275558747e-01
3.527170301492478233e-01
3.735381465367266229e-01
5.007334771183451494e-01
3.278221134147599192e-01
2.789571113318667916e-01
5.001535085586832352e-01
3.572005264056843377e-01
3.772461796592186389e-01
2.511284347275917761e-01
4.810154080675404509e-01
4.191996497079308326e-01
4.546088574426376816e-01
5.251476285468997807e-01
1.849422241267953959e-01
2.986635322035414153e-01
3.528599443113161205e-01
1.721308089671522989e-01
3.213538751436406105e-01
3.600052679447545700e-01
4.029688259640089032e-01
3.321932414626507790e-01
4.690875717648299581e-01
5.339071494224326697e-01
4.871134007022885348e-01
3.759473222430749217e-01
2.713977972256735316e-01
3.603175521856111785e-01
3.021246226222103481e-01
2.996110458773342256e-01
3.151311815797394056e-01
4.341041126803588668e-01
4.753866123216586859e-01
4.670566864378246641e-01
4.818334955258885555e-01
3.350024558440379274e-01
3.696115459102825018e-01
4.695814027917406541e-01
4.099330734277474297e-01
5.921006839327597193e-01
4.926147905478526767e-01
5.037963419123374642e-01
4.106475455240373718e-01
3.921802016486528597e-01
4.606647874241573959e-01
4.602179481795453109e-01
4.061882422215924993e-01
5.108444728197553131e-01
3.920936420074210838e-01
3.809253616488287864e-01
4.553610666721270572e-01
3.593306163495488814e-01
3.728995568251866621e-01
4.184136332258958646e-01
3.886469634892702474e-01
5.097300038600226513e-01
3.645229289971970155e-01
3.558834263984421153e-01
4.862334901552210487e-01
3.308582410709065003e-01
3.596588965909190971e-01
4.371828260533928701e-01
6.357333690264496129e-01
4.090465677062746774e-01
2.888137134891939350e-01
6.800528326550636660e-01
4.016748275119468858e-01
6.335210434676853408e-01
5.924521155361567315e-01
4.853403758177633476e-01
4.720283777220238841e-01
4.954073825889392380e-01
4.471184272871189247e-01
4.032416621437391324e-01
7.830185942826638490e-01
5.885210304785278845e-01
6.063997061914438991e-01
5.715213145531340411e-01
5.588369760049725077e-01
4.584438159355622155e-01
5.840379022467279135e-01
4.842649901209279961e-01
4.641100718063138619e-01
5.364661262752330462e-01
3.624815167029947216e-01
3.383552714177271992e-01
6.880091935563612537e-01
5.072235566283260777e-01
5.913822914116902973e-01
5.555197249275035665e-01
5.531595101927271330e-01
4.835775195207783206e-01
5.648656775125515672e-01
5.823965975192650912e-01
3.279073405391378371e-01
5.546259289661161773e-01
6.037894226624498373e-01
6.203344921308459048e-01
6.165476850658671015e-01
6.652755099060619903e-01
5.752922387651311364e-01
5.610823783885813265e-01
6.177251279306359422e-01
5.654032146434174733e-01
5.551387087663809394e-01
6.132597575650444721e-01
5.170542194757016263e-01
6.499605943667984276e-01
5.008387808441110423e-01
6.594096895278620529e-01
5.079883782429528427e-01
5.953963438453847568e-01
6.381325479391991573e-01
6.196220906775230519e-01
5.533302964461160878e-01
6.630779627060587877e-01
6.228468194064612495e-01
5.486800364303721089e-01
6.281112881612952448e-01
5.661067483043076276e-01
6.137919665118866108e-01
5.506736846724493706e-01
6.795636429023188541e-01
5.909061781589679541e-01
5.922996154613510145e-01
7.038514327588097919e-01
5.813758389048084840e-01
4.496712483085842926e-01
6.124005578170585995e-01
6.008065577903844989e-01
7.366285379312033088e-01
5.207230548949317583e-01
4.413204535009466190e-01
6.853754608115181224e-01
5.068944217496972326e-01
7.010219508351250850e-01
6.547460360611543351e-01
5.162194733398899338e-01
4.810619322723539426e-01
5.447406097290424798e-01
5.815874986730144025e-01
6.651539825193013566e-01
6.244822658861388653e-01
8.155423858914925273e-01
7.715468614970687478e-01
6.492953131168577308e-01
6.410368445936269755e-01
6.455934943813024240e-01
6.368819541227638270e-01
7.146556460439188463e-01
5.533550955664201521e-01
7.306811577507065225e-01
6.359806519589514817e-01
6.665920964602565224e-01
5.330929350524731269e-01
5.467708932575738867e-01
7.782689935171965834e-01
7.450163056948888585e-01
6.867171380231614775e-01
6.648044162767997589e-01
6.874020970187390001e-01
7.166168067569030908e-01
4.594520435336362785e-01
7.686193253204867126e-01
6.863373006917835584e-01
5.702823727137679155e-01
7.690423912606569878e-01
7.187223624317488069e-01
7.171007896549398408e-01
6.537817836801659288e-01
7.792405788011136369e-01
7.415219604794105468e-01
6.138486760330665870e-01
7.079747170221927233e-01
6.360533461795873089e-01
7.806209582263340385e-01
7.107347364956585478e-01
7.304675194013394712e-01
5.779706612686092981e-01
6.736541479059149351e-01
9.462289907904227748e-01
5.981915134768615028e-01
5.709288009268362885e-01
7.132994597757194022e-01
5.883419484491754226e-01
8.817242878712487908e-01
6.794334018797639763e-01
6.633416852839391087e-01
4.892802969715713823e-01
6.317341948196906198e-01
6.480072058525139234e-01
6.764249872698933075e-01
6.451857958655884406e-01
8.109530730235265938e-01
7.662975218140029021e-01
7.464616165277256910e-01
6.927228090553475548e-01
8.134681704263662105e-01
7.482554932287572846e-01
7.855446418749885140e-01
7.078941039296476889e-01
6.678739834391477226e-01
7.942427086861776342e-01
6.903938213267378776e-01
8.311789767730840550e-01
6.393955958661174943e-01
8.229009327449187117e-01
8.370153147164337559e-01
7.593011006064429580e-01
8.018439745937387952e-01
7.177374099122025841e-01
7.834253038235379218e-01
7.158282718501763897e-01
6.773444417970146958e-01
7.617044130299750471e-01
7.832114401986277619e-01
6.660417073105810992e-01
8.787305519152203148e-01
7.647705177470577320e-01
7.591760327014125398e-01
7.533817417875491307e-01
8.437360955284268771e-01
7.541741526980098032e-01
9.006848497779623708e-01
8.119521119206832838e-01
1.002433793128189032e+00
8.368465157172207958e-01
7.626557075025691690e-01
7.067612085094099328e-01
8.049745149200389083e-01
7.176896882146754919e-01
8.408211637891871426e-01
7.158691371630525602e-01
8.913842050770737213e-01
7.820461162260979870e-01
7.796416520449475085e-01
8.714927039363777883e-01
8.132616140502620938e-01
8.652180246357779048e-01
7.845005669016421601e-01
9.362901544138915177e-01
8.695849373801625148e-01
6.269491205545074664e-01
8.396648691192867275e-01
8.796390666279448878e-01
9.994209478930629054e-01
8.784817731755196757e-01
9.016515366747221982e-01
9.017290352193293446e-01
9.041934213184995572e-01
6.641470157149821363e-01
1.079862377365593540e+00
7.150900496734018397e-01
9.626811534838677353e-01
7.552815373265315824e-01
8.764237846985744040e-01
9.789087019873792261e-01
9.786125905730241881e-01
8.127988328917427063e-01
6.446983322276789163e-01
8.553379040999189442e-01
8.691965309010496465e-01
8.628289604945961200e-01
8.248460049145590611e-01
8.363737597468736684e-01
8.728946084932639460e-01
9.085916705370585822e-01
9.499158694133614800e-01
9.432511193062019794e-01
9.207149199038935361e-01
8.772878691508596560e-01
8.274282628733231615e-01
8.713511763470961347e-01
8.275208049784130715e-01
8.180709076169423444e-01
1.090433736265907561e+00
9.892722843726333704e-01
9.304862830135914864e-01
8.713400833708341287e-01
8.229339425569718314e-01
8.891884558833766938e-01
9.398884387323798162e-01
8.393845031460777095e-01
8.658394057926092069e-01
7.892442442948108816e-01
9.656521915841602688e-01
9.683484861819987577e-01
8.456388647119734703e-01
9.249625857971179865e-01
9.126352970099518291e-01
9.001011281205152370e-01
9.719394015796244402e-01
8.438380915657983650e-01
8.730790650699050692e-01
8.830667084570275049e-01
9.866346278716799922e-01
9.176956532439423109e-01
8.653621447494841412e-01
9.206966656414431460e-01
8.157800369966102805e-01
1.074857913250247821e+00
9.377836406204417274e-01
8.896786658420289262e-01
9.142098813672906443e-01
9.471262619227082125e-01
8.507386994200950570e-01
8.817964022938403756e-01
9.600343376808607720e-01
1.015671705926702195e+00
9.196186542076567605e-01
1.024751479112548713e+00
1.097654706763958155e+00
9.809124287753967497e-01
9.775403914882379031e-01
9.471392083542469198e-01
9.454503683638246780e-01
9.747820228682343435e-01
1.049062522620101801e+00
1.130772541447311541e+00
1.019801661605816756e+00
9.005151555845772871e-01
8.485381906675838470e-01
1.177394141372937852e+00
9.397145677941426412e-01
8.825805129232648927e-01
1.076032861610344060e+00
