-8.782633323534644321e-01
-1.117771323392267036e+00
-9.493685412281425151e-01
-1.028961508282593584e+00
-9.405084679460607999e-01
-9.943605236823692684e-01
-9.583217151720624383e-01
-9.842699934172710607e-01
-9.390001752038193983e-01
-9.980229588208042735e-01
-9.632437051379316717e-01
-9.607842073624942580e-01
-1.006751653653672918e+00
-7.334626417766711981e-01
-8.726323209331579012e-01
-7.391724071260430406e-01
-1.016466861381748465e+00
-9.612616405308133105e-01
-1.005872004102137840e+00
-1.098680841220654125e+00
-8.741248519091053826e-01
-9.912686428364694269e-01
-1.020426163080691895e+00
-8.207699870907427808e-01
-9.564014723056213363e-01
-8.896670649548354959e-01
-8.718764953623884262e-01
-9.085654046883204771e-01
-1.002310194755161588e+00
-1.037091913020845135e+00
-1.008396168948957561e+00
-9.350582324722064298e-01
-9.512127493537857470e-01
-9.930210160752040993e-01
-8.857792046441992362e-01
-8.688839676489127362e-01
-9.099635415475034739e-01
-9.906342161190160311e-01
-8.543988526833565800e-01
-9.656057094591955492e-01
-9.761678980922008364e-01
-8.732799592636714126e-01
-8.765810779413631959e-01
-9.371179934787970955e-01
-7.245415547648678123e-01
-8.544737262073047734e-01
-8.974702182965276220e-01
-8.884012597512211951e-01
-8.514695807344467848e-01
-7.805906526918151567e-01
-8.759121249889966210e-01
-9.348952839832128658e-01
-9.925548199528894111e-01
-8.709652022093294921e-01
-1.041070590499040494e+00
-9.842042881573976887e-01
-1.108314982010308425e+00
-9.390212832060051973e-01
-1.000837715004976092e+00
-8.588047756409288302e-01
-8.411541047862876042e-01
-9.600693344967895504e-01
-9.988253988165093356e-01
-8.643694049592497430e-01
-9.908053575258279899e-01
-7.939375863254861665e-01
-8.495911771333367613e-01
-8.602611148188362700e-01
-8.261944813315083014e-01
-9.676679117208540903e-01
-8.713831980211210748e-01
-7.030968172350999801e-01
-8.339860413970412445e-01
-7.927671819307635648e-01
-9.270594215216499956e-01
-8.321962839019632074e-01
-9.391415717812456876e-01
-8.554914245900687719e-01
-8.100491585128675176e-01
-8.425522133817373582e-01
-7.524511724870925899e-01
-8.541587535026212707e-01
-8.117632788176507574e-01
-8.323116015973687221e-01
-1.009624420560275571e+00
-9.454668257099914097e-01
-7.555389891111771172e-01
-7.893385116407568569e-01
-8.003765353879570554e-01
-9.355400505546724865e-01
-7.273176048170015839e-01
-8.924572860041920519e-01
-8.859838513289681750e-01
-7.426070747227631053e-01
-8.150669316012685295e-01
-7.730853247374771531e-01
-7.588363098197740131e-01
-7.582172825255898418e-01
-9.403222243155853199e-01
-8.619152304036123979e-01
-8.327908427973680361e-01
-7.555127455227140798e-01
-9.340718434650749913e-01
-6.855784585129794939e-01
-7.767889353779721118e-01
-7.343042197729703346e-01
-5.810471071311654745e-01
-7.903273539108686130e-01
-8.662582921153734183e-01
-6.721198300027531047e-01
-7.914559711952390275e-01
-8.121002593121922075e-01
-8.453784403864952335e-01
-8.586806029351022884e-01
-6.305472453331367744e-01
-7.408291390973232859e-01
-9.174981336354527395e-01
-6.777658486094402246e-01
-7.362133947881085438e-01
-9.100476125919955139e-01
-6.955795093830111631e-01
-1.007698027502081928e+00
-7.712239238963318755e-01
-7.929949447961179843e-01
-6.916216112924192805e-01
-8.541137970947347835e-01
-7.689207043317938250e-01
-8.030274749123803568e-01
-6.592749254054797170e-01
-7.580589616389111773e-01
-6.362907308688116048e-01
-6.981689241723200157e-01
-8.063904344805448154e-01
-8.120178044649165594e-01
-9.763595028923918173e-01
-7.454321007415354305e-01
-9.440222433141242098e-01
-6.913465654737210864e-01
-7.189523879865857836e-01
-4.574245410342229201e-01
-7.272808241178645439e-01
-7.254780529653401810e-01
-6.468448741125681911e-01
-8.235764674460571699e-01
-6.851824923409802759e-01
-6.635924519036343616e-01
-6.295302694482480810e-01
-7.360278698857292135e-01
-5.283423997262404193e-01
-8.418050026337496883e-01
-7.649024579686310998e-01
-5.619733771770548669e-01
-5.700270086747682985e-01
-7.344781376558825459e-01
-8.154138099462421296e-01
-7.075613083028362560e-01
-6.408493912943925563e-01
-6.326151203802680145e-01
-7.245187269157428167e-01
-6.257688278861891495e-01
-4.856009943786452898e-01
-6.638872932370496471e-01
-6.362745717574357363e-01
-6.865080863224168883e-01
-6.824663306073334157e-01
-7.109874333832327808e-01
-6.908178956296243678e-01
-6.093719187978554608e-01
-5.702795992812013104e-01
-6.966006863069510446e-01
-6.253210879934679722e-01
-6.100286635058537188e-01
-7.663418667124773931e-01
-6.554036786315740049e-01
-7.103363505497585217e-01
-5.709546421330472521e-01
-5.609019681443665473e-01
-5.780603557940666715e-01
-6.897319924514436762e-01
-7.424718260595838393e-01
-6.535714965853099967e-01
-7.370363829921020571e-01
-6.481021721308407590e-01
-5.338844079314055691e-01
-5.729688770527238129e-01
-5.100096622438895499e-01
-5.657278556406328818e-01
-6.419869251972304403e-01
-5.987013847903733810e-01
-4.934006868278216773e-01
-7.380010213233461069e-01
-6.564662316579640278e-01
-6.284858544354376964e-01
-5.980616624870337406e-01
-6.167322793201901465e-01
-5.505849923227155163e-01
-6.500871426277634590e-01
-3.827530125714698195e-01
-5.820518512675423306e-01
-6.240372841856651753e-01
-6.644530958437214752e-01
-6.898671192858480961e-01
-7.532158553830214931e-01
-5.397976732716657233e-01
-4.094653202369620826e-01
-6.489870417542943359e-01
-4.532971387137080810e-01
-6.406197496513938994e-01
-8.011431246873781387e-01
-5.179308848955064271e-01
-6.856393746409239487e-01
-5.628595898513080176e-01
-5.780364458027755781e-01
-5.128597419002693947e-01
-5.658896475071322207e-01
-5.398240682031224535e-01
-4.808499211959591513e-01
-4.946848545020108290e-01
-5.643359871540686301e-01
-4.902165956594785046e-01
-5.491632922884707169e-01
-5.516779945540483121e-01
-5.911621173431028664e-01
-5.774268851936666946e-01
-4.944345414472897660e-01
-3.903617076005505004e-01
-6.640889492497582536e-01
-3.117540823940002648e-01
-6.757712995936437927e-01
-4.840652028477555602e-01
-5.866589384878291291e-01
-4.927029801655455343e-01
-6.892106162031638172e-01
-4.845284212994022677e-01
-4.972654293831865191e-01
-4.835688731266966633e-01
-4.656597269870373923e-01
-6.640835096567433427e-01
-5.368742575701042075e-01
-6.110106840397210304e-01
-4.859478397055688736e-01
-5.498425072376745826e-01
-5.807288818917281104e-01
-4.475328307257551153e-01
-4.044045632580471894e-01
-5.070248983694310985e-01
-6.656334100189774672e-01
-4.902527363999311660e-01
-4.978894715501151480e-01
-5.493200242533378130e-01
-4.564341596764038833e-01
-4.039614812741665895e-01
-4.654430772013329887e-01
-4.925115771597187164e-01
-4.467410058919713545e-01
-3.970144367105394867e-01
-5.365208215763328514e-01
-4.276103129730337571e-01
-4.696586817888631638e-01
-6.022288449244931341e-01
-4.540295875112538293e-01
-5.615831570444418386e-01
-4.692099420609281979e-01
-5.658190543374416182e-01
-4.186295130907199957e-01
-4.603777453888721616e-01
-5.420026327424984913e-01
-3.549670619961151075e-01
-3.017583836257906049e-01
-3.727565279681332999e-01
-4.902923571704498329e-01
-5.043356875036557607e-01
-2.982169242638731399e-01
-3.994111284142492502e-01
-4.006791436052971056e-01
-4.259836429247928491e-01
-3.825388056541462189e-01
-4.517425951814521556e-01
-4.263235899140729868e-01
-5.702554708397389316e-01
-3.269430329271133528e-01
-3.436006572080244625e-01
-4.450622737578783794e-01
-3.275848579294042273e-01
-2.947409468844353064e-01
-4.425474895919911944e-01
-3.902428780417446230e-01
-3.105237148287873783e-01
-6.040420409852937933e-01
-4.449019965181384428e-01
-3.175563677553356889e-01
-2.979937959681228654e-01
-3.413730865451260477e-01
-4.451759753685350929e-01
-3.884902965297292732e-01
-4.047996183781796264e-01
-2.114439179919158085e-01
-4.251664335448124832e-01
-4.200003759397604175e-01
-3.953931951020105418e-01
-3.846466908622537817e-01
-3.268854518608206861e-01
-4.410479599017286811e-01
-4.619341031366276940e-01
-3.833073183182701960e-01
-3.366211894401714422e-01
-4.184634703534675926e-01
-2.614087032452884762e-01
-4.728811864280755839e-01
-4.731594974218827354e-01
-4.124012821311022758e-01
-3.302134787178123698e-01
-2.965029120634103954e-01
-5.276968707265297098e-01
-3.762758512701775970e-01
-3.419796636803295597e-01
-2.578217745064800281e-01
-3.801831706170342162e-01
-3.846195636521066996e-01
-3.532274398403849047e-01
-2.729476776839372398e-01
-3.483899937975554195e-01
-3.445487043579898989e-01
-2.158480860926094425e-01
-4.427774533016224368e-01
-4.617770119171464849e-01
-3.916103689610531680e-01
-3.428060823062455964e-01
-3.309259637275870358e-01
-4.011007037930576224e-01
-4.362625011683281540e-01
-2.069405508469371324e-01
-2.843940930248622934e-01
-3.911055384635457877e-01
-2.669173208215652182e-01
-5.242107805584187430e-01
-3.793580469971333247e-01
-4.486212146943052703e-01
-2.455061030750333440e-01
-2.190440089254303002e-01
-4.880559307278699577e-01
-3.570345079109011333e-01
-3.463492112415575974e-01
-5.153331813941792738e-01
-2.672329455288389721e-01
-3.398991904776553774e-01
-2.606277897484516881e-01
-3.064291978347923884e-01
-3.371465398546469316e-01
-3.216298611744312641e-01
-2.987289182229407869e-01
-4.082825777201063433e-01
-1.940676058907194745e-01
-1.437546473324750052e-01
-2.670613106150684923e-01
-2.740438431393905083e-01
-2.191627623280645587e-01
-3.575611530641161773e-01
-2.092686911113713355e-01
-2.764130156623850199e-01
-2.215971819174379631e-01
-2.341770470949241512e-01
-3.836051810368674708e-01
-2.172994261070210209e-01
-3.279221775915194259e-01
-4.062012350551525430e-01
-2.232033382168364111e-01
-2.652328436300743220e-01
-2.605542674137106829e-01
-2.982396192034708071e-01
-3.482324316936136199e-01
-2.972855517785716883e-01
-2.743795477328382360e-01
-2.715689104211344573e-01
-2.610091643204710543e-01
-1.959250405147229535e-01
-1.299671127833090800e-01
-2.655451237066222547e-01
-2.807775211511606139e-01
-3.415380533582033640e-01
-2.561091662155173809e-01
-2.075223788721011209e-01
-1.610360947876521981e-02
-2.727077900103760943e-01
-2.022156153616050112e-01
-2.981598703089585189e-01
-3.471834593307505101e-01
-1.936782077896366527e-01
-5.126161280468453235e-02
-1.920390664053299445e-01
-1.749913064312230981e-01
-1.819128568149310787e-01
-1.731659464045452734e-01
-1.603673320190104057e-01
-1.732165990843940184e-01
-1.711486397188855813e-01
-1.313963666255058282e-01
-2.657325206236686443e-01
-1.378888188612613086e-01
-2.042089081902744019e-01
-2.316693870298040248e-01
-2.662718407424207734e-01
-2.083740145084360951e-01
-2.358322914066171283e-01
4.688516016930707048e-03
-3.365321658173338060e-01
-2.622094327781089862e-01
-5.201607445494314808e-02
-9.856738786236943217e-02
-1.796444728153499260e-01
-2.182946778152607126e-01
-1.952598476148601492e-01
-2.118252934249138519e-01
-1.505341649486068578e-01
-7.937800021975352505e-02
-3.370997326046834552e-01
-5.717110178531390613e-02
-1.486908296986678979e-01
-1.778490243726757736e-01
-2.535050830630402596e-01
-9.070868726039235663e-02
-2.367590465756453932e-01
-8.880803649240671949e-02
-1.192884374645991896e-01
-2.899984198157748091e-02
-1.807059000955461570e-01
-1.900966095986579285e-01
-2.687432161003219244e-01
-1.173362520805528858e-01
-2.225285330104671555e-01
-2.135972874056638604e-01
-1.977847737569093933e-01
-1.697241983449979674e-01
-1.757302444014184339e-01
-1.177977027773445956e-01
-8.819997860196682193e-02
-1.411394854737438309e-01
-4.521720952445033165e-02
-1.000546830977116775e-01
-1.520689298736831729e-01
-1.032127007542801289e-01
-1.635016603388346201e-01
-2.703229952845496720e-01
-1.599776457815980935e-01
-1.461484919740296540e-01
-1.422396108523517055e-01
5.066675369042525356e-02
-1.475157596449963027e-01
-1.275954068845298328e-01
-2.136207330762895096e-01
3.596260180368093806e-02
-3.360363927182300620e-02
-9.991232878438099929e-02
-5.135838400213955240e-02
-1.596682975335372012e-01
-2.970283460504023476e-01
-1.265110821022279453e-01
-1.808975477168313639e-01
-9.749665003822637066e-02
-1.209910899496794284e-01
-2.146659320124963688e-01
-1.974949776832584381e-01
6.057602146721920676e-03
-7.543263598912053119e-05
-7.439488894620129023e-02
-5.791448495888512626e-02
2.750039414471094727e-03
-1.904471316892132338e-01
4.225296804097077030e-02
-1.725315274448920889e-03
-6.577106229531505012e-03
-1.507639306772549370e-01
-4.453446911871376118e-02
-7.101942309697621691e-02
-7.377913110583970979e-02
-6.378322841118301556e-02
-2.083491445348202853e-01
-1.633123646279350388e-02
-4.026964622080919654e-02
-6.408164531525934425e-03
-6.016580665101203818e-02
-7.068437768788764231e-02
3.967953247116470100e-02
-3.194469563186423666e-02
-1.376187435206785159e-01
1.972171133013320490e-02
5.388964735181103055e-02
-1.547606551208016157e-01
-8.663394229122996226e-02
6.693512486823893250e-03
5.536659572392020612e-02
-1.199113798878974867e-02
-3.342148363165837327e-02
-2.507903034992830724e-02
3.240687030907161981e-02
-6.513804102162701337e-02
1.683741295952210504e-01
-4.203876482508363613e-03
-4.654755632418649570e-03
-1.019402943118635357e-01
-7.501018538651181566e-02
1.167044686101923190e-01
-3.922224534289490278e-02
8.835262382024001993e-02
4.296618987030419168e-02
3.196019752705386852e-02
2.203741821453654437e-02
2.174711548846840550e-02
-2.600374805974045578e-02
8.637842121978610982e-03
1.232499954349787208e-01
2.656249474741813679e-02
-9.267073059645471178e-02
6.585858716196148384e-03
2.282221080959324216e-02
-6.914749062205437224e-02
3.344107572629104099e-03
5.072533680352554752e-02
8.929321616774890669e-02
5.950605555094842097e-02
-2.857259283174352071e-01
-1.898722480477806063e-01
1.052248883694561349e-01
9.976374709251603634e-02
2.178731853358820830e-02
5.205554884443717306e-02
1.340812509675006273e-02
-5.228607137431972446e-02
9.458024120492633524e-02
4.738523607166146567e-02
4.638617164386393821e-02
1.451219858528606799e-01
1.939350180425569725e-01
6.945563807644762611e-02
-1.157260570719402006e-02
1.065181915882530278e-01
1.372073453212372535e-02
1.092046312956164722e-01
1.335161677443180428e-01
-5.346691950150359030e-02
2.595102458639083481e-02
1.884494919067039032e-01
1.348403026077917531e-02
-8.761279945061888064e-02
9.284915513641577023e-02
1.577251641619721867e-01
1.998884334203508695e-02
1.666440082422974978e-01
-8.517760760951618992e-02
1.163716133383587287e-01
1.794622591861565197e-02
1.301664548039798697e-01
1.572267475103640288e-01
1.588545025330820037e-01
-5.770945965701474584e-02
7.765549488096017139e-02
1.144610100099019423e-01
1.190379323206869067e-01
7.559694515554672700e-02
1.261209769597966719e-02
1.919216398636843235e-01
1.077584437489361863e-01
1.931418452861367319e-01
9.253780925295655713e-02
3.068643607717190247e-01
2.150674599018804478e-01
8.403840012680478810e-02
1.734293677480920268e-02
1.798221836545957075e-01
2.600924074956028620e-01
1.916550486534325248e-01
1.288478695122070306e-01
-2.659396280704868706e-02
5.595724340701564714e-02
2.008051597619723849e-01
6.730132866288625337e-02
5.170637299041529189e-02
1.526346177217167699e-01
1.652816532942156802e-01
2.324657339386330124e-01
5.233265316024348496e-02
2.906405384985482621e-01
1.442919176105232071e-01
2.311977842130628347e-01
-3.009993643653926035e-02
2.046958162207960785e-01
9.630446981270697482e-02
3.041087587848564922e-01
2.742797446122067773e-01
2.095775569193867593e-01
2.285756562686542814e-01
8.114775264052201398e-02
1.136456639026346416e-01
1.244217549097644676e-01
1.128269763446040769e-01
2.274649158228608803e-01
3.125419263257833147e-01
7.147688805249727273e-02
2.630879243766688913e-01
1.873963066726798965e-01
1.435640242420569701e-01
2.111186672497800676e-01
8.430889902193160201e-02
3.599067295577499936e-01
3.011044890450034761e-01
4.954503689038596871e-03
1.032959118641856300e-01
1.929485060263887997e-01
8.839719118697204892e-02
2.153184093520174591e-01
1.059836378353212621e-01
2.109446914716562593e-01
2.740820230411991076e-01
2.517688997832621123e-01
2.910130890852262175e-01
2.587828569900667564e-01
3.415625312935848812e-01
3.027472854530002810e-01
1.818183803976320123e-01
1.642418169858271548e-01
2.557677363512099733e-01
3.325840177773666251e-01
2.973258190413279878e-01
1.493184792025027408e-01
1.874986234816532760e-01
2.583442119813666449e-01
2.650293593470058884e-01
2.810530716776289406e-01
2.680822821065528827e-01
1.088337575067097329e-01
2.786139578997167687e-01
2.366051181906501100e-01
3.429188195318952914e-01
3.968579962250175508e-01
3.031676441889072371e-01
1.422893542957372470e-01
2.766632313750992944e-01
2.167261896263650844e-01
2.669663069787918674e-01
4.175482758152916363e-01
4.309779229608380335e-01
3.189567575309250613e-01
3.965986706397084394e-01
3.224790953560900397e-01
1.827616431002453135e-01
4.505151365139767328e-01
1.846138968984033513e-01
2.944605391916673698e-01
3.950433747166010034e-01
3.400080478009737672e-01
3.859302603496354012e-01
2.469241507010328796e-01
2.519296561982955485e-01
2.848376849385736431e-01
2.637154562502828647e-01
3.134973523900670966e-01
2.842163068696645922e-01
3.755819181034283361e-01
3.889423652186033697e-01
4.150310379769177049e-01
5.045467854819168929e-01
3.643150662338357493e-01
4.239608933702987970e-01
2.488043855423496264e-01
2.754890388961095948e-01
2.544751014343463180e-01
3.182331888744398540e-01
2.997900131597367457e-01
4.135465152791404364e-01
4.904579733214835535e-01
3.431299833479466432e-01
4.382544956718457674e-01
2.550731205928266077e-01
3.636718230948272068e-01
3.575978219152445292e-01
3.599251058518159740e-01
3.616675910734793997e-01
4.971538922384819426e-01
3.108489435092592346e-01
2.512006506952740859e-01
5.078620145909499284e-01
3.502030450787053661e-01
3.699720124459195958e-01
2.538913699763330478e-01
5.036172971282643074e-01
4.165376746536585961e-01
4.637422364925402607e-01
5.258478920340150520e-01
1.669931976940930984e-01
3.240671106451687988e-01
3.539846719174314926e-01
1.622256044877921077e-01
3.245694898443554632e-01
3.594880092357482515e-01
4.112565353245323241e-01
3.250738693428962267e-01
4.757742731282570414e-01
5.024099258144851810e-01
4.852872857888351765e-01
3.629828243654077968e-01
2.866747550430931990e-01
3.484139722269345429e-01
3.085120874175795169e-01
3.062927563991748592e-01
3.277437140609883448e-01
4.637829272375766365e-01
4.975173840743767895e-01
4.558352252730275000e-01
4.840330024598473724e-01
3.210073492993065214e-01
3.588777166150204367e-01
4.744229351953993534e-01
3.950197629888756445e-01
6.053825642624061087e-01
4.969447289918253463e-01
5.028051363422831876e-01
4.169809620447499920e-01
3.837229214344278772e-01
4.555995548629123149e-01
4.501488872762497429e-01
4.150298552965301924e-01
5.098736155178176244e-01
4.259326262001756902e-01
3.864516881592337527e-01
4.561885156495779636e-01
3.561846105174815702e-01
3.609904557885826870e-01
4.147460219684858673e-01
4.013674034300038773e-01
5.179039206606317336e-01
3.660593496018577642e-01
3.724697376194798792e-01
4.838196544991690273e-01
3.425263159469912888e-01
3.435037148982357236e-01
4.196873918512327717e-01
6.206420567040251690e-01
3.951577888200308863e-01
2.837558309761006314e-01
6.655099893200173700e-01
4.124836211069923819e-01
6.177558676770923407e-01
6.054617779195891059e-01
4.889456407992356923e-01
4.616664369912779620e-01
4.622552303116695960e-01
4.297913905678346080e-01
4.036536824193276418e-01
7.622219768046474275e-01
5.804421972138434915e-01
6.136976243033471778e-01
5.751355325630368442e-01
5.695110213607916805e-01
4.603028558593151853e-01
5.666872929573789630e-01
4.783051534812818306e-01
4.464206711267184047e-01
5.707780002841688072e-01
3.578694689836315335e-01
3.332262827301150088e-01
6.970259996589495133e-01
5.126115862398850087e-01
6.022597399116265127e-01
5.658871346220898380e-01
5.643895572067876287e-01
5.040830009734187378e-01
5.496689342240362874e-01
5.628477402938415475e-01
3.177970854919983101e-01
5.425629313185339475e-01
5.978069056572349327e-01
6.226561016446103825e-01
6.166418545526388684e-01
6.605531778979636393e-01
5.753868271900900444e-01
5.711948441339248506e-01
6.230632535307750741e-01
5.843723690965267892e-01
5.651541602452820889e-01
6.128460320223829694e-01
5.212643827724463552e-01
6.394694362477636451e-01
4.946240660345355700e-01
6.729355572312304412e-01
5.183725851541165497e-01
5.916082306174108574e-01
6.595022172032092289e-01
6.236876284043324503e-01
5.551152250773524477e-01
6.636365805615535018e-01
5.930802464490841919e-01
5.354370342356163937e-01
6.372818708606027283e-01
5.599321734680470231e-01
5.884469231252530408e-01
5.477940435562712596e-01
6.666881624008421658e-01
5.989728767837524392e-01
5.938843081854825456e-01
7.122877604390909223e-01
5.738072528010642603e-01
4.329246171138599886e-01
6.115133451518897090e-01
6.007663209705715879e-01
7.339744094785930484e-01
5.336309753043014803e-01
4.498003783242089382e-01
6.903107431528439086e-01
5.184983419530054816e-01
7.235195728973983220e-01
6.477881715406424989e-01
5.155958615582545423e-01
4.777150784971712083e-01
5.435497061152810838e-01
5.662312845754332580e-01
6.927668378073609246e-01
6.143419407067527427e-01
8.365522917800470859e-01
7.414702981857762554e-01
6.659410573880681916e-01
6.513893383336345488e-01
6.514677567602075170e-01
6.207758458358597631e-01
7.408092709617845051e-01
5.624378541032929446e-01
7.459380480784938428e-01
6.458513651126375210e-01
6.814783344634377515e-01
5.391024764303384842e-01
5.509167990536898429e-01
7.669230741471650958e-01
7.206980779732005127e-01
7.131416735425147868e-01
6.870315224979575142e-01
6.744865470139816965e-01
7.160086668074666649e-01
4.550068144674829229e-01
7.709747606766901296e-01
6.841339690103783733e-01
5.862442050288840800e-01
7.697346953285646443e-01
7.074621277444327339e-01
7.238207829135738791e-01
6.680061622301587398e-01
7.775465412794340114e-01
7.070336705980849734e-01
5.916822738509451840e-01
7.205614924429538659e-01
6.398847206135191978e-01
7.732886481687327729e-01
7.077159173815494864e-01
7.391858345413655496e-01
5.672279660704333537e-01
6.813770072944278500e-01
9.353744662217250427e-01
6.121713849934482532e-01
5.895026429431051707e-01
6.829739564188294088e-01
5.985561724843213582e-01
8.600430201558975085e-01
6.760100656534185903e-01
6.562213601964089760e-01
5.117287210313018475e-01
6.352831224939141652e-01
6.370217098118978738e-01
6.697681300975680818e-01
6.521208488816703230e-01
8.091329950365830914e-01
7.571581032826008029e-01
7.393956665559672237e-01
7.017843595756737551e-01
7.968833901459333457e-01
7.550197208196497423e-01
7.963614705584071141e-01
6.953452669904103267e-01
6.612744406137247566e-01
7.983453334729037065e-01
7.020401322013740675e-01
8.117542993956987640e-01
6.376182408886258424e-01
8.287787195165845500e-01
8.506976876887840655e-01
7.546323259355086632e-01
8.103994842892453532e-01
7.186887319642553118e-01
7.777748370338272155e-01
7.020410427557954858e-01
6.962586542547927193e-01
7.520124922197940487e-01
7.819553086748091131e-01
6.416230784594012526e-01
8.794636758856010372e-01
7.980294298352683668e-01
7.405189962157111561e-01
7.665067955695027413e-01
8.636677893989510579e-01
7.355430691619239125e-01
9.080944981667811167e-01
7.786464961432176812e-01
9.918694630442318472e-01
8.018406155534215651e-01
7.288030140279377900e-01
6.891262237508489763e-01
7.891316427161595426e-01
7.249478089086440757e-01
8.398651174533829922e-01
7.014792095869329946e-01
8.932733300430034662e-01
7.708616025334503741e-01
7.826899736299623989e-01
8.927244575140903526e-01
7.923566748054968745e-01
8.835062568332462396e-01
7.936939004801875086e-01
9.360575126793008183e-01
8.607004436445617745e-01
6.500681806642870653e-01
8.287794107808668098e-01
8.634538407252605463e-01
1.019215334654317795e+00
8.688754449111526501e-01
8.643039663759902735e-01
8.963958779433810475e-01
9.182515368016820334e-01
6.638804861370797283e-01
1.070930930823065896e+00
6.912922314128369106e-01
9.765074266407837156e-01
7.666974757697316845e-01
8.787898031215133354e-01
9.953768241514872051e-01
9.561966349328081538e-01
8.138674003442427640e-01
6.618857462439992068e-01
8.704718210002831968e-01
8.634975939830226155e-01
8.631880326095479061e-01
8.224904132067928364e-01
8.306453106578656209e-01
9.067833246645107259e-01
9.200138917970683838e-01
9.556817341692749324e-01
9.539435138251969315e-01
9.143205602433801538e-01
8.594443379673528671e-01
8.347130912800865277e-01
8.511837443879113341e-01
8.355954679286148323e-01
8.493018403395788951e-01
1.077203785289631677e+00
9.880304294958320854e-01
8.983446453774398544e-01
8.806523528730748618e-01
8.102784642569332840e-01
8.684666483220864208e-01
9.289693936768499416e-01
8.438730422321804037e-01
8.544432438646735184e-01
7.854217357715046477e-01
9.690961542839559018e-01
9.673006229168152892e-01
8.452843099266784677e-01
9.175740203279786344e-01
9.008927363001102417e-01
9.018185818165647127e-01
9.517498659680758699e-01
8.416242748921570760e-01
8.685697740811252343e-01
8.670470827952181381e-01
1.007928287353404784e+00
9.181138319570114614e-01
8.797908276769349500e-01
9.001108107152182569e-01
8.129470865093898491e-01
1.054721104337806858e+00
9.301844516799294693e-01
8.719094662597070000e-01
8.886515420743379412e-01
9.560948243328702967e-01
8.584997783643949498e-01
8.791544495540368764e-01
9.721479256711833550e-01
1.017403256104239428e+00
8.973146218714135314e-01
1.032876713888524645e+00
1.093722421477900886e+00
9.600426874092756746e-01
9.919249254220737777e-01
9.630462691011797416e-01
9.607261922974928980e-01
9.959223865792290464e-01
1.040401985762098525e+00
1.142463621056668766e+00
1.004673415665036318e+00
8.992274709583387704e-01
8.567116587810083006e-01
1.183173520190326844e+00
9.391067286158047978e-01
8.624743433003696502e-01
1.062987531527430640e+00
