-9.997076258164337981e-01
-1.001928416014158385e+00
-1.040515527023445630e+00
-1.119860939103603847e+00
-9.989858788907157727e-01
-9.226743342926645441e-01
-9.378646032710649116e-01
-1.053817601643981972e+00
-9.818765223456735747e-01
-8.167827387462284205e-01
-1.000267123550533599e+00
-9.045319481839393383e-01
-1.009152063799385157e+00
-9.210418909766950879e-01
-1.023074547045192517e+00
-9.020210528969195840e-01
-1.020148181772390084e+00
-1.000861489324626818e+00
-9.205994802055361692e-01
-9.737639477645652075e-01
-9.218692635692363746e-01
-1.025634629704432754e+00
-1.099207384177683933e+00
-9.914500755506235885e-01
-9.099626280955472879e-01
-1.014164428084419756e+00
-1.002536319889976379e+00
-9.688505299007695859e-01
-1.114946913688143804e+00
-1.043053249767951440e+00
-8.669454993290222067e-01
-8.942800579637074643e-01
-9.057363299128106116e-01
-9.790019673337322370e-01
-8.885672201703828099e-01
-8.781160889504685541e-01
-8.818303790789451257e-01
-8.325138343630794635e-01
-7.647718895668802475e-01
-8.984121826938715749e-01
-9.334648082865695251e-01
-9.582106315667846541e-01
-7.869316791291096624e-01
-9.771993136586599737e-01
-9.395932214006276206e-01
-7.607669402244646717e-01
-1.196692487928993298e+00
-1.065848332256221109e+00
-9.572247678342491461e-01
-8.577887462464938162e-01
-7.615056523875213257e-01
-8.901676851848704386e-01
-9.972365869741189881e-01
-8.189423215667431810e-01
-9.082636692129215650e-01
-9.856911095811685675e-01
-8.471222450922796243e-01
-8.958532998123055480e-01
-8.191364488613430694e-01
-7.932961466567324260e-01
-1.046455801340589797e+00
-8.039292136629155872e-01
-9.856782961280055044e-01
-8.924898624180549467e-01
-8.454402324006702329e-01
-9.194700990668530638e-01
-8.151438445787978493e-01
-9.412004044478735620e-01
-8.727808351767549766e-01
-8.694805002288563678e-01
-9.074296246517303821e-01
-9.344680640372854397e-01
-8.442044026858559480e-01
-7.742776060942414551e-01
-7.863649249778109640e-01
-7.067092368173776284e-01
-8.931623768328322832e-01
-9.012230112556957051e-01
-8.287882895536420325e-01
-7.816639774534143159e-01
-7.126921211995412841e-01
-8.249222509215208277e-01
-8.434174122908768556e-01
-7.992751807564516531e-01
-8.396849481549705230e-01
-6.589093959031487868e-01
-7.125459519835357636e-01
-9.671271193694455093e-01
-8.609379722835914794e-01
-9.311856866676621047e-01
-8.600754059143983499e-01
-7.634644129666368073e-01
-7.261108637634521301e-01
-7.485716155883819223e-01
-6.451048283711277032e-01
-8.508110600339494622e-01
-8.653147334815700642e-01
-8.459751895439354685e-01
-9.061983236455327662e-01
-7.700388768116698257e-01
-8.887149988850794324e-01
-7.348381133832487810e-01
-7.537330783676919888e-01
-8.407322493097278970e-01
-9.029448836863794847e-01
-8.338619493813125283e-01
-7.684077808931722986e-01
-8.364403961672831622e-01
-8.701153546681522633e-01
-7.904543916589547026e-01
-9.079854152759199160e-01
-8.128978887059025160e-01
-8.060951620496958903e-01
-9.025980521216354635e-01
-8.734138599045315754e-01
-7.933316066214726181e-01
-6.975915464294789592e-01
-6.981634488168064756e-01
-8.163276146466413863e-01
-8.002718277372753430e-01
-7.904659042175659067e-01
-7.175276598027245933e-01
-7.716850792112697199e-01
-7.158364885618351270e-01
-7.832156987405983761e-01
-8.636749064215270000e-01
-7.524882209833321234e-01
-7.532302899336147384e-01
-6.761471888641691352e-01
-7.464448059324891860e-01
-8.035902789731461660e-01
-9.903562737514490788e-01
-7.267117057445646733e-01
-8.532179326411327702e-01
-7.935425730443883552e-01
-7.628597202795218690e-01
-7.343861619761287152e-01
-5.735376877616161773e-01
-8.140894491129575528e-01
-5.807955766803053477e-01
-7.879530039435527211e-01
-5.486839854619521839e-01
-7.373165850182643588e-01
-7.433090414174294835e-01
-7.943584732950570437e-01
-6.758685242751539812e-01
-5.530928877397058852e-01
-6.097077358688202109e-01
-7.351649828085430327e-01
-7.850839058613204857e-01
-6.212511380801145622e-01
-7.623750203235845069e-01
-7.631102481811159466e-01
-7.182063023643882049e-01
-6.518376572534829716e-01
-6.779932351571245075e-01
-6.868939212223870161e-01
-8.889415768303011722e-01
-5.154172342489563574e-01
-7.420908920453688218e-01
-7.378092748426221537e-01
-5.575128702550117277e-01
-6.310949825856831952e-01
-7.236277144499574376e-01
-6.972041935458501705e-01
-7.457492608552070967e-01
-6.656961500452154290e-01
-7.358672130093729669e-01
-7.043584998474492487e-01
-6.556509754581471006e-01
-6.311042931887885787e-01
-5.641461932884707098e-01
-6.657810601763729519e-01
-6.054195052338792182e-01
-5.419779379227362970e-01
-4.937286912732488653e-01
-6.528482651817900662e-01
-5.917402223663654759e-01
-6.370444688664428368e-01
-5.938000988911749101e-01
-6.780271221924116798e-01
-6.296532723679324484e-01
-6.065951243524972947e-01
-5.955103180657910222e-01
-7.149964205469596656e-01
-6.486363313246887863e-01
-6.043957537130838498e-01
-6.254082141913349657e-01
-6.098993514171162644e-01
-7.700078723089931465e-01
-6.720318522787941395e-01
-4.513887271926340095e-01
-6.119334132475440224e-01
-6.091565060457784231e-01
-6.248569158838925830e-01
-7.631897369511064788e-01
-7.286570707563163607e-01
-5.312734095362139364e-01
-5.557736779246801317e-01
-5.237403916076975863e-01
-5.937054570990224489e-01
-5.911287625351636654e-01
-6.174261446535145303e-01
-4.381926908997674786e-01
-5.650074557627886573e-01
-7.263299924631680948e-01
-6.453816398282453681e-01
-5.037143362529094004e-01
-6.793557584154323870e-01
-5.659093379308755001e-01
-6.253360496748779918e-01
-6.855494327311896230e-01
-5.140787551457328686e-01
-5.749268577456517759e-01
-6.159739601504666817e-01
-6.968601116972472642e-01
-6.035773464008735711e-01
-5.034247291155248272e-01
-5.866684600784016768e-01
-5.482330782679971648e-01
-6.287955397975237837e-01
-6.281693222307211943e-01
-6.600068510967437296e-01
-4.945784597193360055e-01
-5.428927250330621845e-01
-7.674278438825989923e-01
-6.850733489185234504e-01
-6.180203470332927829e-01
-5.826409195055493040e-01
-6.182518751221350861e-01
-5.248382980804088271e-01
-6.207394696109187482e-01
-4.943892240781419534e-01
-3.870136322767236403e-01
-6.756111617973362682e-01
-4.954646818710305434e-01
-3.822226499569011393e-01
-5.009631873541323666e-01
-4.538789505479666198e-01
-5.727747465302074348e-01
-4.657836516737546284e-01
-6.484700862118913944e-01
-4.228860173860142790e-01
-4.907541915861001192e-01
-5.963010300521537355e-01
-4.904428905255708293e-01
-4.482535218137709832e-01
-4.230267412656601445e-01
-4.718215284972556711e-01
-5.025075704528735310e-01
-4.985678127208236776e-01
-4.294708689459739159e-01
-4.551455928849980070e-01
-5.247739756079516926e-01
-4.377728678285388586e-01
-5.852927443073706604e-01
-5.118138849114182154e-01
-5.613967982578924598e-01
-6.834959014446656544e-01
-4.169841262364213930e-01
-4.104239460786745508e-01
-4.232823502207398447e-01
-5.336197701873209853e-01
-5.146265992891018159e-01
-5.393560109343007447e-01
-4.876863660094483688e-01
-4.753552815924511066e-01
-4.819902354095703667e-01
-4.908220302029792093e-01
-4.542605649748872043e-01
-6.121773001753622045e-01
-4.180942144530822580e-01
-3.940334976611986617e-01
-4.938013980840816330e-01
-4.351353902000441032e-01
-3.774025735853842045e-01
-4.090714404641139224e-01
-4.819783366176083605e-01
-3.117172751663122021e-01
-4.334892055023265578e-01
-5.348780051574545391e-01
-3.073378557977957115e-01
-4.934756505626488043e-01
-4.793731965149338747e-01
-5.002745216752748636e-01
-4.435831108399073686e-01
-4.169427640853309303e-01
-2.453434787443588005e-01
-3.925896411041903122e-01
-5.064239496237036287e-01
-4.307582880674893366e-01
-4.635304346508952178e-01
-3.872047029514452121e-01
-3.579715706206165748e-01
-3.904900292231067715e-01
-4.791789981936682707e-01
-4.489071747867458551e-01
-3.593038470246964211e-01
-4.448690880483419097e-01
-3.564793115451823091e-01
-3.426716188384350548e-01
-2.528747327798643307e-01
-4.951131364727756612e-01
-4.730736763351962582e-01
-4.238109765076897295e-01
-4.273656315223858804e-01
-5.603820014282303585e-01
-5.585017073251845598e-01
-4.181221302162918541e-01
-2.531148183900076010e-01
-4.051012730258303773e-01
-5.553135814356726652e-01
-4.353816949333282893e-01
-3.047259862240114803e-01
-3.032649424917739367e-01
-3.809209480564502703e-01
-3.296707626310566019e-01
-3.061886648586845672e-01
-4.255896452982905198e-01
-4.120496854769784556e-01
-3.057546690463660566e-01
-3.528603227877619708e-01
-3.623112793256323960e-01
-4.479678317594001924e-01
-3.002718584065509622e-01
-3.259701147783919950e-01
-4.584132231234223087e-01
-3.757596364416321832e-01
-2.539863072677215339e-01
-4.199111525332037687e-01
-4.086498206405629330e-01
-2.789154589954778718e-01
-5.225686739563492056e-01
-3.699215211413057203e-01
-2.949764415739478673e-01
-3.036603574023488683e-01
-2.995520861943248847e-01
-2.835119000149929347e-01
-3.139177144953843035e-01
-2.536735292860036739e-01
-2.396671964727839776e-01
-4.457304356447551741e-01
-2.459537116517517830e-01
-1.171695793445605149e-01
-4.592463421381577371e-01
-2.282173099921207815e-01
-2.071704895298928373e-01
-3.136352305788858708e-01
-1.896978829292321755e-01
-3.704285884106326421e-01
-2.672845336972203278e-01
-3.172893983899143233e-01
-2.476486420638319697e-01
-2.986719445892773162e-01
-3.629923511349820719e-01
-2.098930375113117752e-01
-1.839815705951002300e-01
-2.301504781471005456e-01
-2.985168631534391159e-01
-1.259141656282626309e-01
-2.485648611894682725e-01
-1.742883771652282976e-01
-3.229550453183696046e-01
-2.760747640241794643e-01
-2.006931526430122958e-01
-3.704623478443296869e-01
-2.923546295708443488e-01
-3.946002399349832213e-01
-3.817825543028038338e-01
-3.660014456807798022e-01
-2.440755589921799751e-01
-1.970762611493896421e-01
-3.577921954947874683e-01
-2.011390086481491812e-01
-2.274757452594575180e-01
-1.321805786113399717e-01
-2.987775553269186868e-01
-2.685998534339157362e-01
-3.243998615871644953e-01
-3.687764008158068707e-01
-4.430649091874251932e-01
-1.849526197848226083e-01
-2.468853827026289138e-01
-2.440987650620428662e-01
-7.141656258592260498e-02
-2.188609827140263753e-01
-2.569307762445917631e-01
-1.930329925146255787e-01
-1.916130237916161549e-01
-2.988294348529652034e-01
-2.639609490472437092e-01
-1.747019334763235954e-01
-2.150379767956374644e-01
-2.093827503385482236e-01
-5.573677667826307247e-03
-4.651166179796673017e-02
-1.583589693486744665e-01
-1.056177073876881645e-01
-2.003277154821439254e-01
-3.047491860287466214e-01
-6.034178060561778273e-02
-1.504780797447741458e-01
-5.180223537746373591e-02
-2.940313883039274989e-01
-1.188207036645816533e-01
-1.891490640321775996e-01
-7.585558528354972851e-02
-1.026494059457791208e-01
-1.667186740492915820e-01
-1.411879098042938263e-01
-3.192640562010802263e-01
-2.256101706989417366e-01
-1.728868288981630918e-01
-3.207516146681101965e-01
-2.186581796861051530e-01
-2.307550750513422677e-01
-1.348138551877649804e-01
-1.250587263991946585e-01
-1.631083087383793928e-01
-3.581719568220207983e-01
-2.409491987629588383e-01
-2.511283065043631302e-01
-7.489184388248978919e-02
-1.657726953859877117e-01
-1.433866890171967001e-01
-4.785033428361783192e-02
-1.177983732398534406e-01
-2.004474606651917568e-01
9.384775592738904548e-03
3.656524591545624869e-02
-8.737729088077882122e-02
-9.680246960565962178e-02
-2.875524134277150368e-01
-4.259255984293158770e-02
4.218275972765451326e-02
-1.780522716199948174e-01
-1.387709739432261939e-02
-1.407446403061689000e-01
-1.170899871144382848e-01
3.031085453836688745e-02
-1.399640096709686699e-01
-7.233675881771763072e-02
-1.334392473795075196e-01
-2.340611361031575688e-01
-1.575255284668266031e-01
-1.097795810956025825e-01
-8.918725226879313517e-02
-4.895991973038893962e-03
-1.294516189601159217e-01
-1.574579693057998886e-01
5.102118113466076917e-03
-4.549313060160802002e-02
-8.310278861163482300e-02
-9.790800609476894845e-02
4.328732518855050310e-02
-3.827605936239268647e-02
-2.962705434692560966e-02
-1.501896824179634049e-01
7.784628240347193570e-03
-6.603973982247913176e-03
-4.654884782941462462e-02
-1.974380104521090973e-01
-6.441137353115879149e-02
-1.006100545066109381e-01
-1.890834527679531030e-01
4.694233361517329700e-02
-2.661178253837070407e-01
-5.538007695421173077e-03
-3.072141830777139204e-01
-2.223173588945509191e-02
-1.569103772011704312e-01
4.902991178616519091e-02
-1.223904708998369839e-01
-5.718291596098490359e-02
-3.824946121161491852e-02
-1.314251128934477708e-01
3.115829118223853791e-02
-2.323380035901168039e-02
6.038505418050255091e-02
6.689795859887630314e-02
-1.942566873914784165e-01
1.675076851782400858e-02
-2.108083483890711707e-01
-9.023796801918824995e-02
-2.071322339641947299e-02
-5.495945961419010720e-03
-4.037648319294991940e-03
5.785211157336178980e-03
9.159580467062377121e-03
-4.846938937850880230e-02
2.689673106598687233e-02
-1.492287656719617772e-01
-3.918232809776721337e-02
-1.198785264536634115e-01
8.739690497290898696e-02
-1.549781341707485438e-01
1.250642802128335840e-01
-5.101848173454462398e-02
-6.529147655502851033e-02
-5.332608610298200658e-02
-8.861673587613681791e-02
1.309553066033043722e-01
-1.421042488660356762e-01
5.647631347223136533e-02
1.023774184064992210e-01
2.419083185764976315e-02
-3.509679034673738457e-02
-6.319397333150014728e-02
4.351589554050440400e-02
-1.175623533742927440e-01
3.104412724835944534e-02
1.753565917515839123e-01
1.701325885636558455e-01
-2.103787881765986634e-02
1.096837463881289165e-01
6.537505045929400960e-02
1.843456360480230372e-01
8.108599841465528868e-02
-5.629979636280659644e-02
-6.283549006675248627e-02
9.935177441888286276e-02
-1.560531753779015839e-02
8.407484424744067833e-03
8.079062792058729070e-02
1.782611913631408640e-01
1.354384608233327042e-02
1.258419997162603388e-01
-6.849243293222856410e-02
9.927436913117569650e-02
9.487868738024099469e-02
8.766701764985761203e-02
1.119159505001593308e-01
-4.885289563183552869e-02
7.996319913667203350e-02
9.991784913463902518e-02
2.038830081934720762e-01
1.500301819390012503e-01
1.845835763598207835e-01
2.690205412414831132e-02
7.955058115437356470e-02
1.057952055430763649e-01
4.659250566247467515e-03
-1.710313767445860748e-03
9.622409180048052679e-02
1.484208724785133771e-01
1.885254084408390374e-01
1.775513349707297517e-01
5.905005108112728468e-02
2.912498148952562954e-02
1.470803275728406190e-01
7.402504457971420537e-02
6.018529919032093028e-02
2.477813262586695819e-01
-3.419548476086334277e-02
1.766017157975456331e-01
1.734709782317914728e-01
4.784776156278738174e-02
1.275551341378619030e-01
1.301014565489779229e-01
-1.591423079381029670e-02
4.955921778682235990e-02
-6.489811432792158725e-03
2.452961974306434312e-01
2.182452458537764428e-01
9.833621714880345921e-02
2.156395937096858006e-01
2.281009569478271437e-01
9.857057082255130109e-02
4.000939368265288981e-02
2.411756529453603914e-01
2.546937705848736563e-02
1.617545639194499507e-01
2.083854153541649101e-01
1.874208099131102201e-01
2.215252658669104868e-02
2.367624072239715161e-01
2.611164394423474699e-01
1.123047398496191951e-01
1.768522452602160067e-01
1.113339145262496055e-01
2.174129040892523457e-01
1.725978264794097161e-01
1.348896155396748509e-01
1.626315467520666191e-01
2.468572661067389429e-01
-9.264927604884555523e-02
5.490638295513632777e-02
1.626221927244795307e-01
8.054302717724072525e-02
1.247655820818388411e-01
1.837183610597200034e-01
2.696310982132429923e-01
8.907202343671967448e-02
2.987671389557902124e-01
1.235630693452265255e-01
5.120965565354570342e-02
2.124756830826456389e-01
4.028871623518880396e-01
1.975277501545905090e-01
2.279927727231706169e-01
1.369871625395256143e-01
1.657870330743675125e-01
1.530118047087992705e-01
2.757128096845966603e-01
2.207923359143153519e-01
2.051185508249347700e-01
2.026036765148650776e-01
2.741540807972795979e-01
1.976075196553898627e-01
2.329133941231925076e-01
1.485150117896303634e-01
2.863567799434643124e-01
3.729041138694208501e-01
2.991366509314067335e-01
1.541153935722129609e-01
1.369826896082893264e-01
2.465984498196563957e-01
2.209639525358801371e-01
2.676638215479830163e-01
3.857415104528262306e-01
1.389133605789311110e-01
3.801727037497468903e-02
2.774666956205840695e-01
2.468484882129123592e-01
2.295607043066374142e-01
2.654648633060072149e-01
2.745103201267890536e-01
4.373120930220770197e-01
3.092480460357878158e-01
2.308883800759637672e-01
4.573116669061422224e-01
2.100200509833227147e-01
2.736146414219213785e-01
3.148811067069954284e-01
2.512262406201307696e-01
3.909172782221558839e-01
1.967906840402261492e-01
2.137755883211155394e-01
2.291228412763908207e-01
3.252405602497316361e-01
3.021797401445592834e-01
1.860766340559604493e-01
2.885938510276934155e-01
1.541287695746099418e-01
3.198630378203363156e-01
2.463556458675150163e-01
2.353641753267775305e-01
4.348764662156063276e-01
3.542389398547785562e-01
2.585590980196096900e-01
1.152115286132283575e-02
3.244717969681746861e-01
2.893908230299893636e-01
3.853174103730569455e-01
4.083974999979486098e-01
2.514940925447324283e-01
3.193802928141030728e-01
2.336471393499792992e-01
3.389722272641828016e-01
3.766307409002234707e-01
3.122420081233305278e-01
3.041678384020225501e-01
4.116957656744227867e-01
5.291643740646303495e-01
2.461439297901239220e-01
1.946363497108343221e-01
3.869257146023609706e-01
4.252037116649373671e-01
3.098368537362513608e-01
3.093727229653892574e-01
3.961657101718518148e-01
2.925616515144955354e-01
4.780719247301869479e-01
3.519499262212067436e-01
3.775917198581821843e-01
3.963820220376794157e-01
3.147678494185318643e-01
3.874643815588703077e-01
3.815420681378224321e-01
3.525158948896630617e-01
2.769447311412318036e-01
1.618201292745988784e-01
2.872845507766582651e-01
4.278225116105314196e-01
2.539815978814957687e-01
4.781644351413528726e-01
3.968251539071536160e-01
4.748676614341090230e-01
4.120021915827375425e-01
4.699300859896073379e-01
4.261830270736558512e-01
3.009417673449918951e-01
3.845428189010220432e-01
5.200724200481722237e-01
4.464224632092029244e-01
4.434443473493451804e-01
4.033283927896317289e-01
4.035122067329532380e-01
3.947141835171643076e-01
3.361416974549444325e-01
5.341221299719540738e-01
2.827484023064363861e-01
4.233889970394338897e-01
2.596480065112076741e-01
3.314759078876358678e-01
3.535424119063606541e-01
4.118281965603489692e-01
4.355161602947776878e-01
5.968792463476356724e-01
4.109511856381947159e-01
3.704215774940992634e-01
5.496079041599863935e-01
4.456791153293783170e-01
4.933843185199290882e-01
4.672484960971201029e-01
3.371631641809830771e-01
3.121950082632091172e-01
4.766228679865604501e-01
4.878754610919602275e-01
3.257264964032486887e-01
4.659554572484395085e-01
3.195594130297279012e-01
4.229325774012683281e-01
4.836519217048457220e-01
5.806441515319636926e-01
4.669132335649427423e-01
3.918071190291037564e-01
5.101276577830816672e-01
5.460401623516240033e-01
4.757391028692241064e-01
5.330837513048833909e-01
4.293387038082112084e-01
4.748248723494155610e-01
4.534582671038158708e-01
4.083404395287031363e-01
4.317352585339225279e-01
5.703933295271937931e-01
3.854542466788591915e-01
4.432033806180765145e-01
5.097584237554735331e-01
6.115766169286313003e-01
5.934124620024575636e-01
4.530102198384291512e-01
5.462223548299678377e-01
5.796720228387610696e-01
5.826839614117713673e-01
5.796452931454502133e-01
3.995099111994816488e-01
4.794552153798365968e-01
6.072567181830788030e-01
5.757421991752573742e-01
5.448994602472493343e-01
5.372056799353713830e-01
4.667920552306831228e-01
7.697944506922343999e-01
5.108658319469899789e-01
5.170978930911854787e-01
4.516335394715846885e-01
4.717218102645370781e-01
3.698825830315520813e-01
5.414068805203230417e-01
6.190736438959867360e-01
4.510031916251932005e-01
5.628396370272559235e-01
4.961315371860459122e-01
4.259381766072576903e-01
5.506741403030034343e-01
4.997660484820191651e-01
5.347006598985801773e-01
5.227061684435297950e-01
5.715745894867928500e-01
6.533546998727952637e-01
5.556527547996011895e-01
5.132727165946628922e-01
5.799798005565053316e-01
5.974226930592688722e-01
6.151908033939167408e-01
5.676708555499009323e-01
7.208849195033524282e-01
5.816402294412450491e-01
5.506945124196864771e-01
5.432450768001857444e-01
6.789760968202490643e-01
4.565130352842065586e-01
7.274970365878169476e-01
5.638053982844275502e-01
5.870865337195417810e-01
6.667056257819609089e-01
4.949227749029799228e-01
7.326485327674744363e-01
5.458357771927683233e-01
5.108588305754817593e-01
5.749780385609651878e-01
5.023224364918443818e-01
5.932475704056431320e-01
6.873540719105698527e-01
5.530881250565856666e-01
6.351219220284539668e-01
6.738285881689644041e-01
7.233812951142449821e-01
6.644105835226049583e-01
6.027739562986668131e-01
5.671565940159519759e-01
6.092108849623111277e-01
6.258345939506659850e-01
8.325801571191724371e-01
6.577701965877233992e-01
5.664696140195323304e-01
5.799017808369858473e-01
5.446234533676500567e-01
6.811912790095704384e-01
6.438341411711316908e-01
6.063355890800609105e-01
5.365935031334215788e-01
4.410808030157961079e-01
6.373911858560667998e-01
5.467390019351390240e-01
4.664765988925872464e-01
7.111090654673702938e-01
7.761503822822620746e-01
6.063244753845263846e-01
5.846141637155068960e-01
7.138187918831463419e-01
6.392609747132352860e-01
6.278265230974896527e-01
6.139358962548389087e-01
6.634163738929130805e-01
4.920923622879889159e-01
6.645892221112841280e-01
8.243924455812872143e-01
5.413081849050292993e-01
7.831053849994884519e-01
7.269200086277655126e-01
7.610105698379663330e-01
6.737615693516020299e-01
7.772088386775048985e-01
5.805510276185864571e-01
8.698271485953192883e-01
6.904413629025424326e-01
6.208533210846740591e-01
6.173142132374764834e-01
6.465791312344786324e-01
6.453153044532374816e-01
6.852422886876662345e-01
7.265248987260067848e-01
8.818372984703591877e-01
8.349075461216473037e-01
7.732898791364801738e-01
7.078985930236590951e-01
6.912509688747047187e-01
7.185062478507475703e-01
7.149331760966981530e-01
7.173207614984474789e-01
7.007257729806039004e-01
6.530174965200600257e-01
7.620794075476029494e-01
6.581491649878008499e-01
6.825510850429733489e-01
6.430212046861416564e-01
7.319580335817122974e-01
7.774305517383606201e-01
5.773422840761879282e-01
6.987218574791250747e-01
5.533527838547854794e-01
5.907384571548939256e-01
6.734208707005379102e-01
7.997633472421414869e-01
6.257748026212506254e-01
8.256360896292309626e-01
8.866229620149250756e-01
6.966651822874251332e-01
7.094352643206529585e-01
8.172452841489917796e-01
6.861622369515332220e-01
8.280390381719936466e-01
7.218307716313795419e-01
7.530017882055048961e-01
6.320434752140016155e-01
6.736989386676848213e-01
7.397953099636261909e-01
7.111325478369150410e-01
6.929725367283086079e-01
7.602588166624247856e-01
8.015455023155695358e-01
8.065334292275396777e-01
6.994756897477324431e-01
9.279461099241134159e-01
7.659943386818613975e-01
9.159115675218457708e-01
6.280176005994687616e-01
7.110256678125580487e-01
7.441188374287299734e-01
7.286908788281979410e-01
9.276309980950994127e-01
8.594038513107387089e-01
7.986227899491150639e-01
7.059717896505643964e-01
8.774347609097497003e-01
7.901757360746015646e-01
7.596441890384035833e-01
7.816383160814748265e-01
6.980246679718674629e-01
8.224995862956732129e-01
8.780387277499497323e-01
8.679409106397185658e-01
8.676974143173579179e-01
7.512382991794471776e-01
8.171020111079310144e-01
8.400858596986756632e-01
9.291895237554073095e-01
1.061768034991154463e+00
7.396593540853568793e-01
8.245538295118314265e-01
8.860261218890723711e-01
8.198542665672253760e-01
6.625270176081045070e-01
7.387003406252254933e-01
8.890978062568959395e-01
8.385844572501912619e-01
8.540648244741058104e-01
7.813338965538254577e-01
7.908347085358007345e-01
8.874193404047160394e-01
7.814428496585004158e-01
8.800396884679553278e-01
8.479411428780105897e-01
8.383862720292722948e-01
8.437172145077226348e-01
9.520876331067269494e-01
8.651386960499660717e-01
8.638737129638072165e-01
8.463450532265692772e-01
7.858973394460060380e-01
7.656983989465862006e-01
8.291527356202846866e-01
9.455375388763099798e-01
9.755692948990309921e-01
9.192690996502494993e-01
9.387065921078854291e-01
9.898551560583674913e-01
8.972444063819690063e-01
9.320389635052741539e-01
8.521784633678166632e-01
5.911720846452515055e-01
8.946956610957221834e-01
9.621463427845285965e-01
8.812481578664302928e-01
7.882210275344353478e-01
9.155551349147248441e-01
9.234261579244309459e-01
9.807105969706986226e-01
9.906304846368879646e-01
9.454246253927148791e-01
8.406459942315768208e-01
8.798190626497021105e-01
7.217307217773478722e-01
1.012107502803677006e+00
1.069002281951060729e+00
9.779865545577655084e-01
9.277219658984412476e-01
8.213881013572785772e-01
8.903832257575747811e-01
9.922041215985003548e-01
9.627889360033796695e-01
9.365042482073083763e-01
8.894070280590504751e-01
9.447694189208794002e-01
1.087292521669468437e+00
8.552992206967897637e-01
9.455980616369743519e-01
9.742154852828119882e-01
9.931325957961003592e-01
8.588642937836078461e-01
8.104604785379980747e-01
9.769694477657469012e-01
9.682771348684897639e-01
8.958060129380011061e-01
8.909804468990218940e-01
9.021025774293475186e-01
9.756438606866641994e-01
9.939956218040792990e-01
9.813665038256237372e-01
9.772731090062584114e-01
9.341979061022958053e-01
9.384832575518865516e-01
9.446428750806287189e-01
8.701836678788869017e-01
8.875964216666508699e-01
1.011016868623990206e+00
1.006816196086625981e+00
9.988913880797190004e-01
1.003417218666862398e+00
9.666427114850860702e-01
1.002834169724582392e+00
8.478020023585685072e-01
9.412686578687868844e-01
7.713374168942767062e-01
1.004701835560444234e+00
9.592691894967149135e-01
9.835440870269204217e-01
