-8.524313367130257335e-01
-9.809094858923249616e-01
-1.151946592263322522e+00
-9.551702217227077130e-01
-9.936054415074546675e-01
-1.114922442966452154e+00
-8.293838933157665627e-01
-9.527331990655131255e-01
-9.138736958655608866e-01
-8.334842676777629578e-01
-1.040943550292585007e+00
-8.632073938701746441e-01
-8.302368321252024952e-01
-1.003375106176292775e+00
-9.444903951694788580e-01
-8.515903234212480744e-01
-8.976116005554399813e-01
-9.064064332807961755e-01
-9.232566299674345167e-01
-9.768056266430522605e-01
-7.840361493996523823e-01
-9.346250752942011353e-01
-9.729096613544726546e-01
-1.000032849235929611e+00
-9.395665740413986500e-01
-9.478365883862365227e-01
-1.029074231205700407e+00
-8.124324877213284779e-01
-9.130630681381810554e-01
-9.948402220213784508e-01
-1.092033241708122215e+00
-9.427424216296308446e-01
-9.710420798097856299e-01
-8.140473772863402457e-01
-1.091928591663653636e+00
-9.375399137470442623e-01
-8.377174130802762519e-01
-8.891534542015199216e-01
-9.304882808929283433e-01
-6.450250416895586536e-01
-1.008311049143271410e+00
-8.918273509600909144e-01
-8.803148829352941407e-01
-9.362026618360010932e-01
-8.925215417652458960e-01
-8.994233183712314617e-01
-9.799060555501366565e-01
-9.381144194541310988e-01
-9.595165245991421621e-01
-9.524440017590110052e-01
-9.534883529353452847e-01
-9.240057370961297645e-01
-7.459739422107606321e-01
-9.140759485813187979e-01
-9.050422057176191748e-01
-9.855678778205694268e-01
-1.039903091671809721e+00
-7.629146848040662121e-01
-9.184537260091318878e-01
-8.987247483063426357e-01
-8.992459490394947297e-01
-8.827855286273295077e-01
-9.067861562708308121e-01
-7.562528385702920186e-01
-1.016071727379186385e+00
-9.771154584391050779e-01
-9.042923770198663114e-01
-8.984847068430620309e-01
-8.471891636431676531e-01
-6.470570046476803450e-01
-8.085589123137465473e-01
-7.267862033482762607e-01
-8.525148519701475358e-01
-8.371495496179227613e-01
-7.559155050284360744e-01
-8.308348422216585982e-01
-9.936733419798806644e-01
-7.283090419087454581e-01
-8.717858608994732972e-01
-6.669851532143337147e-01
-8.490062762792666140e-01
-8.347875811003848678e-01
-7.335241031167492043e-01
-8.855494944011195191e-01
-9.070449946193247515e-01
-5.843073619262029172e-01
-8.869414769476664517e-01
-7.772723294178672804e-01
-8.489989396245768427e-01
-6.792512730210781280e-01
-8.533101408421841505e-01
-7.606298531728439283e-01
-7.509469084980917586e-01
-7.160558247367958540e-01
-7.607591754274232176e-01
-7.875010472738289691e-01
-8.624888538523567405e-01
-8.559182952680286505e-01
-8.085581098082469387e-01
-7.159734450591289656e-01
-8.865626073441943422e-01
-8.118354988175665587e-01
-8.768793779333688976e-01
-8.622714482497916277e-01
-6.578789285194902581e-01
-8.022099015372177178e-01
-8.347927201524441010e-01
-6.563943569186611038e-01
-6.114673373484974528e-01
-8.685166527959083949e-01
-9.030094533755163022e-01
-6.987003008106186241e-01
-7.890779920122221736e-01
-6.741558804358182000e-01
-6.771769375911670386e-01
-8.357608655687257526e-01
-7.293778688936887189e-01
-7.347133711572654269e-01
-6.511709571977043476e-01
-7.025662719105678633e-01
-7.690648585004919990e-01
-8.433492368479456047e-01
-7.913309431043518138e-01
-6.468861463932190636e-01
-8.113044297234748292e-01
-8.627374528869483639e-01
-6.716567848542351893e-01
-7.692380086695285168e-01
-8.922434005081741892e-01
-7.414567965085212542e-01
-7.842076929878691871e-01
-7.224728246663958409e-01
-6.694434113128132635e-01
-6.158466195531058229e-01
-6.186533177638559033e-01
-7.014901732293183922e-01
-8.594527986811435483e-01
-6.545952679754069026e-01
-6.970077631368600812e-01
-6.924139149976337171e-01
-7.030890087284511480e-01
-7.182989791784570865e-01
-7.155175787447231039e-01
-7.547145031513423641e-01
-7.087307636691919654e-01
-6.207503356871915123e-01
-6.754214113712588841e-01
-6.962820993539579062e-01
-6.791471592470366136e-01
-6.203465108251132731e-01
-6.349874370242533095e-01
-6.447062410727891768e-01
-8.256138675550152017e-01
-7.597074062824711316e-01
-7.348919520754610968e-01
-5.625901966035755652e-01
-6.157929257854692917e-01
-6.913323503119027658e-01
-6.983120467624422956e-01
-8.859889563693198467e-01
-6.343749847221349381e-01
-6.714403744250660999e-01
-6.362964240582078546e-01
-6.194245113659303525e-01
-6.509195165917429637e-01
-6.484802592371218255e-01
-6.398231119494577346e-01
-5.879891120445419617e-01
-6.970065480109739475e-01
-6.088901201083039005e-01
-7.717742340633574338e-01
-6.813746605716667348e-01
-8.142930764938755006e-01
-7.295890279521460853e-01
-7.034192508452885573e-01
-7.005292255383140931e-01
-6.420293246108633722e-01
-6.092363412936727673e-01
-6.923003278480915901e-01
-7.605034367494573067e-01
-6.437465796839744181e-01
-5.637801799083826948e-01
-7.087774844954389808e-01
-6.214910563212028283e-01
-7.155085613708243031e-01
-6.227273501115887511e-01
-6.668581767132476523e-01
-6.543706106441838921e-01
-6.824083015855196832e-01
-7.951748554546197445e-01
-6.380966401667563792e-01
-5.394050901634851458e-01
-7.032135672622522593e-01
-5.725407034395136874e-01
-7.049302477527010780e-01
-5.733302449279890078e-01
-8.008629072829549500e-01
-5.481031867804078139e-01
-7.070815919416082451e-01
-7.398561163220420678e-01
-5.593736152049970656e-01
-4.884188346259427105e-01
-6.448941747038871020e-01
-4.821613949872675664e-01
-5.665457745238966503e-01
-6.783284873090518197e-01
-5.467905515380634407e-01
-6.548581196160794260e-01
-5.225382725346361390e-01
-6.190165997837132617e-01
-6.369199362682519405e-01
-6.517893240249031939e-01
-6.749327321719706951e-01
-7.122331546023933369e-01
-6.125880560111951478e-01
-7.389148540337363569e-01
-6.359851398003357748e-01
-4.789825396839024751e-01
-4.727068630241093583e-01
-5.067355361615144549e-01
-6.763329365918868685e-01
-5.789179361305836213e-01
-3.243886167538126419e-01
-6.236023692596041057e-01
-4.827001421516037283e-01
-4.343829289315258579e-01
-6.095819950606770066e-01
-4.890247883725703515e-01
-4.280285692499128380e-01
-6.847032036133385846e-01
-4.990287253210623497e-01
-5.835401165122645617e-01
-4.133824519030285805e-01
-5.549580822108307609e-01
-5.584258177142150670e-01
-4.569504268396832880e-01
-4.983132128009200024e-01
-5.837191891294856161e-01
-4.690297853125014460e-01
-5.007988503350760956e-01
-4.664117849597825827e-01
-5.817886007387679248e-01
-4.456303009535471094e-01
-6.379204910385982696e-01
-7.675181030520268344e-01
-3.936233203360289257e-01
-4.075367875558149611e-01
-5.051562567531205916e-01
-4.264991744272730867e-01
-5.159459736811151664e-01
-5.942084941017301558e-01
-3.911566270797796063e-01
-5.840726784277352479e-01
-4.379144458164365150e-01
-5.891872401508511103e-01
-5.786045983858283392e-01
-4.375938688980183788e-01
-3.984458414543523008e-01
-4.494332570226952095e-01
-5.796173519872434010e-01
-4.103421661815156440e-01
-5.144964799777770326e-01
-3.934167098204705559e-01
-6.244928089757120215e-01
-5.530775490775649006e-01
-4.877706107446387329e-01
-5.747242988004845898e-01
-3.426726498723198788e-01
-6.267971983220860244e-01
-3.927282738946382135e-01
-5.138290101412724686e-01
-4.335451723968180571e-01
-5.381264646501884297e-01
-4.681840000872898866e-01
-3.357176405306907530e-01
-5.163398084129445786e-01
-6.036606796920980234e-01
-4.321401525184909165e-01
-4.989630031836339574e-01
-5.317441082189556800e-01
-3.707530035966101756e-01
-3.719395305700381460e-01
-4.534167883771537122e-01
-6.312359760975588818e-01
-4.415414611359705921e-01
-4.135689474205141436e-01
-5.271014762092897099e-01
-3.898182373742027362e-01
-4.578544366536524968e-01
-4.532794019966767674e-01
-4.266706797087244651e-01
-3.711677845331896042e-01
-5.700294694531491402e-01
-3.453685973506513407e-01
-2.814636514740394557e-01
-3.626925282402532758e-01
-4.094438940646837888e-01
-3.859504884885936460e-01
-4.599581505991937047e-01
-4.390842818464975594e-01
-3.866752082730359752e-01
-3.760025879027363294e-01
-3.732980254255539032e-01
-4.639568967422463275e-01
-4.975424117558239767e-01
-3.502547744280654074e-01
-4.005596930617120743e-01
-3.967104360189581680e-01
-4.978247176589228329e-01
-3.156202092944571103e-01
-4.562765312236335413e-01
-3.691399239347979977e-01
-5.562237688486219023e-01
-3.533522599383787099e-01
-2.205146277433048252e-01
-3.812367926211521207e-01
-3.295787994401191967e-01
-3.580397106862712731e-01
-4.318059512772844943e-01
-3.011811295520021581e-01
-3.538354384532335084e-01
-3.983461370549172820e-01
-1.932861190236891680e-01
-1.934037046924430847e-01
-4.556689954642935136e-01
-4.028439320995956807e-01
-4.346793710159687629e-01
-2.726958898592106162e-01
-4.633255449947695226e-01
-2.602039506209151698e-01
-3.530388941979550332e-01
-5.879658612375512350e-01
-3.397206365707580722e-01
-3.666333680301830378e-01
-1.828878790854760461e-01
-3.793217682339759533e-01
-2.992679285371718234e-01
-3.681170303900112017e-01
-2.371819777827491871e-01
-3.389164037419182263e-01
-2.823833737306755687e-01
-4.208276730685605593e-01
-2.297713266152498768e-01
-3.558473005254632060e-01
-4.543317454026480351e-01
-3.040700497477465403e-01
-1.934147104382658855e-01
-3.936790848225661388e-01
-2.920327902084431382e-01
-3.983655150045508631e-01
-2.557756659317934611e-01
-4.249369046099032987e-01
-3.354843582706817928e-01
-3.996963534818624431e-01
-3.193280020116860962e-01
-1.940854487937624662e-01
-1.935241049344607056e-01
-3.864229071236815471e-01
-3.556942965237254728e-01
-3.879467930726901992e-01
-2.241550362847714584e-01
-2.608895676429761612e-01
-3.332259430846207793e-01
-3.570246227375623027e-01
-2.050040800332598723e-01
-1.064494134399508740e-01
-3.230872739264490368e-01
-3.125124991376601047e-01
-2.897423840774852599e-01
-3.014219516957428735e-01
-2.902614222492944096e-02
-2.731951135981761647e-01
-2.300132858444383366e-01
-1.148399342034288062e-01
-2.283542080592129153e-01
-1.285071467284535363e-01
-2.793232187142645762e-01
-2.515731872886295961e-01
-1.526895666445039490e-01
-2.165104124617164283e-01
-2.273389486422739136e-01
-3.906197644029492655e-01
-1.834301172389892765e-01
-1.556736295143057169e-01
-2.202716813424932529e-01
-1.450503287257552953e-01
-2.492494864821978573e-01
-2.166341574635758938e-01
-1.842248156414247329e-01
-2.610789619978668985e-01
-1.572814208922703461e-01
-2.382201287951852542e-01
-4.689544129308378245e-02
-3.325594161060675402e-01
-2.831719955973417413e-01
-3.302821380655356909e-01
-1.003193995918798265e-01
-1.791679454477395073e-01
-2.765398786093823391e-01
-1.332343123084735181e-01
-2.974779923862995723e-01
-1.333917490447785736e-01
-2.772298107308940884e-01
-1.377878573028382403e-01
-1.929923189360046865e-01
-2.902591285637545759e-01
-3.044650778447028916e-01
-1.780825878094411674e-01
-1.469071936287835375e-02
9.116696431385738764e-02
-2.948623704845038662e-01
-2.424019641437273331e-01
-2.136284204827185174e-01
-1.421515579572172894e-01
-2.092220164092132018e-01
-2.061237311956131968e-01
-1.540293605408051825e-01
-1.036381853917788115e-01
-1.141951245757246436e-01
-1.591831673477313025e-01
-1.805525333692828971e-01
-2.094674625012338948e-02
-1.828422476346558967e-01
-5.231745720143048117e-02
-1.240147823815260647e-01
-1.901723800959067567e-01
-1.605333685527668072e-02
-1.967303904126437020e-01
-1.847437405438031033e-01
-1.890842225198630933e-01
-2.703322383003792795e-01
-1.619684966816486646e-02
-2.179322039339915140e-01
-1.177948784585045733e-01
-8.168091014302891750e-02
-1.444082827531749935e-01
-1.372432365432562085e-01
-1.749802629948836730e-01
-8.323345264408334165e-02
6.137189162274882259e-02
-1.238866905256507528e-01
-9.029718120441847240e-02
-6.147664204550963574e-02
-2.383128768775706896e-01
-2.326221892138895242e-01
-2.183884110235564946e-01
-1.492491451317289886e-01
-1.135368392431005263e-01
-2.713211840507971304e-02
-8.284009546264828328e-02
-1.778746204915285234e-02
-1.250897176665796695e-01
-4.520056666142943484e-03
-2.003374374074060604e-01
-1.252902793784787527e-01
-2.045953566939011647e-01
-2.566973379476051864e-01
7.537470962994970158e-02
-1.658277781744623147e-01
-1.116047747329434459e-01
-4.695023175876709975e-02
-7.347590071843237980e-02
1.504497284762111933e-04
-6.569560638489467530e-02
-6.209540866932822256e-02
-6.186052610411837266e-02
-5.134807233701282198e-02
-3.008718814179977760e-02
4.378112940499914729e-02
3.592034280398221507e-02
-1.715594978837441109e-02
-1.106794067386962233e-01
-1.417389579881505046e-01
-1.932644045641040420e-01
-2.137595485342014823e-01
-4.672650055001072167e-02
4.105579189825481201e-02
-4.254265115520477342e-02
4.193412850925809510e-02
-1.906235512153265088e-01
4.600243935770684245e-02
7.999960230271836725e-02
-2.350515975643875655e-01
1.564333591721661920e-01
-1.275388464860995608e-01
3.179732916886576864e-03
-5.920911642959966747e-02
-2.903131276648074702e-02
-6.980979777624699879e-03
-4.716685569461179575e-03
-3.171601380880152699e-02
-2.076891330451436160e-02
-6.900553825594071822e-02
-8.123199324712188085e-02
-3.716576246773196923e-02
-8.036171195033180517e-03
-1.846558829048530748e-01
3.083122602410223387e-02
-7.292988478472299529e-02
-1.336516013357933776e-02
2.510579378863956462e-02
1.456493188654597315e-01
4.498925171411872342e-02
-1.284577778599412662e-02
-3.888023930336274858e-02
-5.222293658990203452e-02
-4.516282121625381923e-02
4.246990578943635186e-02
4.802473759375455037e-02
9.233235800033655002e-03
1.728516346071477527e-01
-7.720818967794612631e-02
-3.380426372757446701e-02
3.585795568155020902e-02
-3.578676298115214538e-02
1.612733004628449374e-01
-1.987640552448232886e-02
-1.110373656524172789e-02
-5.196869168935958072e-02
-1.489491393153954610e-02
-7.673726103978982527e-02
-1.140701585012211458e-02
1.037301889663753557e-01
1.726467238797151776e-02
-2.676152243986843621e-02
5.071603865057585508e-02
4.099559158976424922e-02
4.287153230105296420e-02
1.873493887352404297e-01
7.871793375187449704e-02
7.018629284235647359e-02
1.520937797480391152e-01
-7.676544080481520482e-02
1.801456739133366625e-01
1.914956727042368134e-01
1.550512132678754373e-01
6.281437934938916001e-02
-1.534527650073755078e-01
6.400365486565835760e-02
3.790695487223749022e-02
-4.216220477964981173e-02
8.002613628317561956e-02
3.848220561077141111e-02
1.122878102275893797e-01
9.919621301618891662e-02
-4.397419933309724277e-02
2.396575499005638710e-01
1.374381689285642805e-01
6.836106861173699145e-02
9.126057703769778484e-02
7.277599448107768820e-02
1.889228874730610741e-01
2.708637791396494299e-01
6.760075863795675377e-02
3.169544889375547000e-03
1.585110287934622109e-01
1.408149846156764862e-01
1.399070909718198308e-01
1.528737432545984876e-01
2.609605053842166678e-01
1.644452348166876021e-01
4.633618154062287692e-02
1.716678685588670650e-01
1.292807964851261093e-01
3.757888145369574218e-02
1.988955328178972914e-01
1.801260368591139083e-01
1.585356480640544019e-01
1.746921777014418531e-01
1.151023406199314092e-01
1.760144320937266083e-01
1.549278819824288222e-01
2.207804749431463154e-01
1.893793868883459908e-01
1.623583047775418731e-01
1.402758785704693312e-01
1.504723551442020135e-01
9.523001629482323593e-02
2.386435136867789131e-01
2.643093591084058058e-01
1.027136663374264569e-01
1.779784213969713702e-01
1.261703617234350427e-01
1.389445981792368778e-01
6.370605297607360995e-02
1.836399993007145071e-01
1.112846016852983427e-01
3.045541084752717564e-01
1.813776318894808615e-01
3.416060936513935081e-02
2.153128396656166788e-01
2.525817380086315400e-01
1.468305720239057588e-01
2.825653131631102877e-01
1.077140866625166254e-01
2.108709865175379949e-01
6.096477127609808977e-02
1.294157721896195268e-01
5.812239763708952622e-02
1.403145713009015805e-01
1.809688158082056464e-01
1.403546204259509822e-01
2.726629473076149779e-01
7.695004381545578198e-02
3.107639463373168542e-01
3.479317714782527715e-01
8.037012954230787765e-02
3.533398904755786357e-02
1.917191361049878640e-01
1.478180436102577711e-01
2.029578434110311247e-01
1.637032270560314917e-01
1.286827985969545840e-01
1.887072453411324235e-01
3.066504661202743565e-01
2.210744637702048987e-01
1.203348160843417253e-01
2.217016393252395079e-01
3.479558503486273602e-01
1.668123928615846963e-01
9.372522928496671013e-02
2.507470401493405165e-01
2.275146049359501044e-01
1.523544410642805880e-01
3.435142979485868442e-01
2.916083552443575755e-01
2.773718686711066916e-01
3.078708130926029463e-01
3.933154924665802632e-01
2.499087926846022822e-01
2.476474469767578901e-01
2.472671616608253242e-01
2.229861978154758506e-01
1.634283524868968829e-01
3.673663495260827139e-01
5.033515703505712924e-02
2.332985691115821714e-01
9.254511395404119156e-02
1.300458614107913302e-01
1.343003232591876706e-01
3.791336927988990801e-01
1.848589494775721986e-01
4.770002276002355268e-01
3.304229888858493114e-01
3.494335206243661118e-01
4.208872402307658467e-01
1.502651221893485378e-01
3.113523693834798212e-01
3.500481822403342935e-01
2.435111088531211609e-01
2.558367674316220919e-01
3.387498885885831812e-01
2.973198046610041612e-01
2.807400968182644507e-01
3.435835822726551747e-01
3.576298743768836497e-01
2.931249492616238017e-01
3.622478098884489572e-01
3.004107224312136393e-01
3.595144287358433277e-01
5.833107493316404268e-02
3.044368204675218514e-01
4.429606419529892869e-01
3.861566645386093066e-01
4.183593692046899126e-01
4.400872591044165394e-01
3.998084132711651195e-01
4.453259261702057215e-01
3.281123911661228965e-01
2.128353048577769913e-01
4.126263835786149747e-01
3.015432664616928271e-01
3.147814890125090748e-01
2.699890412292030861e-01
4.034134297956074588e-01
3.955679279177461982e-01
3.709005732235034491e-01
3.299289826225552669e-01
3.985605638385074090e-01
2.905264624130198814e-01
3.787623200287155711e-01
3.190039832976119261e-01
3.602398186490894383e-01
4.607640270618452716e-01
3.324665261256206095e-01
4.818882714902359976e-01
3.753859246773729730e-01
2.843013795691937684e-01
3.903728671501118241e-01
5.310660998126629506e-01
3.633988177685344434e-01
3.150971068077682014e-01
4.208479276336115071e-01
3.208069729987645946e-01
4.758265652821130898e-01
4.816098845648468241e-01
2.976469812959759986e-01
3.120050267413814193e-01
3.258610901425025297e-01
3.109053944946956749e-01
2.970025293484943596e-01
4.156337664317875658e-01
1.949725657257631584e-01
4.212051071274081626e-01
2.562916750987262460e-01
2.693678644608824002e-01
3.906481848221331488e-01
4.999330908685278851e-01
2.056689977635364208e-01
3.992445573083386323e-01
5.299545188035056364e-01
5.214056087740780443e-01
3.897203080809000797e-01
3.501972973224000696e-01
4.259331157101107768e-01
4.834040659770652004e-01
4.491739947753778939e-01
3.884101757420023171e-01
3.802062510507764337e-01
3.998046877576976188e-01
4.441058018284051445e-01
3.720120011563990414e-01
4.358201097826931436e-01
2.956803662686111056e-01
5.643717587557782744e-01
4.239494782703013276e-01
6.417918629132932651e-01
3.249283203127673603e-01
5.257524082913535013e-01
6.622926113013944960e-01
4.212941890112933407e-01
4.027137972788918940e-01
5.122888699455305783e-01
3.119661323633494132e-01
4.824312849931725045e-01
5.857621375189927537e-01
4.134022002537541263e-01
4.611352895988457545e-01
4.350366100665962743e-01
4.724230886952224262e-01
6.290269748470970201e-01
5.314039750514182314e-01
4.832374601327297237e-01
4.020363426458364309e-01
4.469439023562288282e-01
4.300394764722377805e-01
5.010405412684454385e-01
4.362120723422661661e-01
5.273375997274797333e-01
4.155820929909966877e-01
6.249221986698695330e-01
5.086906767527121787e-01
5.922818222151371437e-01
5.690034996412637325e-01
3.762189386381576961e-01
4.772666427901829933e-01
5.291425064104049447e-01
6.801090177113819912e-01
7.103975899567545049e-01
5.699724555796861214e-01
7.197846071022382386e-01
7.073520341399276434e-01
5.446936643764360708e-01
3.733704483575243649e-01
3.301719909364106975e-01
5.440449059580904079e-01
4.677528653502271427e-01
4.092027673391427922e-01
4.685174668490355576e-01
5.148016259094903013e-01
4.279747583404707179e-01
6.447764377236802069e-01
5.009596436114066575e-01
5.850801819100411860e-01
5.655543535289651036e-01
4.716277099423603070e-01
4.829556844536050386e-01
4.856947941903570487e-01
6.192740639857402529e-01
5.181562865738243984e-01
4.938774578219229383e-01
7.468134349786123005e-01
5.954224174054330021e-01
5.691567690301205795e-01
5.756865004073611347e-01
6.323079654592488330e-01
6.147448069920120606e-01
5.467836826847097820e-01
6.365156471290257523e-01
5.495906885031143219e-01
6.411395289049590662e-01
4.949014240406144904e-01
5.276636144630044711e-01
6.981630968213830002e-01
5.110547505379442468e-01
4.235659085180322747e-01
5.496586735589952255e-01
4.914722797406060328e-01
6.207365969668982020e-01
6.942788478513154393e-01
4.705378022758858192e-01
6.772550253449189928e-01
5.943975788807962513e-01
5.829549273434536660e-01
5.180507107705519809e-01
7.564277498755452855e-01
6.652842670345809895e-01
5.468949531095257388e-01
5.814948670789409357e-01
6.620688585211240706e-01
6.508651186176921399e-01
5.300488442118928001e-01
6.071493250088365601e-01
6.056406436236897450e-01
6.338935949777760870e-01
6.370047215007320629e-01
6.698586023096820830e-01
5.707203944772104576e-01
6.276986629391204664e-01
5.858774343837775955e-01
4.255153631039197970e-01
6.879405790118934272e-01
6.016367617117834854e-01
7.189169190281369248e-01
5.832427154315559248e-01
6.439359309639126616e-01
5.950366469658654456e-01
6.203629087351889559e-01
6.124716995945354014e-01
6.362233648082883386e-01
6.175453429900320534e-01
5.906521646898341693e-01
5.828556177502376423e-01
5.480810922553716047e-01
5.332347742572943750e-01
6.624054739076393750e-01
6.743229285779894777e-01
7.822727192332012969e-01
5.142471920281561637e-01
6.448678120148152448e-01
6.679594353236241178e-01
7.426027977183108364e-01
8.239800867115274485e-01
7.529189975984408312e-01
6.188187870505166277e-01
7.812174723150119293e-01
4.754639360730881781e-01
7.339117564451697051e-01
7.202926795342791122e-01
7.003270969188962747e-01
7.758680428944924046e-01
8.289496968616005823e-01
6.518414601177393575e-01
7.074383303646509802e-01
7.044288507748764916e-01
5.948621792109661799e-01
8.508203179087018286e-01
1.065072727476967795e+00
7.417696890514203778e-01
7.139879705706727586e-01
7.915407632652000647e-01
8.576665635068269067e-01
7.343703509053586265e-01
6.826061734727046915e-01
7.656219231054192109e-01
6.384165584415019135e-01
7.027830859857454593e-01
7.782384656255734168e-01
6.465223725163664614e-01
6.902958782303636465e-01
7.381283081283145364e-01
7.794164298520134260e-01
6.241544915030313723e-01
8.387915252060632598e-01
7.598512226538717274e-01
7.145136719953252280e-01
7.072966565572140762e-01
6.571875434743755795e-01
8.537699832576853831e-01
8.316619106959841634e-01
8.250109008212513917e-01
7.445703747596833511e-01
7.229702784213111189e-01
6.903121201393329631e-01
6.835183162146512004e-01
6.558911997888405843e-01
8.116355404403063911e-01
7.358803277420056244e-01
7.260581945000621484e-01
8.859584644148650323e-01
6.365245944504861475e-01
8.995279884153917216e-01
7.263285051962736771e-01
6.622095554191561595e-01
7.810711609908617126e-01
8.148179869481503301e-01
8.065574197811153923e-01
7.618003887117142936e-01
6.666964764635214813e-01
9.033082184277633209e-01
8.225793443111539816e-01
8.807767100761577650e-01
8.565176170182343673e-01
7.387422333505576644e-01
8.015858020889911062e-01
8.370668879058099643e-01
8.151144326957129316e-01
7.529060098711350957e-01
7.570640176291305590e-01
8.014188062629828968e-01
8.477330974161241262e-01
7.423456366197761502e-01
7.704356438795736395e-01
7.013329062015386528e-01
8.981768623924415440e-01
8.533171532098400291e-01
7.851245082698161681e-01
6.910366676297972077e-01
8.066866912037250481e-01
8.041354194838729041e-01
7.937396126753401004e-01
1.042638629938741568e+00
8.085459848536077354e-01
8.530611276698917278e-01
8.477551419007178790e-01
8.264912078719020005e-01
9.129518978346596869e-01
8.503037861058218017e-01
8.532035709847580751e-01
9.665094572822359176e-01
8.468991509742836987e-01
8.322357734520062778e-01
8.517846752923542430e-01
8.743529571435428860e-01
8.229480658546087790e-01
9.646284113564860263e-01
8.426267147662097612e-01
8.548795006410371267e-01
9.310957342888147581e-01
7.960729196020055465e-01
8.883427795370224533e-01
8.315088095532703338e-01
8.363532463781784276e-01
9.556912805705477520e-01
9.114026533926085083e-01
8.483552421217653849e-01
9.496245428849369175e-01
9.136089945789055422e-01
8.964671669637584994e-01
9.566200232413363258e-01
8.440059942912427893e-01
8.078934763934561003e-01
8.931815188767366909e-01
9.091441765376904183e-01
8.745716798758795818e-01
7.662506342393434755e-01
8.445144521562407691e-01
9.444272637598482012e-01
8.196387640303853805e-01
1.062003106191609314e+00
8.915974346609137902e-01
9.088985164242111559e-01
6.762807096313645516e-01
9.527936552077039822e-01
1.085635047144998477e+00
8.282900248692509626e-01
9.250882578261073741e-01
9.403679949480037159e-01
1.024514840265681404e+00
9.591868140755483996e-01
7.856346027581793123e-01
9.075203632676034360e-01
9.289188822549622193e-01
9.125822155078032738e-01
1.030895421936449008e+00
7.694679950962458603e-01
9.197009430307684363e-01
9.077861605370981524e-01
9.658806033935187774e-01
8.776016757193328965e-01
9.680923347495282716e-01
1.010595638889213888e+00
9.477935656555604993e-01
9.289902267914619260e-01
1.015448109173537894e+00
9.802974052002565442e-01
9.128223608707304315e-01
1.003829197417560604e+00
1.078314910839156759e+00
1.166175616632670442e+00
9.557758466526404817e-01
1.052806825500597121e+00
1.047418380152599360e+00
1.048426816881782742e+00
8.847738722696312230e-01
1.061565957172619923e+00
1.014606425488208341e+00
1.127888017554293576e+00
1.067764456753129920e+00
9.410889023173913959e-01
