-8.520401729364033283e-01
-1.098470937489905319e+00
-9.487704559955066896e-01
-1.013309766317073812e+00
-9.490402092539020895e-01
-9.913118857015851271e-01
-9.468872075776026964e-01
-1.003621691489560597e+00
-9.393015368525012843e-01
-9.780811707240775199e-01
-9.631215543394471279e-01
-9.769374443052248891e-01
-9.917131793909809145e-01
-7.323846482621323428e-01
-9.049135409448127998e-01
-7.406298364075571961e-01
-1.032149056554567013e+00
-9.468008218082414329e-01
-1.015828974780258687e+00
-1.125007595222177192e+00
-8.904794477924542484e-01
-1.008208966288386632e+00
-1.022792913826632066e+00
-8.223553791975402039e-01
-9.471955112589175441e-01
-9.191175773843652808e-01
-8.996397328744726307e-01
-9.093466313831738423e-01
-9.921806851104011393e-01
-1.051292041088248030e+00
-1.033084484164714212e+00
-9.557801769113655199e-01
-9.719937163056227014e-01
-1.007325001104944606e+00
-8.751517250773487300e-01
-8.734406054558359056e-01
-9.122600804109972650e-01
-9.782594118468127542e-01
-8.652690947959131851e-01
-9.796720556724054507e-01
-9.460150354682219653e-01
-8.871696196987113314e-01
-8.686206356965597841e-01
-9.266600081255792487e-01
-7.115783501807850797e-01
-8.659942397664558422e-01
-8.847859140098108810e-01
-8.788776387032860571e-01
-8.586151480121222423e-01
-7.571830227706408678e-01
-9.018094460265709822e-01
-9.105525533076154199e-01
-9.906002532030715457e-01
-8.773459247093070568e-01
-1.040202069387691663e+00
-9.819954119256260050e-01
-1.097044749486667303e+00
-9.246748161338055327e-01
-1.012304848705329441e+00
-8.648836387789623492e-01
-8.537816524557673148e-01
-9.681527311926617640e-01
-9.912693148462606851e-01
-8.342610000564831818e-01
-9.727728368186793206e-01
-7.986861318685666289e-01
-8.331205237673562358e-01
-8.568143633587989028e-01
-8.040693140157876284e-01
-9.503134872394821686e-01
-8.703144821310306867e-01
-6.919273123001582482e-01
-8.139118045038313820e-01
-8.195220149831607959e-01
-9.117355458971840854e-01
-8.428180646066277815e-01
-9.190183460596074161e-01
-8.445933016295916751e-01
-8.072275820376757505e-01
-8.229947165854570867e-01
-7.630053782324783818e-01
-8.386253648854384846e-01
-8.306864177341366506e-01
-8.131150027990101670e-01
-1.022552531953373922e+00
-9.362792330477902603e-01
-7.805156960765027296e-01
-8.040142847959791395e-01
-8.035711527664824994e-01
-9.179637434130427653e-01
-7.211661566303719795e-01
-8.948853952588854410e-01
-8.995143015440717482e-01
-7.459225253656711629e-01
-8.474573272872482077e-01
-7.761127467264599122e-01
-7.644392714427733493e-01
-7.584273047709210180e-01
-9.160093341427473224e-01
-8.464404726282653835e-01
-8.508076859373110423e-01
-7.350979770767380739e-01
-9.362251494148777775e-01
-6.993921615119012003e-01
-7.833132654549459506e-01
-7.400889127299262737e-01
-5.814883741601031275e-01
-7.744298343993031297e-01
-8.708565972642349218e-01
-6.882275149260561609e-01
-7.780850760894590934e-01
-8.074255102978061815e-01
-8.431460623358526529e-01
-8.514805147932692497e-01
-6.419487924852135263e-01
-7.146210614014955054e-01
-9.310576717223872922e-01
-6.907422036686483580e-01
-7.388369440065816196e-01
-9.043833790734170375e-01
-7.037873657578089803e-01
-1.013569150792372975e+00
-7.395496018163540963e-01
-7.695460820521622392e-01
-7.093475212390668583e-01
-8.742033039267106398e-01
-7.507308625204688335e-01
-8.021956069779337950e-01
-6.579271711502865383e-01
-7.480487290167276981e-01
-6.322447915491024029e-01
-6.984976653768589783e-01
-8.239200376635528178e-01
-8.168193319692071963e-01
-9.637478596936760455e-01
-7.352850852138821391e-01
-9.443567717468418499e-01
-6.992359169848729739e-01
-7.273258747562253435e-01
-4.680583060592062861e-01
-7.165170440913783967e-01
-7.289754716248418864e-01
-6.454069206867014685e-01
-8.368020931793567208e-01
-6.777364786313521128e-01
-6.819846758667668096e-01
-6.412892356858785892e-01
-7.471872385754324553e-01
-5.353813664191228172e-01
-8.173183917445365765e-01
-7.792698063413747711e-01
-5.542100848640929556e-01
-5.395027923400737002e-01
-7.599012236551266897e-01
-8.159928940986558299e-01
-7.103929433269237093e-01
-6.512793503924915184e-01
-6.322318379717112302e-01
-7.003239567686877498e-01
-6.174691519963867448e-01
-4.817192122878792282e-01
-6.578704717090776422e-01
-6.459201870292354819e-01
-6.852666990928709678e-01
-6.836956261034236038e-01
-7.143665706550431649e-01
-6.933768655347977150e-01
-6.161636115947234371e-01
-5.530737182703395760e-01
-7.146732504775826778e-01
-6.173022284103220070e-01
-6.017614608655869057e-01
-7.822116554271931754e-01
-6.633782579719877948e-01
-7.013512104545318593e-01
-5.790436242218699459e-01
-5.920682002508766972e-01
-5.796701849960409492e-01
-6.888159677746029663e-01
-7.627386840909283761e-01
-6.416043730238794041e-01
-7.439721084874956203e-01
-6.277169067171752825e-01
-5.451361905893125082e-01
-5.816506418221846220e-01
-5.312702912800760791e-01
-5.491824381715199044e-01
-6.463570914506767684e-01
-5.770576033435581564e-01
-4.822856200498648604e-01
-7.330049375186563632e-01
-6.351856160896145465e-01
-6.340950626106531818e-01
-6.019005992322679077e-01
-5.992974891240713253e-01
-5.468636108559760123e-01
-6.718186165062872695e-01
-3.884687213957820906e-01
-5.864327326602599699e-01
-6.218687960731128506e-01
-6.585621377348256367e-01
-6.863498451249961940e-01
-7.289688212572957848e-01
-5.519319254448369350e-01
-4.076124859648199150e-01
-6.332588392472858763e-01
-4.509935852674138990e-01
-6.555832227042660554e-01
-8.058428616585875393e-01
-5.104834666141724320e-01
-6.778663263234427916e-01
-5.645804763047490571e-01
-5.762647603172748045e-01
-5.117946750384796406e-01
-5.704550774897396703e-01
-5.631097840131036314e-01
-5.024646488645420073e-01
-4.945438651759158644e-01
-5.523493832382793123e-01
-5.040708546074387231e-01
-5.630891231491087501e-01
-5.497977862258002224e-01
-5.921286788976282134e-01
-5.530037009675264903e-01
-4.980261230058137256e-01
-4.057845332304278463e-01
-6.735004921573236603e-01
-3.012659980413316951e-01
-6.790751991374600616e-01
-4.586390700564904055e-01
-5.677822521858066906e-01
-5.127451350531533336e-01
-7.093571592782257351e-01
-4.880748594577262178e-01
-4.823901158616455964e-01
-4.699144316828688939e-01
-4.620047458062737644e-01
-6.784783986746142359e-01
-5.538900731467200078e-01
-6.303698898465248668e-01
-5.033626734360032717e-01
-5.343111269216592740e-01
-5.786415701785965204e-01
-4.212552906443734480e-01
-4.080692849113498055e-01
-5.151659314566239267e-01
-6.433292624670758908e-01
-4.851949942703737140e-01
-5.143784002514402154e-01
-5.488268388921105911e-01
-4.501522834267416839e-01
-4.028879441159209374e-01
-4.429092211476191032e-01
-4.790967116399663661e-01
-4.384740703824150931e-01
-3.917468319259835297e-01
-5.207040928798288837e-01
-4.372370801247671412e-01
-4.554326377615894317e-01
-5.940552734161769211e-01
-4.698557948105245852e-01
-5.651655761877882878e-01
-4.728358366225258735e-01
-5.775542986887275410e-01
-4.211253796711609265e-01
-4.444659293855083293e-01
-5.287830378236716422e-01
-3.558343545609556346e-01
-3.008438731430904678e-01
-3.732170994029002653e-01
-4.896323141967767190e-01
-5.167037552034772219e-01
-2.989941402939054194e-01
-4.049855009153133234e-01
-3.955815931899316906e-01
-4.376065442854389920e-01
-3.679402378886473812e-01
-4.547275870694272859e-01
-3.829706691289324061e-01
-5.667182895449840441e-01
-3.355071941016550263e-01
-3.400476653707892871e-01
-4.469312890716206632e-01
-3.296552833596385068e-01
-2.887491499469652112e-01
-4.233943278355508100e-01
-4.002181646408775051e-01
-3.096137920811429245e-01
-6.164611707361861148e-01
-4.574837124572727620e-01
-3.165163518975954160e-01
-2.870013822914667667e-01
-3.055979621033088622e-01
-4.438905802258540367e-01
-3.917043847399164225e-01
-3.803408410401654671e-01
-2.092696874704735310e-01
-4.262123600864751172e-01
-4.438217674506808597e-01
-3.934201290958759256e-01
-3.788714545702732694e-01
-3.045272797750460114e-01
-4.300122125272292650e-01
-4.661337025020751978e-01
-4.025322817000345221e-01
-3.403229779533391564e-01
-4.342126071035328216e-01
-2.625340814750317664e-01
-4.583461232521052198e-01
-4.746156156800355741e-01
-4.226872100389023612e-01
-3.192809390582639351e-01
-2.931077802784985975e-01
-5.294225927022421230e-01
-3.532164861969613323e-01
-3.211117453252269049e-01
-2.635116186373835934e-01
-3.795199099994712721e-01
-3.759713952939214843e-01
-3.714518716670806020e-01
-2.896045970840432915e-01
-3.631003010553537913e-01
-3.404910847505543403e-01
-2.247254536404482417e-01
-4.490578667650458322e-01
-4.716140109738327646e-01
-3.935612401170645591e-01
-3.548373468980898782e-01
-3.288678140387202853e-01
-3.903833057625595848e-01
-4.285020272116407125e-01
-2.122214857645070563e-01
-3.018417801524377331e-01
-3.940390363512648597e-01
-2.751507455141806169e-01
-5.140041361523772778e-01
-3.719048482072330741e-01
-4.447993974649837590e-01
-2.329762414271736859e-01
-2.192930558722692436e-01
-4.719515617171864408e-01
-3.541517364843939641e-01
-3.238189011139558371e-01
-5.115237402146433077e-01
-2.593586059987078030e-01
-3.221904641065180819e-01
-2.813705731973762947e-01
-3.164088186529070423e-01
-3.396037528680554418e-01
-2.768328085396154492e-01
-2.677873559493033628e-01
-4.138633318709634135e-01
-2.314294641645098516e-01
-1.700418864434215249e-01
-2.676917213536121887e-01
-2.513237987369518756e-01
-2.200793121307404732e-01
-3.420759494945069257e-01
-1.945700580268246993e-01
-3.028157991234949886e-01
-2.209151092385692183e-01
-2.432249897924368409e-01
-3.720389304198762903e-01
-2.351577880707113044e-01
-3.266312733890744946e-01
-3.905868710391712240e-01
-2.002553905573652981e-01
-2.632881892645246857e-01
-2.593415126472288224e-01
-2.995397266675834391e-01
-3.432273460569642554e-01
-3.131003442370468570e-01
-2.733951632700065137e-01
-2.885821175012268647e-01
-2.760027411923497986e-01
-1.961557562467110272e-01
-1.296222957176888790e-01
-2.593710840141583707e-01
-2.807770252650160780e-01
-3.265164685598732075e-01
-2.508530824741710408e-01
-2.181576768112298836e-01
-1.538591335163094938e-02
-2.794196219126678926e-01
-2.315134067375525795e-01
-3.026555493926874063e-01
-3.338880886124763192e-01
-1.971611426974349546e-01
-4.571704170863984118e-02
-1.919038938152902163e-01
-1.769276750558040623e-01
-1.774014857375225962e-01
-1.792451181262050275e-01
-1.433759343221800153e-01
-1.863776093126306710e-01
-1.692860236932950679e-01
-1.436520196694902329e-01
-2.646924645302800583e-01
-1.343976440687282836e-01
-2.237976718675759868e-01
-2.126723372582532134e-01
-2.779829553737829251e-01
-2.081788887581407788e-01
-2.521168710713359573e-01
1.838322113367644658e-02
-3.330132566566779140e-01
-2.620407708317633033e-01
-6.093951315384414646e-02
-7.363806423363901399e-02
-1.874963029327447184e-01
-2.037444604994622377e-01
-2.095507106087884375e-01
-1.995964362291470784e-01
-1.515044532827095336e-01
-7.300096439588800445e-02
-3.461306309493404898e-01
-6.587095869823550442e-02
-1.551703133819117564e-01
-1.969576200762414298e-01
-2.569502618130828919e-01
-9.664573826742386964e-02
-2.508454596367784006e-01
-1.019103713287212026e-01
-1.258272624055973010e-01
-2.278709740603055214e-02
-1.856211466038552582e-01
-1.803090414976943612e-01
-2.619776413875222754e-01
-1.358662416216290247e-01
-2.174191624158970382e-01
-2.031143063662484705e-01
-2.062164968864157732e-01
-1.519514461073020184e-01
-1.756720669690035874e-01
-9.393320507601503333e-02
-6.056544275465937377e-02
-1.476502760130950498e-01
-5.175009116786359609e-02
-1.034453505621310415e-01
-1.453586334170513528e-01
-9.209532080058611958e-02
-1.663957472127860215e-01
-2.707254032277805478e-01
-1.767893273843523794e-01
-1.508827241741263203e-01
-1.382850869455110598e-01
1.652151847605300844e-02
-1.549420906529274111e-01
-8.226273441838841127e-02
-2.263331424463715102e-01
3.270028693708416923e-02
-2.025232312416712366e-02
-7.680161213758393557e-02
-3.919083202449680225e-02
-1.662398555540717526e-01
-3.109186873886008451e-01
-1.352284511852246685e-01
-1.789589736375369611e-01
-1.070651785668190747e-01
-1.308199089356152645e-01
-2.328545316911519170e-01
-1.660078731046419065e-01
1.005133304704302483e-02
-1.392817949436733760e-02
-7.814316976676428939e-02
-3.459174423889775640e-02
-5.836792397019858331e-03
-1.866781083309144440e-01
4.776830777792201443e-02
-1.625475242251294555e-02
-2.813918876159293356e-02
-1.578338783378068766e-01
-3.370891471641451753e-02
-6.405888522693969911e-02
-9.040464460863442686e-02
-5.197020323736329522e-02
-2.070375688283989379e-01
-2.224336202037277208e-02
-3.073352219393325063e-02
-3.937177378411663847e-02
-5.590607821716293835e-02
-7.829717579061833133e-02
4.192342627884686201e-02
-4.296449749221765285e-02
-1.538082122886525738e-01
2.266253702657735486e-02
8.017691471370194667e-02
-1.591808511445568508e-01
-4.925703223793762714e-02
1.734474487851379518e-02
5.568590231404145496e-02
2.951473664604721114e-03
-2.778317495966194442e-02
-3.764941214046662460e-02
4.247918010654988530e-02
-8.502745863430825890e-02
1.565479931380762690e-01
-1.150773584482638404e-03
-1.633622329257950270e-02
-1.081741356584783875e-01
-9.832444880740807969e-02
7.872262659329175294e-02
-4.337845934182754659e-02
1.031430759430562449e-01
7.420078873313026846e-02
3.216005871131488725e-02
4.341567548173019819e-02
1.806279024729471813e-02
-1.786816105806430729e-02
-3.285998022068750083e-03
1.312724824471969698e-01
1.111606536208214167e-02
-1.030895871883432957e-01
7.444096465362926018e-03
4.218155610324729465e-02
-5.026561937821684423e-02
-1.949109149977885013e-03
7.101742585913745076e-02
1.293160490420462438e-01
6.129134162733605035e-02
-2.565464150391396636e-01
-1.829849749565306272e-01
8.760005561432053500e-02
9.353291727062411354e-02
3.995405421486093039e-02
3.925191113512083857e-02
1.229643425373072411e-02
-4.604370775504231655e-02
7.783806439957896561e-02
4.451072715673641544e-02
5.822764171910193437e-02
1.506531629269423633e-01
1.799054079474060597e-01
7.234546586524760736e-02
7.751440531678674244e-03
9.876036255234392491e-02
-7.237150936704704607e-03
9.087743422272979987e-02
1.377458902336432256e-01
-3.446504488250861503e-02
4.105681216159928065e-02
2.055916614802102138e-01
1.841571949955960602e-02
-6.947780115088091069e-02
1.110028388327189003e-01
1.618019905205059505e-01
1.515819593905351655e-02
1.515568766180772353e-01
-9.813265524527391148e-02
1.099677622781484732e-01
2.642401170831586241e-03
1.227654888065272260e-01
1.524832494974739105e-01
1.587767869165503942e-01
-6.456390799035896522e-02
6.962940904878495152e-02
1.209877346050941826e-01
1.415346627957266845e-01
6.921010809307300005e-02
7.802391895637338093e-02
1.790321872071609088e-01
1.218765997998397937e-01
1.692182915037825086e-01
8.027556001733938962e-02
2.850013460411526256e-01
2.375527722856035084e-01
7.921736894230504977e-02
7.091604589773588957e-03
1.570340913764608493e-01
2.577101470338203915e-01
1.952676814780145709e-01
1.391531005858541448e-01
-3.860185597247466766e-02
4.235068381990577530e-02
1.823039951180412677e-01
5.527016860502004941e-02
9.875191921684332852e-02
1.380842925633155305e-01
1.640394539186687539e-01
2.430846844355522562e-01
6.293466079736474705e-02
2.899249224707656780e-01
1.457724283398675047e-01
2.328796914722665035e-01
-3.570850116030922089e-02
1.846332856786103149e-01
7.637012658606935622e-02
2.942286079393020559e-01
2.544559935459965727e-01
2.314111835246390469e-01
2.159289839415554635e-01
7.716455977834908719e-02
9.913653509890507642e-02
1.439122282265092589e-01
1.362917430999586454e-01
2.202644165761710460e-01
2.854041747486176783e-01
9.655780280829336093e-02
2.808040033228708099e-01
1.916386230596898721e-01
1.339750596164915597e-01
2.256430267830936420e-01
9.483973836514819622e-02
3.476160557846868504e-01
2.851589794957368196e-01
-8.621439536229798251e-03
9.749723992430636699e-02
1.671364021190964999e-01
1.125169988876563582e-01
2.291115098976329867e-01
1.225900451248613243e-01
2.189565157549100416e-01
2.509116669835833036e-01
2.665080834006097743e-01
2.932602541355866510e-01
2.678859715917497053e-01
3.441535996784581553e-01
3.018587701105642784e-01
1.655780292489816563e-01
1.710809932078348194e-01
2.717499744650282434e-01
3.225147406693987806e-01
3.007655316462791717e-01
1.783733979608347342e-01
2.152610847788249127e-01
2.506125859068224493e-01
2.721172921355491936e-01
2.864291859155033149e-01
2.958755741582783094e-01
1.298941815464552674e-01
3.021466406237369173e-01
2.083761837344397239e-01
3.300488027870982499e-01
3.811444903168402787e-01
2.970125917832194817e-01
1.372731458699642804e-01
2.661395266064504050e-01
2.094966957781125572e-01
2.662021084282131800e-01
4.175988441805846829e-01
4.183720458284443944e-01
3.099011651378748011e-01
3.977283466516679522e-01
3.041677811680411625e-01
1.906306009762779585e-01
4.755229566051797918e-01
1.618612523229722155e-01
2.806669727824032123e-01
3.815353247042270191e-01
3.368114771360792292e-01
3.980465293902495372e-01
2.493312466634561853e-01
2.512280253871620461e-01
3.072930060661340224e-01
2.850120822676289190e-01
3.108231620876808488e-01
2.940004593361260077e-01
3.791230952245521757e-01
4.005910637951021203e-01
4.081604491060486506e-01
5.033182372689722905e-01
3.807814774300986582e-01
4.235025395885910204e-01
2.762364068196516698e-01
2.693502245076617174e-01
2.414306598451923802e-01
3.109081163846938445e-01
3.157050914299453503e-01
4.270524036010815983e-01
4.820250300625040785e-01
3.190005498124797167e-01
4.403129251249736642e-01
2.674990393685124368e-01
3.681951335595625707e-01
3.653684133761886388e-01
3.518052780504499766e-01
3.723561951756796384e-01
4.959836344974224431e-01
3.494215354121947281e-01
2.593070974195437750e-01
5.069780618459512889e-01
3.526572888156989660e-01
3.557271563056939589e-01
2.496071140914438713e-01
5.117943634394520602e-01
4.221180982545644778e-01
4.492928439937177165e-01
5.493238220278082728e-01
1.861087214366783649e-01
2.990966673019190281e-01
3.361596321151743560e-01
1.681574117562289472e-01
2.933186573568447586e-01
3.448303160822965285e-01
4.112310590267287402e-01
3.297291259190174850e-01
5.034479816543703246e-01
5.293469603341518503e-01
4.758452128928483682e-01
3.777508806122246710e-01
2.843636563393416306e-01
3.401478250114534085e-01
3.151991894967884900e-01
2.881210337421046264e-01
3.267910882133637229e-01
4.459298558740570351e-01
4.798580524733909169e-01
4.813910441901709247e-01
4.899337644025742455e-01
3.350326457193870677e-01
3.608183153409373900e-01
4.877600148845274153e-01
4.075593505262851690e-01
6.155254823425823085e-01
4.931287684334707544e-01
4.970611271788197283e-01
4.004591223803263822e-01
4.102501413204756031e-01
4.544484311130412846e-01
4.756042907851564250e-01
4.108170885462784638e-01
5.158389281106769975e-01
4.202520685060668892e-01
3.925295291080557192e-01
4.364711580090031018e-01
3.619186291157260316e-01
3.785030366860053230e-01
3.962381745072885986e-01
3.953256426713198657e-01
5.063182588795429595e-01
3.541470568814836239e-01
3.557166347849128329e-01
4.895315511434980005e-01
3.604132901794310229e-01
3.503765401561944048e-01
4.025659128955648147e-01
6.567509375791067416e-01
4.076359928832458679e-01
2.963607811324299179e-01
6.726391542534573276e-01
3.996103111057048851e-01
6.289872266861994410e-01
5.896685939018910805e-01
5.022289467932420370e-01
4.605047137406699242e-01
4.602856346463070070e-01
4.342525643947864888e-01
4.030804696780472263e-01
7.720403146175077724e-01
5.878440093792270948e-01
5.911982946661730187e-01
5.807217142406552179e-01
5.527075412364219620e-01
4.610156154218411628e-01
5.915468383312111333e-01
4.904991885720655920e-01
4.622576092227710376e-01
5.599366189216994361e-01
3.834653837579267699e-01
3.294935778813089522e-01
6.947269675098041164e-01
5.196556318896081716e-01
5.929329562594937153e-01
5.704964088871787853e-01
5.629938005425256797e-01
4.903180523845890315e-01
5.617186092967056954e-01
5.659661620198429555e-01
3.211654835162061072e-01
5.795427007165403488e-01
5.802089805624888186e-01
6.200759141887260961e-01
6.005409802443655298e-01
6.700995554920524677e-01
5.765926511087077211e-01
5.826394115020674391e-01
6.032148509143043791e-01
5.633353620432760556e-01
5.417188357657655162e-01
6.143000331765560151e-01
5.176966379653084038e-01
6.424630225914809145e-01
4.805666785734157287e-01
6.636911045608002713e-01
5.290201256546974706e-01
5.946618836983335044e-01
6.335924307948409551e-01
6.446129232691417688e-01
5.673243483733845238e-01
6.830682390306945795e-01
5.949941163070928685e-01
5.389235385359917307e-01
6.128718873648930643e-01
5.447629764831953825e-01
6.146054443941820766e-01
5.597166462547134014e-01
6.657341255839863692e-01
5.964838683446396228e-01
6.021040580615962812e-01
6.964937228266014912e-01
5.807914063750282407e-01
4.552845480682871648e-01
6.107204037336720903e-01
6.020233078139205496e-01
7.346107006126086914e-01
5.233811020692588079e-01
4.372337004906576285e-01
6.787150159592341137e-01
4.994370671149709340e-01
7.009937566498487538e-01
6.628285914028325676e-01
5.224111536984269444e-01
4.609161287856241018e-01
5.638078027176092188e-01
5.716080618473683428e-01
6.657029492150557948e-01
6.104431832182666273e-01
8.290422041585042701e-01
7.542874664675871532e-01
6.513604069794101115e-01
6.484905384814788620e-01
6.443808138428407384e-01
6.464040410931829461e-01
7.276830522138199031e-01
5.724181513334353211e-01
7.357667726044760936e-01
6.382194669028524725e-01
6.777069180131438664e-01
5.329294267073357849e-01
5.389967543820420870e-01
7.615469530241784080e-01
7.225422973016296657e-01
6.672632337873952713e-01
6.804201960453901687e-01
6.751267995629489649e-01
7.261282315844771462e-01
4.514969952903644668e-01
7.774614906193256791e-01
6.691551202765015915e-01
5.804170646471689121e-01
7.739377547626293818e-01
7.031475414152184022e-01
7.166011169049607554e-01
6.590109154150483040e-01
7.731715182448153367e-01
7.204797914789182744e-01
5.941861123440663750e-01
6.937614239121422388e-01
6.403713428517596729e-01
7.717162322191020163e-01
7.055087844325133029e-01
7.477421049437864564e-01
5.689071953905214807e-01
6.938599012518772424e-01
9.442913608909824230e-01
5.938937231374117331e-01
5.411141476800314098e-01
7.049809654227277012e-01
5.892259088990936533e-01
8.753526274461570500e-01
6.651317749426829407e-01
6.608968257909728639e-01
5.146062602524743568e-01
6.315443073798352458e-01
6.345760930930456345e-01
6.758497778204272111e-01
6.490386635089877565e-01
8.259616227767028196e-01
7.547244011495192195e-01
7.295564084491596990e-01
6.754029682297216786e-01
7.968592587626205370e-01
7.605758960335438079e-01
7.879534312107054905e-01
6.995811466299721726e-01
6.683689424147770675e-01
7.927233117063682277e-01
7.009063859229271998e-01
8.296866509729791117e-01
6.113399790133745570e-01
8.202795143256221833e-01
8.280169888437032277e-01
7.485167403661198149e-01
8.136936507568719446e-01
6.932978687360221715e-01
7.953577543197956068e-01
7.107921583508123309e-01
6.758814540596386200e-01
7.491446536683834534e-01
7.804723100332067176e-01
6.470180236654466954e-01
8.544715986500019955e-01
7.989085482931715942e-01
7.624431760947290027e-01
7.646462992255644853e-01
8.552156243944133429e-01
7.484763164071642771e-01
9.304581784703286340e-01
7.996149081684321702e-01
9.805646835949868301e-01
8.149845609459909213e-01
7.349621035162723359e-01
7.046893889058200022e-01
7.866857580507901071e-01
7.162905732079251075e-01
8.368839319340520833e-01
7.153287084383095351e-01
8.923568438423477023e-01
7.598731673324230496e-01
7.794797051711765956e-01
8.853591371330455928e-01
8.103105523039120239e-01
8.661108553996892390e-01
7.978024027750098002e-01
9.360064137065060574e-01
8.566920880502416624e-01
6.315597146746287915e-01
8.142087537219170335e-01
8.647496658884856746e-01
1.005189356066194639e+00
8.481540362473913852e-01
8.814475276516137159e-01
8.840031341612747395e-01
9.136770759447613299e-01
6.543636892144001349e-01
1.059071434564585523e+00
6.915396181277577714e-01
9.745911406736458282e-01
7.656410721057825830e-01
8.713478275735533352e-01
9.907913542062304346e-01
9.830645072496511094e-01
8.075103086786354911e-01
6.497929976979752720e-01
8.790274203853708501e-01
8.767958143029892515e-01
8.492413055407893596e-01
8.086627608210462670e-01
8.465441433564045992e-01
8.821933154799437293e-01
9.080883864035108610e-01
9.475275049468656619e-01
9.430265260092132173e-01
9.033802542214871556e-01
8.652684907929031333e-01
8.179952724619353743e-01
8.735628598547514612e-01
8.294094427374809619e-01
8.258221779753237568e-01
1.084797926154417169e+00
1.011112355939339125e+00
9.051903271542209861e-01
8.844937792976388380e-01
8.032741499412789921e-01
9.056408711160416347e-01
9.391416340537370733e-01
8.534870311226639972e-01
8.553551048083640751e-01
7.751454494169565113e-01
9.624656626843303142e-01
9.732409229906936465e-01
8.723543924083683176e-01
9.285639305066351046e-01
9.016094638599099209e-01
9.027054483729410883e-01
9.798812032607779887e-01
8.627734616743059082e-01
8.596654735366677791e-01
8.830712949554647695e-01
1.015694526306486711e+00
9.198448635103447790e-01
8.703459671735465086e-01
9.132873361302704662e-01
8.024165629695503288e-01
1.066726018654713171e+00
9.377319177116963944e-01
8.923434689953394505e-01
8.629621350238744215e-01
9.361058233385596283e-01
8.409299925359231542e-01
8.789133060729777958e-01
9.672746059360665116e-01
1.040053746976788762e+00
8.819775926110484665e-01
1.001956724283529221e+00
1.100195320405363830e+00
9.531690891059190207e-01
9.860406971063789827e-01
9.472443676159829629e-01
9.394063209236264145e-01
9.850383701730901498e-01
1.047156009939729016e+00
1.150012983124820254e+00
1.009113420690636920e+00
9.142538386528679117e-01
8.573977400330752285e-01
1.171853390599430167e+00
9.455827731042532047e-01
8.916061949966102018e-01
1.074602802509022625e+00
