-1.018225798825907802e+00
-9.720483210285084663e-01
-1.179917021185753256e+00
-7.688802872655732257e-01
-8.410210125007741011e-01
-1.082475249654838878e+00
-1.087045589352590547e+00
-1.192004542322552485e+00
-1.070908992424900230e+00
-8.787720097369299266e-01
-1.001821250973428112e+00
-1.004802911669181675e+00
-8.827052007763791508e-01
-8.665904870031947427e-01
-1.130195522874885006e+00
-9.509629839718980460e-01
-9.738464308524118485e-01
-9.754642952646682685e-01
-1.100508009040918278e+00
-9.254912409729183498e-01
-9.081463931587733240e-01
-8.776288362016259059e-01
-1.053820894855644896e+00
-8.829855380743686366e-01
-1.077362274982238910e+00
-9.286512632803475276e-01
-8.650898808711641186e-01
-1.044409094443058184e+00
-9.446409047003587744e-01
-9.624050707974707297e-01
-1.023303150394740513e+00
-1.005850509187947051e+00
-8.139966040245885104e-01
-8.862756041263778473e-01
-8.384121717373376192e-01
-7.814906955848817116e-01
-8.299406507969029345e-01
-9.219224294535500741e-01
-8.025903999763424057e-01
-9.321068746077757483e-01
-8.999699324081158469e-01
-1.072131286744040013e+00
-9.351134991228782223e-01
-1.043583684733859096e+00
-9.633015307769519087e-01
-9.771756275744847287e-01
-1.028954473433155270e+00
-7.216082293174558293e-01
-8.544050847163709994e-01
-1.030810122826941733e+00
-9.915701089104929089e-01
-9.565640037879316049e-01
-7.649445337619880103e-01
-8.313861068777075314e-01
-9.520237828518973711e-01
-9.715907832074462958e-01
-9.510445412418100375e-01
-8.946168577384693288e-01
-8.524968681104155843e-01
-9.506272622789382343e-01
-7.833233772399980088e-01
-9.395803519775849377e-01
-8.542808450327228353e-01
-8.513505886028543967e-01
-8.550897810086819373e-01
-9.919005581555737638e-01
-7.053793390835361166e-01
-9.069881811754192391e-01
-9.711985804393287181e-01
-7.461591286559879910e-01
-8.648138652259478310e-01
-8.690853042626389691e-01
-7.345331290909293820e-01
-8.239500362372778053e-01
-7.522991927287858704e-01
-8.148461532560283826e-01
-9.357005340506682201e-01
-8.341721899034660881e-01
-8.613206870801648485e-01
-8.980150711062230284e-01
-9.200398708727075547e-01
-9.054343717319169871e-01
-8.163739689668667587e-01
-7.652146714652647841e-01
-8.281950109962135098e-01
-9.487103132620529067e-01
-8.227466528307555427e-01
-1.020413149214468129e+00
-8.670641350643620848e-01
-9.276552574042280508e-01
-9.484613646894048955e-01
-8.605284455699597768e-01
-8.151221354435222999e-01
-1.020211051897808030e+00
-7.464318625076481473e-01
-7.759235235133224995e-01
-9.230159892089502272e-01
-8.203072772885395825e-01
-7.379894851845220094e-01
-9.417391540768844660e-01
-8.159294429135544036e-01
-8.247781262872743158e-01
-8.262231614792215906e-01
-8.160153530978657699e-01
-8.513714199279901473e-01
-7.728271337699178511e-01
-7.195879807459786281e-01
-6.868889053209544793e-01
-8.854269636999906323e-01
-7.750729320769838004e-01
-7.834042017548913384e-01
-6.896321642078230285e-01
-6.937367597898963512e-01
-7.426905946089830124e-01
-7.906901562372544712e-01
-8.362763702244186970e-01
-7.861750243007105121e-01
-8.399125106077874880e-01
-8.332538065665253679e-01
-7.303022876641782624e-01
-7.258251468443794874e-01
-8.232137374168362332e-01
-6.702128349108515959e-01
-6.222932462572260404e-01
-6.720540024540183621e-01
-6.718402618672374427e-01
-7.212785833172129513e-01
-5.971816748290937893e-01
-6.595411579774527189e-01
-5.663212772114490923e-01
-7.183820889895085049e-01
-5.835032049142665489e-01
-6.404788708295389155e-01
-8.109080225582303569e-01
-6.946411422036651295e-01
-7.316426265271668283e-01
-7.254763245096541580e-01
-6.679901295667992622e-01
-6.973516978796128196e-01
-7.122439452226964063e-01
-6.436351262548248853e-01
-8.674594910720307972e-01
-7.851165033532028215e-01
-7.584796572557342964e-01
-6.733743193636453350e-01
-6.526052687013559339e-01
-6.261609508498390264e-01
-6.858081367293236141e-01
-7.790699949900331545e-01
-8.362989353768743861e-01
-7.265046551779437145e-01
-6.962893908421983191e-01
-6.347220317907993348e-01
-7.986775428663897003e-01
-6.587919148443501793e-01
-5.283691321917933781e-01
-7.033040812553602583e-01
-6.508333853570187344e-01
-5.127360810205154884e-01
-7.595535146730143516e-01
-6.085524335059553369e-01
-5.826397332604247303e-01
-5.277470090359159816e-01
-7.981033368683754237e-01
-6.988719565063012951e-01
-5.677737159328004601e-01
-6.810532143958663021e-01
-6.890095761213381742e-01
-6.864501254733528235e-01
-6.190425102115146849e-01
-5.652348906620943136e-01
-6.148046210005262413e-01
-7.731439395495485201e-01
-6.211359191508202260e-01
-6.965913207789059536e-01
-6.382492198424800645e-01
-5.293860559956486966e-01
-6.681080904065268555e-01
-7.103894799844070462e-01
-6.270743877982174475e-01
-6.351427850243347439e-01
-7.189145301191339765e-01
-6.468192639045579062e-01
-7.168362299927895087e-01
-4.135751904553458536e-01
-5.364395158181379797e-01
-5.687489201580794296e-01
-7.839756759967767552e-01
-7.534985781271889005e-01
-6.245159083847872106e-01
-6.248067604255334029e-01
-7.331140651025097599e-01
-5.515868560164899348e-01
-7.168676173830569320e-01
-5.653302574125133040e-01
-6.854195658708541750e-01
-5.847392486818961954e-01
-6.451549235870031040e-01
-7.055743855988275692e-01
-5.273523129287127631e-01
-6.478075076712604963e-01
-5.473638348564079381e-01
-5.264463021224390360e-01
-6.074879250672075015e-01
-5.531992700557327725e-01
-7.222392069449133922e-01
-6.447497569167299769e-01
-6.909353002297839996e-01
-5.732284431611994746e-01
-7.016675361274050671e-01
-6.232752399885416184e-01
-4.615425071095058396e-01
-6.906510456333221359e-01
-5.332593755122110313e-01
-6.561619300595562532e-01
-3.864740413584913936e-01
-6.555905934632106913e-01
-6.356670066429167543e-01
-5.414516078684800116e-01
-6.550122761374639335e-01
-5.826771786708453416e-01
-5.261617144531566259e-01
-5.986103205907680191e-01
-5.532731639894138409e-01
-5.114239810309418877e-01
-4.824640763852998115e-01
-5.421627933666459676e-01
-5.945146294995394820e-01
-4.462452757948676130e-01
-5.914149618957307286e-01
-6.888748685650041281e-01
-3.620938355667293607e-01
-4.444335141338415229e-01
-7.355065224161232429e-01
-5.928425816232698597e-01
-5.752482102992373392e-01
-6.082426196231636162e-01
-5.372382248573697172e-01
-4.710341748523423355e-01
-4.266772881275766593e-01
-3.981287610069418337e-01
-3.142235891654278634e-01
-5.192213938791391259e-01
-4.505581184246245097e-01
-4.548291340012785566e-01
-5.677296937601119531e-01
-5.069946927162990447e-01
-4.328498094571484600e-01
-4.119169509118157935e-01
-6.293168193195818327e-01
-4.034344100832774616e-01
-4.773590007913124933e-01
-4.828117914442928704e-01
-5.184143083573836686e-01
-5.459480540914051216e-01
-5.840224640356425079e-01
-6.046763134729409295e-01
-4.630329743581316770e-01
-3.564420861966294263e-01
-5.192190244574791391e-01
-3.822485156476273516e-01
-3.767077345214837614e-01
-6.487734885688773989e-01
-3.715726874705407856e-01
-4.382774172946099500e-01
-3.867012709460159181e-01
-5.251950371470623935e-01
-4.624838555793721606e-01
-4.096935909335160941e-01
-4.825240601463894885e-01
-3.835298766880833599e-01
-4.442680049464556302e-01
-3.003564955139771953e-01
-5.380475593272884272e-01
-4.384555345199118159e-01
-4.311573418539649261e-01
-3.422718582718859981e-01
-4.700168846080066132e-01
-4.199066021741655885e-01
-4.315951131609507829e-01
-3.686918596750828336e-01
-4.450153850014096912e-01
-4.871432336318721190e-01
-4.122093866619879199e-01
-4.049143016826358688e-01
-3.911531413075060581e-01
-2.766963283461538192e-01
-3.071026615220869282e-01
-3.385505423336060415e-01
-4.470016736847041150e-01
-3.578932798833619477e-01
-4.425759782083017457e-01
-3.188440540652716093e-01
-5.070253106309369207e-01
-4.155929555465239233e-01
-3.740003818379291078e-01
-3.952110520617582168e-01
-2.418766346869958284e-01
-2.998056434453013619e-01
-4.733248697495615054e-01
-5.417178404805215175e-01
-2.829521809479588756e-01
-4.855963147150932357e-01
-4.911622926146000379e-01
-3.392512286203754890e-01
-4.331244208310944255e-01
-2.908742242435466974e-01
-4.249843050130456823e-01
-5.527203830810093477e-01
-3.509618538752093397e-01
-3.833595068333394140e-01
-3.234509662212124437e-01
-2.984110452714870410e-01
-3.269872941627619545e-01
-3.809513491154633558e-01
-4.109211020435346584e-01
-4.830109234409046826e-01
-3.275544747298450576e-01
-2.400925305968089063e-01
-4.244067349333457417e-01
-4.415551151574395594e-01
-2.582646202630102250e-01
-4.392223803571345675e-01
-3.935242755104673140e-01
-3.075038545758166930e-01
-5.908731484180259619e-01
-3.897509619962305494e-01
-3.362072723537754548e-01
-3.779446910362047052e-01
-2.632266879318349573e-01
-3.404573604200036296e-01
-3.023401601056975863e-01
-3.080865881838244502e-01
-3.403090691473305562e-01
-2.452848138044984860e-01
-1.988724116573485634e-01
-3.633533411051453887e-02
-5.253571426094696406e-01
-1.934591480366248395e-01
-3.368947266419448083e-01
-2.783351063259393299e-01
-2.046031976591113910e-01
-3.111174431473580082e-01
-3.653198184292833495e-01
-4.762256682168533040e-01
-4.211906887966861412e-01
-4.275875789490641843e-01
-3.826515602517608361e-01
-2.558020815085231270e-01
-3.098213893848256739e-01
-3.838547195384766075e-01
-2.772330018972481436e-01
-3.193966592909175950e-01
-2.555426912288737418e-01
-2.915988225586662597e-01
-2.386559774640592269e-01
-4.864392712151117681e-01
-1.692931725337561144e-01
-2.433591908931071190e-01
-3.350706185893939648e-01
-4.050234919186057603e-01
-3.273958184931812232e-01
-1.986857726498686139e-01
-4.906255744004435204e-01
-1.565440501948513752e-01
-1.810254774992902105e-01
-3.442868596549533006e-02
-3.292758166019618682e-01
-1.935878537113535358e-01
-2.863228339605111694e-01
-1.774302105434283905e-01
-3.409238076970452225e-01
-3.127012872230150453e-01
-2.315160706301352123e-01
-3.406282129219036503e-01
-3.509822158764025479e-01
-3.479365406740378974e-01
-1.529096847782653035e-01
-3.098879450077333675e-01
-2.048182061443285518e-01
-3.237897949551917787e-01
-2.878825612631153441e-01
-1.811833031187571608e-01
-2.852674508847544699e-01
-1.854757906223604980e-01
-2.766360267020070429e-01
-9.155150585642143901e-02
-2.738574186456326220e-01
-3.039671531889558964e-01
-1.294712177102401163e-01
-9.539192444733390897e-02
-3.968954851910417858e-01
-2.367934729016701045e-01
-3.938619016349990676e-01
-8.879943380164091737e-02
-1.941286741183486930e-01
-2.740076648224351041e-01
-2.112689125371966514e-01
-1.739725320342631054e-01
-1.636790302835521016e-01
-1.193720100533229578e-01
-2.852379290707829362e-01
-3.169461798217350079e-01
-2.070872579167583327e-01
-1.857413456306154509e-01
-2.219336601934389364e-01
-2.206009665968358124e-01
-2.689428465115932254e-01
-2.137324179851931849e-01
-1.986071958165068763e-01
-2.106613310282944573e-01
-2.128936719466989758e-01
-1.860148157000856284e-01
-2.154365012913913580e-01
-2.217561775947727853e-01
-1.228827703320301279e-01
-1.853793964707204922e-01
-2.801870249945680458e-01
-3.328111717732845087e-01
-2.430534921936974291e-01
-2.635036288955550643e-01
-1.379269010672268536e-01
-8.508741370626607403e-02
-3.070328629854932045e-01
-1.156961279836884876e-01
-1.726664275140861737e-01
-1.178568931082942389e-01
-1.209856939503093504e-01
-1.120639723173346147e-01
-1.322609580758124237e-01
-1.680252532606475169e-01
-2.611592351935904111e-01
-3.523612713862893653e-01
-1.932429561761987158e-01
-1.082079208453808339e-01
-2.403542609288992771e-01
-2.747329733186303913e-01
-2.499848094715123592e-01
-1.660439804761129901e-01
-2.167532710343515467e-01
-1.292157799359299197e-01
-1.348517322446428635e-01
-1.816734937416334406e-01
-1.731649916003314971e-01
-4.964195426564417535e-02
9.555227023395565511e-02
-1.680298939093327615e-01
-1.283327530975109931e-01
-1.404736785276773370e-01
-1.069883954121990943e-01
-2.564152147611479249e-01
-4.392891565336927429e-02
-3.327917977260799742e-02
-1.934993287267008644e-01
-1.903835964538787562e-01
-1.296680491978026706e-01
-4.394745660701251944e-02
-2.719609917432258203e-02
-3.336657074512879018e-02
-1.599424094144192010e-01
-9.212623699790860321e-03
4.636717389721674298e-02
-2.266520149437415976e-01
-5.140274576068448731e-02
-6.361980304189704394e-02
6.225867350537614420e-02
7.105976037027636472e-02
-7.236007497793928156e-02
-4.556320450405455108e-02
-8.940956140619743531e-02
-1.381228596162636761e-02
-6.079393704120707176e-02
-9.865929654795146941e-02
-2.715190595410178417e-02
-1.717102489637336027e-01
-1.041019001023339580e-01
-2.121538731261778804e-02
-3.942055122453502064e-02
-1.499319539527287637e-01
1.347633887138261106e-02
-1.613849278079743932e-01
8.987313119195372568e-03
-4.350971029981440946e-02
-5.136504782289782502e-03
9.208536359916445757e-02
3.342694526161746338e-02
-8.760549994142363683e-02
3.476790456056977341e-02
9.365203171703841145e-02
3.697154231737306146e-02
-3.630846398863201568e-02
2.729372468749902136e-02
9.765847095746103823e-02
-1.615171079890805050e-01
1.115335199276404482e-01
3.651809293026458264e-02
-6.108961608317250297e-02
-1.040378882394304982e-02
-1.263323378669832797e-01
-5.833808399700971675e-02
-1.179489205660814721e-01
-8.591620103201050296e-02
3.682819528624400179e-02
-4.038246342048223275e-02
-7.652446807883636626e-02
2.955291325629577203e-03
1.099041873777612255e-01
-2.302736946211375244e-02
1.717279564183245566e-01
1.001056100606880078e-01
1.049705736356693411e-02
-3.832750230863021107e-02
6.638559787221545716e-02
-3.032083505457009928e-02
1.481114333627246184e-02
-1.006165618775073795e-01
-7.785308043155581871e-03
-3.845568707092941046e-02
-1.825543629667285284e-02
2.250670493296467178e-01
-1.059332016676812691e-02
-8.320760289707679336e-02
4.189168007103777694e-03
3.100442827153980507e-02
2.354606980719227069e-02
7.963975141374116107e-02
-4.369111017076701339e-03
1.364673497892546494e-01
-5.118134591325630700e-02
9.578673572848839246e-02
3.751872853835550720e-02
1.090229272457091253e-01
5.913065633201257387e-02
2.164666575014441707e-01
2.192066345265817340e-01
-3.216124985474996117e-02
1.204540925011063635e-01
9.810832596049091914e-02
-6.127203955931688484e-02
1.020578363313867781e-01
1.814652225773159822e-01
1.070162206088582230e-01
7.930874108105839815e-02
1.691818554156326593e-01
1.978264973479715860e-01
2.000372753771800238e-01
1.500512426440802904e-01
1.707975316987183356e-01
1.043484549205527939e-01
1.129898808768803470e-01
1.081270783007047265e-01
1.499886152557922646e-02
-4.741498118480647062e-02
1.547761863323468268e-01
6.012868049982347807e-02
1.476479345051858738e-01
2.379358875394469164e-01
1.200990846017403052e-01
1.998518391864096688e-01
3.998040580649291770e-02
3.575680589145498883e-02
9.083338283341665931e-02
1.335506693873767248e-01
2.614603710082485377e-01
1.413569540876938313e-01
5.280635678887279916e-02
-2.757617248464700258e-02
1.452368813416519411e-01
1.165309372176431130e-01
1.193919173982045112e-01
-4.342825974457147076e-02
2.071709592208787476e-01
1.230250410177520098e-01
1.173747743779576524e-01
1.338930275220577559e-01
1.898945457418790284e-01
1.819496044528857992e-01
8.665929873728371591e-02
1.700230648584875881e-01
2.611912502043414186e-01
1.415974379140497730e-01
2.369300064212757628e-01
1.719415346647354959e-01
2.168925806121196620e-01
1.754725605479361128e-01
1.147665743926446769e-01
2.342167854367699920e-01
1.466469397301267685e-01
2.493014725517034291e-01
9.061311535628595315e-02
1.826951067100821557e-01
1.582818189312329427e-01
2.792682099316133315e-01
3.063902348237734219e-01
4.325191318679489499e-02
1.848361683022946844e-01
2.686743747643520752e-01
3.082793572821516115e-01
3.555400703565264608e-01
5.907588133492474441e-02
1.765137153188355290e-01
1.603109002826922924e-01
2.039526679461241832e-01
3.052843206362104711e-01
2.844180835733938761e-01
2.055258223283502328e-01
9.283596544823244368e-02
3.165922929896295979e-01
8.806762754807997973e-02
2.548198882848418112e-01
1.176753641968544262e-01
2.167292442672714980e-01
7.086567186230478821e-02
1.735574696670376393e-01
2.087354039078921086e-01
2.954211785193497919e-01
1.959047094188621219e-01
1.227356386304242208e-01
5.592041572324616544e-02
2.839291422294998868e-01
1.142787317950252207e-01
2.786238387286649187e-01
2.696245265752192366e-01
2.415181959909974141e-01
2.987351593311862730e-01
3.734394015048737026e-01
3.118375787825913847e-01
2.415348289584258179e-01
2.838521842505303261e-01
2.389178828184672920e-01
2.665392171049010273e-01
1.825880455377214551e-01
2.738528034514372544e-01
3.558308404018294402e-01
2.299565259501319403e-01
1.102746305385656628e-01
3.770676303908789273e-01
2.027047530224376781e-01
1.563638595282695332e-01
1.747730009581061339e-01
3.637517894925891837e-01
4.771487607241265416e-01
2.676040153214850892e-01
1.315542724834866950e-01
2.869801707501085097e-01
3.094672279956854899e-01
2.514232980982801791e-01
2.398237980718447848e-01
2.620792885590354504e-01
4.794161193819974076e-01
3.074677123267624546e-01
3.168012892576114736e-01
1.570882506409885526e-01
3.874407498914029802e-01
3.276830720486550441e-01
3.036622287605129089e-01
3.313562699425376956e-01
1.676195484988161066e-01
3.067489783615283683e-01
2.541873610421677698e-01
3.063018863972407635e-01
2.433402388158125151e-01
2.136124956438454625e-01
4.604137584597481903e-01
3.295350482571856587e-01
2.195171155577061439e-01
3.648627678169219513e-01
2.547315035463767474e-01
2.789433980574412275e-01
2.407443654623382667e-01
2.425542962472950759e-01
2.159368949566102258e-01
3.987030119074148060e-01
3.831535975810010375e-01
4.933879630864028143e-01
4.506777735220288128e-01
4.107239191143458590e-01
3.261416081832115288e-01
3.713500728749447588e-01
4.433024080323828553e-01
3.080879917020587500e-01
3.579382732229166031e-01
4.030776333927756916e-01
3.648587139038412253e-01
4.492798273410967824e-01
3.475915613841801255e-01
3.377914438825905252e-01
1.320775244923114711e-01
3.842103651681625931e-01
4.002700242607873382e-01
4.456251303618875559e-01
2.936702356755986343e-01
4.922203670898867567e-01
4.072803393839578012e-01
3.866966539343731357e-01
3.608722255759845843e-01
3.897233364838655900e-01
3.458154522642941098e-01
3.399280692085870914e-01
2.316162441777332992e-01
5.689296970317325730e-01
3.089561826087057206e-01
4.668593912430155646e-01
3.589017158779980732e-01
3.460907439229009008e-01
3.646132143573620477e-01
5.070727835052485366e-01
3.001830639022917135e-01
5.067068033031187912e-01
3.905552898774383164e-01
3.349582896244005514e-01
3.635198347218556725e-01
4.990371955040852625e-01
3.875418956946945492e-01
3.568713654114328837e-01
5.048417687532497089e-01
5.053830845443662012e-01
4.469417534409181880e-01
2.986944474958461715e-01
4.708158848992324841e-01
4.346887529884691515e-01
3.419177391543704592e-01
3.710134232011116362e-01
4.015003932998797986e-01
4.535516714474935318e-01
4.063377492468239760e-01
3.450849001901789004e-01
2.753738674782595930e-01
5.552048270431554355e-01
5.239608208968793424e-01
4.667292128952703623e-01
5.321298165179277895e-01
4.459506280438736425e-01
4.423304749030978478e-01
4.570760681814710069e-01
4.770166901807971760e-01
5.271311577611429433e-01
5.781366202325183279e-01
3.457174896723381741e-01
5.345120430019467683e-01
4.790891537778542153e-01
5.808912889690858172e-01
4.528297256079398259e-01
4.030793701548164853e-01
3.718572659791353763e-01
4.765251570502229694e-01
4.440309110742805543e-01
3.932196633558808219e-01
4.676972512785604885e-01
5.412086056565881265e-01
5.461987174189589789e-01
6.164022243813844781e-01
5.993750464783510479e-01
4.836699231310824798e-01
4.623452194420608619e-01
4.858957317793829445e-01
5.415269820175706572e-01
5.166269594490846551e-01
4.619831968320111670e-01
5.847802082095894249e-01
5.569830808119788923e-01
5.579350763287413972e-01
5.944773278534263294e-01
6.583289514865040548e-01
6.457396650528476334e-01
6.698859781988344420e-01
4.983001416704900821e-01
5.192068168835303199e-01
5.391457219078060747e-01
6.027644875180062645e-01
5.496081250075564029e-01
5.219044853710262943e-01
4.327828817178145937e-01
5.588541187642093178e-01
6.008411157893001064e-01
5.573108775857976704e-01
4.887646875579200745e-01
5.735137719820236901e-01
3.886151021741371947e-01
5.444541527736911357e-01
6.147814190895913855e-01
5.269414912898968684e-01
5.817072731125711993e-01
4.770964589755199992e-01
4.620251849093863772e-01
7.057156505111219502e-01
5.326350151425990331e-01
4.951562921792534433e-01
5.606340054006573315e-01
7.775170286430773681e-01
4.252201584317905070e-01
6.772143763951169460e-01
6.034535315794266053e-01
5.665396048089856862e-01
6.211676870642749426e-01
5.658172102520031554e-01
4.948955805483072901e-01
5.337545183354753808e-01
6.037630088202846634e-01
6.318811332045392026e-01
6.333465194686495048e-01
6.535606052671473210e-01
6.655545092616534930e-01
5.172720346072742226e-01
4.860840957902511916e-01
6.091824221248105520e-01
7.025153677559724530e-01
5.065649051445474393e-01
7.972361391098001793e-01
6.122884191843854795e-01
5.823078948018542977e-01
6.725331886875466347e-01
7.097197068008502807e-01
7.390606003468773721e-01
6.147529379722078691e-01
5.594808647869060625e-01
8.006389342785829033e-01
5.683792750825128470e-01
5.594889588408515912e-01
6.440941687017610606e-01
5.537976272974999281e-01
4.478507686155973055e-01
5.812546501605034832e-01
6.181340088467547345e-01
6.316295382678651649e-01
7.320516353789914277e-01
5.635592612200529539e-01
4.952847208596713457e-01
7.137578857647735031e-01
6.740502552866168839e-01
6.319372229720795486e-01
7.473552957664971741e-01
7.153682339131137713e-01
7.359002320574625777e-01
7.256749015585310936e-01
6.439744121673979249e-01
6.638959354142318636e-01
6.862206094526327460e-01
6.550945268541070732e-01
7.485072801336231096e-01
7.184092941879679506e-01
7.414027403738249200e-01
7.454899802766966621e-01
6.134904646404449879e-01
7.443445922979942120e-01
7.493694522221877596e-01
6.803756926051454101e-01
6.832529826820012975e-01
6.990247160808318316e-01
7.859308958157384950e-01
7.429036898908839559e-01
8.947144159819347964e-01
5.136429231053853961e-01
6.661822227539127006e-01
7.450765510656667256e-01
7.211447132489232636e-01
7.148545033309073871e-01
6.949562231810538782e-01
5.393050331257209784e-01
6.962689703482553005e-01
7.884797029011346714e-01
7.927026489901290995e-01
7.077424302528720901e-01
6.859924543050720525e-01
7.534023520054604628e-01
6.352495047772561687e-01
6.905415393297088533e-01
7.397098309635962154e-01
7.366633994790594553e-01
6.099150866894438305e-01
7.360102255242612079e-01
7.005336701737182592e-01
6.994171684156638147e-01
8.741980430296504290e-01
7.457045792293836017e-01
6.549180268035668107e-01
7.966416493308127178e-01
8.503453677211829653e-01
8.523582357722787606e-01
6.962650920053242709e-01
8.755849662229687747e-01
8.408769336971342323e-01
7.744675621697537649e-01
6.887555667562944572e-01
6.242320066934815559e-01
7.550753982960534127e-01
7.021636191248696868e-01
7.918978328007784118e-01
7.796752576103512800e-01
7.690422613070229119e-01
6.791145432354174227e-01
8.433377324386593932e-01
7.932313733683851176e-01
8.796372011857527262e-01
8.218801820414769477e-01
7.123768557983883865e-01
7.469391251488839423e-01
8.042384145791522387e-01
8.440161040119587010e-01
7.319557467653368121e-01
8.906272676758234530e-01
7.874795486108633336e-01
7.880186880721887777e-01
8.942136494474488551e-01
9.103316128416120145e-01
8.180369144892495337e-01
7.574470580795624741e-01
8.774601994159899609e-01
8.922669009395073347e-01
8.298925772469639695e-01
9.449681813215242698e-01
8.028602028766717025e-01
1.094117849782530794e+00
9.683502859632322490e-01
8.319847474536380405e-01
9.795769114992373128e-01
7.903786441395703743e-01
7.354425764663451437e-01
9.229167203553275689e-01
8.594464349511656831e-01
8.423308348718706595e-01
9.009870010451318523e-01
8.202521659629163908e-01
9.253548008635150701e-01
9.063203719733659014e-01
7.527338966562581168e-01
8.699366595701730764e-01
8.956151029347894088e-01
9.443868343368390095e-01
8.617328393519858576e-01
8.050996220341113396e-01
9.588582982791273857e-01
8.937997640288154466e-01
8.930456291957290516e-01
9.253220419113684647e-01
9.421514687305853064e-01
9.162512749775971743e-01
9.404321345872151960e-01
8.851746340997511675e-01
8.832524146452254143e-01
9.160938118003968400e-01
1.013241942469261803e+00
1.074929241181839856e+00
9.654995197295906939e-01
9.943436289920176696e-01
8.750369994886869618e-01
1.019432976112293554e+00
8.077637178771182036e-01
8.118653593598694762e-01
8.189711015664309368e-01
1.048181657903626274e+00
8.548957712272828857e-01
9.269692713136403750e-01
8.526925837323775514e-01
7.765666408448234082e-01
8.511787824129527502e-01
8.148352168485646363e-01
9.203750760481796966e-01
9.087455646843186630e-01
1.071819999831572501e+00
1.025728649148622162e+00
1.041410652902896805e+00
1.097434638127130713e+00
9.468634074516091292e-01
1.036204161823855774e+00
8.526999889247948161e-01
8.457106122488815547e-01
8.408997602065204635e-01
8.786763670063887366e-01
9.862050311582958306e-01
1.058379751637827937e+00
1.028547146910898880e+00
9.507692018127251732e-01
9.361696099230883972e-01
1.017045397674086082e+00
9.150459848909214822e-01
9.832072405252639813e-01
8.384578265453915824e-01
7.646529956294048080e-01
9.646272158878040903e-01
8.109366732895756380e-01
9.482061082832354826e-01
1.091628258131303486e+00
8.821908690454997037e-01
1.045831288177846208e+00
9.246663189242572134e-01
1.065086694655670296e+00
1.032137765595857015e+00
9.965519656778346613e-01
1.098752896743496077e+00
1.032797261428744173e+00
9.723994356322762656e-01
1.104643875718267276e+00
9.785747236695215845e-01
9.823694281706705222e-01
1.003708148106210007e+00
8.651183385637069012e-01
1.099154978218946033e+00
1.082378593940455991e+00
1.024007327160492586e+00
