-8.735045628177464661e-01
-1.094149377098298181e+00
-9.530284946280965785e-01
-1.001879503727045595e+00
-9.558189330958061225e-01
-1.002606913490468488e+00
-9.528975400942552021e-01
-9.900571058043522443e-01
-9.653000991706457423e-01
-9.973341263456761974e-01
-9.834641510857117241e-01
-9.692949860388941907e-01
-9.978289392191164175e-01
-7.313023631911963474e-01
-9.078551918140839172e-01
-7.475261957914960398e-01
-1.022286743605175019e+00
-9.838388776747170050e-01
-1.005881575863041721e+00
-1.110418730397912279e+00
-8.835631255863014566e-01
-9.956341452296169070e-01
-1.027424892559037461e+00
-8.120107980785252755e-01
-9.329264695902893534e-01
-8.773704808271994837e-01
-8.880728101775648975e-01
-8.905307859898402567e-01
-1.004976310400826023e+00
-1.073458837267002863e+00
-1.031411230067409424e+00
-9.558710232520954975e-01
-9.571153569964760965e-01
-9.950647233455849339e-01
-8.859080139627316663e-01
-8.630449056279574371e-01
-9.061440033943716221e-01
-9.676735817446996402e-01
-8.637914118267888686e-01
-9.642272679337219321e-01
-9.814702119312572748e-01
-8.752893767073718356e-01
-8.627368221701668949e-01
-9.502555111935161447e-01
-7.361124823319160626e-01
-8.707296665370674038e-01
-8.970452683625204093e-01
-8.728121285909845595e-01
-8.482602754835377734e-01
-7.411455837780220879e-01
-8.880842727054693020e-01
-9.148600311513801486e-01
-1.003448430857891926e+00
-8.843720742967521309e-01
-1.052387694563324816e+00
-9.746564067906786644e-01
-1.094446988666247123e+00
-8.966230920289435247e-01
-9.949828342887611088e-01
-8.534256211549084981e-01
-8.474466388965432584e-01
-9.938238654561981633e-01
-9.829727880758499792e-01
-8.426162190326752510e-01
-9.583882951922171323e-01
-7.868326499605883262e-01
-8.506236308181529537e-01
-8.694181784059064055e-01
-8.446942312336588321e-01
-9.570391377807120348e-01
-8.832504159060186044e-01
-6.876197449742795786e-01
-8.400303847183926420e-01
-8.109112405346221575e-01
-9.152534585549001456e-01
-8.353785924080046055e-01
-9.247714812642484628e-01
-8.500172027085822757e-01
-8.338507216086309404e-01
-8.222036228773753619e-01
-7.612374655214968477e-01
-8.245241416716873051e-01
-8.361853013421954861e-01
-8.296759434709864989e-01
-1.003713974145781451e+00
-9.461805877139666254e-01
-7.614798423413532413e-01
-7.950254534365344128e-01
-7.973307640294954313e-01
-9.174207858625059719e-01
-7.483423321556241792e-01
-8.845048688100265455e-01
-8.688918843778942191e-01
-7.553628839276048668e-01
-8.255412155191378387e-01
-7.971631316755452001e-01
-7.579332557670941384e-01
-7.227579573547633363e-01
-9.243967419778763572e-01
-8.628516385623665741e-01
-8.586394002451143148e-01
-7.436186405989338999e-01
-9.306723859307004521e-01
-7.158023182662404116e-01
-7.755045151900095135e-01
-7.483078191382305233e-01
-5.953933695686991490e-01
-7.611120505876571851e-01
-8.726344508383927501e-01
-6.971520274959333019e-01
-7.771906445206120395e-01
-8.049916198320542504e-01
-8.493229403713322689e-01
-8.491480125639244703e-01
-6.411718171932598853e-01
-7.210757440411732500e-01
-9.311124306228752978e-01
-6.936258042263843127e-01
-7.301344866391962229e-01
-8.977509018905456273e-01
-7.016508909208972744e-01
-9.928633748853286090e-01
-7.652257935530557553e-01
-7.927205945327033820e-01
-6.955149024417267567e-01
-8.631561842325569112e-01
-7.665003977379736266e-01
-8.009510768581951101e-01
-6.496749290270596999e-01
-7.482137771882065858e-01
-6.344096342225163943e-01
-6.916009249534301739e-01
-8.288786168590819292e-01
-8.231405267987318419e-01
-9.566303393142856493e-01
-7.456420700445739458e-01
-9.247370525975503464e-01
-6.931141898035747539e-01
-7.144136652643725549e-01
-4.422474270602012036e-01
-7.451681559760323648e-01
-7.322658328904527725e-01
-6.657139978320453233e-01
-8.336362179434455566e-01
-6.933327357035513616e-01
-6.604289796502229581e-01
-6.344170689326676937e-01
-7.398832450397657690e-01
-5.375027721457092955e-01
-8.246255317647637195e-01
-7.665334007524801097e-01
-5.748180846362186402e-01
-5.592633667580019230e-01
-7.479557041539660611e-01
-8.099900433889355433e-01
-7.049375107113141636e-01
-6.356409616479775648e-01
-6.143047822659805091e-01
-7.042380800801518737e-01
-5.939789865424804916e-01
-4.672791949420501134e-01
-6.685485251317241362e-01
-6.434080549174709951e-01
-7.017867062593273753e-01
-6.722054452234732524e-01
-7.019838873718006189e-01
-6.950736769269255655e-01
-6.237484182159531709e-01
-5.622287647926299536e-01
-6.953239381059690416e-01
-6.363276673074174106e-01
-6.042064086206045959e-01
-7.747202787805023139e-01
-6.818566416687549259e-01
-7.078533258140898843e-01
-5.901728520463959127e-01
-5.868964955013211693e-01
-5.946474837433085581e-01
-6.800577405057286473e-01
-7.407416022292880875e-01
-6.515964194260444042e-01
-7.302695841465000060e-01
-6.156817685872363333e-01
-5.381160029699841862e-01
-5.952089220899320354e-01
-5.288163444975344518e-01
-5.497170312610635268e-01
-6.489245431311757573e-01
-5.824353771145622805e-01
-4.977960331621129053e-01
-7.193894071435331661e-01
-6.512023571691035739e-01
-6.275412803710501697e-01
-6.190303553732483532e-01
-6.256171621167220254e-01
-5.602313566690230173e-01
-6.649964607525546967e-01
-3.888369622943216863e-01
-5.739523228873775196e-01
-6.181502959868533376e-01
-6.310482140677922125e-01
-6.922053411765904940e-01
-7.354971287803009350e-01
-5.386968861578739221e-01
-4.187803570896250216e-01
-6.490128039518281433e-01
-4.590923859286112907e-01
-6.477006991944785907e-01
-7.934944272026787093e-01
-5.159716391112574296e-01
-6.832229486967839049e-01
-5.835961432424862094e-01
-5.904257682515640093e-01
-4.884871188439181000e-01
-5.725054805526438306e-01
-5.358782240467581115e-01
-5.054795249175791927e-01
-5.019635933378733261e-01
-5.354001312178654493e-01
-5.108692270313400785e-01
-5.822442332845136903e-01
-5.460939782074354376e-01
-5.916378710813043895e-01
-5.625245184623453021e-01
-5.056709770429691497e-01
-3.756363710556596125e-01
-6.774144750008395111e-01
-3.138165326718608261e-01
-6.743390286349634222e-01
-4.687483992768277652e-01
-5.731362977908823764e-01
-4.959122549575848415e-01
-6.655681445879264579e-01
-4.787963970197252062e-01
-4.715295213907736427e-01
-4.962349699841315243e-01
-4.606967501956757416e-01
-6.736383954353583059e-01
-5.273262779780908405e-01
-6.067123431250166510e-01
-5.077819431295509389e-01
-5.315291537432141888e-01
-5.870282030112189409e-01
-4.363073605488004825e-01
-3.999221069903029502e-01
-5.187085372842425990e-01
-6.565529538233443319e-01
-5.047335751196219134e-01
-4.955646238091938605e-01
-5.624128989853038885e-01
-4.675191894684384564e-01
-4.046010422289705866e-01
-4.635598701305737035e-01
-5.031650315410600705e-01
-4.395807702281158691e-01
-3.962641531124171390e-01
-5.262191442166139765e-01
-4.290856598407476463e-01
-4.598493485466818020e-01
-5.857776806317751550e-01
-4.663483726596031609e-01
-5.655588855551143546e-01
-4.771594426739550476e-01
-5.720905559702218479e-01
-4.104394924647011833e-01
-4.610815952651028948e-01
-5.538666367189641893e-01
-3.285155446772606846e-01
-3.106488611600008998e-01
-3.742370727336097880e-01
-5.120503226662687091e-01
-4.787103347897144756e-01
-3.032891607993316585e-01
-3.971075124447335791e-01
-3.856748281677782608e-01
-4.584635623643663060e-01
-3.818681971210695636e-01
-4.563269566105281894e-01
-4.052937215389409431e-01
-5.667733315381575654e-01
-3.425016647444175111e-01
-3.180678239333163959e-01
-4.543207901845936481e-01
-3.251731810377815335e-01
-3.122800015794168771e-01
-4.501015001650916503e-01
-3.953686221888643715e-01
-2.971146337774296931e-01
-6.132357648623975033e-01
-4.370301719111639449e-01
-2.953772221104367657e-01
-2.949437657218457742e-01
-3.017980685317455669e-01
-4.594872625495418084e-01
-3.848076189534009872e-01
-4.055092739474405739e-01
-2.119673087179706206e-01
-4.243736448089466262e-01
-4.485014465066421430e-01
-3.950382700864676355e-01
-3.661319720131189781e-01
-3.138736043134501830e-01
-4.236103951279394098e-01
-4.764652705984418479e-01
-3.839688633728186029e-01
-3.377131577660584250e-01
-4.210639679753202524e-01
-2.560153230982577521e-01
-4.694944032759721941e-01
-4.664595328577517686e-01
-4.219721853552980129e-01
-3.396979555296680831e-01
-2.819901580507534478e-01
-5.295724148836619127e-01
-3.414128171436226489e-01
-3.454719634150765217e-01
-2.705454396038299292e-01
-3.537213659909591579e-01
-3.927517712142910566e-01
-3.559845275771733042e-01
-2.861775083303243483e-01
-3.401438524260310126e-01
-3.406632668103002359e-01
-2.281146644157634740e-01
-4.467160085935852898e-01
-4.760609661574309315e-01
-4.050813676987394252e-01
-3.544019208690657452e-01
-3.363039881500484163e-01
-3.986916547150209933e-01
-4.191883423863499436e-01
-2.090374351357729144e-01
-2.925967715947316861e-01
-3.913400502836765216e-01
-2.651317111182716069e-01
-4.921895692775606901e-01
-3.825711843753450969e-01
-4.422271873778179097e-01
-2.460215549051927575e-01
-2.226048527232032115e-01
-4.771889930144799230e-01
-3.490704884622410353e-01
-3.447136615890717959e-01
-5.144331507851587215e-01
-2.651199331255483793e-01
-3.267599307472822123e-01
-2.775176086262300390e-01
-3.168579214292108759e-01
-3.504941841870142238e-01
-2.844550889176459818e-01
-2.625898374946702418e-01
-4.116790701460250057e-01
-2.118895816846863567e-01
-1.543985565722540143e-01
-2.808720511298535838e-01
-2.583838623079725560e-01
-2.256847098963929155e-01
-3.489390792791590146e-01
-2.072691416350670168e-01
-2.815918081016438590e-01
-2.271378567906960633e-01
-2.398791509447963655e-01
-3.740757891983313432e-01
-2.170212384682661810e-01
-3.407341029331170112e-01
-4.075497147272224563e-01
-2.212341053401573887e-01
-2.694848266300063910e-01
-2.433563250612127138e-01
-3.147890044572388968e-01
-3.230787444713150158e-01
-3.094349012784423647e-01
-2.867153262893230026e-01
-2.620039305129472917e-01
-2.788217967594973645e-01
-1.889787694397848938e-01
-1.260279990239132064e-01
-2.795151574393290317e-01
-2.956248165790708593e-01
-3.424414836818835961e-01
-2.578307191551709732e-01
-2.290375179305997044e-01
-3.079896877405432012e-02
-2.872400753825216091e-01
-2.272092938060731315e-01
-2.893317209010568547e-01
-3.240586697816377759e-01
-1.994802435493551185e-01
-5.843609136145067051e-02
-2.023832905200530496e-01
-1.649212404423771317e-01
-1.953004116033400517e-01
-1.819034395203805721e-01
-1.473914209227416283e-01
-1.910930345418080933e-01
-1.845895313992428066e-01
-1.400020685677144106e-01
-2.673366905929838167e-01
-1.640499242530990276e-01
-2.136957124265513319e-01
-2.161231444730102591e-01
-2.749781361932689960e-01
-2.212269590342734182e-01
-2.408298715834409354e-01
6.140545476687694383e-03
-3.499144082552322343e-01
-2.528924672887056246e-01
-6.928251332183028854e-02
-7.992062864419403889e-02
-1.840321637323753812e-01
-2.136462343507543882e-01
-2.066845175009479063e-01
-1.878126875111617022e-01
-1.326527846382394016e-01
-6.863677946006192798e-02
-3.229491071529346224e-01
-6.348350072051543724e-02
-1.587676847497088428e-01
-1.944423876196257617e-01
-2.512996351922089922e-01
-1.113544129367323166e-01
-2.242696942668432891e-01
-8.316710784519568134e-02
-1.186448336531883974e-01
-2.909123211422303193e-02
-1.917678558266255051e-01
-1.843025084797246249e-01
-2.886320942538374013e-01
-1.333331432769195857e-01
-2.255314065044273786e-01
-2.038936968263144744e-01
-2.147088307335388024e-01
-1.536338104871092236e-01
-1.660757856465886473e-01
-9.221064672006223928e-02
-9.697138082516403024e-02
-1.325845892705737605e-01
-4.447056837516983469e-02
-9.578016084113889772e-02
-1.417149088595166806e-01
-1.124619237702054048e-01
-1.557417555452354496e-01
-2.788173676551735647e-01
-1.635642045972363345e-01
-1.472765341972257225e-01
-1.251300401173048860e-01
3.073086337706261786e-02
-1.365078172546980717e-01
-1.116471156136491089e-01
-2.314912534443309411e-01
1.540031116689031783e-03
-4.515622269474712375e-02
-7.681310337573346581e-02
-5.225348208977705772e-02
-1.749453864855094742e-01
-2.964246104277150629e-01
-1.326754959326349181e-01
-1.771738658426876278e-01
-1.095419207112988402e-01
-1.254046207407030211e-01
-2.145003119875548980e-01
-1.715503851874090879e-01
1.036979532170073139e-02
8.559251334917550866e-04
-7.691764460909850110e-02
-3.449561587040114036e-02
-6.100529340879215848e-03
-1.939057592862722113e-01
4.625947028437823322e-02
-1.461478753834397895e-03
-1.695655630142748130e-02
-1.464890372479900615e-01
-6.058364950183671438e-02
-6.736714989582152924e-02
-8.812624708253680161e-02
-5.923670050872621023e-02
-2.207833932815689848e-01
-2.321563608320935737e-02
-4.249468345754883053e-02
-1.623872448415457706e-02
-6.164580676115440777e-02
-6.411416646660073049e-02
4.424836152847377857e-02
-3.149706897864239241e-02
-1.382704042888432405e-01
1.886732739472255643e-02
5.234994695485144234e-02
-1.320893045904533436e-01
-7.204387318793648021e-02
9.123356902270809282e-03
5.228177054424133774e-02
1.141647356256961232e-02
-3.419552288771218057e-02
-2.255383777508294940e-02
3.961586136021046090e-02
-8.937824936969493428e-02
1.860844538173180296e-01
-1.495625430296951795e-02
-1.264882303697092286e-02
-1.108025234656606905e-01
-6.773050508552085069e-02
8.343151537793044858e-02
-5.587980368160969796e-02
8.767553400247606044e-02
6.776246404373421905e-02
3.531555747847707483e-02
9.000310057188374777e-03
2.419257167459776606e-02
-1.306659295292087603e-02
-3.306906814819792883e-03
1.164000758481559122e-01
2.828922191871735548e-02
-1.094387342153422399e-01
1.753132377431375691e-02
6.462914811536253634e-02
-6.880997279853218185e-02
1.383291017154209511e-02
6.450672826056605413e-02
1.017944740821266347e-01
5.354879509071112931e-02
-2.664502049738310396e-01
-1.938507980008883358e-01
9.278261915366839419e-02
1.218679772197875932e-01
3.489033267266552357e-02
4.537609309992809287e-02
2.913670029196343408e-02
-2.446559531351793354e-02
8.229034812852788205e-02
2.835836266578781878e-02
5.737480990776025469e-02
1.500469602282377135e-01
1.824796295880413421e-01
7.553118917732325188e-02
-1.862633100169737085e-02
8.676957756548299427e-02
3.064188700111582231e-03
1.011763339922445160e-01
1.386243360285756843e-01
-5.241187238432556267e-02
3.826967758710812101e-02
1.923507461550676423e-01
8.429590742806943385e-03
-4.744688374898944211e-02
1.045660736987837902e-01
1.499724981885908470e-01
2.316611489397321297e-02
1.560578825666687208e-01
-8.449134572326176540e-02
1.183002108322689511e-01
1.454671565156141419e-02
1.319511937277554059e-01
1.587614851953675077e-01
1.553831130763153046e-01
-6.154618453376404369e-02
7.459113761151560384e-02
1.060662909447147445e-01
1.199315727734574788e-01
7.265841152801763569e-02
6.602708422707055658e-02
1.907385535536036958e-01
1.234592181703413338e-01
1.577649919615727592e-01
8.270723552218424424e-02
2.971523410188144365e-01
2.002068479442171145e-01
7.671746159404994880e-02
3.813723187373067175e-02
1.671025969499873587e-01
2.613097361920970196e-01
2.153789012526228785e-01
8.697021729687499925e-02
-3.600957268762468994e-02
6.038257164815931388e-02
2.036018205889529586e-01
5.996545923072730405e-02
7.532041638239307668e-02
1.511035977686762122e-01
1.782072959892254671e-01
2.046562326957402367e-01
5.346658378338808165e-02
3.263932155593422535e-01
1.520417567584445850e-01
2.232730058484332647e-01
-2.842741351347595133e-02
1.844642784411314462e-01
8.228232539906826792e-02
2.820271956755704412e-01
2.637862406937627191e-01
2.384795291081493740e-01
2.372828913590592781e-01
9.289687927400241962e-02
1.161017413822557354e-01
1.119861896980222926e-01
1.164126671312604860e-01
2.031606703293750982e-01
2.922952699054638392e-01
9.517163396532683783e-02
2.976673636042817539e-01
1.851839337806606700e-01
1.385348104677216752e-01
2.201371831015887515e-01
9.419952922969060394e-02
3.415925673751534219e-01
2.764555892593034692e-01
-4.101169768170847239e-03
8.486440075798105942e-02
2.041552022945234413e-01
9.367936433018997366e-02
2.276449647483108907e-01
1.112843142445091443e-01
2.142584727407998713e-01
2.687635455719639688e-01
2.532030147397349440e-01
2.704660103701989615e-01
2.741845057355148940e-01
3.480409030099299583e-01
3.061356143645622141e-01
1.599381380458682611e-01
1.592494894611492795e-01
2.694486020101216628e-01
3.257339826602039246e-01
3.118404439682392892e-01
1.589094575868954806e-01
1.950157748436326666e-01
2.548865951239582262e-01
2.789745644506897992e-01
2.873159383637076125e-01
2.875906014810113986e-01
1.479684207365269677e-01
2.989733695583587370e-01
2.214918017057111721e-01
3.463734065889895741e-01
3.822408136471724949e-01
3.175918733973670527e-01
1.492152346478624325e-01
2.781854439899982823e-01
2.058819100494152787e-01
2.681210580115934716e-01
4.278052474528075133e-01
4.412421632935719096e-01
3.295937980180854709e-01
4.051449212340075823e-01
3.224390564602653830e-01
1.885088069290704604e-01
4.536577980835784230e-01
1.731813169916420481e-01
2.931636133496355323e-01
3.747505053761264193e-01
3.194524423007832903e-01
3.741539477275325765e-01
2.418213772866039946e-01
2.437594824846177344e-01
2.809111444998210749e-01
2.872834957940914036e-01
2.851762308931573009e-01
2.595785459820574848e-01
3.796916360271396229e-01
3.860472913801443196e-01
4.139823608380948095e-01
4.914365421353612540e-01
3.519465606444022732e-01
4.128505395567804159e-01
2.583345866464479279e-01
2.905587843448335095e-01
2.496905832008682324e-01
3.113103845247735535e-01
3.207736606628681653e-01
4.242136834186057137e-01
4.788377866446942299e-01
3.329129269210979181e-01
4.274199520230237970e-01
2.453062146905689300e-01
3.802921828723057063e-01
3.536625405552089596e-01
3.593493738060639098e-01
4.012925913288684088e-01
4.860023903659280720e-01
3.287722729382298037e-01
2.689411353220407808e-01
4.896561073721671375e-01
3.526377619304850719e-01
3.570926229906955518e-01
2.539512751324910500e-01
4.923471363533869494e-01
4.162559284250992309e-01
4.575755468466045084e-01
5.311285634535761746e-01
1.974988407515007593e-01
3.120336202695481731e-01
3.337098280304768294e-01
1.605793835518083412e-01
3.098602020049912587e-01
3.730245362609471704e-01
3.997537370956503189e-01
3.097290165586012445e-01
4.736576825786932843e-01
5.161841818133764415e-01
4.691034271730177285e-01
3.612211032993791759e-01
2.704167787959633196e-01
3.371485336494818297e-01
3.043818950645913457e-01
2.983621283368366184e-01
3.313439032021674446e-01
4.332296637122027838e-01
5.187934802678210167e-01
4.752983003872571777e-01
4.624641030448752299e-01
3.132424740553343967e-01
3.417243954100132042e-01
4.837586975619550533e-01
4.035019308950593686e-01
6.014747144514737132e-01
4.897925995461555604e-01
5.018216543151536868e-01
3.934980226843460271e-01
4.015407103157824786e-01
4.601209622412372191e-01
4.840260602200371909e-01
4.080061812593791526e-01
5.067015525465138337e-01
4.216496474734889865e-01
3.974332084782378760e-01
4.440529378963188889e-01
3.704854362060050477e-01
3.685130599434904286e-01
4.185369594405163873e-01
3.970320247126293833e-01
5.178592024386780013e-01
3.868844403756016015e-01
3.549019524669581038e-01
4.899645149787026366e-01
3.460129388698676145e-01
3.468560570161485224e-01
4.335345221429854901e-01
6.158073471359588602e-01
3.978670380715375599e-01
2.936032865457294250e-01
6.648988579789312237e-01
3.961841547101251360e-01
6.384966050714369068e-01
6.205483848774431266e-01
4.880793726466955973e-01
4.744736830646196779e-01
4.692997686440736338e-01
4.605129471409155073e-01
4.169724157576852885e-01
7.609162868934103985e-01
6.023412806144260445e-01
6.057441057321921729e-01
5.566340553047863793e-01
5.302362214897506920e-01
4.440024710926986917e-01
5.803340379607405675e-01
4.849026468114477351e-01
4.746827250352245731e-01
5.329648935009355659e-01
3.571247799673754053e-01
3.200580976458720084e-01
6.655457463044334165e-01
5.094463701097395880e-01
5.950618570147985231e-01
5.425546871762052525e-01
5.852855420604256009e-01
4.787184362962514927e-01
5.558063450879143774e-01
5.749431036994373523e-01
3.257350033298788139e-01
5.644974291211852790e-01
6.086951208111383016e-01
6.112555685801855931e-01
6.325398488309579292e-01
6.717596323169847672e-01
5.625660785594270852e-01
5.595578657660311706e-01
6.016546064291498075e-01
5.522709962938149308e-01
5.528293635507645076e-01
5.948345314558510788e-01
5.100163593073165913e-01
6.323416387945586248e-01
4.884917195322526218e-01
6.664679359450736973e-01
5.178398575567335627e-01
6.009702326488505220e-01
6.230558086962592057e-01
6.241562738440735725e-01
5.524879868014103135e-01
6.700181423642342926e-01
5.948061000418862765e-01
5.204150963656424267e-01
6.227692659694197275e-01
5.635631408521710739e-01
5.991831798529624331e-01
5.359477807946312344e-01
6.674999742278381332e-01
5.876649750190112709e-01
5.984544884688500765e-01
7.097676023720872474e-01
5.725772169652888488e-01
4.397208687405208538e-01
6.211143935097480639e-01
6.005271579562942996e-01
7.316287757648181067e-01
5.351646157480345334e-01
4.489845468900936498e-01
6.732663966036859238e-01
5.151168006662890653e-01
7.301727198611213110e-01
6.517317167252265619e-01
5.257896717477898996e-01
4.802703429485370434e-01
5.480543042830734457e-01
5.716132506530648971e-01
6.737040381524639354e-01
6.293958239274555222e-01
8.274431614327092399e-01
7.602054845071659628e-01
6.557924019795949855e-01
6.233768883237176262e-01
6.546248141832168299e-01
6.295295078179554693e-01
7.126347156209157374e-01
5.491659137336728502e-01
7.234914962453080634e-01
6.623688662309065167e-01
6.856481930962698979e-01
5.263025873586201220e-01
5.514298047516799084e-01
7.879974982795291405e-01
7.357114011723847602e-01
6.934516501959780976e-01
6.712856707675456391e-01
6.879830330774773239e-01
7.274724490278836608e-01
4.771041549092940870e-01
7.785358216706648182e-01
6.879992371566889808e-01
5.727622045183359267e-01
7.646235848947094960e-01
7.132603312552003860e-01
6.994836329649595230e-01
6.522438066134427226e-01
7.685272562471596736e-01
7.231116082922075528e-01
6.020109672330455908e-01
7.224184188199911372e-01
6.439821176204999498e-01
7.594250437381577790e-01
7.082091968493152701e-01
7.225379941299159281e-01
5.607964839815100522e-01
6.855723655352826684e-01
9.443536379182581042e-01
6.079762507371438973e-01
5.741794215331171847e-01
6.933523566641142111e-01
6.075430262758295674e-01
8.728898648742574595e-01
6.673106182909510631e-01
6.524350799984631744e-01
5.109134299827146064e-01
6.496748364711341095e-01
6.466863438700881650e-01
6.784092334652224165e-01
6.519512958919925216e-01
8.150759842064135841e-01
7.720071587946099045e-01
7.318728004573961110e-01
6.859406657709331556e-01
8.187729838818896821e-01
7.543141211164781090e-01
7.685756063593850440e-01
6.759858583626138229e-01
6.876607010354983673e-01
8.103601204570339833e-01
7.103330180246580916e-01
8.269148135540806965e-01
6.186815660551362450e-01
8.015800561852391981e-01
8.265172209954539939e-01
7.492606344546078878e-01
8.097232486292830211e-01
7.032423498280033769e-01
7.843634002228648816e-01
6.973319589657415163e-01
6.507833367430380100e-01
7.591721007956411249e-01
8.024834920821843909e-01
6.495908681489247494e-01
8.744173908342004475e-01
7.918892007459499283e-01
7.366359065670750050e-01
7.648593149061502228e-01
8.603695247936266055e-01
7.521552820443834220e-01
9.096917871691309054e-01
7.971289970739056097e-01
9.937538855825304163e-01
8.108457266852749923e-01
7.687294424113234603e-01
7.068484338946715573e-01
8.076542132877675417e-01
7.182815189373999987e-01
8.439691204146814174e-01
7.160502658685091726e-01
8.875655894952872993e-01
7.698608981131648266e-01
7.664950503667409265e-01
8.920589820282877058e-01
8.345894724742366488e-01
8.750829003033850917e-01
8.037000450281703845e-01
9.460712044615814387e-01
8.643959704461271487e-01
6.464717215547867157e-01
8.092773089008522547e-01
8.819327562335479431e-01
1.000886343623387020e+00
8.650221107627058537e-01
8.953802634031498009e-01
8.859957406889429343e-01
9.060997300612987360e-01
6.754101824369543872e-01
1.075808323662648336e+00
6.952675852033739501e-01
9.719446236700487463e-01
7.686476918060836105e-01
8.476036480946063101e-01
9.836706832716849425e-01
9.531172724332052093e-01
8.152751619186842102e-01
6.633638648094789536e-01
8.737122084839055169e-01
8.631851183729208898e-01
8.629291619741146224e-01
7.971515831771571747e-01
8.423202212300818781e-01
8.894164847838443855e-01
9.433083286382323296e-01
9.402371534140582243e-01
9.630006606465718599e-01
9.089202552672197566e-01
8.641405342646000243e-01
8.144347984226899539e-01
8.793259154066187522e-01
8.245027429995708257e-01
8.310326735797080033e-01
1.075602229445034697e+00
9.844696137551807169e-01
8.973036673502433613e-01
8.822315996333542909e-01
8.200040873460195945e-01
8.963810450523285178e-01
9.407080467047207462e-01
8.489443984098585805e-01
8.759687484387117529e-01
7.838872332434929646e-01
9.565819649251264822e-01
9.730832126059331122e-01
8.561255169192151238e-01
9.299116248361734005e-01
9.264090173328873856e-01
9.136360374435161802e-01
9.533455241770433242e-01
8.591060823260190382e-01
8.680268929339890471e-01
8.849152874239299971e-01
1.005644017204772478e+00
9.171589181360738641e-01
8.611867676563657037e-01
8.987374924879972804e-01
8.292835024672798871e-01
1.064562720734056223e+00
9.303445505721225084e-01
9.072106606088916614e-01
8.925843319850217394e-01
9.509648615974605201e-01
8.540084456022880577e-01
9.040034705182260488e-01
9.846300048650421521e-01
1.024689154388282786e+00
8.972213372176444102e-01
1.049670436885181468e+00
1.110216336837945850e+00
9.710353975144880856e-01
9.752131091623681414e-01
9.757357093579108742e-01
9.689282927512286037e-01
9.768206456940028426e-01
1.043178452552785407e+00
1.152142775908958194e+00
1.021890196487188041e+00
9.141900595748051472e-01
8.483111936526233077e-01
1.181123448956757027e+00
9.478361298212726327e-01
8.555841664564671767e-01
1.066639363709540822e+00
