-8.320059127256480558e-01
-9.934230607296489213e-01
-1.147887414483037549e+00
-9.601276801440352671e-01
-9.937225084239805772e-01
-1.110039200359170142e+00
-8.320054801387317678e-01
-9.673957869715610336e-01
-9.281308007696044138e-01
-8.109644826238529003e-01
-1.030319960314915573e+00
-8.488951171052732114e-01
-8.425878795034441593e-01
-1.019000852439365667e+00
-9.180903319828092046e-01
-8.498581906064291980e-01
-8.821204334979279027e-01
-8.984719175249372691e-01
-9.424753961263881985e-01
-9.988582832381823762e-01
-7.638492220865558124e-01
-9.213738453987381227e-01
-9.795998876788728493e-01
-1.005081282064199222e+00
-9.376789214500673708e-01
-9.400608572613802227e-01
-1.019117198277794234e+00
-8.169050159011636003e-01
-9.124560724175414528e-01
-9.983003147064045679e-01
-1.062841690025066566e+00
-9.300304413411758508e-01
-9.850593291805149754e-01
-8.202640101307432374e-01
-1.074821850010177826e+00
-9.388502043292056287e-01
-8.196315598102771327e-01
-8.876688120388095404e-01
-9.434734221946450283e-01
-6.444682469540108372e-01
-9.989859598513698424e-01
-8.818459185744064177e-01
-8.908086060770805670e-01
-9.463027706251265769e-01
-8.760870331124431809e-01
-9.119707355754693712e-01
-9.784073920748445063e-01
-9.387405492071974056e-01
-9.789208209784346915e-01
-9.358064805099207684e-01
-9.578150186709235570e-01
-9.587044271918135907e-01
-7.472245624208403436e-01
-9.020351759853298956e-01
-9.068521712486863340e-01
-9.961099781992774904e-01
-1.039936803876231775e+00
-7.883977205912585662e-01
-9.185001101399905554e-01
-9.200864392258005786e-01
-9.007722081993652097e-01
-8.787374072864311270e-01
-9.064034803652800676e-01
-7.656688288167320389e-01
-1.042755039767069514e+00
-9.309038319715712273e-01
-9.008893248315664737e-01
-9.069861595879319394e-01
-8.515900686093846872e-01
-6.495267437074097039e-01
-8.096184915168498364e-01
-7.419741687666416841e-01
-8.455175947248815271e-01
-8.454639914797363875e-01
-7.685318773984880503e-01
-8.204469331471055948e-01
-9.717152418442867035e-01
-7.353957650505559274e-01
-8.576394658683396122e-01
-6.781451440238811523e-01
-8.517877767330531702e-01
-8.379587793854962330e-01
-7.493733723873019503e-01
-8.832782488018986466e-01
-9.074102409605426800e-01
-5.758314318586542635e-01
-8.729325619517629420e-01
-7.629715306449820211e-01
-8.468644447171781442e-01
-6.857606475909010513e-01
-8.571238031662421486e-01
-7.794778655328264971e-01
-7.480826056160868598e-01
-6.939469095104167096e-01
-7.746617860556951340e-01
-7.897966436217247477e-01
-8.805981269967942948e-01
-8.717405205557740011e-01
-7.908574819553882973e-01
-7.375599043141235489e-01
-8.897402090403428998e-01
-7.932404980341214440e-01
-8.651309274653189441e-01
-8.723810383703216598e-01
-6.569436919463153002e-01
-8.093691315793537511e-01
-8.026790860405135231e-01
-6.438329536756995930e-01
-5.915163402578873519e-01
-8.801762156516420577e-01
-9.005629726635419052e-01
-6.918510909275324972e-01
-8.024269456841518489e-01
-6.981297684155739480e-01
-6.657006134179721535e-01
-8.257852862472172539e-01
-7.414987409832933807e-01
-7.387298783410711778e-01
-6.344618075526260448e-01
-6.796385629526946470e-01
-7.676010558928264560e-01
-8.352306739941320890e-01
-8.034365876319650157e-01
-6.534468555191217387e-01
-8.378606014034114535e-01
-8.527484835669459917e-01
-6.934959902596026238e-01
-7.879069182045953523e-01
-8.757751165446743258e-01
-7.406731325744841943e-01
-8.066515643767596666e-01
-7.142226407021589063e-01
-6.700245298110941716e-01
-6.086285120465717569e-01
-6.152105580694764431e-01
-6.886628618944732327e-01
-8.465658628236203409e-01
-6.676343354977251066e-01
-7.107893860545316800e-01
-6.768157917645478694e-01
-7.249119398635087697e-01
-7.122191901351225818e-01
-7.271962201868079623e-01
-7.586915680047924271e-01
-6.910470435623404795e-01
-5.959368269561288178e-01
-6.648387192945496293e-01
-6.802583300619990947e-01
-6.964079052960387983e-01
-6.209073921304459898e-01
-6.413363370701096189e-01
-6.350184758910127902e-01
-7.896851758803145049e-01
-7.621619208012164748e-01
-7.372373749421474720e-01
-5.557049874599450101e-01
-6.140035983870140157e-01
-6.925358888128926305e-01
-7.000291291623376155e-01
-8.677134384415220447e-01
-6.241224405273748665e-01
-6.712242594606424584e-01
-6.475409434418026855e-01
-6.052366893948535331e-01
-6.574739077820516142e-01
-6.221636945892203840e-01
-6.284477083724265833e-01
-5.829419300312655983e-01
-7.141089911670355228e-01
-6.097956797273931251e-01
-7.806578831625915482e-01
-6.705495094718010307e-01
-8.194468114583505214e-01
-7.254685313828264093e-01
-7.070218185039304215e-01
-6.857750754561224849e-01
-6.608574257665348339e-01
-6.037769316948773390e-01
-6.836649835607278014e-01
-7.451466674931755962e-01
-6.159204193250402692e-01
-5.515655238372552116e-01
-7.234387641340895847e-01
-6.060037244601357287e-01
-7.107314851128940791e-01
-6.444419797917452231e-01
-6.738320327696047940e-01
-6.450645643469608004e-01
-6.851181188561830115e-01
-7.952886095787766729e-01
-6.333850261999325326e-01
-5.351045293774951972e-01
-7.008921952603773819e-01
-5.389968668315218148e-01
-6.942459617111177428e-01
-5.611896344763633859e-01
-8.017048913011144418e-01
-5.415036871718912348e-01
-6.865530316960666291e-01
-7.205929302535484249e-01
-5.453900736152701434e-01
-5.204397890460246145e-01
-6.599178059289612097e-01
-4.833268034980979233e-01
-5.694189288293509676e-01
-6.671967055059204732e-01
-5.519778329473820078e-01
-6.474423499767417711e-01
-5.276026761096256346e-01
-6.294181596797626677e-01
-6.443098817010886048e-01
-6.494919197654935861e-01
-6.561053833718923922e-01
-7.011871179807063204e-01
-6.071532802418757591e-01
-7.406098870128956513e-01
-6.533514882219940700e-01
-4.896281023641020913e-01
-4.742580384059301157e-01
-5.204331601569547328e-01
-6.752586259658784895e-01
-5.670332269185835994e-01
-3.211731551321218570e-01
-6.177863339164562095e-01
-4.744503533776563420e-01
-4.297893408769848378e-01
-6.096866294840419531e-01
-4.716522380643218271e-01
-4.433204494964511078e-01
-6.769524016333033911e-01
-5.054383912301211312e-01
-6.046993951642670728e-01
-4.018455940667248205e-01
-5.699555600602368433e-01
-5.652817502191966881e-01
-4.783878515018554212e-01
-5.239939261871776610e-01
-6.075072080433024935e-01
-4.581030072599953096e-01
-4.772422583034274801e-01
-4.616000280632009956e-01
-5.593815354262061668e-01
-4.476590647217193464e-01
-6.138481119994456670e-01
-7.807828811618666709e-01
-3.871912498582086304e-01
-3.926001010086405119e-01
-5.136128552986499729e-01
-4.148000739078500643e-01
-5.184280093277943147e-01
-5.937348076299175936e-01
-3.886190201904753949e-01
-5.778031915072395774e-01
-4.205583629740475282e-01
-6.070102102578766035e-01
-5.641165240401031511e-01
-4.315588161198012362e-01
-4.022677434517819006e-01
-4.507209697023272232e-01
-5.632604635696112361e-01
-4.105505792989610492e-01
-4.917301467128821768e-01
-4.200949407451131101e-01
-5.928321645115013361e-01
-5.899409219346150035e-01
-4.829619985181051178e-01
-5.719055697188141218e-01
-3.493264436176273802e-01
-6.009410251789948365e-01
-3.887769424349611369e-01
-5.081939905452762529e-01
-4.255784455631098639e-01
-5.351473822429163585e-01
-4.848405507234537226e-01
-3.515156795387350264e-01
-5.042778364832276594e-01
-5.960609874706082056e-01
-4.309266978519018521e-01
-5.095238014996883447e-01
-5.193958780969358813e-01
-3.741957603831654322e-01
-3.653573874434258295e-01
-4.664727564694121087e-01
-6.210952082116250050e-01
-4.245845165052320458e-01
-4.499689237054461666e-01
-5.141853069401737253e-01
-3.783012905350583988e-01
-4.601459721632896183e-01
-4.544086266549713926e-01
-4.134664963020918127e-01
-3.700542533009218982e-01
-5.827199165897154476e-01
-3.534604081647103047e-01
-2.688282120726689928e-01
-3.489402044393223878e-01
-3.886044354699874082e-01
-3.917710146132045157e-01
-4.931758004670435680e-01
-4.395474071101913571e-01
-4.185352947130856482e-01
-3.599170906621287358e-01
-3.715356105036757839e-01
-4.663772406145453853e-01
-5.049766187078318369e-01
-3.393515203914170275e-01
-3.959546453402600363e-01
-3.838296773920332194e-01
-4.829543433163531185e-01
-3.485278431192719295e-01
-4.455371753026485249e-01
-3.839097093986617582e-01
-5.663877531591684500e-01
-3.237261769285482704e-01
-1.975848288842506906e-01
-3.817011845402404346e-01
-3.380209261349923500e-01
-3.483712629462859534e-01
-4.373008467725061910e-01
-2.744855906326035266e-01
-3.495488514460606266e-01
-4.230427442934189819e-01
-2.146390455191468927e-01
-2.155631263034385736e-01
-4.857854860752843229e-01
-4.026020760224133244e-01
-4.771847051237592119e-01
-2.737256246844430585e-01
-4.579507186940613983e-01
-2.332965944179663242e-01
-3.539150356927264762e-01
-5.700378288050430564e-01
-3.361872233356063555e-01
-3.618289465783933734e-01
-1.779521230848616076e-01
-3.912902126314865558e-01
-3.287994447279569132e-01
-4.023075715423932719e-01
-2.444318889594373767e-01
-3.471242979609176493e-01
-2.798099580581110968e-01
-4.268615338330727926e-01
-2.081590269797576609e-01
-3.604580740960070528e-01
-4.448311543839567062e-01
-2.880687191686829851e-01
-2.250683593565380447e-01
-3.978064207777999850e-01
-2.740983290434479414e-01
-4.029822893363195768e-01
-2.321277115864583684e-01
-4.112638841069777840e-01
-3.366358234002385097e-01
-4.091221497363393689e-01
-3.272401237750717784e-01
-2.047313389867879418e-01
-1.781821362357288996e-01
-3.560944076700838790e-01
-3.534384568072525545e-01
-4.020807650965796398e-01
-2.180864083680076337e-01
-2.646369859034300998e-01
-3.292953638805432570e-01
-3.706550378519953837e-01
-1.924604639249325178e-01
-1.183645001988057610e-01
-3.364901034900663057e-01
-3.076683519479193052e-01
-2.975256289452974934e-01
-2.921817430978698726e-01
-3.035985417440071818e-02
-2.733937689759194933e-01
-2.279428334959412439e-01
-1.161650376704363441e-01
-2.106309163003696472e-01
-1.353821822510365425e-01
-2.897898806124790116e-01
-2.634885654476762373e-01
-1.575015483554934037e-01
-2.162893721705155259e-01
-2.320209297941160931e-01
-3.928858748681506863e-01
-1.817846660908113421e-01
-1.396252096310937330e-01
-1.980480905716696383e-01
-1.560842766229805778e-01
-2.485827141271736984e-01
-2.433332564386354591e-01
-1.663851058816629425e-01
-2.492674610731643037e-01
-1.432608786097211151e-01
-2.481555432526357241e-01
-4.656742255407592818e-02
-3.280693259384860339e-01
-2.745147764611781671e-01
-3.227920701531229453e-01
-9.212169131843664371e-02
-1.627869421358142943e-01
-2.704576945860006632e-01
-1.320330904042355813e-01
-3.057777108417796819e-01
-1.229821850624466251e-01
-2.649031435644589871e-01
-1.416113331699774269e-01
-2.055203877022934444e-01
-2.849481567773303192e-01
-2.943786700440320647e-01
-1.685056338375316709e-01
-5.730672480868363380e-03
9.334739596628689740e-02
-2.651340908432880394e-01
-2.232861984663163379e-01
-2.231409835680368825e-01
-1.287014530799167888e-01
-1.936328459623533338e-01
-1.911653656480153674e-01
-1.522510223510108174e-01
-9.393843387413786106e-02
-1.559121979924721346e-01
-1.687849307951952982e-01
-1.719078478749459793e-01
-1.190277157849887676e-02
-1.902826687669008365e-01
-5.929604289475274431e-02
-1.477694397671237003e-01
-1.833254010255603028e-01
-2.145257622664408295e-02
-2.198281453270741204e-01
-2.064617701028793606e-01
-1.767534336056002242e-01
-2.491785083437181303e-01
-2.625859501799309575e-02
-2.253175102707939415e-01
-1.137501180202517698e-01
-5.994825290301332432e-02
-1.463474839259281679e-01
-1.257748292463703177e-01
-1.682489106838881143e-01
-6.377525215324829355e-02
4.119167353890216404e-02
-1.024430463146460135e-01
-9.721860670000176396e-02
-6.379534645674066196e-02
-2.199306442494858571e-01
-2.046198174629011435e-01
-2.243413744464678450e-01
-1.499048654681016113e-01
-1.267199718235668404e-01
-4.209706348786856206e-02
-1.044905460435464895e-01
-2.136746721973129329e-02
-1.238367054451807447e-01
1.632797599914488987e-02
-2.342811558161799201e-01
-1.026009612045433728e-01
-1.883186825515236196e-01
-2.531260695475581191e-01
5.715618382200791242e-02
-1.387142407206301276e-01
-1.002011631680070070e-01
-4.147224160110234842e-02
-6.070065815099136980e-02
-1.639320798789466530e-02
-6.786770912342204864e-02
-4.958944514103675455e-02
-7.127573804696261950e-02
-4.503155842684788968e-02
-1.500405971823722852e-02
2.106363203415880653e-02
3.217891100793150716e-02
-2.618319869485016133e-02
-7.593983931203454607e-02
-1.250679292680455523e-01
-1.928322702135391864e-01
-2.140970098711266201e-01
-5.586997510200259615e-02
3.013261466216194881e-02
-6.839245230674920184e-02
5.665534585911508741e-02
-1.854067559611780880e-01
4.396474645632808542e-02
9.212163560536491824e-02
-2.421802180571754337e-01
1.464366142821700856e-01
-9.584947527457526872e-02
7.865773485770215234e-03
-6.694370421745428346e-02
-3.803113178663986710e-02
2.203733661242413336e-02
2.666285703247105957e-03
-3.135151613851025476e-02
-3.159098528180724619e-02
-6.022015415115439946e-02
-7.163562867045891736e-02
-4.634702255654919029e-02
2.115944979003869970e-03
-1.960920525667458614e-01
1.770912930352844250e-02
-6.679095169944550270e-02
3.715985246937261320e-04
3.962652197790325626e-02
1.350643700328672259e-01
5.737107386001331910e-02
-1.815872797989276713e-02
-2.901034219406023115e-02
-7.841056215896595460e-02
-6.056565450000519352e-02
4.809233782775267779e-02
2.787404655816240820e-02
3.324508212675487961e-02
1.780972942997421093e-01
-8.288483005882096855e-02
-4.354916295929935066e-02
5.105182120564596970e-02
-2.571057340102745475e-02
1.414968997149181618e-01
-1.562452977592188562e-02
-1.400130759767588724e-02
-3.354168962394626918e-02
1.589083034226351928e-04
-7.708479922891432745e-02
-1.173204828703579977e-02
1.256666645713955532e-01
2.743923553113927424e-02
-3.870407186016716974e-03
5.424022602160187556e-02
5.133475460062168760e-02
6.140684719889261123e-02
1.766176837489431273e-01
9.678317060560685803e-02
7.159311554944247646e-02
1.393308010326650415e-01
-7.491877636219847203e-02
1.933397542519007806e-01
1.731380672365238627e-01
1.685622387226899666e-01
7.434858256726245562e-02
-1.293506488549711897e-01
6.231228325798264522e-02
5.385782440867416254e-02
-4.509581321784886243e-02
8.264127942979319907e-02
5.342062090152433634e-02
1.131466131188666596e-01
8.868729181407959683e-02
-4.764027790689914776e-02
1.938354091226803522e-01
1.313169165765997459e-01
5.884685746216659213e-02
1.082527929265926087e-01
5.206030799400844511e-02
2.215704206777961149e-01
2.795018285836478045e-01
7.005672601613495420e-02
6.664294409898616212e-03
1.639286656592905678e-01
1.493620449571032571e-01
1.281218365757689215e-01
1.457399978906191995e-01
2.684142789439486476e-01
1.610074374896557914e-01
4.538196330570803266e-02
1.640075522395752494e-01
1.032669475468959708e-01
3.282990391070239600e-02
1.629558600774046739e-01
1.932478260446032770e-01
1.635034554744884405e-01
1.666936054957684488e-01
1.149368575584784335e-01
1.732378240656298751e-01
1.518819200219673760e-01
2.098464490232076207e-01
1.943491095188230322e-01
1.693967648402227022e-01
1.466356969888353567e-01
1.429772811482803441e-01
8.302669808543605701e-02
2.437954275090805367e-01
2.648874678569129726e-01
9.456789533421040839e-02
1.699438741052305135e-01
1.349656223100655361e-01
1.270665059008974918e-01
5.209010757521697482e-02
1.893426319301752814e-01
1.257289540478319922e-01
2.924318943463377063e-01
1.888126392864746816e-01
1.696881507779440801e-02
2.380751851766859661e-01
2.753315853133162516e-01
1.449085241950538172e-01
3.008708881642540578e-01
1.092222920723306262e-01
2.091839759879193239e-01
5.700308407850676606e-02
1.266018380157075129e-01
5.098833568205155681e-02
1.222993029761030997e-01
1.653134673663449461e-01
1.543414886431737632e-01
2.895457069321323296e-01
9.457143677479649957e-02
3.347638294884549559e-01
3.509598023841969394e-01
7.481547399388789599e-02
5.335313160299835766e-02
1.863126437156897020e-01
1.262798262261373150e-01
1.914774061921648007e-01
1.595487664716103704e-01
1.122924889940941362e-01
1.861281100293670498e-01
2.946269516508387420e-01
2.279459091066343701e-01
1.252818000300315315e-01
2.088026399804338851e-01
3.374433928705043995e-01
1.656897692469505023e-01
7.639197542284571762e-02
2.707794953266283722e-01
2.337778904292910909e-01
1.393809719315838302e-01
3.153293949933286822e-01
2.668291617173184083e-01
2.759533117510230560e-01
2.845375589174084507e-01
4.060719480834130701e-01
2.814295682331156012e-01
2.404161359068743009e-01
2.537106862379985284e-01
1.981776394542716646e-01
1.703945815496874239e-01
3.564486910596537106e-01
3.820086389473761196e-02
2.274322154105091198e-01
9.862483868120375252e-02
1.426039802198339201e-01
1.294435002091606224e-01
3.694991398975616681e-01
1.725882808731807050e-01
4.798767751238912083e-01
3.295947003889059257e-01
3.070551050697862827e-01
4.046337596641635947e-01
1.580707543693341266e-01
3.084840429237505344e-01
3.407210656719008024e-01
2.219058743587787041e-01
2.403456163157697834e-01
3.373984410027320857e-01
2.956489556175389555e-01
3.167630222744218238e-01
3.285114442475794427e-01
3.722459586270983056e-01
3.125710759892469937e-01
3.838945823055245343e-01
3.023945870038237671e-01
3.516537958165218969e-01
6.029580833369314885e-02
3.341988560327232571e-01
4.287967160757596430e-01
3.879345871422534842e-01
4.000428841353462217e-01
4.615397384965850280e-01
4.083379546130542770e-01
4.309447107722648163e-01
3.534946604156862793e-01
2.135814712819872341e-01
4.101954412717355170e-01
2.929926808026032115e-01
2.922593552109551407e-01
2.739431949911994568e-01
3.915736883847347749e-01
3.941782459391228177e-01
3.617921292370182007e-01
3.337898126851864267e-01
3.920738147457488720e-01
2.787037539630554672e-01
3.693646142493167139e-01
3.337676998507401183e-01
3.400044996787116025e-01
4.392056820431630149e-01
3.242516778360804430e-01
4.694153005001869272e-01
3.763114231163147694e-01
2.756808353854370286e-01
3.742019125095231158e-01
5.213889050065110276e-01
3.727793830642817108e-01
3.157767451631325328e-01
4.239918212102828377e-01
2.836031049879580435e-01
4.875429001715430588e-01
4.791165109267320199e-01
3.053708722587805124e-01
3.275553153735606404e-01
3.219628038863723285e-01
3.093901929770244141e-01
2.984134423835453354e-01
4.325202074324080992e-01
1.904008332342467802e-01
4.447851686558920159e-01
2.553932148873708230e-01
2.608857405498360982e-01
4.031211537793291666e-01
4.935409499944500844e-01
2.116834865622991557e-01
4.146013305832779716e-01
5.005483541749951026e-01
5.231145428313074275e-01
4.011245890054915275e-01
3.283028056898729674e-01
4.088441064242926970e-01
5.072911186893243052e-01
4.443595069461781510e-01
4.013852175280666623e-01
3.731744375156592075e-01
4.236098711009058104e-01
4.496159606645871443e-01
3.838219448068367345e-01
4.099520661732420357e-01
3.040159478620704792e-01
5.780538756709359127e-01
4.126093940886195743e-01
6.366027520874120160e-01
3.113361604283518824e-01
5.422367624039499123e-01
6.596206983386670997e-01
4.221013179350525113e-01
3.982353830984339815e-01
5.290168005507452920e-01
3.245813122753279378e-01
4.757700341442646086e-01
5.891313311938153330e-01
4.281601793851056992e-01
4.895604267930701026e-01
4.229577228508071274e-01
4.712669706659509683e-01
6.259607072600165134e-01
5.490373151376974903e-01
4.813847241952139422e-01
4.043247846881719565e-01
4.330998965775936238e-01
4.345870230910761634e-01
4.913023495853767741e-01
4.430885042240913507e-01
5.016939827736160984e-01
4.386792381883373171e-01
6.117592149161007464e-01
5.403272675718826523e-01
6.006436662269484250e-01
5.855063424466140365e-01
3.751283434940020367e-01
4.632074543833559765e-01
5.223383075938039521e-01
6.671645960603533876e-01
6.896833300096137931e-01
5.598302725921538991e-01
7.361215414306562232e-01
7.289687494819684366e-01
5.623417314274353762e-01
3.723544409127633736e-01
3.314725331166893940e-01
5.385937705152600286e-01
4.604694525005516015e-01
4.241987601802454377e-01
5.000353750196707692e-01
5.134936883461788115e-01
4.074656702200983305e-01
6.432872101995029679e-01
4.926417776152982042e-01
5.868249437502990329e-01
5.505548696786575213e-01
4.578507805615074644e-01
4.756084146804307466e-01
4.667896441040605415e-01
6.387623489023762646e-01
5.276981915846865601e-01
4.692255782691160948e-01
7.617686126013749615e-01
6.152540042656999830e-01
5.672578133466875672e-01
5.851171158278870577e-01
6.470949725203762881e-01
6.142384532433298183e-01
5.223378221282607425e-01
6.365471506292562642e-01
5.373358515665218604e-01
6.386791658411126171e-01
4.843718032636122328e-01
5.249517095045078685e-01
6.987793862655137245e-01
5.246251240420261031e-01
4.533298786262077162e-01
5.405223514278341135e-01
4.576985420114991210e-01
6.041921269806068695e-01
7.078679647462708946e-01
4.777232228553301430e-01
6.727259931014434313e-01
5.966758003663916732e-01
5.616550535234121622e-01
5.229520851123085068e-01
7.509055772151231878e-01
6.657583785606154825e-01
5.521205003568809833e-01
5.850426314905443625e-01
6.541959666378008853e-01
6.627944684300255407e-01
5.428274839615526703e-01
6.053493621938097480e-01
6.055643584197579754e-01
6.426700431413679970e-01
6.632671756444292743e-01
6.450422405714700824e-01
5.734693025175033876e-01
6.257288980185334859e-01
5.710781851033516210e-01
4.497756185351697855e-01
6.879082277720501848e-01
6.191261330773180083e-01
7.424368465050714683e-01
5.896093734162051181e-01
6.585639844581513414e-01
5.765605998008290767e-01
6.046158553498394150e-01
6.377172580524489431e-01
6.559604852369754768e-01
6.190854257766016389e-01
5.807515920586265867e-01
5.969834353820469008e-01
5.494940397059564496e-01
5.183529209532482529e-01
6.332139454743813678e-01
6.533708235986269708e-01
7.534788118606250418e-01
5.266661715135199096e-01
6.347993900384317767e-01
6.756531107758788623e-01
7.059303546443445043e-01
8.067199438863298377e-01
7.162176875195639392e-01
6.195791277600467550e-01
7.754857510545123400e-01
4.508517389804698738e-01
7.122235910684822091e-01
7.192606461019043218e-01
6.807563920238733912e-01
7.941168886873551935e-01
8.375998765891883302e-01
6.403535837668866693e-01
7.105730291654905884e-01
7.117328300984926415e-01
5.930962462520493750e-01
8.551722973141753226e-01
1.059594743343916790e+00
7.380542829678466976e-01
7.082268384344048151e-01
8.014447372585195017e-01
8.605974596355889794e-01
7.285720475318945288e-01
6.401135098262421552e-01
7.552509467559354039e-01
6.428459861689154176e-01
7.077664243285543000e-01
7.660873497835800627e-01
6.610707901130189468e-01
6.652036627324505735e-01
7.647934966016691760e-01
8.037865323470597678e-01
6.204186612698958658e-01
8.449095890005333676e-01
7.531836030414533756e-01
7.199726737071457938e-01
7.167999880589426276e-01
6.459203275512295228e-01
8.706862705711171380e-01
8.269197180106628853e-01
8.353383647787190336e-01
7.363928571082748453e-01
7.346555179130309643e-01
6.970771413209414513e-01
6.592806780190841875e-01
6.571014561934770404e-01
8.506912442569766197e-01
7.264745456867265361e-01
7.137732756706658410e-01
8.881931222475236698e-01
6.594840770657176554e-01
9.173145610997153199e-01
7.282541476424190252e-01
6.809029624069666831e-01
7.710907270994979967e-01
7.969323590410681835e-01
8.054597491196450187e-01
7.479243504711092783e-01
6.616007103822971747e-01
8.934050448900011654e-01
8.136440516088959685e-01
9.050594280148011039e-01
8.562648481174887083e-01
7.668614382741429925e-01
7.994744290162567601e-01
8.176944993449374310e-01
7.924880408306348434e-01
7.492252585675285292e-01
7.673302773732424420e-01
7.790730467327983133e-01
8.401877626055724857e-01
7.540689207329268617e-01
7.881051535368287508e-01
6.905715020664421333e-01
9.222163620505481330e-01
8.516993779438665202e-01
7.635672932367678634e-01
6.994786675304787149e-01
7.934393258329495158e-01
7.981517470256810354e-01
7.764748190512796855e-01
1.048072680126913792e+00
8.060882709814813918e-01
8.531302888797395179e-01
8.542391171205689915e-01
8.367292578259669655e-01
9.101169884563446999e-01
8.398631735881142424e-01
8.742246996979518014e-01
9.547396828677668923e-01
8.282467287227484043e-01
8.226780938498853279e-01
8.417338874555606587e-01
8.610212201321189029e-01
8.045182227801939145e-01
9.584218052617708983e-01
8.557471528094227065e-01
8.690667417525114180e-01
9.278999438952263423e-01
7.932187959068385252e-01
8.897020408350436727e-01
8.086081322380487268e-01
8.202049717537015505e-01
9.375673286956754948e-01
9.186897500822758245e-01
8.827345589855813968e-01
9.649184252181486343e-01
9.050821723712871858e-01
9.214501422590798407e-01
9.412292449877340816e-01
8.653504135178849976e-01
8.200625385228611508e-01
8.818346845509579257e-01
9.438111818985416290e-01
8.557843528961078805e-01
7.766547151136007354e-01
8.332065322868705826e-01
9.416772820570280533e-01
8.229698019829273514e-01
1.064676641919714895e+00
8.957067073895897957e-01
9.006143547502600821e-01
6.894706043567219167e-01
9.492275710199311600e-01
1.082613432332235837e+00
8.438526615463974867e-01
9.001230298807135766e-01
9.196335866614793186e-01
1.031256567627307774e+00
9.849409061484515338e-01
7.929045152469198499e-01
8.969593727900924129e-01
9.361441624976853948e-01
8.900101347383769790e-01
1.030354996188977745e+00
7.542121541238374638e-01
9.134972046481638630e-01
8.810433443694291045e-01
9.837443629789512922e-01
8.814519135209644141e-01
9.521430553680827469e-01
1.005362386489668802e+00
9.493763236286888452e-01
9.109369645815275085e-01
1.035782861196573368e+00
9.679508253781616833e-01
9.013352855584079171e-01
1.026786673191556032e+00
1.097707908912591845e+00
1.171387289076552207e+00
9.567347260216919613e-01
1.037664394574435045e+00
1.051902225183440898e+00
1.043948911884683195e+00
8.666584286698814088e-01
1.063874861905509173e+00
9.893212834215717733e-01
1.130170927740912878e+00
1.074029986670574477e+00
9.317598117605566665e-01
