-1.064243899292627749e+00
-9.822228090332706385e-01
-1.040481975308189755e+00
-1.066742265738713114e+00
-1.061970526657780134e+00
-9.909453734431752370e-01
-1.226226322852247419e+00
-9.878373992746553034e-01
-1.074107618638886485e+00
-9.788005248562647864e-01
-1.008626359932448091e+00
-9.814973849035064646e-01
-1.035495639469353524e+00
-9.248231259226639134e-01
-1.152908175550634962e+00
-9.743414244780137512e-01
-9.345172671919345087e-01
-9.580259888680338065e-01
-8.729664311091133166e-01
-1.070668526625314421e+00
-1.144733768805052287e+00
-9.532177264136045824e-01
-9.510166305761426075e-01
-1.039628791762373217e+00
-8.733703738144804607e-01
-9.381124152195421395e-01
-9.641695962191266789e-01
-1.031662053610904684e+00
-7.968442796632224656e-01
-9.061596665002424889e-01
-9.637181557794581854e-01
-9.448557250571358868e-01
-8.907625307798400227e-01
-1.033415097238693292e+00
-9.715274903866736311e-01
-9.354164531451568676e-01
-9.822513028615081909e-01
-9.361606458747673276e-01
-8.162940947594324870e-01
-8.184862984839039735e-01
-9.693651440080607307e-01
-1.023796382931998039e+00
-7.924219571175558086e-01
-8.230722010006211731e-01
-7.992927196371141241e-01
-8.840363681426475218e-01
-1.040339236095677800e+00
-9.155534960232069031e-01
-8.656102738743973735e-01
-8.736435997018251465e-01
-9.406413492202954085e-01
-9.996383972032043541e-01
-7.833784879378240529e-01
-1.031884049014322402e+00
-8.864217790451722756e-01
-8.815067165162491225e-01
-9.651439782345327956e-01
-8.267108249279137011e-01
-7.833832979506050176e-01
-8.410960586907609837e-01
-9.173798843293188288e-01
-8.418373675176343829e-01
-9.017145603039568025e-01
-8.933085269385627747e-01
-9.020765823106315917e-01
-9.350880159138406089e-01
-8.872216690243774906e-01
-9.436192732361461388e-01
-7.803763702720308837e-01
-9.405288307314212393e-01
-8.725794649337922371e-01
-8.369295054984615678e-01
-8.646482726023546617e-01
-8.982164514629451535e-01
-8.257666601927068362e-01
-9.268462968692585680e-01
-8.260632061790790237e-01
-8.710040669530543234e-01
-8.371579113558962337e-01
-8.854071150509943422e-01
-7.027800414045091149e-01
-9.805251494647294619e-01
-7.371289703723428177e-01
-8.430790432939977430e-01
-8.136930355789085967e-01
-8.299299008721622295e-01
-8.275846001360320781e-01
-9.015586391788060761e-01
-6.866082995858997506e-01
-8.819137011948028348e-01
-6.147691240917144695e-01
-6.874929971787718808e-01
-9.156346450354097000e-01
-9.014818267132228558e-01
-8.411047966654447983e-01
-7.401669500293284187e-01
-8.491624767273618923e-01
-8.379475169530267165e-01
-9.263728456134321387e-01
-6.987831805994940693e-01
-8.686484423665784549e-01
-8.597608461399912638e-01
-8.647638039752729711e-01
-7.945263515165212898e-01
-8.178483446587242467e-01
-6.534949033325151424e-01
-1.046526961715256387e+00
-8.791298581852380334e-01
-6.962362039081215759e-01
-7.886810231640498658e-01
-8.383125370483271999e-01
-6.588104668366649985e-01
-7.125694902279238185e-01
-8.008708240407773626e-01
-7.895201162485142587e-01
-8.312092651625800910e-01
-7.541682665987351486e-01
-7.613347924846510795e-01
-8.599169157042155787e-01
-6.420527916396902013e-01
-7.269470931968448069e-01
-7.225995581112431010e-01
-7.784971579550777898e-01
-7.346702329794616571e-01
-6.043427732135474573e-01
-6.728738548595044611e-01
-7.070374721667600504e-01
-6.426753069770411164e-01
-8.243121912699959974e-01
-6.799274121296733364e-01
-7.429383297490361748e-01
-6.817394450592116906e-01
-6.690387085219651198e-01
-8.283608465750776917e-01
-6.396200873877626591e-01
-7.931031428486010615e-01
-6.273193905996210518e-01
-6.185479319623338190e-01
-5.247282401939475927e-01
-8.250635748935001290e-01
-8.289851656060743812e-01
-7.755215665653425461e-01
-7.175602964727959554e-01
-6.954418901171013356e-01
-7.171014155412541724e-01
-6.020308427264460249e-01
-7.530230937421892312e-01
-7.518987672003333289e-01
-7.332743394960066219e-01
-6.203647581632715236e-01
-7.714829584377338456e-01
-7.384800381197180741e-01
-6.969543891487314236e-01
-5.947154625579670340e-01
-7.285708826011262351e-01
-5.870528290827751183e-01
-5.048202010159312803e-01
-6.433960210842920580e-01
-7.142829443664027167e-01
-6.951475286361521455e-01
-6.686163802280344903e-01
-7.408092978473820311e-01
-7.406315394101246063e-01
-7.278596833378504494e-01
-6.696602329096793538e-01
-6.657074286614571568e-01
-6.627611032008102754e-01
-6.910790297581866914e-01
-6.353623932624300474e-01
-7.327884713712590203e-01
-6.946276634173688125e-01
-5.617108182803758343e-01
-6.965451964386379924e-01
-5.627409578459722228e-01
-7.091754825102765114e-01
-5.884782300409436839e-01
-6.415624017490177966e-01
-6.584005738078123615e-01
-7.974711986159803701e-01
-5.764280728824802136e-01
-7.202457566599939076e-01
-5.170918158593661440e-01
-5.985810449752201334e-01
-5.003650156457862819e-01
-5.180132568485993350e-01
-7.684240367413794903e-01
-5.789027813919694898e-01
-6.392147549751828750e-01
-6.410089493650876769e-01
-5.596461552103457748e-01
-5.741318290669574775e-01
-5.092028415945165642e-01
-5.108963357536103755e-01
-7.075029412561777420e-01
-5.421292337495543512e-01
-4.189235596976503828e-01
-5.451196578828439998e-01
-5.923541345905770639e-01
-4.918890703841441447e-01
-5.098776501338460054e-01
-5.716517638286205960e-01
-7.263213887627470999e-01
-6.167976222000957076e-01
-6.792068855777395608e-01
-5.659215159404270556e-01
-5.618231790841169415e-01
-5.904201666887086697e-01
-3.729816502987828297e-01
-4.888515272320456684e-01
-6.618228012106823765e-01
-6.381496591284909758e-01
-6.149647958816121252e-01
-5.699151404408703270e-01
-5.932420664119892884e-01
-7.890938887237989308e-01
-6.773065247379698173e-01
-5.475720741307984474e-01
-6.855381003236562520e-01
-6.267464255889914071e-01
-5.848486496777085542e-01
-5.562130186480992444e-01
-4.173299312061748978e-01
-5.983446544311601389e-01
-4.833375203109731011e-01
-6.084735724313558025e-01
-5.698096790648821131e-01
-6.024443397009130452e-01
-5.453481747872581664e-01
-4.881762844959752767e-01
-5.237531753795915401e-01
-5.634077859006102473e-01
-5.833470743653043078e-01
-6.341004597152576361e-01
-5.667164125221018089e-01
-5.558186702174726657e-01
-5.249309410478221194e-01
-3.848962015604523446e-01
-5.644724812999958319e-01
-5.214012185759216989e-01
-6.154352829289286841e-01
-5.581602966497944962e-01
-5.676288875513313403e-01
-4.137798087216217890e-01
-5.735410382854051470e-01
-3.908984249798716504e-01
-4.947203452892689479e-01
-4.079286121430754641e-01
-5.342144107595665492e-01
-3.821120312534249108e-01
-5.136318682177745121e-01
-5.499073793306582525e-01
-4.703543913447003066e-01
-2.931116455911769725e-01
-4.860291250611551983e-01
-4.567763840967143940e-01
-5.720550241666207958e-01
-4.731765632511881203e-01
-5.310953994620516427e-01
-5.126949528868848249e-01
-4.888369055734216317e-01
-4.190285193184256074e-01
-3.207126477524408492e-01
-5.298790681178574546e-01
-5.386403634335701351e-01
-4.025757006659360093e-01
-3.939233986606399118e-01
-6.743059485103846118e-01
-3.658608407209580915e-01
-4.748788330472342167e-01
-4.086968864609647478e-01
-4.728973755950791613e-01
-3.975664957859024740e-01
-3.931061503525533629e-01
-3.550897881837083991e-01
-4.300980877984097450e-01
-4.838235322143439876e-01
-6.157812844683513420e-01
-4.153380436378482088e-01
-3.971669337747334994e-01
-3.412339135408515300e-01
-3.351779760478452719e-01
-6.048524144787014167e-01
-2.798833364658034895e-01
-3.785021011318911444e-01
-4.131742404942061464e-01
-3.823644595558042258e-01
-4.700980469139824924e-01
-2.424165082264804483e-01
-5.175825253397089432e-01
-3.228465189791359657e-01
-6.497061456167739779e-01
-5.147952726451630046e-01
-5.250902667082196773e-01
-3.629932873633011647e-01
-4.312934707692785974e-01
-4.365880194795990210e-01
-3.992871392455969448e-01
-4.403694191072301534e-01
-4.585658279495638534e-01
-4.316373395162683146e-01
-2.849013780031825482e-01
-4.242017219465718525e-01
-3.911410350168889605e-01
-4.270179268224981728e-01
-6.224312574326691383e-01
-3.766655582005393188e-01
-3.928993979662561142e-01
-4.662543400871161925e-01
-2.415750273194221809e-01
-3.224499447253337259e-01
-4.168686417062481553e-01
-3.023325728470386276e-01
-3.648773708696059770e-01
-3.750296397110977065e-01
-2.965479602563783623e-01
-3.090569593567187856e-01
-3.673811268859507040e-01
-3.778785987928868217e-01
-2.358110452602407980e-01
-3.769450881577871004e-01
-3.185062686617164407e-01
-3.326075337708163659e-01
-4.021702436295958027e-01
-3.807140495276589709e-01
-4.487147626739729778e-01
-5.336321408093502860e-01
-3.824214419013659549e-01
-3.677587275198679895e-01
-3.374474615015036205e-01
-3.724303875594657809e-01
-4.333941144615969798e-01
-3.828532744630127049e-01
-3.281794034708456209e-01
-4.032813157666461090e-01
-2.515545523309751785e-01
-3.369266784621017807e-01
-3.678310730940499984e-01
-3.637226556904565866e-01
-3.844341966335700911e-01
-3.239975173496711935e-01
-2.457336387274854927e-01
-2.469124644482336151e-01
-2.578994965321512178e-01
-4.533058560046416274e-01
-2.650501683064211411e-01
-1.594903858409953412e-01
-3.142749586139931828e-01
-4.636724980978629840e-01
-3.969610923733536412e-01
-2.785030059871939079e-01
-2.616662885601275801e-01
-2.990166672235833878e-01
-2.015356250610224054e-01
-1.615082318143236384e-01
-3.861107204720765074e-01
-2.406700980797669698e-01
-3.232308674614076116e-01
-2.241807751995778253e-01
-2.867721104337082605e-01
-4.159352400879530176e-01
-3.339025576978364440e-01
-1.654034016932247053e-01
-9.020595826232048753e-02
-3.742008320077065409e-01
-4.191071712060026599e-01
-3.594465788705183407e-01
-3.797317734904882003e-01
-3.034662388311163417e-01
-2.765759622391171235e-01
-2.130008580830691223e-01
-2.083224302528339789e-01
-2.667428015851340262e-01
-3.005336337675012515e-01
-5.413932781825010754e-02
-3.214094277715826564e-01
-2.278961451167668684e-01
-2.885179167711541259e-01
-1.820897578103035375e-01
-3.009060019577100009e-01
-3.483467646818475538e-01
-1.074261401953403444e-01
-3.180026897736662472e-01
-3.734196018609171053e-01
-4.581500636235770196e-01
-3.485467689029705940e-01
-2.772180154337843261e-01
-2.285232167745316345e-01
-1.678815648084225898e-01
-2.691431117587569366e-01
-2.473870000467077723e-01
-1.932946211035360962e-01
-2.483834480973825254e-01
-2.252739940032864319e-01
-1.429808599959758175e-01
-1.080650787937618984e-01
-5.635175175068996012e-02
-1.899224578560209653e-01
-1.735653521227808749e-01
-4.211383882954115865e-02
-1.796843070389125829e-01
-1.032153712733231143e-01
-2.066687685646158290e-01
-1.920741297636066325e-01
-2.098928092284449154e-01
-3.042725654249292533e-01
-3.218525689273087909e-01
-1.288923284753408678e-02
-1.714993093849624672e-01
-2.405700880462863511e-01
-1.658622314793878338e-01
-1.150507794069520334e-01
-7.390197107328630444e-02
-2.792494333530025075e-01
-1.111850687630472206e-01
-1.439978713535462751e-01
-1.735357485355158713e-01
-2.611743193915970762e-01
-8.107309341592024154e-02
-3.261972157575517839e-01
-2.063291122324483751e-01
-2.332303421780992925e-01
-4.098062340868727921e-02
-1.268975654677898801e-01
-1.897401662216367246e-01
-1.336422410413575512e-01
-2.326606003285884017e-01
-9.949080497761572661e-02
-1.259126073401585499e-01
-1.077778492523143866e-01
-1.420215639359850845e-01
-1.683850525555151967e-01
5.058540480540042912e-03
-3.531276493796761673e-02
-1.972866493987862624e-01
-2.193683600187824878e-02
-1.550579999603055592e-01
-1.443040805025165296e-01
-1.712387706261258025e-01
-1.542995759194817351e-01
-1.272206927122416231e-01
-1.233425418114033612e-01
-1.371764753101731016e-01
-3.327385431997606502e-02
-7.894344791773479086e-02
-1.767411849468566998e-01
-2.931484775452612990e-01
1.664138288656511616e-02
-1.768158766075750565e-01
-9.871992558391251560e-02
-1.417803585586162041e-01
-7.004506420328263094e-02
-6.931586670215748348e-03
-2.239037877556302181e-01
-8.908990951919297518e-02
-7.985936770353850578e-02
-8.975251895756628656e-03
-2.658627580602895280e-01
-1.296859671997710184e-01
-5.805259237138175876e-02
-1.359458836986800756e-01
-1.142549738049193353e-01
6.035193966410390409e-03
-1.332292217586912228e-02
-1.178304602694334874e-01
-2.021450999385516756e-01
-9.910529816643698364e-02
-1.171339984201545809e-01
-5.905230058012743422e-02
-1.181185970662107926e-01
4.361183438137309493e-02
-7.995091965680231616e-02
-8.066914167069012820e-02
-5.667412376019047987e-02
-4.741595067835790989e-02
-9.317694642539238459e-02
-5.838699590126301270e-02
-2.058313880324157408e-01
5.107298993839313322e-02
6.652115994445641223e-02
-3.090814288646302494e-03
4.376148606516083728e-02
6.579214315916781519e-02
-2.724277414041328949e-02
-7.325957181255957074e-02
-1.848325403076203355e-01
6.678489301804102496e-02
-8.922938785905630554e-03
-4.031208226339188377e-03
-6.065568261689843060e-02
6.385986621258556151e-02
-3.923050269433317472e-02
-2.958252131523747205e-02
-1.447276424902723367e-02
-6.634259710351005090e-02
7.464713384575277430e-03
-1.634380790910309189e-01
-8.976044437196835368e-02
6.621955500203752232e-02
-3.922977214132706593e-03
1.808280217095574183e-01
-3.418808373892937708e-02
3.843754390983341457e-02
7.567939394950026766e-02
9.888043145664266245e-03
1.386389918939770205e-01
8.191527582168313393e-02
-7.644032696479493259e-03
5.624166922808268576e-02
1.158221868749366168e-01
-6.672521252702982852e-02
2.202186433041458322e-02
-6.200682942146258647e-02
4.625531253412881738e-02
5.637528947920952827e-02
1.050713951384932418e-03
-3.789947117921815649e-03
1.187912857838238079e-01
-8.761145218714476435e-02
-1.420553659622250664e-02
-3.939253296739402129e-04
1.011755587074403412e-01
1.131180095118043960e-01
1.804631142991610926e-01
3.179963670505392415e-02
-4.966985278305845880e-02
8.779440150023376521e-02
-3.169945457246853282e-02
2.061786951781077737e-01
5.784304460586799090e-02
2.063572206604298853e-01
7.974403428249215997e-02
-5.421787311359950456e-02
1.277972195011974239e-02
8.530244972966419259e-02
1.394388084134145778e-01
1.074295523034170668e-01
8.551801380398712030e-03
1.366409268179663294e-01
1.254332427621923651e-01
1.574433129208749338e-01
7.248870890804710865e-02
1.683627340330376143e-01
7.729275042874460266e-02
1.181298053334517151e-01
-4.709914162838194779e-02
1.654697929197697093e-01
-7.395828129323257782e-02
7.064130869079929265e-02
2.198539274411611122e-01
1.007547482077873757e-01
1.256404413867138747e-01
1.645338743383234770e-01
9.139231154180436911e-02
1.935253214040889500e-02
2.407880713626032732e-01
1.982515017051701342e-02
6.005495542233534739e-02
2.811361143567595033e-01
1.119619754633664477e-01
8.631390835688762531e-02
1.215811340240768590e-01
1.884008074312316927e-01
6.504821078330004502e-02
1.280960317300517681e-01
1.586847729253248462e-01
2.085925356120738594e-01
5.526390273862753083e-02
7.925480892005422329e-02
1.684210147951972492e-01
1.178132928691116854e-01
1.200686960007116694e-01
9.977046080381736515e-02
1.876782317813265877e-01
-1.871678169581640627e-02
4.291748939161445925e-02
7.535147522803098408e-02
5.956266316227282892e-02
2.355082677363767585e-01
2.648128179342552069e-01
4.371636902590578244e-02
2.266249133437714114e-01
1.450266290268276415e-01
4.450374782557856707e-02
-1.166841726847163760e-04
2.070532308089685913e-01
2.425132259577376104e-01
2.828807438491726667e-01
6.496543956351992499e-02
4.788172879051171005e-02
1.848264191969359038e-01
1.316142785940506710e-01
1.908222343391766385e-01
2.718249169864040971e-01
1.303414481676854753e-01
1.576030908018552501e-01
1.587249354353879316e-01
2.254106010032192464e-01
2.477334183283226854e-01
2.278410635839135667e-01
2.092349402320426988e-01
2.435836639480911114e-01
1.166450913476761858e-01
1.477160033555053875e-01
1.959129993433179062e-01
1.762814397737958449e-01
2.626738073769612214e-01
1.934538560671425489e-01
2.553849083502482409e-01
3.045797508687566046e-01
2.811953734443741193e-01
3.346753982063986332e-01
2.249054462698026335e-01
5.409244599193402392e-02
1.426746372327887813e-01
2.243872546705972248e-01
2.676185038977151875e-01
1.053421025859322818e-01
4.579883699022362920e-01
2.441559078915324366e-01
1.920155668426352102e-01
2.452674685636672958e-01
2.126878700024685820e-01
3.043152826543145117e-01
2.961264481080755351e-01
2.103207028182958738e-01
3.012938152089483235e-01
3.201858700573221306e-01
3.171031723613589315e-01
2.117311690432261140e-01
1.279871219983622632e-01
1.465649081123026054e-01
4.079103653437685106e-01
3.008097195573889437e-01
2.764235261887122985e-01
3.946294718183371297e-01
3.797000676172789801e-01
2.589630774629244625e-01
3.020282201366734642e-01
3.428261913937424299e-01
2.426499192881744482e-01
2.595923267124656819e-01
2.303798883073522596e-01
3.180685105753837116e-01
3.579651909762975870e-01
2.537977388471659990e-01
3.121465138215084312e-01
2.513208922919704658e-01
3.054067761572108464e-01
2.447655158507223705e-01
2.155139936333015926e-01
2.350498847169181782e-01
2.127393150596781635e-01
2.605284636469576975e-01
2.585862024667103243e-01
3.481163685999754676e-01
3.567263507734180217e-01
1.779914841310854257e-01
3.917568561795560789e-01
4.084566911547927726e-01
1.575630575987035376e-01
3.673120748649821854e-01
4.511644161330883862e-01
3.381164501033502856e-01
4.724535438783275532e-01
3.963033959215444546e-01
3.604923735182527511e-01
1.787850785134188214e-01
3.659377656181318494e-01
3.297119909653681291e-01
3.756984566937257020e-01
3.393419505252017743e-01
1.944199999540772716e-01
2.028087521959807127e-01
4.497310463963107297e-01
3.055823620903165283e-01
3.901415430996407752e-01
3.139460570475337553e-01
3.126093260379551042e-01
2.616694350475936570e-01
4.390832103957562627e-01
4.686470555810237637e-01
3.682465225065491010e-01
3.876996247773789039e-01
1.677157231379164115e-01
3.757954433259393934e-01
4.881171724341927809e-01
3.157927847526685317e-01
3.876386184716431593e-01
3.622971946245899799e-01
4.626468089320455168e-01
4.353878705035523766e-01
4.101952198737135458e-01
3.957366578912072108e-01
4.372930030927075773e-01
2.969177231660476979e-01
2.586625401104752919e-01
3.083953430382211924e-01
5.032520801934694532e-01
4.774329273897991444e-01
2.855198267122240341e-01
4.208408120627321058e-01
4.789165667713816132e-01
4.581815656952605287e-01
5.089891630976113301e-01
4.459853746629401372e-01
4.387512912685363475e-01
4.542823940647012226e-01
3.655347235148672103e-01
3.375888448753049942e-01
5.796854173875050087e-01
3.800448048415274171e-01
3.589919336830310059e-01
3.146152960230728102e-01
4.825824872676024446e-01
3.180891732190013754e-01
4.984483807305588599e-01
5.161560424471872688e-01
5.006660815341845705e-01
4.779520209916899853e-01
5.494967920564810537e-01
3.835559630562179190e-01
4.019383211304808912e-01
4.970389666649648319e-01
5.822525489494407847e-01
3.467240567834580789e-01
3.127612281513402759e-01
4.568732647681892356e-01
4.216589392091689703e-01
5.003407691610745056e-01
3.822685155094093234e-01
4.393118143087038074e-01
5.777753845088128282e-01
3.541160456102334098e-01
4.514479324076938749e-01
4.328818447836488281e-01
5.567186630685345694e-01
4.726709917387479365e-01
3.576494118693527291e-01
4.412608518606549457e-01
4.679596342794239971e-01
4.826902703178773679e-01
4.600414787576205811e-01
4.633137711970505834e-01
4.905449013253027069e-01
4.717203437213660644e-01
2.755425786462679105e-01
3.389691025681205172e-01
5.571617208381824948e-01
5.396846705014114454e-01
5.410474725986845757e-01
4.110562337355280205e-01
5.238446594126991984e-01
4.921324126200997684e-01
4.526329975551133811e-01
5.852260829702231604e-01
5.962765497615227783e-01
5.351517054060932477e-01
4.761207222658671578e-01
5.370697998164077891e-01
6.380578898245173880e-01
4.610917981903511764e-01
4.801712234562848791e-01
6.820751691095788827e-01
4.310999897799048242e-01
5.158501594010053148e-01
6.979250533491733188e-01
4.591483441594926274e-01
6.259600758990450098e-01
4.709372445389018447e-01
5.303919115657257377e-01
5.124042042420235976e-01
6.370173381358558151e-01
4.577693848147337818e-01
5.372527792232567601e-01
6.630481543689623614e-01
5.293528507664869709e-01
5.605730149087342351e-01
4.486216348403783694e-01
4.616208766081554282e-01
6.443926486649812491e-01
6.365189246265716694e-01
6.117078089346386083e-01
5.799437592681768727e-01
6.391965329811648555e-01
5.687430501684523909e-01
4.612228412429416058e-01
4.477426536953544867e-01
4.530351472483075681e-01
6.394186160999922874e-01
5.813832491131225577e-01
6.519740309482918716e-01
5.139648761866084659e-01
5.082212432792191370e-01
4.586872306129655130e-01
5.257164053648235580e-01
4.201459458936528946e-01
5.474028968869621981e-01
5.877911309589103350e-01
6.215979074856193831e-01
6.460573697212312894e-01
5.977828266200163609e-01
6.636958092734471792e-01
7.123413504907800675e-01
5.485535107417388589e-01
4.195849960715449800e-01
5.817051827840656886e-01
6.065634795833101389e-01
4.772125012813055456e-01
6.140114274304568909e-01
7.752964078392433622e-01
4.997337704188771212e-01
6.426772071318485047e-01
5.605231458281482171e-01
7.021034103983770924e-01
5.273218787025337750e-01
5.559772472837380963e-01
8.023991572065237721e-01
5.438245547348925513e-01
5.725096034043226645e-01
6.748419265696864455e-01
5.948982079570171999e-01
7.331117504025412845e-01
7.986655211041390201e-01
6.397554267150790119e-01
6.213925134894938695e-01
6.787496402324159073e-01
5.487783295171188014e-01
8.558364308289435618e-01
7.078908836276259775e-01
6.153894386445994957e-01
5.826036964112928374e-01
6.405141051892049298e-01
5.508951028809438988e-01
7.861963893996034569e-01
5.933688705230980576e-01
6.488363500316748356e-01
5.562937462209556205e-01
6.265032748095129556e-01
7.383588614905078895e-01
5.946884039997953897e-01
6.813910963226226247e-01
7.219230304347918903e-01
6.968126521902677784e-01
7.686527048857183519e-01
4.863253163650113065e-01
6.444528275009926421e-01
4.856031980644323620e-01
6.126303405534807567e-01
6.654930976989411606e-01
6.321508440804269879e-01
7.177777259114024311e-01
7.280839046843492479e-01
7.647821834657568818e-01
8.047669275181559279e-01
8.180235549749412804e-01
6.580881732222196856e-01
6.615579441776898717e-01
7.424642997309948145e-01
6.438203718800485920e-01
6.164807715398766819e-01
8.155091568720229667e-01
7.482553730715417739e-01
8.124821190818096728e-01
6.294308706030024014e-01
8.390760491570524726e-01
7.441298477466063988e-01
8.687092228840864738e-01
5.999684721983380431e-01
7.686473930076214156e-01
7.027003694995100913e-01
9.272683818549177781e-01
7.490036201997489762e-01
8.708387967717101663e-01
6.504978491919337635e-01
8.957824757004385630e-01
7.519948814281885996e-01
7.257851744965437835e-01
7.211284550090774070e-01
6.874604172736042962e-01
6.166045271821084528e-01
6.409350927805401721e-01
7.301855131877715843e-01
9.434700861408411576e-01
6.747281133862936819e-01
7.982561654048433430e-01
8.496428694796477332e-01
7.147506503414138290e-01
8.717755091217416208e-01
7.784471692544527865e-01
8.283104045484526168e-01
6.880404267159718756e-01
7.053189789824567679e-01
7.724997312771382241e-01
7.737246345058893526e-01
8.682091490767441799e-01
7.279237989785304341e-01
7.942318196670079544e-01
8.421507125993130671e-01
7.114192484967902796e-01
8.664240484436230849e-01
7.945383665793069872e-01
7.976343447631945027e-01
7.274268918775811388e-01
7.359201068548881786e-01
7.017786221079068687e-01
8.764461282548456911e-01
7.336703536626291156e-01
7.980727598513610577e-01
9.091124518303927982e-01
7.743200550104688551e-01
8.160939064986887370e-01
7.430605680758715081e-01
9.027128363608397654e-01
7.265230606036158223e-01
7.829558903240978474e-01
6.491165773900472447e-01
7.990495982488108329e-01
6.947787918857675216e-01
7.954400173735460822e-01
7.484183149310926764e-01
7.490767069336666806e-01
8.161764199270885589e-01
7.674597103316490587e-01
8.052025814420669114e-01
8.906453238050896504e-01
7.392904126393753383e-01
8.727799666906534970e-01
8.165987990936492968e-01
7.481820542008095209e-01
8.846458603965712264e-01
7.569455233199026134e-01
9.012656487560211094e-01
8.738606134616497823e-01
8.351694092884140996e-01
9.027829321473251900e-01
8.206161035705342721e-01
9.632996305446087648e-01
1.008192914007544738e+00
8.737511514736171492e-01
8.038213598058239207e-01
9.331080250614798288e-01
9.355426521150824737e-01
9.160780899994049875e-01
9.017662080604653685e-01
8.863528298514269377e-01
8.469064151775355098e-01
9.956991649499247199e-01
9.138696902612156725e-01
8.192492708337955065e-01
7.793420791851656260e-01
1.050649877294814516e+00
9.650448625610171804e-01
1.078470234017833373e+00
9.678878696814130489e-01
9.925791058445381232e-01
8.537219873362457134e-01
1.022078851533784860e+00
9.621407557872698746e-01
8.409968642248627502e-01
9.977145318414253339e-01
9.321688710882707340e-01
1.016945866284647781e+00
9.057100827993852521e-01
9.918762933894945677e-01
8.393615011970900763e-01
8.505340574512444407e-01
9.363674555318732828e-01
9.490002452095100960e-01
8.931460030299130937e-01
9.883596685451646602e-01
9.549848807458143352e-01
1.017149152803283219e+00
1.097772247767254239e+00
9.292131759835215998e-01
7.878901864392504617e-01
8.155818674526298384e-01
1.002220435140497745e+00
9.184737486036260723e-01
1.072627710184640648e+00
1.050318750442573945e+00
8.541288018031275575e-01
9.862054679343543739e-01
8.779791798169411798e-01
9.854161819271813894e-01
1.061130790958465520e+00
9.772169604161007328e-01
8.980467352452646823e-01
1.013991476641511680e+00
8.349524744040275337e-01
9.386919333794331299e-01
9.652325232072063166e-01
1.064553257089169147e+00
9.282822197011606491e-01
9.489552123095930103e-01
9.433817243763474858e-01
1.092663694005804764e+00
1.030900334150294251e+00
1.075678547999771029e+00
9.814864748285255791e-01
1.082508725258323423e+00
