-1.003990721437862055e+00
-9.510251178307322917e-01
-1.185334590448184899e+00
-7.409444675915437539e-01
-8.238342635489880328e-01
-1.090016548285025921e+00
-1.083955837029900282e+00
-1.178431156316504191e+00
-1.123978735065112255e+00
-8.845851714496082430e-01
-9.849942944754555008e-01
-1.017985309109678882e+00
-8.892129495924326887e-01
-8.554541831642571426e-01
-1.129150039599656541e+00
-9.398821289663116252e-01
-9.764266582431281316e-01
-9.886669317952085922e-01
-1.084039134226944645e+00
-9.193517492359992715e-01
-9.088881490896704163e-01
-8.666483008996862525e-01
-1.072336565161981836e+00
-8.681926555147357893e-01
-1.079648100962747437e+00
-9.439428280659399872e-01
-8.812369907021979643e-01
-1.056145674748441232e+00
-9.564219432435435708e-01
-9.456358376291268408e-01
-1.021978862933969223e+00
-1.012979409207467762e+00
-7.872395741957854964e-01
-9.177357892459532263e-01
-8.573072625516402478e-01
-7.926404280534532498e-01
-8.283311771287682479e-01
-9.191314114537423308e-01
-7.926081868311012357e-01
-9.220685431990732761e-01
-8.999504426539804980e-01
-1.100780023763636040e+00
-9.295600877658473093e-01
-1.033489046634567421e+00
-9.714389744486459088e-01
-9.864539089745456568e-01
-1.019434665844887178e+00
-7.164015236573211265e-01
-8.616996296523073973e-01
-1.009942496959166824e+00
-9.933555166104650613e-01
-9.749014431942919501e-01
-8.084069712719313960e-01
-8.637710898410038141e-01
-9.719554321117439555e-01
-9.661706792773292474e-01
-9.529704358203794357e-01
-9.073788004566661902e-01
-8.565023861953841022e-01
-9.734939657995796969e-01
-7.877095132038470782e-01
-9.324175733538344613e-01
-8.645777207865406044e-01
-8.445871871604666570e-01
-8.665932776306294327e-01
-1.005923618764358762e+00
-7.097027472669488191e-01
-9.254612222520378628e-01
-9.612842212903791594e-01
-7.609606368800934106e-01
-8.488546796787249660e-01
-8.603474930779833052e-01
-7.324763768648354656e-01
-8.220846094902838352e-01
-7.557392223272829668e-01
-8.075760459761230914e-01
-9.268488949684094980e-01
-8.472563006284655751e-01
-8.704717534474762930e-01
-8.844348584682457659e-01
-9.278317309947708980e-01
-9.117634813504953417e-01
-7.904743195140323531e-01
-7.803189103569172502e-01
-7.978913217441214734e-01
-9.264980091860713918e-01
-8.187372489773432349e-01
-1.013417824157076819e+00
-8.740429825460722668e-01
-9.271192973378928892e-01
-9.507232356144326157e-01
-8.694622465142262113e-01
-8.063757911156157476e-01
-1.001620570809051758e+00
-7.525315937958129142e-01
-7.711053026368357433e-01
-9.233159386590930051e-01
-8.011767905688609304e-01
-7.187561767550061376e-01
-9.591716654593105407e-01
-8.198567732575502420e-01
-8.155365060787010956e-01
-8.242424603184234089e-01
-8.034255810386740082e-01
-8.464140285958027254e-01
-7.363681604531111535e-01
-7.431314310646289778e-01
-7.055603959586225216e-01
-8.882218380174594641e-01
-7.700221900812539433e-01
-7.863521617860664836e-01
-7.002034278399978939e-01
-6.771079371574140193e-01
-7.318562307039686576e-01
-8.005274067010802463e-01
-8.396614845325880427e-01
-8.041683534617775075e-01
-8.411729587519218843e-01
-8.508327432007395386e-01
-7.079186029930244484e-01
-7.308146144371442388e-01
-8.417154477196394646e-01
-6.773874584757740847e-01
-6.165408882637821719e-01
-6.807278171901147701e-01
-6.775089108068191868e-01
-7.174471906728411286e-01
-5.908379932912669608e-01
-6.413297717200378001e-01
-5.657207046556557151e-01
-7.191550090972010922e-01
-5.894413889034955112e-01
-6.579867062853397286e-01
-8.132332956268329971e-01
-7.021168752355807507e-01
-7.320483331213337719e-01
-7.218127024997152974e-01
-6.595351273344790544e-01
-7.066659047922556613e-01
-7.766547334425899507e-01
-6.640119560199418958e-01
-8.605269215330740851e-01
-7.856841856290389670e-01
-7.670862100773130354e-01
-6.935222859241102489e-01
-6.574604929980520929e-01
-6.285656317303288665e-01
-6.753743635470614848e-01
-7.672554718777124805e-01
-8.350165158995506154e-01
-7.430179103449087163e-01
-6.926466756367329891e-01
-6.398714640838749634e-01
-8.169693646204019277e-01
-6.524194853046840770e-01
-5.351963853761988466e-01
-6.738463449059158838e-01
-6.290264690015079374e-01
-5.264099186826267651e-01
-7.474341365757046773e-01
-6.247587190002142910e-01
-5.720549182370695540e-01
-5.319292693948209916e-01
-7.998740783347620953e-01
-7.014171303274232550e-01
-5.818375812199554353e-01
-6.644188075802837101e-01
-6.827276137570227332e-01
-6.701847065705036632e-01
-6.212206333390203339e-01
-5.413455529131633304e-01
-6.068995310733285020e-01
-7.732883465195572459e-01
-6.076298718064658821e-01
-7.029916893333079120e-01
-6.328143438964948242e-01
-5.068100553409987663e-01
-6.433006159043660466e-01
-6.778571178547663223e-01
-6.063399491569996247e-01
-6.273746879828185907e-01
-7.455320670652927362e-01
-6.239242962869386844e-01
-7.039790062450975716e-01
-4.519860098536295778e-01
-5.645333583203165917e-01
-5.682182467932851422e-01
-7.840046918923887498e-01
-7.698510821667065018e-01
-6.342217882746352675e-01
-6.178810901491107455e-01
-7.492156169177576208e-01
-5.754738214199854873e-01
-7.062767413713465503e-01
-5.659413239942566731e-01
-6.984368369863191983e-01
-6.140093104400368151e-01
-6.579644066723501217e-01
-7.004075991381043531e-01
-5.355455755084590486e-01
-6.420844195790418318e-01
-5.398613872541951908e-01
-5.144875337621437339e-01
-6.280463605623861634e-01
-5.603125969657607452e-01
-7.461175616495964169e-01
-6.436259459363267155e-01
-6.931872342490901229e-01
-5.882682376110397460e-01
-7.153642379846024690e-01
-6.045774397821512824e-01
-4.547912627024375265e-01
-6.913876509220020505e-01
-5.282357613528785301e-01
-6.368818656354825469e-01
-4.161760731776174005e-01
-6.707768185334646027e-01
-6.176866774475989752e-01
-5.381392802008986287e-01
-6.482891286890585247e-01
-5.826107035146598223e-01
-4.938287818970817367e-01
-6.034518309041805306e-01
-5.743339311070305708e-01
-4.951660926590227274e-01
-4.797094390682501985e-01
-5.613088215983449425e-01
-6.061032830005262939e-01
-4.356170044903638350e-01
-5.849773161480511519e-01
-6.789559885228207969e-01
-3.543920010958695466e-01
-4.484049116799850854e-01
-7.230020393318684624e-01
-5.935744443655021074e-01
-5.933073818037226665e-01
-6.276739012413490304e-01
-5.221721061652909723e-01
-4.972269031374333403e-01
-4.283754643404544260e-01
-3.745810478670008048e-01
-3.347899522377685289e-01
-5.395423138601856961e-01
-4.548891488008482420e-01
-4.523752819033180494e-01
-5.462973780008769653e-01
-4.894518594305367065e-01
-4.300106443536803047e-01
-3.867241227659621305e-01
-6.291602923031627270e-01
-3.780914183956655128e-01
-4.731079122414079685e-01
-4.978241108617283417e-01
-4.760867771463612730e-01
-5.280360444235395745e-01
-5.597089041931621045e-01
-6.212878541781854391e-01
-4.537171184675052316e-01
-3.374095784093429917e-01
-5.304342134134614195e-01
-3.717051051596597655e-01
-3.826835507295502370e-01
-6.356718058469512656e-01
-3.865927483253258079e-01
-4.288137345775562825e-01
-3.869978849986061564e-01
-5.065201372442317274e-01
-4.380364715752707583e-01
-4.232529063925329349e-01
-4.791523782886139005e-01
-3.807766742693275419e-01
-4.406141207916619562e-01
-3.139620926681958024e-01
-4.972953860520940017e-01
-4.393531931256057788e-01
-4.121553538104997805e-01
-3.426453570752416855e-01
-4.759325332309291001e-01
-4.411080161308221781e-01
-4.417629605773603085e-01
-3.679393758668837444e-01
-4.272794000110139434e-01
-4.935629512417112341e-01
-4.198015434374978150e-01
-4.145804811220191177e-01
-3.960388314236242824e-01
-2.828160643403999086e-01
-2.990566091915423663e-01
-3.450553356307060060e-01
-4.345551813311309131e-01
-3.554417186624240221e-01
-4.148501472105124432e-01
-3.041843992898741744e-01
-5.210672919409979897e-01
-4.319126659424112336e-01
-3.619239620830942417e-01
-3.982307818959430201e-01
-2.326352409267569421e-01
-2.981270715131048021e-01
-4.712962753881363431e-01
-5.266970219746541781e-01
-2.990653777090511167e-01
-4.895482797770469574e-01
-4.815055877056221290e-01
-3.233723160544870190e-01
-4.516427450788728648e-01
-3.151400506816307567e-01
-4.174285174978452639e-01
-5.742595425038075074e-01
-3.522023073357860579e-01
-3.959613543533568314e-01
-3.301394853519559192e-01
-2.835359795972936525e-01
-3.270114881929675477e-01
-3.937595206456136476e-01
-3.899862467877607264e-01
-4.743982589402994665e-01
-3.306065630806903632e-01
-2.306058023682950320e-01
-3.992238951493932153e-01
-4.337809064768154976e-01
-2.357137044885503352e-01
-4.398916709111616585e-01
-3.827740099081519132e-01
-3.215812117037250562e-01
-5.806261164458751400e-01
-3.755195313836363624e-01
-3.307346567475453747e-01
-3.785770362589235827e-01
-2.477840751775907957e-01
-3.301580463703482349e-01
-2.817899134843317444e-01
-3.275558403027534760e-01
-3.491412706151248990e-01
-2.383607851152099444e-01
-2.060458839635092299e-01
-4.698439555496809056e-02
-5.252703016505865241e-01
-1.726890304461748127e-01
-3.373600383662320179e-01
-2.886471206453958271e-01
-2.247796084812070105e-01
-3.142505398589995336e-01
-3.671184897566308059e-01
-4.828970765983646718e-01
-4.272185863847772769e-01
-4.192009154806573545e-01
-4.012765266693081867e-01
-2.419517109996422444e-01
-2.996837799597359409e-01
-4.055366934699106696e-01
-2.742469752699802088e-01
-2.791218760505846941e-01
-2.504391695612891433e-01
-2.732445696132158042e-01
-2.214195920020088915e-01
-5.055494684760276636e-01
-1.777628695044087548e-01
-2.607437112868328244e-01
-3.391806830772899350e-01
-4.022104063970149967e-01
-3.225729212936118695e-01
-2.097027638164220553e-01
-4.810018703832344977e-01
-1.485710325141738897e-01
-1.972994767190970611e-01
-3.269206781853445376e-02
-3.583665049758638088e-01
-1.853067398008609312e-01
-2.880856471545478192e-01
-1.753140724494751945e-01
-3.474966866735701987e-01
-3.120144767254024454e-01
-2.131764102482613943e-01
-3.355405428853882599e-01
-3.685560760586419904e-01
-3.695338100850125707e-01
-1.702748253811433021e-01
-3.187212465509268178e-01
-2.475535183273065987e-01
-3.397567855960786920e-01
-2.870937334581684652e-01
-1.590358478126301101e-01
-2.588568726357693972e-01
-1.771777438752928646e-01
-2.641288885233614159e-01
-8.917883151790012564e-02
-2.530843683538650524e-01
-3.076743031763532477e-01
-1.032376572216008176e-01
-8.944521908951624800e-02
-4.116143349531329876e-01
-2.209583841031246554e-01
-3.882448146620563478e-01
-7.671872046464912887e-02
-1.993307206831640421e-01
-2.499056386257575424e-01
-1.934326784081902839e-01
-1.684826396292736228e-01
-1.636256867843569052e-01
-1.192040850200991459e-01
-2.711296156318224182e-01
-3.243750868058802861e-01
-2.255140131188913821e-01
-1.798806287330866893e-01
-2.136122692268345169e-01
-2.082641733251155147e-01
-2.854123021413729200e-01
-1.984717391459905611e-01
-1.804681476520961225e-01
-2.097885455564839352e-01
-1.818443756644412546e-01
-1.669772648891981182e-01
-2.233017350179943294e-01
-2.307422419496565347e-01
-1.062344607264548851e-01
-1.758642125263291389e-01
-2.831293463087332096e-01
-3.502524695273740996e-01
-2.518712943764002121e-01
-2.550957122396141363e-01
-1.355810041794250631e-01
-9.075376772243717860e-02
-3.194781628929893591e-01
-1.308874363478436664e-01
-1.546091569027928936e-01
-1.189048845999662041e-01
-8.049066200913573832e-02
-1.358253192726610326e-01
-1.365944723958418816e-01
-1.448105454338805831e-01
-2.628573298241392853e-01
-3.481885923581904962e-01
-1.950950784012705774e-01
-1.181536051517142472e-01
-2.537094056420217680e-01
-2.824453675348130299e-01
-2.633851086206570602e-01
-1.591023634912822060e-01
-2.270839304376990886e-01
-1.021365078015851885e-01
-1.316939762528957225e-01
-2.140446116429357837e-01
-1.872041790222433444e-01
-1.474931116505572015e-02
1.026360925541272839e-01
-1.944929918631020660e-01
-1.186583706059146093e-01
-1.457126984344299658e-01
-9.341503500639918023e-02
-2.964343901725062236e-01
-2.365736339362899468e-02
-1.155925594388457385e-02
-1.907458620844454389e-01
-1.856056486962711916e-01
-1.350616321178369494e-01
-3.092093283429917308e-02
-4.949581962640382110e-02
-3.160665510288988844e-02
-1.506455479261387120e-01
-4.906213574684206019e-03
3.786035475033769360e-02
-2.135017766174156784e-01
-4.412068871204075093e-02
-5.331189095816871865e-02
5.669904330019629596e-02
7.280834317892354024e-02
-8.323045678120367941e-02
-7.395372805980406083e-02
-6.417847481891730821e-02
-2.788812342779582731e-02
-6.705140772664384963e-02
-1.134354216297145945e-01
-2.309042660221587162e-02
-1.823502887405114015e-01
-7.948613706972469661e-02
-3.220688806939206450e-02
-4.237758450850424158e-03
-1.239326534705452315e-01
2.079772337740603411e-02
-1.643932995118814189e-01
6.552830810252262793e-03
-5.730860276600806963e-02
-9.503642069466477355e-03
7.696334017493765278e-02
1.229246752434126101e-02
-7.796554124234700289e-02
4.072962973130193204e-02
9.988486801425712491e-02
4.249007291707339318e-02
-3.505957850657279162e-02
2.175528148417634963e-02
1.324074134514433843e-01
-1.646659516255352396e-01
1.089154812309816450e-01
5.490073271772661495e-02
-5.606857170621497993e-02
1.594605648930335056e-03
-1.136817118527570364e-01
-3.143611307008068595e-02
-9.107761845248561750e-02
-9.578176131271594340e-02
5.464779511109864318e-02
-6.109139670004035128e-02
-9.374541284390848495e-02
4.443284881693771414e-03
1.142298524004491389e-01
-1.690510058969925834e-03
1.802686100245700918e-01
9.454391606403539372e-02
-3.359614437195733092e-03
-3.436115791590130253e-02
5.625954362463106428e-02
-2.451160521499096134e-02
1.966635476679818445e-02
-1.161953154955548823e-01
-1.965913018091050221e-02
-2.473169669559819456e-02
-3.225416299545059984e-02
2.352067115234437178e-01
7.006937328222192889e-03
-7.207194404347933014e-02
1.177019449051499612e-02
2.209474094886211201e-03
2.764776686942913703e-02
9.157535193007262930e-02
3.618136138106762666e-03
1.667136461052037832e-01
-5.667471539102671846e-02
1.092517751513260998e-01
6.066783942537348068e-02
1.189921064477147405e-01
6.834697848838548750e-02
2.411424695251489780e-01
2.148332385493752772e-01
-2.658912155599925040e-02
9.026627597590014540e-02
1.046741826278973636e-01
-3.919391361250650768e-02
1.177468792232088113e-01
1.850925521546442631e-01
1.052571925936621189e-01
7.265919467953554922e-02
1.814156664130385788e-01
1.802706123749875933e-01
2.119557515948126414e-01
1.453447651682094610e-01
1.605357590654970801e-01
1.313186153862488381e-01
9.184847986639096962e-02
1.112350919605249316e-01
2.160506386420192604e-02
-4.930342044709276617e-02
1.329669469308034369e-01
8.347362809034063191e-02
1.644827888839043850e-01
2.416360778904728113e-01
9.800417889577534014e-02
2.028402091995716860e-01
3.815160685001220409e-02
5.082485203399408208e-02
9.420715355505482336e-02
1.232515828744636249e-01
2.658927608777754137e-01
1.699681726007349625e-01
4.849940369179261274e-02
-9.499924895425088112e-03
1.163504778672066614e-01
1.077168719200825853e-01
1.351945762581397426e-01
-5.465229854621862088e-02
2.009676406047922192e-01
1.014877652499967808e-01
1.368982379133319716e-01
1.310274644315429782e-01
1.681860480106033562e-01
2.128194044704326549e-01
8.787226119671535940e-02
1.648060891613959134e-01
2.502871754917174729e-01
1.261056519217362559e-01
2.358600068329909372e-01
1.807599257413374239e-01
2.257606270998822329e-01
1.614963097708792261e-01
1.127486496330319804e-01
2.410434677672296799e-01
1.671860583999190963e-01
2.431049121568009397e-01
8.269858661323431503e-02
1.950541919301224114e-01
1.749066704007861683e-01
2.996067445042397970e-01
3.145603356325126221e-01
1.834269581845255834e-02
1.734917282503291025e-01
2.491804674323237767e-01
2.945564573171363110e-01
3.387454453357953144e-01
4.938315517267069521e-02
1.986028500436893274e-01
1.817319503254312962e-01
2.057644081269757175e-01
3.113741408503368224e-01
2.996982263742245522e-01
2.143502665016191744e-01
1.016095094809903454e-01
3.340450753955066521e-01
7.429396557990862460e-02
2.799295335643096072e-01
1.118139300222895788e-01
2.068902937021611377e-01
6.385685492928357132e-02
1.702406460064511406e-01
1.993363541347935308e-01
3.095427332035899926e-01
1.902997026763484367e-01
1.193761193062966852e-01
6.532059706810722233e-02
2.920543809824204251e-01
1.375823622119929923e-01
2.666936274797965245e-01
2.647805511936253131e-01
2.336792322921365239e-01
3.093492150877710789e-01
3.782031669111338146e-01
3.138973351719339666e-01
2.455612789507501670e-01
2.760133316467431319e-01
2.262942199449459180e-01
2.649743416680201413e-01
1.806867889434482233e-01
2.935594671248493159e-01
3.760022243104601536e-01
2.306251406123611125e-01
1.214880477470099418e-01
3.822276325853436463e-01
2.141129422113152159e-01
1.549927872606880197e-01
1.631267183850917957e-01
3.549010160140303460e-01
4.668681131216089186e-01
2.660898340348545332e-01
1.116324803917313618e-01
2.947653301466625075e-01
3.094009697701941008e-01
2.278526532341241251e-01
2.202934187730692661e-01
2.499810510763854632e-01
4.508552043541230736e-01
3.229570121221651546e-01
3.118473809067521252e-01
1.548161156543124417e-01
4.150629437096333141e-01
3.135602144875098696e-01
2.859516115236119815e-01
3.107094506371677056e-01
1.621330353168875527e-01
3.090709357850580097e-01
2.685343894575361601e-01
3.044810335238563592e-01
2.400423581479234070e-01
2.160126682363665007e-01
4.625053932552749547e-01
3.460749240793388748e-01
2.197583341221246989e-01
3.782544097571788333e-01
2.592312169662559507e-01
2.700734746379300777e-01
2.512801197384495477e-01
2.690047687924213560e-01
2.337327046710115930e-01
3.934430026512516498e-01
3.835745619042438825e-01
5.087146071070820508e-01
4.452312372497361226e-01
4.082674501910380505e-01
3.219150083848345001e-01
3.810841283981102889e-01
4.721440945703090364e-01
3.351928610582591284e-01
3.288878137766371723e-01
3.776307010002418751e-01
3.514570751876835986e-01
4.523707044884384132e-01
3.406749479594413099e-01
3.487046275613474022e-01
1.377987813555023866e-01
3.672867788450343007e-01
3.830229059350339638e-01
4.441116941096872051e-01
2.689732817614985949e-01
4.965721746377205204e-01
3.804989113746167773e-01
3.836635304245682998e-01
3.774568214125204046e-01
3.885170350596716671e-01
3.471237106751680068e-01
3.226371636455893088e-01
2.431264328917251694e-01
5.711307874147131258e-01
2.957955555718778662e-01
4.545167736557548799e-01
3.397995232439396940e-01
3.390961083480764082e-01
3.826482482592283296e-01
5.005225715996572955e-01
2.867821251621549550e-01
5.175223896849503458e-01
4.042539829866336754e-01
3.395902065788550250e-01
3.852373344177945635e-01
5.039859558624911751e-01
3.803173766171135117e-01
3.594626159378128682e-01
5.134263323283067004e-01
5.278133435662980544e-01
4.378183395742880624e-01
3.019274787010912675e-01
4.711626798960945606e-01
4.385935258171052564e-01
3.289053196870609930e-01
3.555914948859235647e-01
4.042370208766699613e-01
4.686825027115096853e-01
4.158884490977434178e-01
3.561569649419010775e-01
2.677487808862527019e-01
5.553107067809566200e-01
5.277687935769682648e-01
4.684860920778626259e-01
5.486151210176496429e-01
4.656829141901607794e-01
4.328269100074803033e-01
4.680397646650764631e-01
4.802799888172770149e-01
5.095394286064273137e-01
5.846083730600641903e-01
3.593721914134007656e-01
5.372156476155769411e-01
4.837590354711280849e-01
5.714826894905150612e-01
4.623677214349892206e-01
4.053729035665605274e-01
3.927161077119927790e-01
5.077696227759807002e-01
4.393642987600074878e-01
3.973909512955301482e-01
4.665587185487279909e-01
5.460320547437669259e-01
5.487678785065930320e-01
6.162982148581175323e-01
5.945525174929087164e-01
4.756061648499645411e-01
4.633410367328326673e-01
5.095783534946141113e-01
5.411503228290859280e-01
5.232994403280641915e-01
4.400397747075331378e-01
5.781773902498211770e-01
5.316425099523283127e-01
5.602573580898647654e-01
5.698964170331776158e-01
6.662358921857259864e-01
6.365604556569356420e-01
6.527227261168173644e-01
4.764130503869157263e-01
5.107166737334913886e-01
5.489809774121419128e-01
6.361013415204201937e-01
5.792309527772410149e-01
4.934746315438424125e-01
4.182652164028976549e-01
5.449752888347573210e-01
5.970837034847124025e-01
5.598122566025249824e-01
4.925606983057436161e-01
5.463215309082219973e-01
3.935956504009036627e-01
5.544419816858758843e-01
6.024627207282636787e-01
5.274447375510096236e-01
5.877640675215677346e-01
4.770444179649592220e-01
4.423676880236417919e-01
7.156646864226191562e-01
5.360259775812342697e-01
5.182288088599713571e-01
5.442722717077669303e-01
7.734079056553624376e-01
4.282385226323934257e-01
6.644522957827313503e-01
6.128837438624984424e-01
5.656909833048814340e-01
6.233553309524031416e-01
5.685823291182880990e-01
5.099942649168823783e-01
5.237655732945839526e-01
6.019499485554582474e-01
6.207190506699464816e-01
6.366449165862568815e-01
6.507777234925166132e-01
6.605006271723927735e-01
4.909402490533427699e-01
5.192019702156479566e-01
5.877517184071401335e-01
6.984213479566905303e-01
5.172636000400918643e-01
7.991566126618381283e-01
6.091446357521727029e-01
5.605090146412800012e-01
6.573142208990331303e-01
7.177986598552615893e-01
7.304890686424917456e-01
6.287783658809085185e-01
5.515546989505527575e-01
8.017042351091355767e-01
5.660826821546044441e-01
5.876385871554482554e-01
6.595728574827968149e-01
5.424475782615698627e-01
4.522439543339082935e-01
5.762651676604343409e-01
6.067629930138496164e-01
6.296298138243354714e-01
7.117429523169548355e-01
5.446046736777080399e-01
5.143679922672467208e-01
7.104691650461592012e-01
6.703106682029323915e-01
6.251015324370522430e-01
7.569683356489149695e-01
7.111495964497323019e-01
6.944483283060227663e-01
7.209725454364799280e-01
6.547492996100575668e-01
6.408677847659309812e-01
6.843610145200539341e-01
6.636831294846334828e-01
7.324465262704563662e-01
7.206691542891207058e-01
7.439963749871753018e-01
7.669803457548237668e-01
6.052832073025324888e-01
7.342046259791451535e-01
7.195796322963058378e-01
6.549726164481289858e-01
7.241096243360783946e-01
6.986206584649821139e-01
7.618058633764935861e-01
7.561729982698238706e-01
9.026446225249245003e-01
5.276070397487893082e-01
6.555816915021818181e-01
7.175649446941455567e-01
7.184751383183571871e-01
7.007737166376339921e-01
6.912348080215759971e-01
5.272271687958187680e-01
6.882623560962217724e-01
7.984222854466224151e-01
8.169028224386831738e-01
7.142212202882151084e-01
7.057711629208132109e-01
7.768366923662121115e-01
6.438440862174761303e-01
6.780722402020121775e-01
7.533096882837159169e-01
7.032635410222379813e-01
5.862701901152702622e-01
7.368004837442360122e-01
7.003838592386741890e-01
7.138321934159390647e-01
8.718165109594914197e-01
7.644239319659962284e-01
6.493306084180019422e-01
8.124438627594403606e-01
8.641727102623150136e-01
8.513271232012814549e-01
6.673266395257622108e-01
8.587508394883123231e-01
8.281242952710305971e-01
7.657849180220615004e-01
6.982089595411163918e-01
6.200644506939828604e-01
7.530905836093086947e-01
7.340055831390301933e-01
7.892461654577913599e-01
7.756426142661497769e-01
7.752112991269821674e-01
6.937375901476954265e-01
8.629706175447300343e-01
7.893623225324720716e-01
9.219391220840725820e-01
8.039056813525369272e-01
7.184830079757956733e-01
7.304166385727794975e-01
8.016689264810153981e-01
8.289096900122784328e-01
7.360109864758442866e-01
8.865092882429110865e-01
7.915236291890263010e-01
7.901904826147516658e-01
8.639891189582454833e-01
9.116422860639943337e-01
8.153022655692608867e-01
7.371879982023356037e-01
8.553984552633466798e-01
9.060341491027299465e-01
8.387633998362404864e-01
9.407587705576119230e-01
8.091497142266879106e-01
1.095218749957379112e+00
9.978615359777498472e-01
8.274410537114738062e-01
1.001505640390466301e+00
7.891898037150500977e-01
7.431174935548866545e-01
9.107646336780952367e-01
8.838994806448148278e-01
8.357377627222515315e-01
9.167040502899299614e-01
8.187422412275602301e-01
9.525278752609196431e-01
8.714704904172455580e-01
7.407337030631203634e-01
8.642721032174410789e-01
8.669169242255321262e-01
9.468645878566569474e-01
8.494045958434476296e-01
8.151593525511274807e-01
9.509958952351628136e-01
9.089516939548372143e-01
8.970357898116441131e-01
9.011097051648183642e-01
9.477873069126252492e-01
8.875030666736329898e-01
9.472377861988863224e-01
8.990133608580673785e-01
8.881932199487941881e-01
9.186304365751031265e-01
9.993178231379169496e-01
1.083620970059591793e+00
9.554748127067846930e-01
9.962885416711975139e-01
8.877223739211217435e-01
1.009530517689030571e+00
8.413785890232886588e-01
8.314231461354077979e-01
8.170595803788600620e-01
1.052538838691829959e+00
8.685757518576102676e-01
9.413467617599002857e-01
8.450197585947820667e-01
7.723753508486906894e-01
8.387504540230535932e-01
8.034942412913298471e-01
9.208231392954656647e-01
9.010212108017219279e-01
1.075690599224276678e+00
1.033336954027658683e+00
1.023812900431619877e+00
1.091816977410693612e+00
9.516491634390141785e-01
1.025427221108424325e+00
8.493417255150901291e-01
8.517466208531525584e-01
8.562727554182582024e-01
8.807956018443988677e-01
9.773111239163017050e-01
1.056914980473615984e+00
1.043412587155635896e+00
9.355442229370026785e-01
9.432295877236819281e-01
1.018888920633357786e+00
9.318872572503068552e-01
9.859880844917099374e-01
8.514945799413435878e-01
7.832613142326881883e-01
9.644558562035780991e-01
7.759916341120036698e-01
9.381791460187131060e-01
1.080702837959743201e+00
9.006812481168398055e-01
1.054381288805307904e+00
9.500544154490725424e-01
1.058969355991423500e+00
1.052268474310764867e+00
9.762572470975381389e-01
1.081933322874539583e+00
1.039830050278919726e+00
9.592170491848632796e-01
1.099187711158475134e+00
9.783917015696707020e-01
9.815412716679776661e-01
9.750702482095214840e-01
8.841985865897286079e-01
1.086888194527207085e+00
1.073021737588768065e+00
1.017360592010344789e+00
