-9.997001259563300657e-01
-9.928146782121102243e-01
-1.051815922733645436e+00
-1.134394192379311495e+00
-9.797405001383621137e-01
-9.238542448081528136e-01
-9.291873375920257638e-01
-1.073538100674381157e+00
-1.015163940949759258e+00
-7.940725439567031252e-01
-9.939978306285537357e-01
-9.192414309156031749e-01
-1.023926298265942947e+00
-9.219115981440966223e-01
-1.038549342787532304e+00
-8.983491083072978611e-01
-1.028170675852458027e+00
-1.019270852128884464e+00
-9.286565587526421917e-01
-9.365727930154360559e-01
-8.925464813839636413e-01
-1.050571054484830569e+00
-1.116946724343190089e+00
-9.706857031862481389e-01
-9.056900122591092783e-01
-1.034296792646820284e+00
-1.010106970787173486e+00
-9.934718974543855774e-01
-1.106944347540220308e+00
-1.041748645328230527e+00
-8.666922781363148864e-01
-8.661047473014475973e-01
-8.982409366416712615e-01
-9.690317287947409763e-01
-8.973689282410169943e-01
-8.779239527782224384e-01
-8.770333971105598314e-01
-8.240336420743371582e-01
-7.828099492705808959e-01
-8.745682870875912673e-01
-9.169209706814607230e-01
-9.510172316654094127e-01
-8.119049243524830706e-01
-9.725215017924965233e-01
-9.284608300091027333e-01
-7.714146549374801820e-01
-1.193656045620117512e+00
-1.075976685067937977e+00
-9.535467826866841357e-01
-8.511699702068843409e-01
-7.734138544320847686e-01
-8.921829250078224804e-01
-9.608332102004221165e-01
-8.290554146320124884e-01
-8.997090299204978381e-01
-9.955189454842979790e-01
-8.581258965003071282e-01
-8.948917699596984354e-01
-8.315983040752177313e-01
-8.172502743178027274e-01
-1.077210171815070394e+00
-7.996402987089601400e-01
-1.008731584645312651e+00
-8.811684286692894608e-01
-8.253803396532443104e-01
-9.274952379095855459e-01
-7.987153998757546836e-01
-9.612971174371548466e-01
-8.876103290906630638e-01
-8.563837550988691039e-01
-9.107687136696231978e-01
-9.301698064355495843e-01
-8.284913509624752814e-01
-8.156359841482296869e-01
-7.677023438065365690e-01
-7.166049493013401106e-01
-9.168471828034535642e-01
-9.271758517066009953e-01
-8.212240150619243284e-01
-7.685147220282509961e-01
-7.146967218479300943e-01
-8.437309547987510427e-01
-8.452687016539841558e-01
-7.876903815271515397e-01
-8.699031197341978716e-01
-6.891695238556209135e-01
-7.030124636417366402e-01
-9.514550080096423335e-01
-8.434093767990789026e-01
-9.271181318824235351e-01
-8.718555137273067412e-01
-7.570682070252483520e-01
-7.049233940325952963e-01
-7.377577363095160212e-01
-6.707713465659007612e-01
-8.502099322999777664e-01
-8.830627179925009118e-01
-8.377774240156542485e-01
-8.813948054888582906e-01
-7.742124053118685234e-01
-9.161237946875963045e-01
-7.443063480998740600e-01
-7.548655022886574528e-01
-8.419437873701606234e-01
-8.841433914972842700e-01
-8.243905088180500940e-01
-7.799804698293043570e-01
-8.263076964689550774e-01
-8.945930627925680056e-01
-7.613778151319839926e-01
-8.789211542533768018e-01
-8.264086098051510731e-01
-7.950924819105620323e-01
-9.210357665028378049e-01
-8.700960061212488217e-01
-7.925072549821594592e-01
-6.920983352982377212e-01
-7.160364185702536854e-01
-8.124954455460079439e-01
-7.918958843549185334e-01
-7.669595912302077378e-01
-7.344071460392017636e-01
-7.580427327518025615e-01
-7.014734211743544057e-01
-8.014499088507924807e-01
-8.721371909773547593e-01
-7.516155712564281943e-01
-7.713155024405690119e-01
-6.668654139004122072e-01
-7.519759920336380743e-01
-8.098893678923763106e-01
-9.999681794851247307e-01
-7.313231507394901687e-01
-8.712388213510195989e-01
-8.039557057851514088e-01
-7.731777951022421602e-01
-7.428753861564997285e-01
-6.171664684819226920e-01
-8.063265290270972274e-01
-5.696850535411669414e-01
-7.907400501111241375e-01
-5.640030628129046875e-01
-7.377576961662963839e-01
-7.571759102845773137e-01
-8.034206019912971675e-01
-6.709940734172974430e-01
-5.678835010987337562e-01
-6.114784490337230594e-01
-7.424196199030284049e-01
-8.000525331391868944e-01
-6.112937870140381369e-01
-7.676170732171195832e-01
-7.711651062311973837e-01
-6.990297347841681885e-01
-6.348191370353432061e-01
-6.818917369426034103e-01
-6.997702182592135944e-01
-8.800511204881080740e-01
-5.319724943526851213e-01
-7.473925931196450101e-01
-7.569914206764224440e-01
-5.429669467078576117e-01
-6.389632607863250380e-01
-7.473742320089206137e-01
-7.067957560223792068e-01
-7.276592386735173390e-01
-6.668903415018243575e-01
-7.451079332394809907e-01
-6.953793371450276428e-01
-6.652608654586782411e-01
-6.251879286100874289e-01
-5.780065377056029519e-01
-6.811301711388119129e-01
-5.961663255778868464e-01
-5.415368988101580960e-01
-5.270696322590951999e-01
-6.323025062484486369e-01
-5.679412267053564056e-01
-6.535617131343526287e-01
-6.254443279088863772e-01
-6.764920623866290672e-01
-6.362979106126972484e-01
-5.897350813960201554e-01
-5.960972139684751481e-01
-7.158985703915379251e-01
-6.547154242612868158e-01
-5.748655960150973465e-01
-6.090880335338854090e-01
-6.024895989794198936e-01
-7.703269311337338499e-01
-6.545870900518843127e-01
-4.532905159581205878e-01
-6.124811850235128974e-01
-5.950303773788830908e-01
-6.395947581018283090e-01
-7.809582407785647939e-01
-7.127183686675619967e-01
-5.420059894719738702e-01
-5.551135098128492373e-01
-5.479672002510913575e-01
-6.144306482455915708e-01
-5.902935005081354491e-01
-6.151092819360299835e-01
-4.484409064473639517e-01
-5.533420537697836261e-01
-7.522985647637143725e-01
-6.835408693359616983e-01
-4.951247187720868026e-01
-6.650016559845066677e-01
-5.988897876240208973e-01
-6.182321448708610889e-01
-7.139380353153860215e-01
-4.933423971590743529e-01
-5.963798429459219452e-01
-5.969991995195628176e-01
-6.948993992211062176e-01
-5.829899997476374329e-01
-5.075805650577965844e-01
-5.822342175133504716e-01
-5.379671347511680857e-01
-6.262243495448737152e-01
-6.163462743487659878e-01
-6.642732282824274082e-01
-4.820188859718005925e-01
-5.701229300345117545e-01
-7.442247480074909438e-01
-6.758384972457018858e-01
-6.094721125945659068e-01
-6.022489242598820791e-01
-6.349987683298188301e-01
-5.407876681275062269e-01
-6.213047585629489777e-01
-5.191660921935291606e-01
-3.820365606982296658e-01
-6.547921629798364451e-01
-4.863290381963871201e-01
-3.759017985887411761e-01
-4.934587207696156663e-01
-4.706856515661837492e-01
-5.371104773771718799e-01
-4.641368971169353430e-01
-6.342466871354388580e-01
-4.128321232860147627e-01
-4.884007368408894711e-01
-5.931573196008667059e-01
-5.003368728593081682e-01
-4.467767148812956668e-01
-4.440671899617271157e-01
-4.781946449569244861e-01
-5.177187075049615173e-01
-5.040580633130657962e-01
-3.991065184460637072e-01
-4.532343567730095502e-01
-5.143086998198912463e-01
-4.177159933164449335e-01
-5.978818114942675566e-01
-5.456163782248576455e-01
-5.559027020854995227e-01
-6.794022045831425993e-01
-4.527802364678654712e-01
-4.400238721347789483e-01
-4.067764555286276784e-01
-5.259226664979492760e-01
-4.923352639566833111e-01
-5.527312483010984323e-01
-4.647479952270296977e-01
-4.757489526117330003e-01
-4.815823612847459634e-01
-4.687248452130062248e-01
-4.448355735883237627e-01
-5.802868591701477730e-01
-4.263247737030261275e-01
-3.815252825614302568e-01
-4.943010709097450661e-01
-4.466831630265060138e-01
-3.594130942366250969e-01
-4.149197345051927055e-01
-4.861621403919039186e-01
-3.182107279378702525e-01
-4.182655943512558205e-01
-5.638805277271025096e-01
-3.335750668553092435e-01
-4.960073549522282521e-01
-4.750480712492448632e-01
-4.893585602132714540e-01
-4.271636505083573065e-01
-4.087451871836048078e-01
-2.671242401830256630e-01
-3.784721219993248953e-01
-4.902499730415425527e-01
-4.480822074856564141e-01
-4.443057104020732839e-01
-4.003608836504466972e-01
-3.664305782270164125e-01
-3.957688517313614485e-01
-4.763135005971940172e-01
-4.455175931665804612e-01
-3.627916641715283053e-01
-4.631579034288853536e-01
-3.597373718621472705e-01
-3.450631641547712292e-01
-2.536320157765429295e-01
-4.964137346278411633e-01
-4.622607613412175742e-01
-4.194349423989371384e-01
-4.319917323352979732e-01
-5.320814797451000056e-01
-5.788798772965080275e-01
-4.071501837217114672e-01
-2.414791050586446997e-01
-4.084997363124080461e-01
-5.616638293209897936e-01
-4.533955664605187619e-01
-2.876602632711028340e-01
-3.091105389724740360e-01
-3.789286484633733743e-01
-3.443317961247548964e-01
-3.033043882216036047e-01
-4.669859097638087153e-01
-4.304506829147097258e-01
-3.015015764601832182e-01
-3.392738308231290634e-01
-3.741506242643521940e-01
-4.316798905835186884e-01
-3.033375367166584735e-01
-3.447893496289206605e-01
-4.669983350229908181e-01
-3.768480245774331050e-01
-2.594625903833758240e-01
-4.028511023497467480e-01
-3.927586639263437873e-01
-2.778774290416510251e-01
-5.061255259265317052e-01
-3.588596586695262936e-01
-2.963299549733661165e-01
-3.182612441716423657e-01
-2.650036772563141851e-01
-2.723387529897196013e-01
-3.192379986448661278e-01
-2.552734706165472600e-01
-2.384975290580698126e-01
-4.440294473030728106e-01
-2.396433869292551311e-01
-1.439421652253567441e-01
-4.573199046644504384e-01
-2.387777476170986624e-01
-1.928941834927113685e-01
-3.133015999939753327e-01
-2.048979587872589991e-01
-3.788667375772717949e-01
-2.583524184002961577e-01
-3.092377501593352451e-01
-2.443751634534832018e-01
-3.177742435858425529e-01
-3.594300488329331134e-01
-1.981004982610750365e-01
-1.941122791812016357e-01
-2.453665087769375530e-01
-3.074144952805434317e-01
-1.389020662491679270e-01
-2.371433071168737305e-01
-1.563380624636727945e-01
-3.200887399232764108e-01
-2.871548400906572818e-01
-1.975115011167342671e-01
-3.747093069226563600e-01
-2.886789645622025446e-01
-3.956854746717787252e-01
-3.793014101596227650e-01
-3.718667818286409132e-01
-2.359740789250018567e-01
-1.980922615459824176e-01
-3.280033472495564872e-01
-1.847997775897095574e-01
-2.120620814080534378e-01
-1.432650794660675631e-01
-2.807167340241849551e-01
-2.742820169738595659e-01
-3.256017154837878014e-01
-3.656630561442428817e-01
-4.578724899718570884e-01
-1.881519784500382819e-01
-2.421610806518553760e-01
-2.515031661169649380e-01
-7.955130457577107295e-02
-2.432176098071890114e-01
-2.737194730041687674e-01
-1.865686237374948875e-01
-2.104205186213083945e-01
-2.952663782413836313e-01
-2.410830418072722470e-01
-1.669041219798715336e-01
-2.264543166579267575e-01
-2.063709592154306383e-01
3.539120111525121369e-04
-5.519872265923531779e-02
-1.458524388356562118e-01
-1.064025262090184387e-01
-1.833975937717523541e-01
-2.960326852890624583e-01
-4.740476079861470626e-02
-1.321721710512440418e-01
-3.200059218656955279e-02
-3.192314120939557243e-01
-1.105270846962018577e-01
-1.863143550235691337e-01
-4.934973134766507119e-02
-1.185490119815085508e-01
-1.620012963608578049e-01
-1.466097307813201411e-01
-3.222040178852695891e-01
-2.404589016079478336e-01
-1.743225083482252968e-01
-3.170456262902457412e-01
-2.413684875448554867e-01
-2.200110591296085827e-01
-1.432657982862048096e-01
-1.528545657336036201e-01
-1.591526541021880958e-01
-3.551976034650360381e-01
-2.284375336675844026e-01
-2.351510062280296742e-01
-8.531491937675765580e-02
-1.878779302540597718e-01
-1.421988493844957013e-01
-5.796276241172221289e-02
-1.171839834865200936e-01
-2.077948327190260180e-01
2.066244783523918729e-02
4.391898893339601928e-02
-6.126626540827738443e-02
-7.128568707040590369e-02
-3.046130820555780772e-01
-4.934840428068073409e-02
3.476350933792993897e-02
-1.845641118716367102e-01
-2.219210724245583924e-02
-1.507396300720194593e-01
-9.442846373064199550e-02
2.605753240245809593e-02
-1.184640499830671295e-01
-8.221987128764331187e-02
-1.271400252392995700e-01
-2.476166255226830981e-01
-1.487468210265398549e-01
-1.067245408351550212e-01
-7.847645666002819875e-02
1.125310257857258791e-03
-1.242380435277275624e-01
-1.783288321346371552e-01
-7.579575361756876045e-03
-5.477961379460700997e-02
-8.591764039786677076e-02
-9.918542600625235295e-02
3.267221249356836582e-02
-4.062892324988248011e-02
-1.439764899940311482e-02
-1.437329727735291440e-01
1.233353272759380587e-02
-1.656726871751309366e-02
-4.635670094744463732e-02
-1.955422516361671748e-01
-8.158100196387391145e-02
-1.057347228188855598e-01
-1.690866134843298230e-01
4.429408283127107132e-02
-2.351277188741359159e-01
-1.568087921352818645e-02
-2.953496218810395257e-01
-1.999341587826143976e-02
-1.937739912362987649e-01
5.535593707802815427e-02
-1.381331719422270732e-01
-6.050186607699613306e-02
-3.849091487506233616e-02
-1.132039285336912393e-01
4.989048025193296154e-02
-1.814778183602833161e-02
5.749574888753020141e-02
6.160420913047050945e-02
-1.751117765098341716e-01
4.360479197779056765e-02
-2.373726344978698277e-01
-1.125933309735107912e-01
-2.144012680537246349e-02
-6.394959538138949608e-03
-6.291206404391775850e-03
1.106770694915702735e-02
-1.525058283818005178e-02
-3.222768889010119153e-02
3.141842226213172745e-02
-1.650079252811790520e-01
-4.755768967212602866e-02
-1.053091194968783367e-01
7.488737538679363093e-02
-1.771900762509368843e-01
1.072519027108811696e-01
-2.449975694831120140e-02
-6.080827237695696913e-02
-7.283537233463426019e-02
-9.010438199706830020e-02
1.100169796663491434e-01
-1.633045603777142363e-01
5.109428344885600520e-02
9.449518808676438120e-02
3.942885165805655456e-02
-3.142562041023384822e-02
-7.567473691772685918e-02
4.635464865808432144e-02
-9.704634469090644977e-02
1.923181608464074113e-02
1.610473909095508915e-01
1.534930430570775606e-01
-3.065016542881329048e-02
1.113171653064724265e-01
6.375484315584388495e-02
1.894313939266984714e-01
8.267895824559635953e-02
-6.710455688079192127e-02
-6.555951896284994973e-02
1.008225194722451035e-01
-3.185988620957053846e-02
1.794147956892412285e-02
4.741906762978075757e-02
1.695803770863163751e-01
1.937979925120339106e-02
1.132960396760008676e-01
-6.177007333897123476e-02
9.167986772562249087e-02
8.965424286628503880e-02
6.608246338915071960e-02
1.072673442003636290e-01
-1.879507078377147880e-02
9.219485030162487271e-02
1.017126628369081354e-01
1.918232765336285173e-01
1.548344805838870186e-01
1.917469703400232206e-01
6.164949436617377793e-02
7.911791972054370292e-02
9.058674077616941933e-02
1.545646222403646540e-02
1.300535732044126765e-02
9.967946581429819319e-02
1.333948897363142205e-01
2.081808958411439092e-01
2.053426177664436914e-01
5.036861661014200436e-02
3.062149260732739339e-02
1.528121595376852049e-01
8.554403088958059675e-02
2.716673102118020988e-02
2.475334999274515224e-01
-1.742393270025070773e-02
1.855933137010189748e-01
1.660283404755030223e-01
4.535702115104493781e-02
1.454923998013302744e-01
1.187421135430202779e-01
-3.089083190037079582e-02
6.437708635989058958e-02
1.182832000971938483e-02
2.341720992909187005e-01
2.169691745573178732e-01
1.171090652450267472e-01
2.071734875822575372e-01
2.371084529852424683e-01
9.730353182846653015e-02
5.118108127068538016e-02
2.308241368895308510e-01
3.671807974817348219e-02
1.578698900998402044e-01
2.374233617989055523e-01
1.856271573706931299e-01
4.062688407375846661e-02
2.340435116239883429e-01
2.806391533617539902e-01
1.090960662137211018e-01
1.773785648017320027e-01
1.081487584365018323e-01
2.269170907641310242e-01
1.822250837853746919e-01
1.468607654036520049e-01
1.551861399709184297e-01
2.499549041544194272e-01
-8.240367229461777188e-02
3.361758108654064325e-02
1.565859742293519985e-01
9.189006243678307650e-02
1.403898216965874801e-01
2.055654179962975447e-01
2.688441011821958715e-01
1.050379741531280720e-01
2.960452740009753558e-01
1.416983711466732465e-01
6.789047841882267509e-02
2.230687795047107680e-01
3.871733515820548477e-01
1.768669642955146559e-01
2.535504202512838812e-01
1.475842438697943793e-01
1.783381838823406285e-01
1.436700922361067723e-01
2.677418718671545350e-01
2.067723486163761115e-01
2.039339376040291973e-01
2.163891129644980316e-01
2.442602382804459626e-01
1.960996340284489325e-01
2.656935798100671375e-01
1.709019370434666507e-01
2.776985962637313898e-01
3.690216531879760287e-01
2.980086535065773479e-01
1.701757625269295082e-01
1.596343581114117449e-01
2.529404659576715564e-01
2.151984821095790645e-01
2.676548409849879295e-01
3.774250454837700386e-01
1.599719201876655117e-01
3.669468392475053187e-02
2.782165292335889162e-01
2.746673901327937317e-01
2.397988062309905632e-01
2.480256225874923892e-01
2.584374353292043236e-01
4.219554781067889615e-01
2.986036269191542081e-01
2.167064732388977732e-01
4.587996428994833287e-01
2.032828749502842980e-01
2.878030528404029176e-01
3.120451427353618246e-01
2.853763788231165055e-01
3.942748136156496441e-01
1.943202418026862832e-01
1.869554505743593331e-01
2.198026667771593168e-01
3.310010160833216641e-01
3.056702889265714429e-01
1.840422892575699076e-01
2.850586683969752455e-01
1.233464823387303705e-01
3.424779572577084097e-01
2.769096285132709445e-01
2.333442306384148346e-01
4.348666273488661083e-01
3.417264931595133670e-01
2.471346253028408047e-01
4.108954777685755455e-02
3.521375286302677043e-01
2.817946504933931395e-01
3.998909984227216330e-01
4.122228905548713240e-01
2.458742914683139102e-01
3.382765330833742423e-01
2.196191417478585706e-01
3.539379739051377038e-01
3.935165818062685839e-01
3.012817600383288497e-01
2.830667479783579021e-01
4.077346180261024466e-01
5.198069013810566741e-01
2.379364755933749132e-01
2.134207170706406143e-01
3.843840068899019857e-01
4.117408385876208943e-01
2.910899020377468727e-01
2.889877804021005470e-01
3.853596038329555884e-01
2.933357629083896967e-01
4.806022479694023186e-01
3.532777905985647338e-01
3.534602562863409236e-01
3.754768271244072753e-01
2.955956783266799892e-01
3.680354340703981819e-01
3.785870890804377553e-01
3.434502999594524764e-01
3.105632999439678632e-01
1.702161817749574813e-01
2.991198735226651695e-01
4.211412900771143719e-01
2.410688793684497011e-01
4.774689318099238355e-01
3.879359069995005904e-01
4.546326868738858606e-01
3.963266879520536690e-01
4.641050408954158213e-01
4.439733812268075175e-01
2.736060114794366949e-01
3.892195807241596861e-01
5.154218681775540878e-01
4.587557976227701340e-01
4.788796991590680840e-01
4.078237994026731594e-01
4.011347162319410242e-01
4.126326338926187831e-01
3.526384539812659757e-01
5.339129383205045709e-01
2.780800490026550387e-01
4.527474397793060934e-01
2.509797083182330746e-01
3.344339394167780144e-01
3.621286784553601201e-01
3.708877751157333980e-01
4.350479988990215707e-01
5.998667304297821135e-01
4.006990887902142640e-01
3.546721113333724529e-01
5.229580783692895363e-01
4.464954043683605489e-01
4.791662812154978690e-01
4.619267132895138461e-01
3.659345989436663671e-01
3.533556296850696166e-01
4.620167742873306227e-01
5.071022996777881930e-01
3.123450831885979384e-01
4.713853413739317877e-01
3.171790920549533710e-01
4.577087411418981899e-01
5.033199530531258237e-01
5.891609305461142920e-01
4.698100093002522404e-01
4.016906511629058096e-01
4.801340999719826974e-01
5.195599134421819976e-01
4.723394291795597333e-01
5.291009096370620224e-01
4.438306521832075524e-01
4.778403164163260164e-01
4.414657664904898526e-01
3.885127767728430159e-01
4.364874556921082838e-01
5.665037790272750007e-01
3.813290695030738253e-01
4.385430343188893021e-01
5.289361680378165120e-01
6.070057310630710967e-01
5.816968270201088309e-01
4.539758714498611791e-01
5.448043024159435754e-01
5.928650195373850185e-01
5.719092858449255079e-01
5.781736703887717654e-01
3.787992552273939939e-01
4.858319592533086317e-01
5.820711874111738071e-01
5.443743717115930858e-01
5.308922798203083993e-01
5.357494427392978098e-01
4.545446503476124334e-01
7.457593234276909122e-01
4.880449455637162481e-01
5.395198738872816202e-01
4.224674395466667121e-01
4.820933008409630793e-01
3.637137241257151765e-01
5.275340136957962223e-01
6.164346482295913754e-01
4.638490258434342373e-01
5.835171055640825388e-01
4.874977887937960164e-01
4.363081917475595817e-01
5.458909527620495750e-01
5.087658353840953662e-01
5.203782901175856290e-01
5.180662286849817555e-01
5.661692064376770972e-01
6.516489744447556687e-01
5.583550691959047185e-01
5.181397888216571213e-01
5.993416867975699391e-01
5.737884425210161288e-01
6.081674727232520006e-01
5.653298646989105558e-01
7.236286184115660047e-01
5.950535200644514466e-01
5.664884214169700893e-01
5.402853489663791420e-01
6.873746470567916322e-01
4.435509594429059010e-01
7.167794672397409528e-01
5.713137474751878164e-01
6.056151279773002161e-01
6.683708289980271333e-01
4.923804938272132170e-01
7.182371168592940336e-01
5.372030834696103208e-01
4.870322375386734182e-01
5.849580511275190853e-01
5.152847309990855607e-01
5.961698725108731667e-01
6.725845221482662506e-01
5.405441882944481691e-01
6.280623731905939922e-01
6.745494976551945632e-01
7.288139906076015473e-01
6.621518246511999273e-01
5.922191025800652708e-01
5.600588800383538013e-01
6.087464223837777411e-01
6.154967522271526104e-01
8.484409652050426409e-01
6.370396853051111252e-01
5.981357010518693063e-01
5.745819323429984804e-01
5.437718867624201646e-01
6.620156494627722488e-01
5.997466662670312143e-01
5.872397350941687133e-01
5.201338391673452355e-01
3.966323390489537859e-01
6.448299227000402478e-01
5.504790381995844362e-01
4.709545232958680661e-01
7.140301510630356896e-01
7.982497598044620002e-01
6.003804333770937918e-01
5.885508733077723376e-01
6.738727453254537147e-01
6.177781654561566027e-01
6.014755037728137799e-01
6.287421456530419839e-01
6.926709037852905038e-01
4.804781113250093938e-01
6.650944389588078209e-01
8.445416906501795884e-01
5.673638408055037274e-01
7.765497260471491137e-01
7.296051988997085402e-01
7.352325572748487081e-01
6.781315518896542383e-01
7.734732695420039050e-01
5.885054525407300563e-01
8.390431650608538572e-01
6.772500190543536691e-01
6.430111338193874593e-01
6.212693929354281552e-01
6.360088041013464144e-01
6.562885365456003761e-01
6.802216054856645711e-01
7.012589261534025731e-01
8.600877872175939354e-01
8.279610194244514387e-01
7.900660040159949160e-01
7.362724606461202859e-01
6.583591272064148736e-01
7.009911192051261342e-01
7.088496809899980100e-01
6.990286712101380084e-01
7.338441667058417384e-01
6.453580860936780628e-01
7.691224131321647839e-01
6.463530826293213405e-01
6.714841962832956979e-01
6.454367158593057319e-01
6.913888658950131383e-01
7.772715656474640245e-01
5.783508261085246183e-01
6.866118138369136092e-01
5.452560795552306994e-01
5.881956583214943413e-01
6.936395115791074151e-01
7.891128619298197755e-01
6.303318423440771312e-01
8.421669063386123533e-01
8.814975061847937221e-01
6.797039172497838511e-01
7.389836471978139532e-01
8.252613828389161466e-01
6.926682338507964554e-01
8.229416532925460936e-01
7.060266516278118631e-01
7.383102405542585345e-01
6.312590745821061722e-01
6.774678794761210820e-01
7.697409653930814555e-01
7.257674410752282812e-01
7.080981844185078034e-01
7.459536549882855860e-01
8.200549379797079652e-01
8.024600030931817729e-01
7.010540043392774479e-01
9.206044871905894045e-01
7.607970622507351788e-01
9.248870084974574191e-01
6.186676014867160678e-01
7.259183495132475183e-01
7.436461095913529107e-01
7.399472993647981944e-01
9.253281050134095631e-01
8.590079795490214165e-01
8.067329322630811816e-01
6.982084420812625369e-01
8.666576791359538179e-01
8.042632907753987093e-01
7.378058548803562156e-01
7.618575127902964539e-01
6.787879365438025392e-01
8.346019731721279200e-01
9.004026791966852628e-01
8.695711844016679182e-01
8.645122779823500858e-01
7.491216394658076760e-01
8.308829135946839139e-01
8.478569765304687644e-01
9.207545047653870052e-01
1.054401221642601971e+00
7.140506369556617328e-01
8.195295641936894970e-01
8.944994347304592308e-01
8.331541264624364729e-01
6.805128415677696996e-01
7.229424348046717963e-01
8.957472142140389115e-01
8.598009172392336863e-01
8.476104396889990733e-01
7.864980331508859557e-01
7.871901230408572259e-01
8.755448158576971673e-01
7.809611613710811806e-01
8.735934508910925267e-01
8.405192945947999039e-01
8.225416921197286069e-01
8.445825610226898039e-01
9.368593641966417307e-01
8.651005635940399729e-01
8.606486906885645327e-01
8.302566568030063099e-01
8.115666565898981277e-01
7.684534629272919970e-01
8.233741529518401325e-01
9.138794564275571908e-01
9.752927714432655382e-01
9.396389644709942646e-01
9.223131622397164886e-01
9.779802299988197278e-01
8.914843120868333193e-01
9.180795760927351612e-01
8.665430843975573394e-01
5.995821164910510870e-01
9.155092539176334920e-01
9.405606283643002108e-01
8.775270957986370801e-01
7.914434117730730911e-01
9.072219524687014092e-01
9.166399982438724336e-01
1.008573072470785092e+00
9.747263166914804655e-01
9.412058998140856447e-01
8.251661523821168798e-01
8.585610815655830841e-01
7.088837689353094662e-01
9.850268049986445895e-01
1.057251858790974053e+00
9.713018533631616602e-01
9.624147333406699589e-01
8.238683037055396507e-01
8.823527288274953806e-01
1.006863478386048838e+00
9.469812573449959414e-01
9.472136404333828530e-01
8.707740413527242929e-01
9.591076655549992669e-01
1.098133261769811853e+00
8.537727207435330534e-01
9.494628458113618663e-01
9.704348362771119119e-01
9.969153091300543279e-01
8.653354797814981625e-01
8.161356388043542465e-01
9.613010562807646764e-01
9.482982789224481124e-01
9.007028366369360661e-01
8.935110508970732779e-01
8.801748268999244340e-01
9.999286490651287940e-01
9.818310322156229564e-01
9.910271832456574170e-01
9.743610685702605023e-01
9.254804980851805141e-01
9.586394078429613108e-01
9.525180493018350347e-01
8.874545445435001456e-01
8.647636823729509814e-01
9.988389727790929484e-01
1.011767201958492235e+00
1.012313530615673862e+00
1.029055869531810163e+00
9.452677192352239022e-01
1.023541321912261548e+00
8.396726586819370786e-01
9.410499135533197945e-01
7.999823917948863938e-01
1.002007397535526367e+00
9.620311505659673301e-01
9.469040659781117197e-01
