-8.766966126645845403e-01
-1.130070630596843761e+00
-9.486967242515792487e-01
-1.031860058196193863e+00
-9.524996839523917069e-01
-9.609292671367742900e-01
-9.445747813676882432e-01
-9.822212896008031269e-01
-9.315760354779667463e-01
-9.918467764551482935e-01
-9.761636488938514322e-01
-9.785594866444887741e-01
-9.918286723327808252e-01
-7.212944780171617332e-01
-8.964063421035123325e-01
-7.387197573317054733e-01
-1.020648271314721134e+00
-9.848072099643466748e-01
-1.031144055123345948e+00
-1.100446429226843659e+00
-9.000964796826771419e-01
-9.947792414650683535e-01
-1.030820688833478771e+00
-8.167766978088393248e-01
-9.536795392572406938e-01
-9.022766999822414702e-01
-8.993403529434845778e-01
-9.214275111516990746e-01
-1.013419006465183125e+00
-1.045846160185668783e+00
-1.007568194140989526e+00
-9.522200580452476748e-01
-9.599597644596166157e-01
-9.900612782230647779e-01
-8.713870098309134393e-01
-8.874499974146163872e-01
-9.023078351037251421e-01
-9.788696726072888543e-01
-8.658481646305233870e-01
-9.676309855015098327e-01
-9.855896251622219273e-01
-8.918401658655599196e-01
-8.728625625923910336e-01
-9.325995072932202756e-01
-7.180422821560107360e-01
-8.730159872577406555e-01
-8.773979517205596768e-01
-8.896259828633984457e-01
-8.571878332863880345e-01
-7.668727651798828981e-01
-8.887921543673477087e-01
-9.360989796359737714e-01
-1.005376337148513599e+00
-8.868799937572841019e-01
-1.029267877229177230e+00
-9.690289230022298694e-01
-1.096644423749240760e+00
-9.329174839005717201e-01
-9.950567875044383781e-01
-8.692325659069876087e-01
-8.371905980280480719e-01
-9.653380183059599995e-01
-9.863292326708678059e-01
-8.388568315640692052e-01
-9.649582537632248602e-01
-7.764144243416412072e-01
-8.471195680809426864e-01
-8.561137315242801638e-01
-8.119022457286712013e-01
-9.659962665210811705e-01
-8.669292640723719190e-01
-6.911249146729196990e-01
-8.148055468578364602e-01
-7.993728470863088464e-01
-9.158547312766482928e-01
-8.340652355376967364e-01
-9.117094898356044030e-01
-8.670209996132881569e-01
-8.228424143838324323e-01
-8.361012196826751453e-01
-7.761415304981709173e-01
-8.316153359445880300e-01
-8.231336278682171992e-01
-8.129581967892898220e-01
-9.974046680454407010e-01
-9.472896613871667482e-01
-7.712466630653824762e-01
-8.018519683155705957e-01
-7.837752381326449358e-01
-9.255684529475449729e-01
-7.255229698782692527e-01
-8.926709134269449342e-01
-8.751087784602331610e-01
-7.530298986990682231e-01
-8.259514458673880011e-01
-7.760483987540423012e-01
-7.756439878861873805e-01
-7.415173751371826327e-01
-9.212452389946604869e-01
-8.433751398628657192e-01
-8.465853717750215779e-01
-7.443495837391510550e-01
-9.480492857336464407e-01
-7.117895469038427736e-01
-7.783071607684820536e-01
-7.278552241659889122e-01
-5.909149207445318908e-01
-7.875807089413280337e-01
-8.798356833487703810e-01
-6.574545835124413484e-01
-7.775818289851927911e-01
-8.040112366482038420e-01
-8.301130387405039057e-01
-8.535835259903307159e-01
-6.332770741021498395e-01
-7.063316601200316791e-01
-9.328945530145874576e-01
-6.868052805894035995e-01
-7.276603832771058045e-01
-9.180001013567890000e-01
-6.747066685581828427e-01
-9.941945823306045371e-01
-7.633355457922590404e-01
-7.754929877976569630e-01
-6.871068071060377758e-01
-8.786772795887803911e-01
-7.618627263559609730e-01
-7.845726953467067055e-01
-6.559630496705879388e-01
-7.534850156165191493e-01
-6.295282072073444812e-01
-7.013857499439084542e-01
-8.169949737809232282e-01
-8.291134628475521628e-01
-9.635882379986876467e-01
-7.439375241783580117e-01
-9.236247394226523300e-01
-7.071388362880506318e-01
-7.206099282479148105e-01
-4.428690732882211711e-01
-7.256526771050834101e-01
-7.213482683433443121e-01
-6.509658604981590768e-01
-8.460844839536632023e-01
-6.953201471638834619e-01
-6.645782437531784215e-01
-6.401806760587586131e-01
-7.324104863728210235e-01
-5.353302213712529678e-01
-8.228375391419402440e-01
-7.712188547882274925e-01
-5.638210186720983286e-01
-5.735744140263813184e-01
-7.525945923521512038e-01
-8.259727686087886545e-01
-7.228035115584524606e-01
-6.327353390752501472e-01
-6.304204731356696234e-01
-7.048561749372526108e-01
-5.933943132794725628e-01
-4.636546539786873811e-01
-6.826284277897718411e-01
-6.373956748680257300e-01
-6.694186063984454149e-01
-6.779169745630341248e-01
-7.005565768445595198e-01
-6.832509956263178585e-01
-5.933397708663380454e-01
-5.724589164763501659e-01
-6.860510257254481825e-01
-6.286824973146974971e-01
-6.095566470987762164e-01
-7.714097822607640653e-01
-6.700308244768923283e-01
-6.874035454068038176e-01
-6.041194292762880336e-01
-5.989580889139811681e-01
-5.784937120312431125e-01
-7.028412114099003016e-01
-7.527679180400714820e-01
-6.670179080495259871e-01
-7.313283405650897739e-01
-6.477705157283626392e-01
-5.320867169098313365e-01
-5.893072316675170841e-01
-5.429856964244892392e-01
-5.659024190025493395e-01
-6.490788936472592363e-01
-5.913971221695107916e-01
-4.900061292805517610e-01
-7.375285348661944074e-01
-6.429168038730849188e-01
-6.297343788915749085e-01
-6.372309035564188706e-01
-6.069200588141397956e-01
-5.269613539499855559e-01
-6.571877084247246259e-01
-3.976208318356210247e-01
-5.727440784817031671e-01
-6.141386091905264299e-01
-6.415516159941099250e-01
-6.869108031899646694e-01
-7.147859230779808337e-01
-5.660369933108677643e-01
-4.158226175162413329e-01
-6.486486536191790053e-01
-4.921464320989459296e-01
-6.346662576618209428e-01
-7.960683920052453733e-01
-5.117390446232401580e-01
-6.795898750103189778e-01
-5.826763963750306585e-01
-5.863090158730553947e-01
-5.108055338808464851e-01
-5.902725838046135598e-01
-5.342881534751768857e-01
-5.142204423819582981e-01
-5.134632197274171528e-01
-5.329538465141507864e-01
-5.143910803956505129e-01
-5.786352274895021353e-01
-5.318823175426351524e-01
-5.927582295635613896e-01
-5.605989990856098393e-01
-4.837488010463479315e-01
-4.034420637933420761e-01
-6.619227217854745104e-01
-2.890238982072382834e-01
-6.960196055645581081e-01
-4.727679801601581966e-01
-5.760992230015570259e-01
-5.090274614833543154e-01
-6.814827088425207124e-01
-4.831025281657796433e-01
-4.963903805374449973e-01
-4.804271830715884928e-01
-4.777161571560394338e-01
-6.707230747329885334e-01
-5.548995950923468756e-01
-6.428309552063362631e-01
-5.011916034701080491e-01
-5.409824877390737585e-01
-5.755412492277643954e-01
-4.520014848265532792e-01
-4.173620778650124485e-01
-5.047704061551104848e-01
-6.650317789102974109e-01
-4.947960874829894218e-01
-5.078732237365044533e-01
-5.364486439815723262e-01
-4.453549156297298417e-01
-3.945654948074155954e-01
-4.605844610140640283e-01
-4.937498328294677719e-01
-4.325410434995876630e-01
-4.098919682951425170e-01
-5.309760917032857463e-01
-4.328315288320508936e-01
-4.600169065369510979e-01
-5.911626816714253829e-01
-4.591844805732728796e-01
-5.710321374501223790e-01
-4.909231976939666398e-01
-5.748493871488442597e-01
-4.109469010277516099e-01
-4.549323077438200968e-01
-5.416525397627405258e-01
-3.516641615427389400e-01
-3.058858043023088280e-01
-3.735458480053905350e-01
-4.939631060663119966e-01
-5.097327846807800933e-01
-2.903438604793680544e-01
-3.848421647378704180e-01
-4.083001575557022589e-01
-4.397475948341839080e-01
-3.706968753338479305e-01
-4.564214785977812050e-01
-4.191275749195138567e-01
-5.668131825404084667e-01
-3.252801115683296440e-01
-3.552764793586312697e-01
-4.474567693978528937e-01
-3.431956651184027152e-01
-3.042382437062937095e-01
-4.316511382115527096e-01
-4.119498683452354482e-01
-3.064914508003449556e-01
-6.164318384345033319e-01
-4.297023073733093335e-01
-3.027070862050864619e-01
-2.944669926527325177e-01
-3.067107687617628975e-01
-4.321222605040914155e-01
-4.010917207318691613e-01
-4.071260452802600849e-01
-2.039437087087975498e-01
-4.057906105344663006e-01
-4.267757784475890714e-01
-3.961380760152485858e-01
-3.896847016037816580e-01
-3.091540386021903730e-01
-4.232030287954899328e-01
-4.657634289170957120e-01
-3.663997218294355873e-01
-3.445821810855001499e-01
-4.265629646078005766e-01
-2.480446182855605419e-01
-4.564335299692276471e-01
-4.643129569813764790e-01
-4.140243837460227394e-01
-3.325125646958114745e-01
-2.814750662012061033e-01
-5.300706343944440180e-01
-3.676550294160745858e-01
-3.503383802019022775e-01
-2.721181072032212156e-01
-3.605666300148290815e-01
-4.066636049486768156e-01
-3.723691515006146147e-01
-3.015690638121352740e-01
-3.494220336168152308e-01
-3.516244962946073471e-01
-2.065763641539546391e-01
-4.498401625238838686e-01
-4.846770339045652354e-01
-3.949194000630627532e-01
-3.615398801448672095e-01
-3.224079603995974597e-01
-4.187668374661915882e-01
-4.352291337929600767e-01
-2.224865167046163328e-01
-2.672724928559825353e-01
-4.025921531785609520e-01
-2.812221242122520115e-01
-5.166427457003095469e-01
-3.757712945450298880e-01
-4.466873019938947253e-01
-2.562060013436157080e-01
-2.356225902061426791e-01
-4.789702140331641989e-01
-3.628319391546120376e-01
-3.379352049279331638e-01
-5.206348065975455741e-01
-2.405240713418953236e-01
-3.396464096415586220e-01
-2.761147022267987916e-01
-3.142217387133772744e-01
-3.427109508071308763e-01
-2.877302204699988541e-01
-2.598008789516846884e-01
-4.205534179512280812e-01
-2.284720574078439592e-01
-1.378389411840516277e-01
-2.800568117649800959e-01
-2.711632681629832509e-01
-2.098581169477604924e-01
-3.632710467357764261e-01
-2.046705353575284658e-01
-2.898071231915042567e-01
-2.075249441728397315e-01
-2.391272825454512085e-01
-3.560674336465780021e-01
-2.236297585787271336e-01
-3.184137681707664425e-01
-3.960039503240719849e-01
-1.970624892730244992e-01
-2.647949119631838322e-01
-2.516043580588084860e-01
-2.963917823922156969e-01
-3.391229185493109810e-01
-2.968426116986001007e-01
-2.562046248560797546e-01
-2.853082474541413505e-01
-2.814605265717415317e-01
-1.879805633193953607e-01
-1.364757564827280001e-01
-2.770303956324160488e-01
-2.912601173992441228e-01
-3.423093056437965798e-01
-2.476912578248521568e-01
-2.213300040258039114e-01
-2.313963739130465297e-02
-2.970262015505598097e-01
-2.259660878943018647e-01
-2.866213493774523724e-01
-3.232531865912850466e-01
-2.055138701416067692e-01
-5.268398267027621373e-02
-1.974664735843242591e-01
-1.801247095907689555e-01
-1.849881361132552915e-01
-1.885733767200821198e-01
-1.550586192739759894e-01
-1.611083874775214586e-01
-1.890975158545907808e-01
-1.430890684807744617e-01
-2.592718538022079078e-01
-1.643640492437132561e-01
-2.231597353996308541e-01
-2.140538084060289448e-01
-2.736513896252464884e-01
-2.131775542232489384e-01
-2.378805424924845813e-01
-8.365865444607292062e-03
-3.378434705743957323e-01
-2.671600685154094657e-01
-7.735383999169967439e-02
-7.997776503214937271e-02
-1.867153463788762680e-01
-2.147683991378919188e-01
-1.904134093900822777e-01
-2.203725128665035560e-01
-1.378909205406011473e-01
-5.181328989917288741e-02
-3.291035775443367783e-01
-4.339505411495691439e-02
-1.531545573705551111e-01
-1.812222904149279334e-01
-2.663094284243518461e-01
-1.114024742819646058e-01
-2.322546711391470509e-01
-9.630047084830958837e-02
-1.244943182999868475e-01
-1.158023740411276599e-02
-1.585837252056390978e-01
-1.714782198480027664e-01
-2.607718856207827951e-01
-1.435875769787096079e-01
-2.236696535533090058e-01
-2.241235858783491852e-01
-2.275364481635783753e-01
-1.532744656963072327e-01
-1.788980943177859995e-01
-9.619835556461259207e-02
-7.225584688687895774e-02
-1.468240976229165939e-01
-4.079848660113297859e-02
-8.635378388422330909e-02
-1.277003321887121567e-01
-9.874379971060266714e-02
-1.693680745006437005e-01
-2.790739580366582984e-01
-1.839808344736986179e-01
-1.492987826191339851e-01
-1.443060880766859622e-01
2.675440093834462532e-02
-1.578483695332547621e-01
-1.117284711666839542e-01
-2.156936433460476810e-01
3.483101570736298058e-02
-3.199271278500138982e-02
-8.067972079641919092e-02
-4.623206257987542284e-02
-1.686551363830348094e-01
-3.236192545778253660e-01
-1.280682645216425219e-01
-1.934620339991159343e-01
-9.275585306831268806e-02
-1.117339469962347481e-01
-2.096472235477264967e-01
-1.734172623817585857e-01
2.384730994484251382e-02
-7.963977455905059052e-03
-8.837538931277932885e-02
-4.363133633189158339e-02
1.873231490697909590e-02
-2.167493874546257138e-01
4.916824419484212838e-02
-1.162150931544386409e-02
-1.179784807459619521e-02
-1.466142631711810362e-01
-3.343456179061422839e-02
-6.062249401552076422e-02
-8.562973478584545717e-02
-7.196904088201948324e-02
-2.254270084157760645e-01
-2.748703759154566204e-02
-5.414956572949920083e-02
-1.560632017762605094e-02
-5.778722181821405873e-02
-5.458265376791452544e-02
3.565902373371614836e-02
-3.374883537600515543e-02
-1.803106228000419808e-01
1.164891886828321385e-02
8.229298940774969207e-02
-1.582723745842173901e-01
-6.002474328800416759e-02
4.980853021460266220e-03
5.154101438842607907e-02
6.396056923556613788e-03
-4.905522721798358243e-02
-5.230429036925260400e-02
5.603917003149055248e-02
-8.121433207807632337e-02
1.826792120521640861e-01
-2.386858666182112461e-03
-1.357557764443031480e-02
-1.013058957207120941e-01
-8.526670456512831786e-02
1.076311192224103097e-01
-5.994623272227914829e-02
1.154565088879892093e-01
5.328321553688085410e-02
4.028759452397683710e-02
1.401030112463963993e-02
4.674463218802996783e-02
-9.017153577192347710e-03
-2.408326669692332752e-04
1.151965439954022313e-01
2.462586561797908830e-02
-1.047461678315819433e-01
1.171925336194509955e-02
2.336465014649202060e-02
-6.596150647114613907e-02
8.655120175603407337e-03
6.776044124200193697e-02
9.697580373876955873e-02
4.407512094692652566e-02
-2.670959344608246355e-01
-2.043445569859815569e-01
8.070520531153106691e-02
1.116004550696230724e-01
2.412333690777741096e-02
4.063147240813394512e-02
1.240974305920976642e-02
-5.176884384143839307e-02
9.437304984047525935e-02
3.061227868492992499e-02
5.357684277970855419e-02
1.584363168986918091e-01
1.959833229728100701e-01
7.490434850706835512e-02
-1.571513402472147266e-03
1.146622660038763980e-01
1.347223301482278895e-02
9.624609241151337036e-02
1.664692475876654865e-01
-2.972389782377965473e-02
2.498532688245271027e-02
1.970822633413762404e-01
2.422251319799732100e-02
-6.796081584119688379e-02
1.117389185120213624e-01
1.553780675650031917e-01
2.300902824706659716e-02
1.573004415904142861e-01
-8.920374203062693408e-02
1.231339631819737823e-01
1.545380851536275017e-02
1.139909947980995153e-01
1.576140007430598955e-01
1.622525739657842414e-01
-6.367781482533756143e-02
7.913408998150969764e-02
9.334875665175151882e-02
1.286592716565943539e-01
7.691765058082256079e-02
6.199572847223730476e-02
1.765864487856056708e-01
1.277430195527519408e-01
1.825130169881691022e-01
8.176116403500188756e-02
2.882733871456893970e-01
2.006066591928449272e-01
1.071088211184746120e-01
1.408452409786474166e-02
1.677331504643994886e-01
2.669364284872999815e-01
2.186232274984393764e-01
1.180269697127463158e-01
-3.190581888720501330e-02
3.968502425970732439e-02
1.857310222216174700e-01
6.499398177074355853e-02
7.287798537351569683e-02
1.329819353403707549e-01
1.618785881583610919e-01
2.351787073294004937e-01
5.318330891362902518e-02
2.945398016304243138e-01
1.396438887778138627e-01
2.087166837141183340e-01
-4.189988404214527867e-02
1.927986577692843428e-01
8.467310900920935191e-02
2.990478344052671655e-01
2.378022668773009385e-01
2.132868903793771198e-01
2.503918863699044484e-01
7.855606943136973774e-02
9.468063211935845436e-02
1.401284836844863269e-01
1.076478496388844630e-01
2.229120123462370873e-01
2.824347069744551630e-01
8.096235179783632663e-02
2.849779015336139643e-01
1.867597452827119142e-01
1.595381060422312869e-01
2.199172693225037445e-01
1.024297291209621680e-01
3.388613487425676807e-01
3.115389080025119384e-01
-3.359858446795917220e-02
9.508140716067543796e-02
1.826063055890319309e-01
1.062052557637250261e-01
2.491696052642398129e-01
1.170882310253256453e-01
2.169946323849073211e-01
2.437392193506184579e-01
2.773660282078168060e-01
2.866041805670965226e-01
2.821390964691172787e-01
3.467286401830672049e-01
3.039493395271091747e-01
1.534471477092381186e-01
1.687046076750803314e-01
2.526016311216167098e-01
3.010978464542580224e-01
3.085532537771327743e-01
1.557675711984246592e-01
2.223257804803632220e-01
2.558350116289279663e-01
2.846028547752892379e-01
2.828290628476433644e-01
2.953082345243710494e-01
1.016374425939826909e-01
3.047690276576433543e-01
2.244871742460633479e-01
3.402313709232855365e-01
3.888403093687603507e-01
2.889073529995902501e-01
1.338517864381749967e-01
2.790285149061852432e-01
2.154193105046150192e-01
2.624847128800103513e-01
4.236394059278011381e-01
4.257587051239738463e-01
3.200922903492250948e-01
4.150496483399487846e-01
3.226573755810251964e-01
1.943309029177035518e-01
4.629124979704205556e-01
1.844154337073592442e-01
2.771386228588013645e-01
3.808282155149138593e-01
3.234197383009644322e-01
3.686098143918331571e-01
2.449718018521249985e-01
2.398284615627001570e-01
2.874438393682546278e-01
2.763521195042306644e-01
2.986137919819227826e-01
2.953697621571630405e-01
3.766768549150172340e-01
3.807299479228199446e-01
3.920963043076048371e-01
4.959595003853724537e-01
3.678454558316066603e-01
4.053130113812840607e-01
2.586850432612778916e-01
2.666724049708258937e-01
2.591144141683680013e-01
2.941085184863239110e-01
3.043136117462849066e-01
4.013481399909762382e-01
4.724032171756158971e-01
3.388204796230537830e-01
4.513583583283837242e-01
2.465528153495533947e-01
3.614279830475989885e-01
3.497158157448378435e-01
3.561597590079891296e-01
3.779721605188642308e-01
4.971850771456848839e-01
3.194852931578812116e-01
2.619387117585434410e-01
4.796744438751355255e-01
3.578783092621942719e-01
3.647029920692462235e-01
2.491303300254872621e-01
5.098535421729019079e-01
4.249250916485773910e-01
4.557625364038657145e-01
5.467679057146189736e-01
1.728914736569243382e-01
3.201715803692307127e-01
3.489556322253469234e-01
1.601989789370092676e-01
3.250510062311367521e-01
3.542074960406372264e-01
3.958326014842274976e-01
3.140256203809353996e-01
4.604939083276147205e-01
5.191759115152191351e-01
4.915746546266771544e-01
3.993824517601994861e-01
2.782280493507748309e-01
3.154803511745056244e-01
3.152255955192866943e-01
2.824590654074930485e-01
3.231151364820143423e-01
4.401430407677175971e-01
4.941865987241142455e-01
4.655377172923990670e-01
4.764503794016886062e-01
3.165369285019491441e-01
3.678979792221319656e-01
4.939910647515334263e-01
4.044340759544322594e-01
5.999655464800238702e-01
5.075549430747404722e-01
4.842279501110991480e-01
3.988806295462260509e-01
4.050301954239545199e-01
4.518668334470578585e-01
4.685568281874615826e-01
4.213320955345486452e-01
5.405998503452117410e-01
4.236000140482376053e-01
3.744088579290406615e-01
4.509641683125513167e-01
3.804209258702564433e-01
3.594988989139763502e-01
4.128599416291521274e-01
3.994218089515326198e-01
5.192427027747277268e-01
3.630188088264379442e-01
3.509013816427192789e-01
4.896050415005652190e-01
3.516634605785415868e-01
3.792431889513391829e-01
4.251291954394663120e-01
6.292345710489150035e-01
3.875692123936456124e-01
3.055506049955192260e-01
6.795019039150420603e-01
4.066709308985835269e-01
6.373611290208069935e-01
5.853893086680596047e-01
4.984182383838431929e-01
4.616751387541618290e-01
4.569262802967834491e-01
4.638199505421340407e-01
4.052379671116112525e-01
8.007120274473343846e-01
5.944063070268073012e-01
6.024252544842910728e-01
5.677885462338971845e-01
5.552481608689154857e-01
4.762263588380697965e-01
6.066399463931361202e-01
4.995579007480136502e-01
4.666692981128244266e-01
5.419754506889246093e-01
3.617581521801425670e-01
3.304387660058355491e-01
7.023686286103835164e-01
4.985405799668538585e-01
5.703062226340362972e-01
5.609981664588029604e-01
5.756622555024364374e-01
4.955234640743582109e-01
5.444408069149664353e-01
5.729383257589092393e-01
3.211552670037184365e-01
5.554354400979847339e-01
6.013836071878940759e-01
6.467686411880244624e-01
6.269507234676604535e-01
6.705020762634001930e-01
5.797900716565560497e-01
5.722155330928822004e-01
5.759597722718846624e-01
5.830659236544334378e-01
5.639679572609097580e-01
6.040255345189075031e-01
5.177713157509403752e-01
6.449546239839476502e-01
5.116701653180093512e-01
6.745136385968804049e-01
5.345498227781877443e-01
5.941159513401108594e-01
6.430767528981033987e-01
6.458758253470886501e-01
5.522569506333636635e-01
6.780365212897550009e-01
6.122378335920196646e-01
5.320103611856143999e-01
6.393802796497388696e-01
5.871867158417712895e-01
6.284908960884816320e-01
5.451142075498820461e-01
6.704144603209842845e-01
5.934686586960237209e-01
6.017431775906191271e-01
7.148383271810549999e-01
5.830697244536634516e-01
4.365535388012652951e-01
6.384924496159888330e-01
6.095627401418152180e-01
7.460124655354983814e-01
5.230871291405063683e-01
4.532872901848097880e-01
6.808511348411778741e-01
5.089107809554304085e-01
7.192987598086371115e-01
6.478675612854299937e-01
5.226126549300835755e-01
4.825079459864709541e-01
5.336821429115943261e-01
5.757073574484645739e-01
6.665290320010551772e-01
6.127201774855670635e-01
8.347966300846640930e-01
7.478696516785183768e-01
6.609949196978510688e-01
6.354270161295126895e-01
6.522316235941483242e-01
6.357040725977741724e-01
7.068739766697929028e-01
5.616540431207749373e-01
7.325422245711675773e-01
6.557173213086421315e-01
6.788473910831200886e-01
5.311015177705104007e-01
5.474136670914492298e-01
7.820910627568607998e-01
7.454278178899504947e-01
6.781476364752379027e-01
6.731578222420510071e-01
6.763918867766357534e-01
7.127935541739877090e-01
4.554328093428021140e-01
7.842117716941899852e-01
6.862199840683946839e-01
5.723571037840369247e-01
7.801582568520339933e-01
6.972937077873708756e-01
7.162783337020317553e-01
6.565464636284159550e-01
7.947984415351257992e-01
7.150095450036426659e-01
5.931181721072626978e-01
7.064365428297647576e-01
6.262294604571838619e-01
7.667330107701749720e-01
7.151702723785794413e-01
7.157702994441652589e-01
5.706631731666336194e-01
6.827682753699971796e-01
9.417417946003050488e-01
5.793853914255066018e-01
5.636237890459702138e-01
7.087961437711852719e-01
6.059922584614448882e-01
8.694033343097652411e-01
6.769907097072113134e-01
6.561752242106524413e-01
4.875171027734788720e-01
6.334188191420571101e-01
6.562717850999929547e-01
6.760740962608413618e-01
6.628684960810389271e-01
8.373521444600550145e-01
7.636001125379023868e-01
7.336995485256888605e-01
6.899070319378667326e-01
8.079156510340791408e-01
7.426383882068778863e-01
7.691757701089483312e-01
6.746098698230532653e-01
6.808506547098471806e-01
7.692461957258762695e-01
6.949391584755794105e-01
8.241884247726880552e-01
6.450561582654178450e-01
8.372046603761683636e-01
8.238826760474751154e-01
7.399556752523570591e-01
8.119197038226897423e-01
7.048631563880088935e-01
7.818063860794497444e-01
7.016275167999089790e-01
6.831793129913361629e-01
7.424023970474046275e-01
7.909056602268356162e-01
6.544757345024264650e-01
8.853877195972891245e-01
8.119566526300099341e-01
7.580407046585561082e-01
7.772182232644146982e-01
8.415082739199528650e-01
7.677582769604597290e-01
9.108495085668327773e-01
8.159934883937536299e-01
1.004234328637929607e+00
8.024384825272262711e-01
7.498316240539537603e-01
6.836365365868705135e-01
7.937501832938923529e-01
7.274645860320229085e-01
8.461922518830724549e-01
7.181339971024015556e-01
8.893987500874909191e-01
7.926142905229393021e-01
7.884026107294590524e-01
8.789544094308177069e-01
8.086978973909925150e-01
8.564959515502931220e-01
8.192568299928220110e-01
9.302192338593887611e-01
8.631046914000237713e-01
6.338407411176848472e-01
8.432965308166224805e-01
8.773938619353665036e-01
1.018226106709849699e+00
8.765031189698585523e-01
8.782544605300314222e-01
8.994327021775857522e-01
9.142599304713528996e-01
6.616826692331269077e-01
1.056589076531112115e+00
6.987991192961793274e-01
9.643293559458913089e-01
7.576677818984446366e-01
8.684250907879338399e-01
9.763842596694264353e-01
9.748632308055960038e-01
8.101758976722999162e-01
6.535776072024562788e-01
8.805549608832428099e-01
8.686171836013142356e-01
8.429841200300167703e-01
8.019814116554062622e-01
8.439975450755057285e-01
8.826963087455437229e-01
9.079185510799354653e-01
9.492097440641997785e-01
9.441093541078944273e-01
9.095723754829276864e-01
8.854264776358348188e-01
8.348740376810379615e-01
8.590420075546278955e-01
8.343671463978885594e-01
8.158540094593434988e-01
1.067947261632373523e+00
9.967613692316807938e-01
9.076571494879951407e-01
8.879299726985286911e-01
8.108630849522057149e-01
8.961714645158261883e-01
9.179605680448290617e-01
8.256288160222552408e-01
8.571524948301902924e-01
7.709019893533145540e-01
9.547933365529120975e-01
9.875979426076624268e-01
8.587597840557136264e-01
9.303762428968271880e-01
9.159300294336976123e-01
9.023088500832674441e-01
9.675623850385690616e-01
8.602454372059518128e-01
8.557454407325522094e-01
8.781647166029429297e-01
9.997104681907102997e-01
9.366648347115444917e-01
8.665449968094911526e-01
8.906969275834356603e-01
8.301433915632986382e-01
1.051599110400854187e+00
9.307016047204091924e-01
8.841063582143775523e-01
9.143859487310641576e-01
9.571014575009672010e-01
8.642114489803419675e-01
8.835659848253574200e-01
9.990416262055451524e-01
1.026985318059233210e+00
8.968288177183605381e-01
1.008102824459021329e+00
1.110847683327352176e+00
9.781184545860347468e-01
9.895754925840418714e-01
9.664323485747783327e-01
9.710337159412196772e-01
9.630553322722847920e-01
1.047727652179746061e+00
1.157295290251318720e+00
1.022148018565931293e+00
9.194769442427958017e-01
8.561069115262842644e-01
1.181352108230624198e+00
9.503383609597256809e-01
8.826442002416516885e-01
1.066156485087371042e+00
