-1.063907069311289533e+00
-9.702041950424669103e-01
-1.030388036230883264e+00
-1.060999762059957607e+00
-1.082235769569786177e+00
-9.858214269742268110e-01
-1.201274657500834842e+00
-1.000369932852898103e+00
-1.081216096481337319e+00
-9.704706439637315052e-01
-1.024294555967113718e+00
-9.812604120380952200e-01
-1.015340309244860517e+00
-9.247186089172468870e-01
-1.134621485066509061e+00
-9.798833031847220543e-01
-9.239580555805063655e-01
-9.650618235993404515e-01
-8.682480569215204058e-01
-1.055283700773512301e+00
-1.155272267695102828e+00
-9.743119276681951879e-01
-9.520980915365667707e-01
-1.045530707856607844e+00
-8.765654307529566758e-01
-9.324416234092416378e-01
-9.726166542278903426e-01
-1.031706767989510887e+00
-7.759537897168661269e-01
-8.921219980593697585e-01
-9.683949943812331096e-01
-9.416806572010958387e-01
-8.851369973628057108e-01
-1.041692124360845684e+00
-9.438116061159094183e-01
-9.433623599160038120e-01
-9.836281870440950481e-01
-9.108505278678579176e-01
-8.054896830143685182e-01
-8.101698050460736100e-01
-9.643089966425921755e-01
-1.003560045590945249e+00
-8.127042036782938794e-01
-8.179202674441730103e-01
-8.012007060559446225e-01
-8.691211945936633265e-01
-1.044777350468390820e+00
-8.919795782559174491e-01
-8.591937532409735789e-01
-8.722298401103241172e-01
-9.445235100895366109e-01
-9.929387507064161289e-01
-7.543897373732046940e-01
-1.006192390613291243e+00
-9.054008095343769602e-01
-8.899395192161355661e-01
-9.598255072359463957e-01
-8.179257175194176721e-01
-7.993650330756688627e-01
-8.194502432216094201e-01
-9.087479199981333133e-01
-8.358373283413871313e-01
-8.922859984214122075e-01
-8.551628617536163324e-01
-8.860652257046429670e-01
-9.218846526408341902e-01
-9.055434525818343294e-01
-9.699031308107110005e-01
-7.770422397132942249e-01
-9.362392980442125756e-01
-8.622649266555565406e-01
-8.465553416451865321e-01
-8.795224991096185496e-01
-8.948884976481374931e-01
-8.242784663579175719e-01
-9.412400909412619310e-01
-8.290575866609011246e-01
-8.764969363035390870e-01
-8.397800660259725491e-01
-8.549296598263514957e-01
-7.167461906590797405e-01
-9.877589280520761017e-01
-7.430515892209228479e-01
-8.736438186874521117e-01
-8.199323319764553197e-01
-8.342630420680313685e-01
-8.259490757934361271e-01
-9.323607549548517115e-01
-7.041327715290695011e-01
-8.688234258408599198e-01
-6.298825495783452189e-01
-6.821101428312073001e-01
-9.065607409742478806e-01
-9.083714654122907461e-01
-8.384291042559733897e-01
-7.330799171568719297e-01
-8.273415905920600277e-01
-8.460070701590415299e-01
-9.042583858263798513e-01
-6.860148842744725473e-01
-8.415058056984481283e-01
-8.550919444444708972e-01
-8.446860542013859829e-01
-7.836946248567472351e-01
-8.060483165289239471e-01
-6.548151788017835262e-01
-1.042257964862901121e+00
-8.555203382936942269e-01
-6.956777999033826321e-01
-7.912064167201792175e-01
-8.408585564165715898e-01
-6.558840526983716890e-01
-6.885330517962735541e-01
-7.730728349394936361e-01
-7.969733119784274677e-01
-8.503841092278917602e-01
-7.659256974515830096e-01
-7.592691651293226318e-01
-8.562741501177916215e-01
-6.366698937146751947e-01
-7.351661282763480854e-01
-7.290102687250948899e-01
-7.770465119105453011e-01
-7.447659868626685942e-01
-6.080522884407458806e-01
-6.827926611001079449e-01
-7.303615738537868607e-01
-6.419276761063900105e-01
-8.372500426695093090e-01
-6.706686396594583321e-01
-7.468850776478512810e-01
-6.800230775121349769e-01
-6.687111741884501637e-01
-8.187550395139643333e-01
-6.463046962487205560e-01
-7.829302378665897733e-01
-6.408995124298515478e-01
-6.246586269781392309e-01
-5.374114693304277157e-01
-8.246435559201225063e-01
-8.191721363604002049e-01
-7.530879288485383682e-01
-7.346390087120342471e-01
-7.140277420788608831e-01
-7.026601754902174202e-01
-6.052403986173849892e-01
-7.426694617101576856e-01
-7.626343075972703556e-01
-7.413914336394337168e-01
-6.282850800378174672e-01
-7.702941563586043205e-01
-7.380215056505369242e-01
-6.940237831007040059e-01
-5.896429032516589119e-01
-7.416890648463270175e-01
-5.737957396268178467e-01
-5.048141975175637342e-01
-6.616196463859427279e-01
-6.969439541679063321e-01
-7.014272337394066303e-01
-6.809700090668353578e-01
-7.229004139573284027e-01
-7.433339379694222648e-01
-7.575076540440878192e-01
-6.328372746042202346e-01
-6.615882747248205131e-01
-6.473925785649699005e-01
-6.915730710580841878e-01
-6.718884831685743020e-01
-7.455691930260007760e-01
-6.911578459917638861e-01
-5.759825190944647400e-01
-6.919265547239981107e-01
-5.646284263104244250e-01
-6.691481528780875987e-01
-6.044100090889805710e-01
-6.266623461653477722e-01
-6.389048867649926855e-01
-7.855537605460783945e-01
-5.652269850509630267e-01
-7.333026810785617799e-01
-5.371590203024690924e-01
-6.005881117825385695e-01
-4.939294439153457672e-01
-5.167571285802778913e-01
-7.809864776320564195e-01
-5.714151078355450553e-01
-6.418889654026984637e-01
-6.293002097946022166e-01
-5.739790572460631290e-01
-5.894265729152031730e-01
-5.191394399831541495e-01
-5.097388418267231325e-01
-7.033737504311552424e-01
-5.415717821090011430e-01
-4.193620551670410035e-01
-5.297779362467169850e-01
-6.011624299901876523e-01
-5.116939263191605525e-01
-5.128388854628400662e-01
-5.386560503624205909e-01
-7.374731688538020968e-01
-6.058588150137664829e-01
-6.700703964570583482e-01
-5.815623440943966660e-01
-5.528926941066215628e-01
-5.803792907254514688e-01
-3.670081339997423586e-01
-4.898431159687766656e-01
-6.375790973784031257e-01
-6.662268428000434062e-01
-6.245232640265999668e-01
-5.753315442812347857e-01
-5.781805840160378906e-01
-7.949978370595056631e-01
-6.602481111286215842e-01
-5.703419138286190959e-01
-6.561145442728127941e-01
-6.449189833211994571e-01
-5.833417374869750427e-01
-5.620855943201698013e-01
-4.161297667246707244e-01
-6.191865171280936941e-01
-4.841923698405022902e-01
-6.082440646086850755e-01
-5.702168597107359904e-01
-5.836498067260231792e-01
-5.201422554417131083e-01
-4.700293784151111098e-01
-4.785437330765779373e-01
-5.650328571400444755e-01
-5.865834813687551552e-01
-6.402537396060150598e-01
-5.805301048308905143e-01
-5.441572900209736829e-01
-5.160715395842541131e-01
-3.756378360645646897e-01
-5.763576807463215435e-01
-5.398220368798328783e-01
-6.280060580809991855e-01
-5.390515108914855080e-01
-5.662135301597361892e-01
-4.204270937848682554e-01
-6.042186498433836928e-01
-4.173225800166178168e-01
-5.086613596778777335e-01
-3.981140880068773646e-01
-5.337803966807890266e-01
-3.633264911812904563e-01
-5.463333043410903977e-01
-5.487588752875631748e-01
-4.728188705988585205e-01
-3.034532068848505570e-01
-4.697618649109127076e-01
-4.408763049707500326e-01
-5.618169315932700636e-01
-4.649181022941114017e-01
-5.154731532406021666e-01
-4.917972569882760880e-01
-5.104680393818430417e-01
-4.106159230832336360e-01
-3.000617147367468651e-01
-5.276410580539677708e-01
-5.470528754323692455e-01
-3.895478717141079295e-01
-3.693236830791687408e-01
-6.818417493645775318e-01
-3.381987670228125409e-01
-4.867716140710547368e-01
-3.966226203530519578e-01
-4.807149397458992945e-01
-3.917159106335870722e-01
-3.919635953120190197e-01
-3.715444416065670774e-01
-4.067417516785002407e-01
-4.780622033185407127e-01
-6.201477310000169663e-01
-4.257595050014156834e-01
-3.806376532564588189e-01
-3.378435770237697144e-01
-3.293292836394366430e-01
-6.032662276882482244e-01
-2.637669503635656221e-01
-3.753885200261437571e-01
-4.026751306218562809e-01
-4.001356981172139449e-01
-4.715234620731436621e-01
-2.447737822308457267e-01
-5.265201989460254195e-01
-3.310217409077289008e-01
-6.550115709566769473e-01
-5.124230557500017991e-01
-5.185985554376586482e-01
-3.715048039846063910e-01
-4.399188316788716913e-01
-4.165396086644622131e-01
-3.905013779890688097e-01
-4.567083905637840946e-01
-4.623794682886412377e-01
-4.269266937721753474e-01
-3.158314544865853390e-01
-4.330356814441771451e-01
-3.813564562833400839e-01
-4.382403022528552072e-01
-6.445992718973717617e-01
-3.769782545133825713e-01
-3.615928857355329984e-01
-4.614218301333302685e-01
-2.322996280723765294e-01
-3.201545175076490057e-01
-4.164521921918251657e-01
-2.892670360867420354e-01
-3.781327183995177865e-01
-3.786223849697192834e-01
-2.957091303181060282e-01
-3.031206975069603571e-01
-3.775182253242911345e-01
-3.741458075746386669e-01
-2.164964618542366270e-01
-3.682037195643806937e-01
-3.467539249326317963e-01
-3.355288274044642138e-01
-3.989844615040146758e-01
-3.679458342671486637e-01
-4.294331043466709241e-01
-5.140957633933421755e-01
-3.717431929659595902e-01
-3.645048960941192906e-01
-3.479586926780164347e-01
-3.533345344332260440e-01
-4.176332429783073397e-01
-3.846065311700745948e-01
-2.888313384985168319e-01
-4.060245055368422729e-01
-2.420949927987211259e-01
-3.615995658654976852e-01
-3.574282209936257559e-01
-3.500627938325200916e-01
-3.787296761721765659e-01
-3.088929882451196263e-01
-2.423026097315007510e-01
-2.548200139746957804e-01
-2.784108161873133924e-01
-4.592345875602327765e-01
-2.512057939700702014e-01
-1.815462607727116040e-01
-3.442579537397524869e-01
-4.515810365077737032e-01
-3.884196349263070447e-01
-3.160217204671956770e-01
-2.734143547621513126e-01
-2.961278401104649460e-01
-2.092562544430046911e-01
-1.584182238839112189e-01
-3.714452848862536127e-01
-2.350742072754829215e-01
-3.145863006805371120e-01
-2.294661684407427460e-01
-3.046842668649510366e-01
-4.116024799800009903e-01
-3.261397641194518360e-01
-1.535953248534737414e-01
-1.023550948158508805e-01
-3.701041128388796730e-01
-4.168832751529668035e-01
-3.652405117229348130e-01
-3.797414059955407373e-01
-2.618075123312550434e-01
-2.792416455900057493e-01
-2.089109156281422630e-01
-2.155065636951693508e-01
-2.439140009069432902e-01
-2.940974531066123943e-01
-5.852782726527103185e-02
-3.201002268600654510e-01
-2.087759944019081937e-01
-2.718002620041492512e-01
-1.543583593823995570e-01
-2.946108915452217425e-01
-3.357053039939209005e-01
-1.102185504107396768e-01
-3.041450758566549006e-01
-3.683871082732011470e-01
-4.735790379245057857e-01
-3.189941721654740436e-01
-2.681383934642577738e-01
-2.132807973877105800e-01
-1.610407753184036894e-01
-2.772902270277876613e-01
-2.692369909996186750e-01
-1.981245008699303589e-01
-2.580617944241724859e-01
-2.309541513155782544e-01
-1.315017795036504122e-01
-1.176048615129182823e-01
-5.041439844557001754e-02
-1.716135438327824336e-01
-1.690241284086194951e-01
-3.760008677887552442e-02
-1.958377364405284315e-01
-9.586725125033776496e-02
-1.981929505260192070e-01
-1.940515128571171921e-01
-2.101135552263794226e-01
-3.200757557489691263e-01
-3.102322899215993468e-01
-1.075803401812046138e-02
-1.562239985579583490e-01
-2.419785373135306672e-01
-1.392077932038625343e-01
-1.125802751274243424e-01
-6.253598072798782770e-02
-3.103649054680915342e-01
-1.509361289929792294e-01
-1.378332703570868678e-01
-1.882891788296986169e-01
-2.748445401173222891e-01
-8.090800359346857207e-02
-3.399225902165007307e-01
-2.146768650373024057e-01
-2.317118318763176088e-01
-4.964301403511759553e-02
-1.600072608282707420e-01
-1.944926569816756712e-01
-1.255773282877515606e-01
-2.409734948678336208e-01
-8.685869503863201391e-02
-1.293035095671629664e-01
-1.016094273191124747e-01
-1.334834847636275912e-01
-1.503695822737953769e-01
4.968525538090074779e-03
-5.042615584484631819e-02
-1.913528959881119762e-01
-2.532278663589635631e-02
-1.531091790232171623e-01
-1.433070441011395635e-01
-1.854191075264672306e-01
-1.408920256038612429e-01
-1.193421023027238931e-01
-1.237531169044144008e-01
-1.325484561678548501e-01
-4.376943582534750798e-02
-5.449507088520824660e-02
-2.022847815460478427e-01
-3.057609757067208389e-01
5.272845123201776868e-03
-1.755718196849541946e-01
-1.093814489897256131e-01
-1.454766197565119656e-01
-5.560954569103762624e-02
2.474033979942048128e-02
-2.191502217023384991e-01
-8.504330263593963546e-02
-8.263838523840215389e-02
-1.241533467359142232e-02
-2.595599156703542465e-01
-1.430031610766561989e-01
-6.869336851679640199e-02
-1.144064293333698357e-01
-1.163226921752981563e-01
3.173281123159764350e-02
-1.732158867124460044e-02
-1.228012133655991267e-01
-1.689122797434592926e-01
-1.030226755284912865e-01
-1.123919745711601526e-01
-4.991621228941840044e-02
-1.038236569748513249e-01
1.991853694999761240e-02
-1.014918584596053025e-01
-6.703446657360931371e-02
-4.797747143802447850e-02
-4.428218564274220143e-02
-8.429908233798698303e-02
-6.022635841051954958e-02
-2.217468205760414202e-01
6.143178578996141143e-02
4.564513236801272938e-02
-7.555475966798879534e-03
4.949542295570426992e-02
7.293372791635151231e-02
-5.001160077926169144e-03
-9.149709918219914306e-02
-1.892613554602429471e-01
4.968951052745141511e-02
-2.648498557994259303e-02
-5.078114321395738907e-03
-5.063459280176972610e-02
5.229602010819206503e-02
-4.653661015373174864e-02
-2.776194617770012286e-03
-9.677997279773614681e-03
-9.902603938404443140e-02
-1.205975670886300956e-02
-1.749362832274645729e-01
-1.066018557762682395e-01
7.718345244415950046e-02
-2.610498561345592217e-02
1.958160254345397144e-01
-3.349047742691681900e-02
4.240698096782109794e-02
6.505712789598712409e-02
2.559939198387425549e-02
1.464451262298042677e-01
8.429876166125194192e-02
-1.589825963140995349e-02
5.029411346386496173e-02
1.382993371400280114e-01
-5.825576049396257589e-02
2.486005015881716240e-02
-7.781397570775516748e-02
4.398402263078568519e-02
5.884732166320678221e-02
1.272988217725640192e-02
-2.637100592060764859e-03
1.059068617594147443e-01
-1.066149575345636535e-01
-4.841599377581860993e-03
2.560097453244922824e-03
9.253369201277439338e-02
1.001338493563606324e-01
1.521123011032735894e-01
3.648910717135105813e-02
-5.080529103534049684e-02
9.181944189058380279e-02
-2.993195915170256127e-02
2.112774472523305802e-01
6.465459699312017805e-02
1.810377812923449070e-01
6.376766551332495314e-02
-7.036692227275573308e-02
-9.095850627197872573e-03
8.243813120115768556e-02
1.417851370376891351e-01
9.924933746332212370e-02
1.088238125663834599e-02
1.577772050218341215e-01
9.471124649857229350e-02
1.567231258365432423e-01
6.222255040688576960e-02
1.620031983951601973e-01
6.288468590148284243e-02
1.325477305622330959e-01
-5.622324184683490100e-02
1.746105628062314397e-01
-8.705571638374832999e-02
7.383916005627749746e-02
2.222246313040816545e-01
1.099802051592911334e-01
1.028041924637504018e-01
1.668135579961262382e-01
8.676682682753884823e-02
1.611582267936486138e-02
2.169040839633635254e-01
1.438700357404775441e-02
5.179010363790628735e-02
2.796387333176848511e-01
1.045170717827188511e-01
9.030374730100688974e-02
1.259976209976871597e-01
1.749466312012707969e-01
6.222020512788831864e-02
1.296413688127153740e-01
1.321937391066268508e-01
2.058364199055348620e-01
5.021466048004686461e-02
1.032560239804338337e-01
1.621185853012719891e-01
1.208190592032797051e-01
1.333259695950206603e-01
1.320151410135155801e-01
2.078657918067646493e-01
-3.072461946263139662e-02
5.397604573698262104e-02
6.567705357477499062e-02
8.597318535111045379e-02
2.391596789624951813e-01
2.694859073688862794e-01
9.965840802560738468e-03
2.052447977852080163e-01
1.326975741195436376e-01
4.703591373940764486e-02
-2.666786072935273602e-02
2.299180289868459348e-01
2.269651244949128788e-01
2.857777654539044865e-01
4.280695451531994766e-02
4.840389641488283129e-02
1.706582469822953418e-01
1.294523677379144644e-01
1.667960691912387383e-01
2.542117382445688856e-01
9.748428375896714404e-02
1.593452373306622483e-01
1.761511819462572292e-01
2.285264125048248329e-01
2.569337172804680991e-01
2.079497896767429077e-01
2.043807681299112666e-01
2.384325819796135337e-01
1.233864667767388817e-01
1.766309007090245686e-01
1.976810906598550077e-01
1.566168713017282998e-01
2.774445075892610357e-01
2.121994867524238104e-01
2.644248029056505134e-01
2.979973969760327246e-01
3.000068133566924367e-01
3.386258012713646570e-01
2.089345342345457768e-01
4.169525999900223351e-02
1.440156584546219420e-01
2.067797424864166178e-01
2.376459544722486217e-01
1.143003303553725147e-01
4.423659966996669191e-01
2.292141784573119012e-01
1.972404351000639489e-01
2.196911625092574372e-01
2.003923104744886607e-01
3.091610637819265928e-01
3.099868624982271559e-01
2.103341994890081113e-01
2.790181952874997151e-01
3.220370869001068503e-01
3.105577798827745539e-01
2.111164384474315259e-01
1.607177004722896985e-01
1.514310492394602414e-01
3.867295635079857075e-01
3.064331125414801460e-01
2.757804626507600054e-01
4.008934590732198266e-01
3.555048637241993714e-01
2.344940365106198688e-01
2.961582224010291808e-01
3.525247355564482543e-01
2.514365146744979573e-01
2.832345466956870950e-01
2.077857963950646980e-01
3.016097199803686735e-01
3.574271529196116348e-01
2.710276676834985077e-01
2.930711138394285209e-01
2.571520226320385683e-01
3.050762925194720476e-01
2.585614001784397598e-01
2.175541315125578690e-01
2.299407140042383224e-01
1.920550318523673305e-01
2.375080715211816407e-01
2.593131975927719379e-01
3.417697074667956914e-01
3.498865755609208428e-01
1.902831960768783526e-01
4.003434451638370750e-01
4.006382927974559416e-01
1.813437326459053922e-01
3.617658091470837278e-01
4.723371440920613451e-01
3.406724911221993835e-01
4.490184916348816113e-01
3.871097547343591017e-01
3.651871449807920778e-01
1.900999023556773915e-01
3.578501643558043011e-01
3.351601320365266701e-01
3.873889545449103466e-01
3.382852945865606475e-01
2.113594714497039340e-01
2.298928214054560271e-01
4.298790802870567918e-01
3.034450416225283331e-01
3.881247324043570202e-01
3.109308759215002049e-01
3.297041787585865968e-01
2.693141097460153843e-01
4.536229144669784996e-01
4.733645353555989144e-01
3.479751529779880892e-01
3.998089667927747226e-01
1.773698996050583621e-01
3.826596615291409931e-01
4.506232169487670025e-01
3.222656468503438676e-01
3.865074199630352814e-01
3.747425230838422050e-01
4.636630425870421068e-01
4.177776503144753351e-01
3.837732267321464774e-01
3.688333101361710442e-01
4.230102354326835123e-01
2.835956195440381133e-01
2.545040652147621540e-01
3.129427491151022256e-01
5.264700858796143024e-01
4.595336638120067208e-01
3.072162340028030680e-01
4.182786050215293039e-01
4.733197861527327910e-01
4.400474659632560570e-01
5.255393620869944771e-01
4.376426890848341689e-01
4.159315927771066734e-01
4.562422681995694229e-01
3.716645577636473741e-01
3.398295078459585006e-01
5.872955442786138569e-01
3.737052149623505959e-01
3.761101357053827088e-01
3.209958913014459569e-01
4.655970826242016303e-01
3.297642580855472128e-01
4.992274315449153343e-01
5.152754799422403220e-01
4.898007371527909326e-01
4.807794252582608951e-01
5.649370566028304452e-01
3.793171896572717916e-01
4.039183680638456786e-01
5.097506451307889375e-01
5.512063898339870649e-01
3.520029534448921860e-01
3.066046817883370523e-01
4.404855065985361362e-01
4.202133749781728489e-01
5.121563798569015447e-01
3.804570651345255405e-01
4.405103687487059716e-01
5.748138119958543513e-01
3.566339636807520086e-01
4.545193147888006990e-01
4.254641540513603437e-01
5.396347150302512885e-01
4.530587406722733079e-01
3.675766778920070421e-01
4.290592853984005473e-01
4.582644134939840019e-01
4.882913627262901457e-01
4.644712486784060013e-01
4.658230979784046544e-01
5.041144989633851159e-01
4.837202549081203728e-01
2.827584700735409351e-01
3.369679786354842221e-01
5.486904673500191398e-01
5.578888805622184144e-01
5.323157708444868907e-01
4.225038461444298177e-01
5.680935346492022031e-01
5.417469849997473830e-01
4.063905423169829056e-01
5.955351286300635261e-01
5.986101622015869150e-01
5.427104700801819170e-01
4.771178349697456911e-01
5.314949035215360551e-01
6.334783897854389112e-01
4.872506596792240963e-01
4.625357659692259649e-01
6.878020821254245964e-01
4.332405078121149833e-01
5.279292034005024226e-01
6.948115310447108284e-01
4.789098025937535974e-01
6.141946265835207530e-01
4.669464580022267275e-01
5.303898066528286437e-01
5.065106368111308432e-01
6.678025995761992517e-01
4.428353058207741277e-01
5.283525803611905935e-01
6.714095866695539705e-01
5.361998447064488804e-01
5.843745884331122964e-01
4.282032753943184611e-01
4.711645949404420497e-01
6.169297329621140635e-01
6.080426339467448482e-01
5.933838959437581773e-01
5.714821716729954204e-01
6.437114288575801480e-01
5.584160867002457840e-01
4.462419954281319212e-01
4.399058933470554322e-01
4.529730787217354782e-01
6.178005905330969938e-01
5.918186337025194144e-01
6.646813022851052466e-01
5.150149163078520109e-01
4.955930756883729082e-01
4.486313696588807853e-01
5.313764975930437284e-01
4.380569233365178561e-01
5.525749143046638778e-01
5.909901827430038557e-01
6.027739847080382241e-01
6.531018953092598833e-01
6.027696294631845753e-01
6.764412230256267033e-01
7.354497187495780963e-01
5.695986572246456436e-01
4.085920156051774388e-01
6.008244417455205211e-01
6.151526777016347314e-01
4.838408057077019930e-01
6.060993007099013674e-01
7.720422755118283575e-01
5.022610998942257376e-01
6.447604603614083274e-01
5.598736614570640757e-01
6.760490719290092043e-01
5.030503697787350736e-01
5.652178863595553882e-01
7.860097741704847873e-01
5.467513537045057825e-01
5.746054197133543262e-01
7.062059882459309490e-01
5.869509650722669614e-01
7.146734305318275249e-01
8.072628619894568480e-01
6.351239386297637957e-01
6.153389216930921224e-01
6.471497570348163642e-01
5.120244323245676243e-01
8.410293887461546269e-01
7.053629781898561601e-01
6.191169535846375860e-01
5.895287628391421286e-01
6.395188787479850756e-01
5.338117741624948120e-01
7.943494567354216773e-01
6.147506197057238664e-01
6.709571013437293230e-01
5.600680099970960502e-01
6.246906254064760189e-01
7.340516811032323785e-01
5.908393699800852383e-01
6.599809523102029285e-01
7.254600215276687525e-01
6.859372813889078602e-01
7.555380613188111827e-01
5.016734794767179206e-01
6.510774228140382425e-01
4.750643983297668793e-01
6.024892555908119007e-01
6.618809967943061201e-01
6.325387072570403113e-01
7.037016151354716920e-01
7.440284046371310467e-01
7.688846850824778700e-01
8.088231457192075480e-01
8.361177796284008368e-01
6.485118736126282979e-01
6.621563250177119331e-01
7.657993666649864917e-01
6.260193932351149071e-01
6.125202284725491664e-01
8.095370926046236981e-01
7.507433104383632871e-01
8.131570323773366082e-01
6.388612978690129118e-01
8.569348940180416818e-01
7.138885429997762211e-01
8.362296435718288290e-01
6.324318880738613036e-01
7.527604557778297956e-01
6.826051063479167125e-01
9.145753581629836315e-01
7.720860973061223209e-01
8.518736577266596832e-01
6.808822138668347845e-01
8.702832640432883737e-01
7.757428511217757672e-01
7.268638598287818775e-01
7.115493646609625245e-01
6.848716475465169706e-01
6.280589871038688710e-01
6.208524337680871863e-01
7.533292557135905509e-01
9.414526274619610113e-01
6.927823162173416538e-01
8.085234765131150692e-01
8.205189748881128731e-01
7.319509874283046669e-01
8.886407531020927841e-01
8.051172399150455794e-01
8.396743174970100476e-01
6.934346203833566813e-01
7.220582835991707915e-01
7.739540989931085191e-01
7.697293210486293447e-01
8.448342018819305910e-01
7.472389447893377223e-01
8.017428464237825736e-01
8.317507321223278627e-01
6.954713472787438233e-01
8.307242563148939940e-01
7.986460634359864308e-01
8.037831890493007947e-01
7.519206503533392150e-01
7.334976059103729407e-01
7.077216431107459238e-01
8.711615245828885357e-01
7.305580255742245566e-01
7.878795340547584125e-01
9.328911801016011029e-01
7.800233751471850052e-01
8.266797892420787441e-01
7.369077470946622244e-01
9.009008888196228249e-01
7.084652635290965561e-01
7.920783296840180343e-01
6.775829821784999929e-01
7.985269798758763971e-01
6.756318957310523121e-01
8.337893462245485887e-01
7.637978635152569140e-01
7.323217691686670916e-01
8.234179230996380161e-01
7.888488141740833681e-01
7.861308338682514441e-01
8.974695291313158352e-01
7.536036128908385479e-01
8.440712199494669887e-01
8.317606625916791341e-01
7.407441711620190716e-01
8.768677605170664968e-01
7.543703869279412277e-01
8.967979071255333112e-01
8.654600770168646706e-01
8.116690109081983184e-01
9.417692925291186734e-01
8.247559749863574430e-01
9.526941614853562390e-01
1.022940411948835671e+00
8.810589264372582496e-01
7.865606380430183453e-01
9.342012529446782620e-01
9.117290577807296570e-01
9.229086278944051980e-01
8.752631906124771488e-01
9.032277979026523962e-01
8.452330206611925467e-01
9.905288221543756544e-01
9.135786927076015029e-01
8.183539075013517294e-01
7.908183764275864558e-01
1.062329162144357575e+00
9.672318584925366780e-01
1.082257438544277584e+00
9.516471386786715669e-01
9.831048172056990886e-01
8.509720524596230407e-01
1.001077937537070639e+00
9.684546423674774696e-01
8.583978018290127077e-01
9.857850013042679382e-01
9.342333281457328997e-01
1.037354712690097269e+00
9.128197568559933694e-01
1.022359282696441829e+00
8.275094707559664808e-01
8.645199453468610518e-01
9.272778419476415124e-01
9.260681153747343242e-01
8.779735756714528438e-01
9.829721025208677521e-01
9.546274126179249420e-01
1.002551299218422676e+00
1.096727971057740447e+00
9.442074317169067976e-01
7.770734781741329700e-01
8.059842656101139369e-01
1.012004894699106705e+00
9.312071732758754328e-01
1.085230866335951783e+00
1.015097259095794069e+00
8.666856380077223587e-01
9.621073855364999927e-01
8.784355410423628774e-01
1.010947289531585191e+00
1.072751671993128708e+00
9.831372189758921243e-01
8.915466245763474795e-01
1.021779155389651583e+00
8.312054510834234744e-01
9.350514336290429718e-01
9.684168057950428565e-01
1.059929491755279951e+00
9.350718270636808604e-01
9.445800625946143558e-01
9.413220025826386506e-01
1.108438096927133909e+00
1.050833840733023106e+00
1.069269765012025530e+00
9.542097041946215885e-01
1.084145989619175854e+00
