-8.439541056470031277e-01
-9.795552498661828089e-01
-1.137241089239208192e+00
-9.521580596003336172e-01
-9.880652965527955134e-01
-1.108540942382618910e+00
-8.442917982478256311e-01
-9.736019906183187578e-01
-9.257042850541236101e-01
-8.128441634262848492e-01
-1.033293348262678935e+00
-8.618128146754173713e-01
-8.422302597770793264e-01
-1.010667682822626867e+00
-9.050193004468314317e-01
-8.684150656078315489e-01
-9.093078165332547647e-01
-9.064821794715286485e-01
-9.494907189034749173e-01
-9.686393608739775063e-01
-7.477053365365484705e-01
-9.181558422167434008e-01
-9.838657731800496409e-01
-9.998776335647266977e-01
-9.280327973856712376e-01
-9.473820619768587026e-01
-1.010821420237560497e+00
-8.210023373186077222e-01
-9.163126823863003700e-01
-9.947187478469119437e-01
-1.068777130027116939e+00
-9.390893405188074361e-01
-9.814396570748983306e-01
-8.325605565540640240e-01
-1.071135546250716608e+00
-9.327479316707456558e-01
-8.249972869906384565e-01
-9.004624830243875833e-01
-9.227517066722875638e-01
-6.716627158117376428e-01
-1.003980423296759739e+00
-8.814949758082535336e-01
-9.011282643593864217e-01
-9.389938496394197864e-01
-9.034189590567751615e-01
-9.044124386566072538e-01
-9.806402402097380566e-01
-9.389763211961977829e-01
-9.583012619549942102e-01
-9.493651510699100404e-01
-9.518396141801489518e-01
-9.543534547267590318e-01
-7.427414194533858982e-01
-9.094502886893436333e-01
-9.102402307002359638e-01
-9.570867873201355236e-01
-1.042829924395610952e+00
-7.747125900391701459e-01
-9.169774326964971189e-01
-9.254862915872242857e-01
-9.041181242715788935e-01
-8.796457071701425656e-01
-9.005486428463154169e-01
-7.639107987563719115e-01
-1.034669131660765462e+00
-9.209497300115360163e-01
-9.022131612436078418e-01
-9.228592686233724196e-01
-8.585679673428328051e-01
-6.406497559142513287e-01
-8.019404995509090694e-01
-7.298763797911513862e-01
-8.699257602000173284e-01
-8.625945067962218493e-01
-7.767962288582993535e-01
-8.236311073953193063e-01
-9.837227771645966623e-01
-7.382073943878916245e-01
-8.466791611297865838e-01
-6.761270624848203514e-01
-8.554764266747563184e-01
-8.135452322837121164e-01
-7.330095704907767518e-01
-8.810054495743233627e-01
-9.327266861887327787e-01
-5.788087553672848218e-01
-8.679867097330575820e-01
-7.644383504621402592e-01
-8.459610761532607714e-01
-6.802514259307282929e-01
-8.463282884905527492e-01
-7.690929772814699694e-01
-7.662914074370489326e-01
-7.053873721700869570e-01
-7.653714406725365960e-01
-7.962202282232628825e-01
-8.723993437477709501e-01
-8.517267424044392410e-01
-8.056447350912525618e-01
-7.248665893106204239e-01
-8.889230537946820609e-01
-8.001434829166693685e-01
-8.732022074828279523e-01
-8.737637100424068270e-01
-6.799698410968405549e-01
-8.107908328299110456e-01
-8.157524937277811361e-01
-6.460206683357940793e-01
-6.041282686507460920e-01
-8.800992990493513579e-01
-8.803991579072525386e-01
-7.059875810617206593e-01
-8.104791195952583127e-01
-6.984606784451324879e-01
-6.812922854162700714e-01
-8.231568870055796516e-01
-7.437454952658494323e-01
-7.179943034992796180e-01
-6.295981483590752381e-01
-6.886099619469663313e-01
-7.455442769112679002e-01
-8.389759334026997140e-01
-7.912136664703958155e-01
-6.735486556111784928e-01
-8.165570781228714825e-01
-8.545512801087090660e-01
-6.816082523130325699e-01
-7.691299450326278819e-01
-8.970212907355183951e-01
-7.468178658377355728e-01
-8.136895383667178683e-01
-7.125267121310969731e-01
-6.497162390379985775e-01
-6.076074492348514378e-01
-6.081308270482791434e-01
-6.734440723674580687e-01
-8.532711997174001750e-01
-6.625313862627603134e-01
-6.923252743003545095e-01
-6.911106048263759849e-01
-7.312346255699920805e-01
-6.930952089085946621e-01
-7.301571144791044743e-01
-7.456244336224360225e-01
-6.798141863085390701e-01
-6.064040559861779700e-01
-6.849797761386460238e-01
-6.898009762382013577e-01
-6.908194934635500939e-01
-6.037837140441585371e-01
-6.427692935238453753e-01
-6.284178884725408754e-01
-7.923148451559242078e-01
-7.325070812655319896e-01
-7.338515224408792559e-01
-5.551558597743505574e-01
-6.189873858320574795e-01
-7.028879017913742810e-01
-6.895551484768304151e-01
-8.588551562378204940e-01
-6.250717653804288565e-01
-6.683437210464725498e-01
-6.397422473218189465e-01
-6.180680315568111149e-01
-6.562092652313705754e-01
-6.275086932912450344e-01
-6.246045380271971759e-01
-5.981286015230016240e-01
-7.071723935235718628e-01
-6.077476893691051707e-01
-7.872894853473916266e-01
-6.704938314569971469e-01
-8.034256699872819318e-01
-7.186632928858971425e-01
-6.981187089552222114e-01
-7.040228457819007746e-01
-6.616082087916292931e-01
-6.364757316554798816e-01
-6.768015936275583178e-01
-7.516535946266651447e-01
-6.347912382472096215e-01
-5.413683304003885643e-01
-7.378943676477652813e-01
-6.101994229910648881e-01
-7.237080517200120688e-01
-6.410426598562976030e-01
-6.649492985855098848e-01
-6.338304871166126064e-01
-7.029246296899873681e-01
-7.913750569324040640e-01
-6.339337566270286661e-01
-5.309505574769481928e-01
-6.964212421335482794e-01
-5.697473926861057469e-01
-7.051191844384787633e-01
-5.689818914683436590e-01
-7.922866680047435661e-01
-5.356254000184387243e-01
-6.991704344763268741e-01
-7.296334542898534892e-01
-5.365811353629004188e-01
-5.231265625634888838e-01
-6.568136460703871693e-01
-4.648958825236564896e-01
-5.822241620418067143e-01
-6.835876376149538913e-01
-5.377918710288480675e-01
-6.454493776841934150e-01
-5.355034296700912355e-01
-6.294050703569545879e-01
-6.604350522202462326e-01
-6.688415182547078341e-01
-6.855844485284452450e-01
-6.981056044771029034e-01
-5.872759184056653980e-01
-7.478964967147924137e-01
-6.629771554286102431e-01
-4.953038436410049372e-01
-4.561244370226543721e-01
-5.292108839734868120e-01
-6.612596092537106340e-01
-5.661614791038706018e-01
-2.948375961305639836e-01
-6.353480138443129421e-01
-4.663187479489993570e-01
-4.116274027702306881e-01
-6.157486195866904710e-01
-4.770569702533531964e-01
-4.315703397794034002e-01
-6.747119978410605068e-01
-4.798708874188839513e-01
-5.859712927951494787e-01
-4.313657584148900548e-01
-5.498237896159483551e-01
-5.712703029878596350e-01
-4.522233942457249967e-01
-4.997702172240391372e-01
-6.080577651684130336e-01
-4.674135226904841400e-01
-4.951238485474698248e-01
-4.799552397014483773e-01
-5.923802350493233559e-01
-4.282417108779416615e-01
-6.324298973428398307e-01
-7.807885192849980394e-01
-3.881083193424181288e-01
-4.229392722936157756e-01
-5.169354558332305283e-01
-4.152262033545924824e-01
-5.290468660663333322e-01
-5.944354077089812893e-01
-3.607099916183583721e-01
-5.851562422334878333e-01
-4.232753684567836516e-01
-6.154570595122449417e-01
-5.726708100251143296e-01
-4.334355799818523369e-01
-3.986554442086522876e-01
-4.629143583568983145e-01
-5.779899469889870911e-01
-4.009790813526586950e-01
-4.906049699162884914e-01
-4.026631783526932740e-01
-6.173269757934800595e-01
-5.781703701576461629e-01
-4.856712934025815276e-01
-5.588598736809873291e-01
-3.378558498121401188e-01
-6.054577106136430631e-01
-3.875129700749327943e-01
-5.343351148467342382e-01
-4.454041567211114439e-01
-5.553561734657601612e-01
-4.518741306202062047e-01
-3.267817420714844712e-01
-4.923632044141320607e-01
-5.870170314327479710e-01
-4.252602561387505697e-01
-5.022051212621940763e-01
-5.376065318147302818e-01
-3.582840429882948041e-01
-3.664789149270881730e-01
-4.615384999208185790e-01
-6.368469160072111057e-01
-4.295512814735960583e-01
-4.587785645255333389e-01
-5.389213818049949367e-01
-3.767031211265882695e-01
-4.703195085688589017e-01
-4.362796174039414443e-01
-4.237081524069091221e-01
-3.644316752417633976e-01
-5.891014080635688099e-01
-3.559941010878133194e-01
-2.808748615660289771e-01
-3.761017848506122419e-01
-4.010682492812310262e-01
-3.798846293017452691e-01
-4.757977670985246155e-01
-4.225770881558140735e-01
-4.060103419229125765e-01
-3.610278367268556221e-01
-3.688864310917942535e-01
-4.781567353285342548e-01
-4.938299061518907629e-01
-3.434686386205966779e-01
-3.835330364618285692e-01
-3.917928552251993546e-01
-5.016417777612380835e-01
-3.521599762653834786e-01
-4.248060260676384536e-01
-3.685766838094079456e-01
-5.813086673745744282e-01
-3.503076746499856342e-01
-2.176008899141874953e-01
-3.705310119973904692e-01
-3.458415240231376697e-01
-3.395185625409868901e-01
-4.338347248432785630e-01
-2.974506370376069908e-01
-3.559699442753276877e-01
-3.989232776878441356e-01
-2.230985750040928306e-01
-2.131589775139475507e-01
-4.920578040990160051e-01
-3.946454150875948197e-01
-4.583669491543133079e-01
-2.850228449734685809e-01
-4.635875313310171553e-01
-2.528246307993681219e-01
-3.684094949312268774e-01
-5.890058370718223024e-01
-3.270840314669823945e-01
-3.564179217945312450e-01
-1.895314102582048299e-01
-3.827677894030557804e-01
-3.154762792973055952e-01
-3.808325563663292335e-01
-2.245418863378506880e-01
-3.304586347409242397e-01
-2.622467680711614291e-01
-4.115254376426112359e-01
-2.194679981083355047e-01
-3.532919589178709074e-01
-4.478549594413086532e-01
-2.951811948322897727e-01
-2.139643455548534412e-01
-4.022119326186977539e-01
-3.009691201736146016e-01
-3.874135266933165789e-01
-2.468998926376419212e-01
-4.284749532155709972e-01
-3.331303578810256849e-01
-4.128401711595838242e-01
-3.163283162124196912e-01
-2.011508397007024940e-01
-1.940059391309730263e-01
-3.622141571908840119e-01
-3.502188149571849318e-01
-4.029646985521065927e-01
-2.235264245558408747e-01
-2.646610600116593992e-01
-3.406174272096360589e-01
-3.763108418079281758e-01
-1.910214077298920121e-01
-1.338052523782928827e-01
-3.123734305944053102e-01
-3.132594944814622306e-01
-2.916804587700191354e-01
-3.113468408700337808e-01
-3.352254200288031644e-02
-2.773119042701684966e-01
-2.529635017535288299e-01
-1.335339727591549619e-01
-2.009763336323333316e-01
-1.359872882448939224e-01
-2.741563654004581241e-01
-2.373536820229458777e-01
-1.455949667367951450e-01
-2.024265310397321826e-01
-2.319203041767974871e-01
-4.146073366423111972e-01
-1.859249081997099706e-01
-1.637915182828419969e-01
-2.115112290724347477e-01
-1.476462314005547449e-01
-2.333340258277736001e-01
-2.427467588494458817e-01
-1.832503942018792742e-01
-2.467976256377110711e-01
-1.603642911178544683e-01
-2.291977518507757328e-01
-5.831683642804696283e-02
-3.449056774271772041e-01
-2.858133259460054476e-01
-3.167859253007414555e-01
-8.304876937825660110e-02
-1.762584509319047310e-01
-2.654470185573988839e-01
-1.357505261576805455e-01
-2.992731172235844617e-01
-1.264876928853908844e-01
-2.668942257214937386e-01
-1.351547906195806059e-01
-1.993146933368650231e-01
-2.707125179579221164e-01
-2.962450340036852370e-01
-2.011866895886421924e-01
3.383631973454100973e-03
1.185799178229888368e-01
-2.654015522421994122e-01
-2.168854532118970613e-01
-2.138779865354754894e-01
-1.448861260898093306e-01
-1.900770252382953940e-01
-2.028660264488830467e-01
-1.651581712910592525e-01
-1.275600933618039334e-01
-1.271330193790565222e-01
-1.572217917843919399e-01
-1.855297087452735805e-01
-1.345635829430253012e-02
-1.866381526640888688e-01
-6.730393807647376547e-02
-1.511820550509688776e-01
-1.953995669249830036e-01
-1.432403786812266877e-02
-2.055010861104822617e-01
-1.732336302203060785e-01
-2.025486617523378219e-01
-2.578306040336492133e-01
-3.110350838986099958e-02
-2.294368649159171103e-01
-1.097644546426332496e-01
-7.106108933366819813e-02
-1.578631643168161847e-01
-1.167614648081237438e-01
-1.647643494276629650e-01
-8.716311268120449651e-02
6.828910740499991028e-02
-1.114440451605794302e-01
-9.043380338303051713e-02
-6.409460149540154028e-02
-2.243056964483614302e-01
-1.907983994818745754e-01
-2.345757300438361947e-01
-1.331888415433694073e-01
-1.241000153563716069e-01
-2.344956059153639749e-02
-1.071460054517430205e-01
-2.239898132403587289e-02
-1.219568964599903604e-01
1.344201199981889111e-02
-2.143738409744432305e-01
-1.293362377226266735e-01
-1.834291691278757408e-01
-2.206157146008244918e-01
5.790101405840245713e-02
-1.367026090543096428e-01
-1.375147168545338972e-01
-5.206581761321634610e-02
-5.854194419148584655e-02
-3.528492698767256991e-02
-3.785060091888881040e-02
-5.709764264988406030e-02
-5.007970297926409020e-02
-5.770388493361845034e-02
-2.612712985977436869e-02
8.210585971169848812e-03
4.038314578824350742e-02
-2.874961955503731875e-02
-1.114913137362951723e-01
-1.089076841829993425e-01
-2.035408414096889218e-01
-2.047847387556269994e-01
-4.227694907147205167e-02
2.517819141075650080e-02
-4.652599693450211460e-02
2.017506458698204927e-02
-1.746274838462018864e-01
5.012183182584768748e-02
8.043181530513374144e-02
-2.173852689737402477e-01
1.663387685463318943e-01
-9.671183766547841731e-02
1.255260561264089428e-02
-8.490744099068171791e-02
-2.652234926579281893e-03
1.313121125150022890e-02
-3.747175427720860191e-03
-4.824722473271866180e-02
-3.943239078303986678e-02
-7.081005872861477479e-02
-8.606950883126252005e-02
-2.582641746276465727e-02
-1.140773100292929478e-02
-1.728918302290371189e-01
2.217243241231326920e-02
-7.631382990824546464e-02
9.778447026375284776e-03
4.348524213464571159e-02
1.541027975754337975e-01
5.032382224369646301e-02
-3.753041528318690201e-02
-5.114885175760303104e-02
-6.621652646896536432e-02
-5.948992254552698533e-02
5.683975406758379201e-02
5.487217837460309222e-02
3.446595683902514695e-02
1.733692193852274244e-01
-7.073122590381125674e-02
-3.253473415881171643e-02
4.669671187683535618e-02
-2.190345072978325258e-02
1.553912965447667993e-01
-2.840638710702146283e-02
-3.369776648529564100e-02
-3.360974078965233564e-02
1.392294619312594260e-02
-8.604090693121213551e-02
2.669174398990474518e-04
9.283798972514910319e-02
2.418857967107996762e-02
-1.445455198814905862e-02
6.995752614497822985e-02
3.826938675941504026e-02
3.894673800836780109e-02
1.717660109725088757e-01
9.123152569422011970e-02
7.964915767567742888e-02
1.655073674266160089e-01
-6.476776362625924488e-02
1.782743473957136837e-01
1.946596257074316716e-01
1.792612538043500403e-01
6.464057737925862912e-02
-1.217588862500882524e-01
6.216869479541345389e-02
3.172122508191832502e-02
-4.267619497916394500e-02
7.167888374352010539e-02
2.809486956936614946e-02
1.121778706366951678e-01
9.289324969645944285e-02
-3.483568669400454593e-02
2.124237306722507046e-01
1.303325984902912182e-01
6.728784532967198306e-02
8.884381276182737319e-02
7.715510790951020381e-02
1.974847836755695418e-01
2.908731380047679393e-01
8.106896884430132844e-02
1.135740952934002727e-02
1.623041962709230457e-01
1.350600227574428880e-01
1.408728159030078197e-01
1.588576468940040842e-01
2.621726026329771475e-01
1.539540433575855016e-01
5.337535977643929896e-02
1.593994052341251855e-01
8.797692636796775045e-02
3.469365480577852462e-02
1.812867419295912941e-01
1.894046825419547497e-01
1.369992062802356803e-01
1.682005535761196824e-01
1.146788963431087105e-01
1.786757478826529189e-01
1.556719009151115718e-01
2.032850706277202490e-01
1.943553846296484089e-01
1.646741251283428131e-01
1.328257943478786396e-01
1.531116768985665288e-01
1.009636722095368783e-01
2.357947227118089850e-01
2.637891593452564298e-01
1.037043387881056017e-01
1.692052913897396926e-01
1.324645811997448575e-01
1.394591414849230271e-01
5.791748301358173173e-02
1.693943338411094401e-01
1.348783952684763088e-01
2.744430366301049973e-01
1.921724287799733699e-01
2.329080702597134678e-02
2.490147793305738377e-01
2.419963395175392107e-01
1.630916007661324663e-01
3.059375824405634048e-01
9.686948369187375896e-02
2.137094424265121584e-01
5.186371784598145518e-02
1.420982636911334307e-01
4.978470749310122401e-02
1.197517975267522183e-01
1.814673345619630673e-01
1.450768762274369794e-01
2.902775376457942813e-01
6.577001229229996471e-02
3.371896201838600060e-01
3.561935878796926858e-01
6.005617177283770203e-02
4.638077241034765930e-02
1.923920623807768016e-01
1.281428842966236548e-01
1.966100614107446354e-01
1.825616902317578061e-01
1.385996683009304287e-01
1.963502127316118229e-01
2.911249084247217733e-01
2.205263463642643806e-01
9.700932043305776631e-02
2.249116638151903991e-01
3.400913841856095798e-01
1.637049900279521630e-01
9.481864617380819649e-02
2.302702344485134112e-01
1.968886393683800806e-01
1.375937549782382252e-01
3.290818209967027452e-01
2.566015264703994658e-01
2.872161350235559740e-01
2.944487439217043923e-01
3.980312256288857653e-01
2.477002637396968077e-01
2.450945625084804957e-01
2.612486428485612522e-01
2.285326753080419160e-01
1.967942242005155107e-01
3.613811466988354204e-01
5.608997930733634202e-02
2.452177910578648978e-01
1.040478420947386906e-01
1.520881599829543851e-01
1.112334607248057355e-01
3.593073248105428941e-01
1.796249608429137112e-01
4.820899743363781242e-01
3.477051570426232252e-01
3.239719770548663558e-01
4.052843658213762246e-01
1.677245536595548259e-01
3.272962530420128746e-01
3.360724595082765220e-01
2.299682780156217243e-01
2.233836438405450986e-01
3.376219286164796607e-01
2.989806042708154088e-01
3.204107705101251757e-01
3.316515706243775563e-01
3.760051471632775422e-01
2.979441045679219746e-01
3.756289972537026345e-01
3.039232725307027261e-01
3.382008692955402185e-01
7.172952400388733774e-02
3.287214871190672349e-01
4.396809205758885342e-01
3.918989812747736279e-01
4.287836930880032926e-01
4.753862730172274675e-01
4.167696155450097972e-01
4.314193705269232515e-01
3.392003728256128836e-01
2.184368245629748073e-01
4.160694588481418377e-01
3.049219320586252224e-01
3.039291447018279690e-01
2.665920785085736378e-01
3.784316068524930521e-01
3.968053453740356673e-01
3.885840774387879226e-01
3.234329742916786654e-01
3.979191260446746647e-01
2.747623150191004782e-01
3.653811797468104472e-01
3.160182569708585021e-01
3.517064041795469054e-01
4.510060207808161969e-01
3.423959117874342262e-01
4.882148710628446131e-01
3.794269477336557062e-01
2.914627206397112369e-01
3.724374921616463441e-01
5.167846704131257018e-01
3.531223275133253403e-01
3.152247008321855670e-01
4.069225243876449793e-01
3.196115653806020362e-01
5.158717648184641957e-01
4.704852313864366087e-01
2.918540039989178658e-01
3.122722127603671516e-01
3.336947283460404146e-01
3.140381842652127942e-01
3.058687776807601510e-01
4.200223425882910200e-01
2.132758229456825361e-01
4.330874085599734080e-01
2.785775535240132550e-01
2.918043537773755691e-01
3.996623716471030541e-01
5.031873207327762776e-01
2.022807679434466266e-01
3.946418461937790667e-01
5.050293071614886387e-01
5.160244265521038987e-01
3.875198582994661134e-01
3.244124152270286832e-01
4.338926037155115267e-01
4.980796537023687298e-01
4.717539161889744426e-01
4.061177213326351287e-01
3.633628222232706539e-01
4.115785515597328303e-01
4.564873450222390328e-01
3.829041669106310608e-01
4.381598156780859843e-01
3.109844819385036985e-01
5.826946818860907484e-01
4.186931541267406298e-01
6.372188589407467019e-01
3.088328555389338037e-01
5.335016990792066371e-01
6.744460698773213636e-01
4.344664447550454223e-01
3.928403759507212989e-01
5.221046783572704797e-01
3.244001341328017762e-01
4.463854207543225261e-01
5.901084395675572081e-01
4.117816268955112879e-01
4.821821124518382295e-01
4.390727016542624317e-01
4.716962828841420041e-01
6.358859120051623126e-01
5.493468086449082577e-01
4.940955494339823728e-01
3.992169047730541598e-01
4.435120174095235068e-01
4.217214016707226398e-01
5.074139340304435475e-01
4.580980758575947664e-01
5.202749055345892160e-01
4.148120746409574844e-01
6.270907560916930690e-01
5.370944646437222358e-01
6.158753854684392293e-01
5.999276180208621412e-01
3.766582889038881388e-01
5.086782499333379892e-01
5.193020769062439701e-01
6.755856728900083708e-01
7.108746269404487839e-01
6.011861089239586287e-01
7.352549496976324983e-01
7.258507359475460108e-01
5.603659723481355659e-01
3.640635433191848902e-01
3.393519403006878266e-01
5.433309214818324850e-01
4.598044665620060201e-01
4.144607600264333946e-01
4.811896078764644202e-01
5.009368252559596169e-01
4.015108858417051341e-01
6.327221561793041626e-01
4.952667270043609737e-01
5.984250496050664836e-01
5.580646858772549956e-01
4.781746468699250574e-01
4.982952888362967570e-01
4.800537303470551187e-01
6.273423551883005045e-01
5.354311802139511967e-01
4.585362104391412230e-01
7.284999411031900518e-01
5.936585582426703311e-01
5.914302467230310167e-01
5.704093501535250077e-01
5.953651134043719262e-01
6.052735099768403737e-01
5.485490849604457431e-01
6.206706012283329521e-01
5.372420160818600632e-01
6.307966952658549120e-01
4.777237581815873546e-01
5.241433138710472894e-01
6.844380477324580880e-01
5.244703594278122827e-01
4.479383514193825411e-01
5.446773662405198779e-01
4.725187900493729720e-01
6.112788851262553891e-01
7.103911534776194969e-01
4.718213077478907724e-01
6.764222682948107801e-01
5.995692440908755305e-01
5.842762110197977643e-01
5.164385863024548717e-01
7.553384084252261488e-01
6.523179424595764164e-01
5.569860329032463309e-01
5.734956961800882214e-01
6.338983096119248373e-01
6.459292129824890649e-01
5.377826216367493917e-01
6.058387034405148253e-01
6.260409905440789124e-01
6.453456051592748599e-01
6.590845910665229512e-01
6.554553668920637399e-01
5.788388952480199023e-01
6.138724116710559953e-01
5.919752301796704641e-01
4.408945557478137212e-01
6.871091323755097457e-01
6.087273160749068213e-01
7.364057513653791132e-01
5.935341125114134142e-01
6.481399909585896513e-01
5.800837472334161582e-01
6.067575909286717639e-01
6.525326745257010730e-01
6.406417116505560561e-01
6.244213663718893859e-01
6.154231627248422098e-01
5.756487218878035828e-01
5.587376721854512285e-01
5.233435115756434053e-01
6.558137082297869069e-01
6.450262398516918294e-01
7.606808331715619875e-01
5.477747068625063998e-01
6.414118927550098714e-01
6.586606357422811753e-01
7.323545941880110766e-01
8.241138008372993484e-01
7.203619420683612384e-01
6.217629852831172421e-01
7.883014932342150560e-01
4.565512795954224656e-01
7.182160632983461968e-01
7.280852400788025980e-01
7.018673849569169176e-01
7.710222871019543067e-01
8.612273663300760163e-01
6.553915624652840721e-01
7.227818795337582758e-01
6.908850390636417371e-01
5.929595155635352111e-01
8.305670404326954692e-01
1.064407588331198751e+00
7.276855750754189778e-01
7.101078474614357372e-01
7.897896232907178904e-01
8.633957958075516581e-01
7.301179537658326613e-01
6.457254692178041600e-01
7.453726951727148720e-01
6.404557453852637305e-01
7.016027844353259768e-01
7.689265630127806173e-01
6.710239439277488893e-01
6.910362412641906094e-01
7.587618426271549588e-01
7.722712638511151084e-01
6.266143423446327576e-01
8.295627372515150810e-01
7.740647094016671614e-01
7.208684985857584104e-01
7.167227212079616550e-01
6.588823131502997699e-01
8.513988402293308777e-01
8.232045842534276847e-01
7.877189019270622872e-01
7.250553651755743401e-01
7.393153661833181678e-01
6.814790617084000024e-01
6.809623497751068344e-01
6.724786775670470451e-01
8.268908003174014754e-01
7.394175196381154169e-01
7.148474667982174235e-01
8.781175600684143490e-01
6.520789531422426233e-01
9.073598145414466520e-01
7.175877036830675682e-01
6.655048835297706633e-01
7.536669418462377257e-01
8.109615283783850881e-01
8.363906423281558533e-01
7.624696087442626169e-01
6.734149160235346487e-01
9.149169725822051680e-01
8.244248258592756784e-01
8.644085747079848225e-01
8.563745146339850622e-01
7.432894909137779393e-01
7.871927887738642271e-01
8.266111563795239814e-01
8.124180732397007221e-01
7.621134976528600724e-01
7.623788439583180088e-01
7.796434591293346372e-01
8.482249502440227795e-01
7.788857539220794823e-01
7.731178460705008249e-01
6.884994462770197554e-01
9.203122770973751754e-01
8.555494542111812262e-01
7.586858604051248678e-01
6.977035403225626542e-01
8.019995508462841594e-01
8.013410352279684012e-01
7.598935833165172404e-01
1.036685659591880082e+00
8.192173634568125085e-01
8.476329507127944307e-01
8.323572245245326462e-01
8.346857440761074054e-01
9.106243523158825681e-01
8.512110247447040035e-01
8.572350683457442555e-01
9.505354623345679821e-01
8.280585424806089501e-01
8.122554473664619357e-01
8.529371475062932362e-01
8.591721421766606026e-01
8.337720166957311996e-01
9.674325917447452738e-01
8.349672682704057936e-01
8.477588851421409277e-01
9.225436341136261653e-01
8.079405341244680905e-01
8.860437997473761262e-01
8.038936200135268217e-01
8.198450900241580630e-01
9.586193131619734631e-01
9.172297261576179972e-01
8.663729601142364789e-01
9.277217425597783507e-01
9.041563075160004015e-01
9.150825717875192833e-01
9.507373066062825284e-01
8.620807875030045420e-01
8.482125438953342922e-01
8.960433915295193952e-01
9.239762482630562435e-01
8.438402920251542039e-01
7.983044008898371180e-01
8.273095941281859433e-01
9.543797660913744263e-01
8.079477201833369371e-01
1.067849173636974403e+00
8.654457497727017223e-01
9.118144597932548168e-01
6.783605977174064217e-01
9.444343838795653534e-01
1.079728651968368869e+00
8.187516837525813385e-01
9.051694617458153624e-01
9.454607052449292004e-01
1.032749245141657335e+00
9.547057266236659290e-01
7.804901758585071070e-01
9.069504993248500568e-01
9.180689611914353288e-01
9.005504227669343109e-01
1.020305820300890343e+00
7.674123258976752737e-01
9.119486375637945175e-01
9.051592080200201451e-01
9.816892771606372525e-01
8.761076263478932979e-01
9.834911051411432403e-01
1.012671304830750518e+00
9.494346755596139165e-01
9.066240247788959206e-01
1.052686245898690309e+00
9.619025163539347556e-01
8.788798207333997636e-01
1.016528350053358398e+00
1.098141815264399135e+00
1.166634041304807523e+00
9.658122374205093674e-01
1.042957408089863813e+00
1.072073089806844015e+00
1.060687134417535926e+00
8.788264188050612935e-01
1.052096536387080450e+00
9.806087478112660571e-01
1.146887349953835011e+00
1.082703806781869060e+00
9.285802858014847727e-01
