-8.788799017767394695e-01
-1.113478347157883741e+00
-9.585642516375977307e-01
-1.017984282916603478e+00
-9.581829873110656592e-01
-9.950520334230225084e-01
-9.416812809707842957e-01
-9.947907759688366935e-01
-9.400682575117679241e-01
-9.978860784185825672e-01
-9.528817828863543893e-01
-9.884399371715389959e-01
-9.813982125837699133e-01
-7.194704305509899145e-01
-9.081663606994482274e-01
-7.359419727145390944e-01
-1.032811510983818515e+00
-9.557432271117153322e-01
-1.027491441636015246e+00
-1.095776594297176221e+00
-8.935847769269659180e-01
-9.998018971744183636e-01
-1.016665434184569117e+00
-8.203855525913988922e-01
-9.469140978733066039e-01
-8.930018773349490679e-01
-8.844488521120785762e-01
-9.047433278299471526e-01
-9.936744530204301151e-01
-1.041620447407672234e+00
-1.016701151687126270e+00
-9.569049150292538997e-01
-9.738752243732140546e-01
-1.008292917626574026e+00
-8.747290765440299820e-01
-8.801333029510465256e-01
-9.093024323487405303e-01
-9.847153784936164556e-01
-8.488982615141812405e-01
-9.558022231162282001e-01
-9.824313066971999131e-01
-9.093155296793267173e-01
-8.851196145903408308e-01
-9.312809539636511813e-01
-7.086954371693658938e-01
-8.670071590913395188e-01
-9.006375970485637206e-01
-8.955138329814126275e-01
-8.554751552990409458e-01
-7.405602797980168628e-01
-9.024929357279134479e-01
-9.351391890073622593e-01
-1.002618112908733483e+00
-8.842219637677640742e-01
-1.023532662242424340e+00
-9.670671126613036295e-01
-1.106169025750565194e+00
-9.297517227889423586e-01
-9.919885071097750417e-01
-8.328617805562477105e-01
-8.497038231460137814e-01
-9.532235907502241146e-01
-9.907030463493581296e-01
-8.483230940174303347e-01
-9.654650644885607313e-01
-7.939542614100920659e-01
-8.463155539946036754e-01
-8.711357406606954346e-01
-8.062324799251496810e-01
-9.645406830760088202e-01
-8.725680434826722509e-01
-6.972438676497565435e-01
-8.256092554393549277e-01
-8.075253359313492307e-01
-9.055176037583499982e-01
-8.393321698304506695e-01
-9.180290967835523785e-01
-8.798228316722471742e-01
-8.294805648771294004e-01
-8.000495854266350682e-01
-7.725651467055393296e-01
-8.229873655273350908e-01
-8.279472613623183319e-01
-8.065703717281136331e-01
-1.014713499058135016e+00
-9.453985053468393351e-01
-7.760673396219081033e-01
-8.117401223061896376e-01
-7.850923060425482047e-01
-9.225308068819312313e-01
-7.265385754802750062e-01
-8.819495845630980213e-01
-8.854464831540197478e-01
-7.490990514544449974e-01
-8.188750717621550157e-01
-8.140787963192259724e-01
-7.664850481829031947e-01
-7.514703763644536849e-01
-9.012581489592627060e-01
-8.433248703545153102e-01
-8.714707031686583782e-01
-7.493110724655998034e-01
-9.187137358503745244e-01
-6.936079335762863618e-01
-7.855804763792068046e-01
-7.257463190124228136e-01
-5.648228449765684278e-01
-7.713323543266052962e-01
-8.618706802252000809e-01
-6.834871171079780483e-01
-7.772191181652393643e-01
-8.011287428186285586e-01
-8.290198005979905194e-01
-8.547652644572735214e-01
-6.175541504281749638e-01
-7.365100517752034559e-01
-9.230633121727003232e-01
-6.760453294580637262e-01
-7.240405001973747590e-01
-9.015887802054554090e-01
-7.053214600730342010e-01
-1.002737455966413949e+00
-7.619824067242267907e-01
-7.869549567876631402e-01
-7.093328920749085720e-01
-8.745567342946296563e-01
-7.540480630519659222e-01
-8.032068896856779938e-01
-6.527143234311324482e-01
-7.644459465677012622e-01
-6.366806065105172774e-01
-6.962256018158057280e-01
-8.305747873591919905e-01
-8.240071201070373608e-01
-9.418387837478345848e-01
-7.299816931528353425e-01
-9.176668674180850083e-01
-6.970063026129664774e-01
-7.208792797613668979e-01
-4.566799286921611745e-01
-7.131015987919004928e-01
-7.055087841749978494e-01
-6.619617172337600719e-01
-8.437328694654731009e-01
-6.900740480625774387e-01
-6.582416725615578557e-01
-6.304049199418078064e-01
-7.459248999569012550e-01
-5.052343673236081578e-01
-8.328018106118342256e-01
-7.590868609863749006e-01
-5.639209150700781326e-01
-5.644776135081744917e-01
-7.489347281271350187e-01
-8.267830215345686184e-01
-7.051573872365393125e-01
-6.470453139026398626e-01
-6.091373763565890442e-01
-6.890118072211447453e-01
-6.037714445102840832e-01
-4.648597762953291523e-01
-6.742606591888068435e-01
-6.460833869325222079e-01
-6.825534214577528846e-01
-6.897911636768285781e-01
-7.040431388581908090e-01
-7.016784614497137973e-01
-5.919635389877041520e-01
-5.645129480870940686e-01
-6.976739503329212333e-01
-6.269675033597951197e-01
-5.970899483589462431e-01
-7.612028401804125100e-01
-6.591911329923524354e-01
-7.075210220939630590e-01
-5.730266048892614927e-01
-5.774840796248562613e-01
-5.795126991129322391e-01
-7.164404820099831150e-01
-7.628545827865670370e-01
-6.425961841620897452e-01
-7.364759254331690874e-01
-6.192447344645463092e-01
-5.487672738100897174e-01
-5.863276390898179979e-01
-5.483261155646145246e-01
-5.529420796292283669e-01
-6.333376555544568687e-01
-5.811283527115959080e-01
-4.817144797432358905e-01
-7.193553869326080319e-01
-6.680824762104710102e-01
-6.243822180616949158e-01
-6.216702115874367385e-01
-6.135844579987138614e-01
-5.572763829065076058e-01
-6.865827837100189068e-01
-3.931630966239819669e-01
-5.861527118525478031e-01
-6.099920934405186346e-01
-6.481930537701713346e-01
-6.836737403569058680e-01
-7.505406083515838711e-01
-5.667813263428751469e-01
-4.087381173015844915e-01
-6.329068343146323494e-01
-4.497576621722752521e-01
-6.501488036731659648e-01
-7.820848147655599103e-01
-5.268030372824192842e-01
-6.745196595553771823e-01
-5.862427004561011623e-01
-6.017188551801392338e-01
-5.100455818576045131e-01
-5.668370878377231303e-01
-5.363797540238012251e-01
-5.005488754258313744e-01
-4.964173248143301520e-01
-5.381386187497240181e-01
-5.223872313639544851e-01
-5.728286598287144482e-01
-5.446678115048139146e-01
-5.838749349137174471e-01
-5.657550032923985839e-01
-4.867654427601288969e-01
-4.007068020825850230e-01
-6.782814457263443009e-01
-3.024871943674631858e-01
-6.980142951311738564e-01
-4.822654708243519495e-01
-5.973534478457958041e-01
-5.004906703534213186e-01
-6.976477729816090712e-01
-4.931262628224428179e-01
-4.923500459607156321e-01
-4.686488465618091626e-01
-4.595672015819033396e-01
-6.617084657992307051e-01
-5.387945821728281626e-01
-6.141565623801205076e-01
-4.788359347106237451e-01
-5.336748837651352773e-01
-5.810292839920121466e-01
-4.413322143225239524e-01
-4.101123600804136293e-01
-5.000906318753574054e-01
-6.346401847460827472e-01
-4.901131386115507582e-01
-4.815361129089615888e-01
-5.379652830226625548e-01
-4.500007687984064475e-01
-4.138036041548319721e-01
-4.737813389720377244e-01
-4.834246700067204583e-01
-4.323294330534376839e-01
-4.046328997105828051e-01
-5.199490321542199478e-01
-4.247422435259975426e-01
-4.776535540040842687e-01
-5.877941506847199626e-01
-4.744748048903012494e-01
-5.591199981607346547e-01
-4.879144564801977668e-01
-5.869929191325538032e-01
-4.237969285319462820e-01
-4.632263151329805151e-01
-5.365642271999183643e-01
-3.670456889641594000e-01
-3.105451601589663824e-01
-3.802105795167399216e-01
-4.898057389178403498e-01
-4.959274855635177892e-01
-2.871261378157630717e-01
-3.827989858699124004e-01
-3.876064441786603032e-01
-4.470083449820090316e-01
-3.724578624017565454e-01
-4.374475871580900121e-01
-4.330412423523415932e-01
-5.671263839896425463e-01
-3.339784401543524073e-01
-3.487235110294270579e-01
-4.499406362793282876e-01
-3.285186782975052511e-01
-3.001403966145298474e-01
-4.452330605552483611e-01
-3.968884810990558898e-01
-3.116669398581454198e-01
-6.248906555191173773e-01
-4.302093709697241142e-01
-3.317994100339692887e-01
-2.839557138941593561e-01
-3.054272173725479655e-01
-4.682198300427552473e-01
-3.586564180933157764e-01
-3.965152865961328321e-01
-2.131428111278189652e-01
-4.283302353041506527e-01
-4.238219576305847780e-01
-3.840950207961871810e-01
-3.620302621573072144e-01
-3.182747707481108357e-01
-4.450601021672734858e-01
-4.768906466623384355e-01
-3.758881414796514386e-01
-3.458878140961615943e-01
-4.218364142193075650e-01
-2.379620900712690890e-01
-4.883310190743804791e-01
-4.657993392555240808e-01
-4.259139933134275524e-01
-3.417588852887474271e-01
-2.836923602522075094e-01
-5.333675879676458287e-01
-3.428852942784164082e-01
-3.365727210724200891e-01
-2.800785380641404587e-01
-3.918630476542047103e-01
-4.214959109464954667e-01
-3.860088719582834837e-01
-2.951192180242920293e-01
-3.568969745848423747e-01
-3.525733473251444483e-01
-2.124303028032173968e-01
-4.669737291656780309e-01
-4.928654247160816348e-01
-3.951869119817630338e-01
-3.479243051812361265e-01
-3.203226583708974617e-01
-4.097594096052843415e-01
-4.279395045371115480e-01
-2.439130960831231709e-01
-2.966339426603716301e-01
-3.987274917654304307e-01
-2.614028013396134109e-01
-5.176983134244992346e-01
-3.941475826501018576e-01
-4.632882602498010205e-01
-2.398808176495680067e-01
-2.132019156041683461e-01
-4.828697697184282656e-01
-3.625973257357679724e-01
-3.463633499311785102e-01
-4.995930799161332758e-01
-2.647363026444597423e-01
-3.462689920610743655e-01
-2.555916815418879939e-01
-3.171987788119738916e-01
-3.415863256697675432e-01
-2.946983595496395769e-01
-2.697173956738581624e-01
-3.984641860046970741e-01
-2.143807268176339820e-01
-1.628683856497379345e-01
-2.632959491945894848e-01
-2.753924633995205595e-01
-2.272653953762331647e-01
-3.581001056529931614e-01
-1.795523120848121490e-01
-2.930221846654526008e-01
-1.836864869962044899e-01
-2.166616222688560189e-01
-3.545405493046916434e-01
-2.226421035483857613e-01
-3.253606585930840511e-01
-3.945898111988727641e-01
-1.967125567753058024e-01
-2.696026143325149227e-01
-2.440686321290552463e-01
-3.063632591352168921e-01
-3.401220530908917739e-01
-3.157202617004158385e-01
-2.760530345860451873e-01
-2.988845907912133781e-01
-2.678709742576662611e-01
-1.896487031389873790e-01
-1.352601098696149806e-01
-2.634502540355759259e-01
-2.755445205007097109e-01
-3.279926539946049213e-01
-2.695724371470202829e-01
-1.993787834598515496e-01
-1.174569160807562365e-02
-2.832620415685124238e-01
-2.185503834217705221e-01
-2.957459643697375462e-01
-3.320940895957835148e-01
-1.916781927241286154e-01
-5.022639159303347173e-02
-1.868261096036629154e-01
-1.757238888419701550e-01
-1.875634730741444767e-01
-1.784622848684641605e-01
-1.287783343086925103e-01
-1.927074034701733440e-01
-1.784221036033160901e-01
-1.270127063094054209e-01
-2.732226758141646505e-01
-1.528558160583463610e-01
-2.319939911554477763e-01
-2.155457758528293577e-01
-2.680803391819350789e-01
-2.219467453431498427e-01
-2.477140217236616648e-01
-6.987707953004062937e-03
-3.248612947295495545e-01
-2.596362367190703235e-01
-6.853539127485726301e-02
-4.392261500816511954e-02
-1.722560189699524069e-01
-2.212600230633725018e-01
-1.906605212166146979e-01
-2.001511601174553179e-01
-1.527614767873144430e-01
-4.114466960921892014e-02
-3.407198717160731527e-01
-4.335313427099997396e-02
-1.598858105811521713e-01
-1.939047632735642068e-01
-2.560750632885106515e-01
-1.196850057391404265e-01
-2.343141477084020596e-01
-1.057789389972456640e-01
-1.203252833385866777e-01
-2.038426792666862483e-02
-1.645855043090621861e-01
-1.858155354594705766e-01
-2.753996719718693198e-01
-1.410007167837818431e-01
-2.031034799399709379e-01
-2.056273000005303664e-01
-2.051918547807951299e-01
-1.584053700179604007e-01
-1.669977272280698255e-01
-1.005700374893221394e-01
-7.328719202786239395e-02
-1.439231286551867217e-01
-5.531926202637856699e-02
-1.062676708299192113e-01
-1.471900195411107171e-01
-1.014403868659954910e-01
-1.632629236362086456e-01
-2.772738903347165551e-01
-1.721019439795151984e-01
-1.536449339511809786e-01
-1.417110672333255494e-01
2.386786118925601427e-02
-1.532574792690792054e-01
-1.203756363491843007e-01
-2.112030419903311584e-01
4.365288754982066255e-02
-4.423260817750639118e-02
-8.337290009449462025e-02
-4.479879095131737016e-02
-1.652312241166226381e-01
-3.206751389863772284e-01
-1.275774995979107596e-01
-1.874249893082119423e-01
-1.134792019089138349e-01
-1.077701862483041173e-01
-2.078100529998133106e-01
-1.726483116195990375e-01
9.960765801926839066e-03
1.315562850480477518e-02
-7.842324531400626797e-02
-3.501829699465874163e-02
9.633882642940542682e-03
-1.935170147789961326e-01
2.917027765410036902e-02
-7.462066954926736481e-03
-2.110149588295617135e-02
-1.380291019548263998e-01
-5.087558576972619345e-02
-5.515298294844032251e-02
-8.467366071891110901e-02
-7.990237121675440590e-02
-2.071542674185613553e-01
-1.099885601496449969e-02
-6.215434815561637211e-02
-2.973049725356039646e-02
-5.006102188559804350e-02
-7.168215793941641600e-02
4.359391958661867905e-02
-1.608788258316509387e-02
-1.452814159384465398e-01
3.588404837678122600e-02
7.548699344327093608e-02
-1.610951494559045571e-01
-5.679713575133119030e-02
7.109265421534498308e-03
3.868541077812676088e-02
-2.620695086363447786e-03
-4.136815382098849719e-02
-2.539796727664896461e-02
6.249284250880112607e-02
-7.420396975722637345e-02
1.671667027832224595e-01
-5.442785987246805471e-04
-1.137864485270249047e-02
-1.277992040971371590e-01
-9.304277192692078646e-02
1.028326781899173425e-01
-4.626020820986986859e-02
9.820881816588195035e-02
3.035680207835907141e-02
1.954239202845012985e-02
1.037575012692113115e-02
3.876342749150934325e-02
-3.062887376646652050e-03
1.163074573288599804e-03
1.091001303186232563e-01
1.130883752436193622e-02
-9.532226925892842151e-02
2.166470557664077271e-02
5.369751616887844664e-02
-5.031518758209685416e-02
1.119731987883860330e-03
5.198225186383429591e-02
9.925518083317842744e-02
6.174839043870119365e-02
-2.654724361087046902e-01
-1.889943973723865744e-01
8.948052290212009374e-02
1.119411578938815516e-01
3.350906496844582166e-02
5.457681590170424674e-02
8.695969067467156435e-03
-2.621576239851604664e-02
8.720423386997101789e-02
4.950094180907642361e-02
4.742368181141520117e-02
1.667529916204210372e-01
1.861768729636970876e-01
9.586521257593745571e-02
-1.161226467085428073e-02
9.977356786280050516e-02
-4.264276358808260234e-04
9.790745611538530235e-02
1.411795626250841595e-01
-3.414512788648502162e-02
2.506619004483813876e-02
1.853977086552091591e-01
3.029673873492017000e-02
-6.066943043894858223e-02
1.106934876591732925e-01
1.635879346740062579e-01
3.075491362232257372e-02
1.679565273647900814e-01
-8.814256429922860681e-02
1.144081672538113520e-01
2.554708825443611012e-02
1.320272547969567056e-01
1.509392514668346230e-01
1.506290489537238375e-01
-4.877097195161855803e-02
8.263188238177793243e-02
1.082548659926663298e-01
1.482009973166274197e-01
6.952255425888538565e-02
4.668147038004823862e-02
1.715295613611054759e-01
1.252788245052690874e-01
1.832013418399093541e-01
7.870428583997510219e-02
2.957041092590794173e-01
2.013729774406842199e-01
7.861584245124428327e-02
1.669877497261371135e-02
1.695108211732168357e-01
2.877192329380631186e-01
2.175627385358175347e-01
1.339463116297440748e-01
-3.759240576202942802e-02
6.261999966657466610e-02
2.109430715836022319e-01
6.264446046422771086e-02
7.478112798527145055e-02
1.435802910448331082e-01
1.762385421389348616e-01
2.333384722929040256e-01
5.476015429105379057e-02
3.032250970126950662e-01
1.492071070683928524e-01
2.036121430115788722e-01
-6.393268123862683172e-02
1.810552318722486453e-01
6.559245547769076978e-02
3.039664780142591893e-01
2.758424183956085241e-01
2.230210503806837607e-01
2.359500962685941450e-01
7.313511946839905409e-02
1.352758200060486804e-01
1.443847690423017971e-01
1.148759557829260314e-01
2.173256616184425227e-01
2.890424043089334094e-01
8.707122025899893814e-02
2.806798598421532120e-01
1.857752767390170590e-01
1.569983014576471769e-01
2.129417702650203414e-01
6.069238610491329428e-02
3.584885864958863300e-01
2.863004433185442621e-01
2.304224655000932515e-03
1.103869762517058623e-01
1.768602260176647956e-01
1.128295932703652915e-01
2.253515155404923198e-01
1.123825802474463786e-01
2.021878975811240431e-01
2.606608234142497316e-01
2.340806691779374338e-01
2.792460346365350232e-01
2.640192354238049544e-01
3.474027494308619124e-01
2.897258676690036006e-01
1.526731739383231645e-01
1.612154703111011167e-01
2.443623109055558795e-01
3.376318990735906467e-01
3.049196312405719200e-01
1.538532028586805100e-01
2.056406551736596200e-01
2.508567022448559558e-01
2.702832394307382868e-01
2.670938350076705325e-01
3.136055686613606897e-01
1.354747190661544087e-01
3.069809862947360801e-01
2.350474054075137320e-01
3.280972411526575927e-01
3.622915095775616767e-01
3.010666423339422582e-01
1.464759510064032599e-01
2.669814598152073226e-01
2.111692922751395585e-01
2.727568746997250382e-01
4.132251801565931526e-01
4.460996609679099834e-01
3.209993012252290723e-01
3.994986160484840232e-01
2.944034772150482260e-01
1.893338575138576452e-01
4.572824268852362373e-01
1.604828158180951203e-01
2.761740819013684400e-01
3.866809236062424548e-01
3.253978121756217479e-01
3.785582156496041795e-01
2.370141228997126870e-01
2.451097669006072066e-01
2.910750005244080452e-01
2.749190921640059515e-01
3.072906810663634802e-01
2.679926797557085072e-01
4.061771476021070471e-01
3.956769243719823193e-01
3.986870286691906462e-01
4.991333469348210317e-01
3.579332587124414711e-01
4.101495249639557916e-01
2.575061779241707427e-01
2.810826842824959981e-01
2.326989292972795331e-01
3.117514962440587900e-01
3.162737669523304485e-01
4.184408903214780762e-01
4.800319318396651935e-01
3.161781764324171906e-01
4.485802537654151600e-01
2.346017088660993510e-01
3.780352564869453036e-01
3.560095099459077983e-01
3.636292147223880722e-01
3.736859227345362688e-01
5.046467932080401786e-01
3.060868602425269036e-01
2.724713516990776574e-01
4.955613030568880029e-01
3.689244306598771783e-01
3.598844558136786720e-01
2.388091846016427433e-01
4.924854105471971333e-01
4.237915158104954005e-01
4.542223669756908500e-01
5.276508399887044343e-01
1.741540712966386240e-01
3.112113828703271246e-01
3.447882497721810324e-01
1.587280372341911827e-01
3.067613536044480615e-01
3.706056248764426631e-01
4.039664997932145285e-01
2.891081604941728722e-01
4.622298470592512976e-01
5.071326753384087782e-01
4.873847190618081915e-01
3.733161690961687706e-01
2.921291227630710141e-01
3.448247256515573622e-01
3.052384011642351180e-01
3.078867142535860468e-01
3.418062033020378143e-01
4.539033244726880523e-01
4.965209634037774378e-01
4.754973188808152007e-01
4.659330757126202704e-01
3.276025038279486434e-01
3.543362820609701758e-01
4.787017044738241522e-01
3.798945347632929348e-01
6.059730469702654387e-01
4.933575890877659464e-01
5.135208317282116131e-01
4.127192879307379769e-01
4.100737112259668082e-01
4.702982067477150530e-01
4.581887942645019307e-01
4.385645491970263654e-01
5.079673334353214109e-01
4.119459940518031549e-01
3.964778108481615271e-01
4.368372950227586982e-01
3.700924122922596426e-01
3.751048043771043061e-01
4.038427266674827210e-01
4.147519811969380688e-01
5.030612587466957164e-01
3.732475928569278789e-01
3.516406543718223476e-01
4.749694852095147080e-01
3.553350158600884767e-01
3.477909059375504097e-01
4.094610164034695465e-01
6.472693918628138476e-01
4.118838792987726261e-01
2.796125689382329971e-01
6.707262310922348370e-01
4.113659831457717186e-01
6.398520546322967739e-01
5.922310856584153127e-01
5.087315361012951787e-01
4.620642795856644280e-01
4.972149996474123923e-01
4.502784744385952553e-01
4.277031046649207302e-01
7.709079669874268070e-01
5.999355662321022020e-01
5.995060589301377529e-01
5.576594805404093691e-01
5.491019915771732096e-01
4.412680943740656669e-01
5.895482543875497639e-01
4.599959456624126419e-01
4.684367233969270461e-01
5.280467314139547508e-01
3.648342932430327923e-01
3.330527987943923685e-01
6.928600555089073909e-01
5.109450077765410603e-01
5.796272966174157437e-01
5.765675151501840068e-01
5.774248908182115780e-01
4.984222869160611080e-01
5.486719584028931784e-01
5.823493835545094921e-01
3.268672581066319749e-01
5.695632264692364055e-01
5.841983728013249166e-01
6.348456476425446970e-01
6.414098941568743273e-01
6.838187156942110434e-01
5.782251900182889814e-01
5.895724299801102797e-01
5.988562441571023687e-01
5.718962418850739304e-01
5.748424606473395704e-01
6.167864459873072525e-01
4.947350422728047370e-01
6.419712635105355725e-01
4.875097751332241880e-01
6.636720476928427148e-01
5.179721833398006625e-01
5.858575820618658891e-01
6.517918677048571974e-01
6.531688974609644038e-01
5.447230005102932093e-01
6.764882509315047754e-01
5.941364388748974212e-01
5.312141424689382774e-01
6.142923131902530143e-01
5.641859133994040487e-01
6.175724052486626370e-01
5.492118268697376848e-01
6.630173362853882812e-01
6.190582568931356500e-01
6.130868764820235350e-01
7.063410227953766940e-01
5.732823023488520242e-01
4.401561275987940780e-01
6.124028269869357111e-01
6.087008913203700855e-01
7.371090373330614343e-01
5.447492305059549178e-01
4.600589052908968246e-01
6.688011808824387838e-01
4.983189161202384865e-01
6.969224607543217376e-01
6.566501858151698734e-01
5.277184120520352906e-01
4.956098506882356536e-01
5.497477514395161524e-01
5.757532521035707562e-01
6.808874826689405024e-01
6.323976810840167273e-01
8.263516813159121899e-01
7.561875748600144220e-01
6.416561246736300905e-01
6.291826753878185796e-01
6.565886532087585881e-01
6.538218328103245769e-01
7.076724270982480691e-01
5.661651175856046159e-01
7.595200915307195322e-01
6.596375270670150615e-01
6.765737262623638948e-01
5.218504604547904435e-01
5.343545746980375988e-01
7.865151383422078757e-01
7.183176875923646953e-01
7.037718156119774360e-01
6.781671068729674401e-01
6.783934115815422050e-01
7.267221261593909132e-01
4.481658392060979268e-01
7.555418953291423989e-01
6.988354603803464959e-01
5.786329387761195431e-01
7.799249904148807255e-01
7.071470237179019458e-01
7.226663713958006996e-01
6.463158010181516699e-01
7.770699913959999705e-01
7.185855345164318120e-01
5.863311224707398184e-01
7.025200691768515027e-01
6.330565833760407601e-01
7.823693212732972802e-01
6.975505733354803173e-01
7.296089124537386006e-01
5.652743361929283283e-01
6.772302957534906964e-01
9.429976907391652841e-01
5.951600822344891295e-01
5.614339221711940331e-01
7.067719069203072246e-01
6.039770147464887939e-01
8.827166349733738260e-01
6.663647346365695334e-01
6.576731929774771723e-01
5.166736183816370565e-01
6.260922919850961943e-01
6.331759805989665146e-01
6.734546006233029791e-01
6.642762183442386670e-01
8.275147553184981630e-01
7.708903194913164780e-01
7.397358083069788259e-01
6.803510708931792550e-01
8.148090483584575772e-01
7.486207949338249401e-01
7.952866835164839054e-01
6.865843204268401445e-01
6.929759872931554598e-01
7.816041441770986697e-01
6.971670497696681457e-01
8.132750382792780508e-01
6.195652905433058910e-01
8.219134008403234937e-01
8.339225295077593580e-01
7.340222092084707217e-01
8.180317907642963293e-01
6.895823228402806482e-01
7.869656822479850211e-01
7.242669981961284975e-01
6.656328150257164733e-01
7.476722233975043874e-01
7.753741939500752300e-01
6.526899833625497971e-01
8.569837521660114144e-01
7.772631471837858630e-01
7.672638046281013979e-01
7.829806653265647398e-01
8.595253542458658469e-01
7.650428196492893296e-01
9.063973508133229551e-01
7.857154009740044964e-01
9.825332017310386412e-01
8.186964489501443731e-01
7.443371728915794128e-01
7.074248637831500597e-01
7.967503972454499372e-01
7.191366061920774211e-01
8.304294054425538363e-01
7.066973500305623324e-01
9.019194757338004909e-01
7.560016027407799877e-01
7.646421376105372314e-01
8.825049074021988904e-01
8.122962776295464815e-01
8.845890909319009676e-01
7.899448697120757812e-01
9.282788652393023643e-01
8.660150452775018382e-01
6.300888730485987299e-01
8.331319903936856841e-01
8.652816728281980119e-01
9.848294051211911038e-01
8.702226562079037331e-01
8.988809375697480730e-01
9.024521183160347793e-01
9.166231837571017227e-01
6.485215460547597566e-01
1.060229511953182602e+00
6.947452322618516973e-01
9.520077377883419123e-01
7.661793147195686826e-01
8.682835348200246273e-01
9.744089767293835358e-01
9.705864268448595178e-01
8.183322243039244936e-01
6.640260272429738819e-01
8.644023004441864222e-01
8.718084197627710141e-01
8.549546666085008351e-01
8.189977434313160387e-01
8.458608155241543747e-01
8.944903838426412346e-01
9.094969115192510500e-01
9.511388815954294751e-01
9.528732109037767462e-01
9.000235215045805370e-01
8.539287289626862343e-01
8.317139873331419464e-01
8.551276469209739828e-01
8.112541709460917572e-01
8.194486544528163385e-01
1.088518810442498763e+00
1.007145246362618707e+00
9.185644481416718188e-01
8.646272374494220481e-01
8.146472801170262512e-01
8.960195254285032718e-01
9.370408894714515879e-01
8.405761960910377306e-01
8.633781438945424824e-01
7.855399184809387370e-01
9.694501679415767903e-01
9.784995410112145020e-01
8.672718841530371314e-01
9.389089037709879015e-01
9.139202432919023567e-01
9.306211266969551810e-01
9.672823692600825973e-01
8.456833810911474902e-01
8.626356218377184693e-01
8.695944537256958817e-01
1.021384069311610743e+00
9.130114181231586690e-01
8.715709341955434342e-01
9.079419311786527391e-01
8.152344546422923832e-01
1.063023080850281410e+00
9.283780162406362058e-01
9.048365397503708163e-01
8.893893191691097933e-01
9.662969693329082066e-01
8.571730723745631941e-01
8.916862664000391181e-01
9.585620927288344140e-01
1.030918059974476053e+00
8.977641620015428536e-01
1.031459068610408814e+00
1.111356767863421968e+00
9.771660636043947301e-01
9.819333669958999478e-01
9.608044487841895798e-01
9.686221372685355213e-01
9.609624248260852930e-01
1.043860656434265177e+00
1.148832919345776249e+00
1.010919452675965502e+00
9.103826204744551731e-01
8.506635949059050406e-01
1.191195414580865863e+00
9.490001039143632910e-01
8.832215059631548515e-01
1.059195335730920506e+00
