-1.007755925851725687e+00
-9.518076663328884912e-01
-1.179980920440794945e+00
-7.499681523067411870e-01
-8.359720059521352775e-01
-1.101319021111717200e+00
-1.104836688505235864e+00
-1.177519989697904057e+00
-1.091862463967033570e+00
-8.767405435459399987e-01
-9.818019822911094874e-01
-1.005067380659246501e+00
-8.788146262367724226e-01
-8.668891140274337381e-01
-1.142483569766557183e+00
-9.475013796836262436e-01
-9.747660996310819614e-01
-9.774256897324467008e-01
-1.090174524991708527e+00
-9.240401381812680670e-01
-8.972340778693821406e-01
-8.775253609420031742e-01
-1.069077835993797354e+00
-8.756629098810545520e-01
-1.073243879146123847e+00
-9.418280023739190598e-01
-8.859319061536669038e-01
-1.065581308398540150e+00
-9.272566486533692087e-01
-9.461585544467879805e-01
-1.018444031060866672e+00
-9.982802070623256752e-01
-7.957881510528865832e-01
-9.065539577427570439e-01
-8.460076830474198006e-01
-8.003234272803290139e-01
-8.278745807130640788e-01
-9.408545591135329955e-01
-8.111503156350867716e-01
-9.260072595650377103e-01
-8.939719665789689351e-01
-1.094300070389982560e+00
-9.135935335047337125e-01
-1.029075668085324580e+00
-9.445037883848232951e-01
-9.933619451595929739e-01
-1.020169633439161005e+00
-7.314065524031105880e-01
-8.631185072997644703e-01
-1.024625464237050032e+00
-9.777373750848659117e-01
-9.725426458034146515e-01
-7.899256039721191947e-01
-8.617692217374339769e-01
-9.523146104921191846e-01
-9.598914372554951946e-01
-9.396664552386948532e-01
-8.710444928126107600e-01
-8.677167271994444819e-01
-9.749049113099594877e-01
-8.108313541376539479e-01
-9.268735434579711274e-01
-8.697875424908886322e-01
-8.498518890055734021e-01
-8.689794697028923043e-01
-9.843489474431806885e-01
-7.196272660722137227e-01
-9.222378163822432251e-01
-9.594588891484727711e-01
-7.728628660370092662e-01
-8.449318593742565220e-01
-8.594551631232579814e-01
-7.228412468253575529e-01
-8.320883532660335868e-01
-7.366620410234758776e-01
-7.900254805142112868e-01
-9.225886315252251890e-01
-8.554697399832178473e-01
-8.780140621803631529e-01
-9.027465198923502188e-01
-9.300436469473051249e-01
-9.042006358501407659e-01
-8.070809551316266983e-01
-7.610793224948586566e-01
-7.911787673809799193e-01
-9.357494019318045586e-01
-8.191667474430952556e-01
-1.026808175094562792e+00
-8.520106576818661237e-01
-9.206602449841919666e-01
-9.431454789215162338e-01
-8.752826979055532419e-01
-7.993142594954163460e-01
-9.745585226197089890e-01
-7.468412618856855589e-01
-7.676264703588211447e-01
-9.261031073973476913e-01
-7.932145712985014807e-01
-7.245056961968474596e-01
-9.404872023240672396e-01
-8.384567283314134922e-01
-8.244594880178747198e-01
-8.384116047526198878e-01
-8.111377393467140706e-01
-8.577058105094150786e-01
-7.524146870842598478e-01
-7.372961828740242085e-01
-7.037860217891374059e-01
-8.774856840534979163e-01
-7.754161359550525434e-01
-7.932777130055738146e-01
-6.812930103696003270e-01
-6.826864773371950079e-01
-7.460558129034751129e-01
-7.738821017606225539e-01
-8.343524999948490617e-01
-7.904027073506105783e-01
-8.447444810491955280e-01
-8.254321175347781869e-01
-7.017614907784172074e-01
-7.209195409596665938e-01
-8.233346274417195909e-01
-6.633411158217087378e-01
-6.172976680675691386e-01
-6.538439171976434539e-01
-6.888178489262032356e-01
-7.279165269288013773e-01
-5.852677841648858958e-01
-6.593793743550796504e-01
-5.707375021414187177e-01
-7.340240799519441861e-01
-6.136834426969455247e-01
-6.492381874113795082e-01
-7.975026726193780169e-01
-6.668530552091871400e-01
-7.462853952717266592e-01
-7.333730676046924524e-01
-6.770228180168398335e-01
-6.911722572180938329e-01
-7.322107700750072334e-01
-6.542411395822391729e-01
-8.751263189867229952e-01
-7.683885445394176283e-01
-7.670326584824201932e-01
-6.533019025840296479e-01
-6.439754988686594572e-01
-6.225611864429346776e-01
-6.808628299062062794e-01
-7.648177984580494249e-01
-8.223362914403032908e-01
-7.387184428938607939e-01
-6.930308691685795885e-01
-6.626421580875359041e-01
-8.027089823328708018e-01
-6.478870017007513082e-01
-5.255284998927767237e-01
-6.831557151145937201e-01
-6.495069301611720025e-01
-5.349814336902997125e-01
-7.315736669765497968e-01
-6.191169044488074036e-01
-5.938659675857804743e-01
-5.571721351432620262e-01
-7.872122211482348586e-01
-7.032802298511097172e-01
-5.525843754331016822e-01
-6.792930457596434435e-01
-6.856378270857949042e-01
-6.897362300330167617e-01
-6.079426592346092173e-01
-5.446566618797095138e-01
-6.122615579415063847e-01
-7.708345368424457389e-01
-6.162665537388466452e-01
-6.841607694306112153e-01
-6.360540614815451965e-01
-5.216603336116736322e-01
-6.462267942164263701e-01
-7.234651690052915640e-01
-6.023201866110794445e-01
-6.416416312985605552e-01
-7.212049964866619201e-01
-6.291829193654357999e-01
-7.032057274050778073e-01
-4.382691840934019867e-01
-5.390294881229501511e-01
-5.686027345573793079e-01
-7.825767562328143079e-01
-7.677334889746195712e-01
-6.338815607362727755e-01
-6.177143011900126934e-01
-7.255942954055057958e-01
-5.506451451617438986e-01
-7.214980904834139563e-01
-5.622038305014196435e-01
-6.974245519376237601e-01
-5.911564473285226828e-01
-6.535636667404380873e-01
-6.816017264360302308e-01
-5.390484767152085022e-01
-6.510995918019854001e-01
-5.489758607781489719e-01
-5.213802109454452882e-01
-6.467359208843304064e-01
-5.412908111217341611e-01
-7.244609990128726418e-01
-6.476543180161995483e-01
-6.804121633966560001e-01
-5.671020827826842581e-01
-7.074422084859703919e-01
-6.084392304873321722e-01
-4.628978294357373735e-01
-6.742168469212439508e-01
-5.333713116424309009e-01
-6.522734060391035538e-01
-3.956811555019593141e-01
-6.693236733779830416e-01
-6.010175253816162355e-01
-5.452817267622140918e-01
-6.322649594598653833e-01
-5.787055527592855908e-01
-5.131458047457707616e-01
-6.190282791834051945e-01
-5.718062872127507301e-01
-5.153834700432134985e-01
-4.677634394882433377e-01
-5.563356484047509154e-01
-5.814229163646116305e-01
-4.310003539701599551e-01
-5.847181777670823477e-01
-6.824338316546952887e-01
-3.674557213756393104e-01
-4.518252537967930582e-01
-7.206013677800471307e-01
-6.082687532829763599e-01
-5.837351312827138150e-01
-6.088785795737021722e-01
-5.187965366765820985e-01
-4.860282742838820669e-01
-4.268842104182593578e-01
-3.994784656583658666e-01
-3.153645549722575714e-01
-5.455706758528687805e-01
-4.661914117784165534e-01
-4.490371054995789257e-01
-5.653814431761643444e-01
-4.925170941414196424e-01
-4.308358406444178224e-01
-4.054169511777843682e-01
-6.264699153745970639e-01
-3.899530217319750469e-01
-4.716888795307978555e-01
-4.955312526078938795e-01
-4.930602041559797311e-01
-5.255476846845543726e-01
-5.705816841616914159e-01
-6.293585677068166406e-01
-4.628765439622367084e-01
-3.413095666993151145e-01
-5.066728303192953309e-01
-3.761494882645396443e-01
-3.704747234846125781e-01
-6.500080600275035536e-01
-3.736200633023373241e-01
-4.141967134169842191e-01
-3.956310081464265438e-01
-5.012551966839726703e-01
-4.422895016725388873e-01
-4.325073623343166362e-01
-4.809835900114936003e-01
-3.871732098251282062e-01
-4.394781225338123543e-01
-2.868750051194448036e-01
-5.029405608651876802e-01
-4.213267396811022913e-01
-4.328008772069240617e-01
-3.499493775667736339e-01
-4.770010476151701484e-01
-4.210809106420247971e-01
-4.335854906191344837e-01
-3.960271459833616392e-01
-4.344763191389395263e-01
-4.977767973744495755e-01
-4.175023602250958477e-01
-4.197567174114362198e-01
-3.884458289712990342e-01
-2.950241510225008468e-01
-3.102916687346468083e-01
-3.447476944036272917e-01
-4.430468027941891207e-01
-3.619626096222748335e-01
-4.432191603459376128e-01
-3.148598053319572876e-01
-5.220208826704867411e-01
-4.189502889306538358e-01
-3.626473501846764202e-01
-3.982686370425143063e-01
-2.140999768369311052e-01
-3.121868704212580892e-01
-4.793072277988456587e-01
-5.167190527661709165e-01
-2.936339375834433052e-01
-5.082818351623713538e-01
-4.777303234125916953e-01
-3.387513182229741071e-01
-4.238514086778045753e-01
-3.082304499149265409e-01
-4.157083551811363020e-01
-5.547588252525862407e-01
-3.530434625417782080e-01
-3.801224975122685090e-01
-3.124567264529946042e-01
-2.774821925117329502e-01
-3.361531479680135437e-01
-3.895527038159263822e-01
-4.117818707154142777e-01
-5.104573984875132586e-01
-3.406617961994545252e-01
-2.012738754878472258e-01
-4.113705213707063435e-01
-4.482480236347072267e-01
-2.402940559561881628e-01
-4.431381913320079913e-01
-3.847175938075225177e-01
-3.062375714773015178e-01
-5.624413229533411496e-01
-3.870246699753662756e-01
-3.255360914957133311e-01
-3.780232721645253036e-01
-2.449883449497601562e-01
-3.490493164601816134e-01
-2.900838994392769821e-01
-3.366877153332857309e-01
-3.762016714808472662e-01
-2.566624334554815090e-01
-1.948503195318369019e-01
-2.624954181754851970e-02
-5.272477732195899325e-01
-1.887430935141532207e-01
-3.268650061352537106e-01
-2.783191774174734179e-01
-2.286562311895899424e-01
-2.808794273703781319e-01
-3.686373201099392705e-01
-4.889981639549967340e-01
-4.303337822649293543e-01
-4.080433666436318885e-01
-3.971155972406751888e-01
-2.460027690171075199e-01
-3.335103626960601586e-01
-4.023840880392854369e-01
-3.061804915269722427e-01
-3.010136635197216415e-01
-2.637877894661515010e-01
-2.881903190009574289e-01
-2.249630515387320284e-01
-4.845987490329318192e-01
-1.752049347125855805e-01
-2.526968379943645426e-01
-3.473921109756275549e-01
-4.009681430214658837e-01
-3.384791376672002250e-01
-2.057565902495432641e-01
-5.077064966194884121e-01
-1.594081626707347932e-01
-1.857891221234568291e-01
-1.545791261672539024e-02
-3.265238049579403667e-01
-1.821315284336965101e-01
-2.739904370109878529e-01
-1.818191080295972206e-01
-3.341586132464421932e-01
-2.995116061264918028e-01
-2.270616725474257358e-01
-3.360665902342266920e-01
-3.625900242219973757e-01
-3.528647407720502116e-01
-1.416435715824155284e-01
-3.077672997609638972e-01
-2.317233695415322481e-01
-3.362494567788225641e-01
-2.931664088931723589e-01
-1.769774914112266784e-01
-2.597236628579164819e-01
-2.025537501104789639e-01
-2.560583135417066059e-01
-7.370693967194977270e-02
-2.542201147851974041e-01
-2.858828601702694261e-01
-1.321398301355697635e-01
-7.763350256934080373e-02
-4.034186726243236265e-01
-2.194874371930007062e-01
-3.884145356831923968e-01
-9.360186417665120051e-02
-1.807645436182226950e-01
-2.620048809540600487e-01
-1.983396896030795720e-01
-1.951790634918390277e-01
-1.599708961875599966e-01
-9.850500364035960632e-02
-2.751487247064614006e-01
-3.057814354766126841e-01
-2.406532973866881697e-01
-2.025152266163679771e-01
-2.065199718578852039e-01
-2.096411938157393962e-01
-2.716320960197542433e-01
-2.228384783161857785e-01
-1.901815294608255602e-01
-2.074649078115821943e-01
-1.834024343730626116e-01
-1.658480005707037297e-01
-2.257943257763637135e-01
-2.295244034295916002e-01
-1.249587617873908069e-01
-1.816803836330097288e-01
-2.870678449737020799e-01
-3.230323872873395730e-01
-2.511666505007427719e-01
-2.611170242532787622e-01
-1.179506361871173331e-01
-9.785106405661386786e-02
-3.209053257880121190e-01
-1.209804904395027914e-01
-1.652232768047977585e-01
-1.315429173364016380e-01
-9.662591183063942712e-02
-1.343603932636114329e-01
-1.152234256227724490e-01
-1.778582248121670928e-01
-2.746355422979560035e-01
-3.384217945851316633e-01
-2.044176234217885135e-01
-1.080685995334988159e-01
-2.371630770694053425e-01
-2.926404109781166052e-01
-2.500724389558317551e-01
-1.897324788816023844e-01
-2.358897898771663004e-01
-9.990772979376373597e-02
-1.382660759513466009e-01
-1.936107980247410987e-01
-1.928952026765775318e-01
-5.110956625618560956e-02
1.002507401229947859e-01
-1.556887091936354772e-01
-1.153955747340307397e-01
-1.643095287659395720e-01
-9.265315495251406908e-02
-2.872132966565271728e-01
-2.901580673576462446e-02
-3.119733541042744862e-02
-1.905522978863658234e-01
-1.793108916483097948e-01
-1.083575535422241221e-01
-5.888186723209552081e-02
-6.450063662751567839e-02
-2.632203074899899797e-02
-1.537760901066579089e-01
-1.586018692910308794e-02
3.505701381056038068e-02
-2.016799224879776975e-01
-5.200107765945032740e-02
-2.345838381639140519e-02
4.307333557632235521e-02
5.622744532259206507e-02
-9.834045314243651525e-02
-5.140243494264552793e-02
-9.925044495782407716e-02
-3.339050258071384752e-02
-7.967534370668025168e-02
-8.261701957279996011e-02
-1.939767980406041301e-02
-1.811384927214133023e-01
-1.094700126773774929e-01
-2.499424129730608291e-02
-2.351449158273348147e-02
-1.215492722378306439e-01
2.165076810132856439e-02
-1.574606637242216833e-01
-1.321131727186893728e-02
-4.383863483852694365e-02
-5.698908300439077187e-03
7.722554160256980826e-02
2.945076217437810409e-02
-7.689351743335080813e-02
3.808332836888401324e-02
1.031313464594636325e-01
2.863472600448534883e-02
-3.371896691234387705e-02
1.997577627898534589e-02
1.150846661054235193e-01
-1.462069866440634525e-01
1.026014946046590465e-01
3.110499295183380766e-02
-6.770917154295912066e-02
-5.835662053011554488e-03
-1.160129466539818466e-01
-3.773023261093567948e-02
-9.308466407576830581e-02
-9.677390427897585023e-02
4.464151455307278915e-02
-5.609266153796906712e-02
-9.227693729634528497e-02
6.114450221557203580e-04
1.222439112833917652e-01
4.627448816848963621e-03
1.671649149312615656e-01
1.072402168699742170e-01
-5.368604760273878486e-03
-3.245709179286439955e-02
7.278810603514714039e-02
-1.889453119094262890e-02
5.903441036770891610e-03
-1.067309199789906876e-01
-1.969094334610606636e-02
-1.571032346651319786e-02
-1.611618156794052126e-02
2.344779656912885923e-01
3.356945632347698577e-03
-8.723636483246127726e-02
3.470399971686640318e-03
3.076977716404549063e-02
2.793644684737727271e-02
9.849697022779588251e-02
9.182981071120206729e-03
1.509869846711182906e-01
-5.710685104161970088e-02
1.113476708598721554e-01
4.367394501368616205e-02
1.086102666232199310e-01
6.683341757961408502e-02
2.516227624764358350e-01
2.254127896312282664e-01
-1.926796438965549044e-02
1.109877626513105092e-01
8.149428978401716817e-02
-5.492573667700541284e-02
9.605545743958085469e-02
1.726852781499922107e-01
9.118234390750147578e-02
7.597230418491016102e-02
1.725998014101786937e-01
1.737875018365437618e-01
2.009630187931173428e-01
1.492227959412782690e-01
1.761557323276702891e-01
1.212829099753219564e-01
7.521298786869606845e-02
1.008359790133791789e-01
3.319501385745448046e-03
-4.747635494974856984e-02
1.440589862236497098e-01
5.190598094487234443e-02
1.551897540564081968e-01
2.412656687338863570e-01
9.841517305315547470e-02
1.865137792858435339e-01
3.226077166541534841e-02
3.140466613918771466e-02
9.498649216211663138e-02
1.424135939576081089e-01
2.376675741181538959e-01
1.647321321339700884e-01
5.378100552199858997e-02
-4.890511580755641657e-02
1.222697087339798538e-01
9.053388401273824992e-02
1.152954410850653977e-01
-2.454120920080504059e-02
1.935784813077947586e-01
1.231316584214246224e-01
1.217166946024097890e-01
1.474461364496993387e-01
1.939800413586578176e-01
1.767382832059538056e-01
8.849635719193822692e-02
1.786467028993247719e-01
2.522618895465537636e-01
1.297679406979320438e-01
2.439359637603608633e-01
1.639660213381962384e-01
2.331372521349757143e-01
1.611954508405248343e-01
1.213330824825234605e-01
2.213514277933707752e-01
1.374681920687053638e-01
2.366410446813504709e-01
8.274982328281013655e-02
1.894923272905353062e-01
1.914130323613443263e-01
2.678780737792560984e-01
3.009260088183596249e-01
4.529065943831188379e-02
1.507226797328101442e-01
2.661062680838326977e-01
3.108686912782697709e-01
3.476138259184009538e-01
5.548653802927143441e-02
1.951813775640827697e-01
1.562721626455288726e-01
2.001195554062796811e-01
3.195878879307364473e-01
2.820351640985964692e-01
2.176461104918679390e-01
1.047945919569329559e-01
3.462515762646175554e-01
9.110204027642775093e-02
2.753032885414223863e-01
9.827982410012008063e-02
2.108669518354912842e-01
8.452579848816235697e-02
1.924467253531437216e-01
1.944509646664011882e-01
3.003232998168304246e-01
1.869326959596462889e-01
1.126958031871084509e-01
8.371395109032295223e-02
3.170178349634662496e-01
1.773878866243568386e-01
2.782763041169342699e-01
2.426464580147109085e-01
2.440443691366250556e-01
2.942332083728810277e-01
3.721340671812167211e-01
2.938352978846959784e-01
2.663005176172141275e-01
2.721989672676759509e-01
2.312283235919281310e-01
2.763803883767111391e-01
1.937200818632913435e-01
2.807658403640967970e-01
3.737331183644847510e-01
2.307956224416835567e-01
1.238241247986647947e-01
3.727663759856174597e-01
2.123659354630213214e-01
1.769398886086704092e-01
1.644141381492629228e-01
3.526434949419988141e-01
4.656456757258007340e-01
2.681610762657299918e-01
1.074673321006604926e-01
2.944982761205065525e-01
3.357904179658945387e-01
2.235521951148725928e-01
2.299814551255931483e-01
2.524500282730343659e-01
4.473998358103332684e-01
3.155230587433573430e-01
3.250131100739058199e-01
1.535173322278092223e-01
4.052117092523174757e-01
3.230024437525874648e-01
2.831852807058854449e-01
3.086672248112552475e-01
1.685948717020989418e-01
3.009342921458110220e-01
2.557833919170899861e-01
3.034651934966917097e-01
2.526318404903130643e-01
2.072655112167114955e-01
4.849466445824536232e-01
3.347885695651231508e-01
2.271886213868096194e-01
3.865495092712302738e-01
2.672979548624788149e-01
2.746868383525821189e-01
2.531514782696677734e-01
2.493560390837510354e-01
2.184718690853917622e-01
3.968422593595417047e-01
3.594197950152007159e-01
5.017230205576697077e-01
4.394864318370463874e-01
4.117144886647222668e-01
3.323200395052702261e-01
3.789072736826057941e-01
4.422351290894422360e-01
3.146245081991570491e-01
3.465770001695601676e-01
3.942388035530037249e-01
3.740073232074023202e-01
4.345051545593345832e-01
3.416374358341683903e-01
3.201086998059075039e-01
1.311026142863239152e-01
3.772567196083198016e-01
3.984181243050725074e-01
4.453453348455490013e-01
2.931838378573585202e-01
4.748231516500184268e-01
3.828369802869625582e-01
3.885548368151138798e-01
3.554134040676201756e-01
3.981074793108060339e-01
3.388028396930094499e-01
3.359890902695924497e-01
2.521228150816384184e-01
5.679644598412018075e-01
3.067818173777206447e-01
4.627811149439904903e-01
3.355479237300979523e-01
3.390640568876756022e-01
3.805781481628540130e-01
4.800733225982060093e-01
2.952084872653382153e-01
5.235725801876504049e-01
4.003405934152713952e-01
3.524989229993306661e-01
3.875998157858446813e-01
5.059123546682109396e-01
3.887208443705617023e-01
3.578082652727145874e-01
5.044788660158173732e-01
5.097966881406799100e-01
4.452654378365766830e-01
3.101319321786506489e-01
4.743096097926770560e-01
4.487064119310142374e-01
3.563530980996637010e-01
3.456882711089218629e-01
4.044554195676434705e-01
4.485608830695508864e-01
3.949793552402189323e-01
3.397778278117110085e-01
3.074121416671362073e-01
5.584731293310445377e-01
5.209673700644951166e-01
4.656258571922726741e-01
5.314602312023940511e-01
4.425072066891580502e-01
4.301067004514880221e-01
4.636920420707384971e-01
4.920235111095857539e-01
5.128197303905086546e-01
5.676397495419283068e-01
3.501464940146777893e-01
5.153707294265759131e-01
4.522925805785284470e-01
5.554412592647268720e-01
4.708419569146491956e-01
3.888074380969199217e-01
4.011219703138509396e-01
4.724617594548519706e-01
4.400028305078431679e-01
3.963194296699205643e-01
4.561085895153583203e-01
5.738218096726628303e-01
5.689879092682286199e-01
6.148225259316355551e-01
6.143904712245813471e-01
4.794259772676259246e-01
4.619494412475904643e-01
4.959551162441850347e-01
5.489606951891181641e-01
5.335871763593034167e-01
4.477001729911157524e-01
5.557906611034508781e-01
5.612028557938739670e-01
5.596126895139413859e-01
5.768215917657404379e-01
6.555336013251843452e-01
6.532647521997421158e-01
6.675502772370432991e-01
4.839695109457713973e-01
5.211271446341109170e-01
5.505161828564597570e-01
6.164568835187284046e-01
5.679908726378899431e-01
5.174343435485811993e-01
4.275393284086970169e-01
5.455163429180150958e-01
6.023046505670321960e-01
5.193275004729210886e-01
4.851729798480856615e-01
5.775483693363153703e-01
3.911953699360489201e-01
5.488516458013692478e-01
6.137630462450054392e-01
5.110035374933640240e-01
5.933990011881664639e-01
4.908645514732388193e-01
4.452771758304129857e-01
7.041992733455431086e-01
5.282077461715026789e-01
5.135137324100493839e-01
5.489380239495720293e-01
7.919139734333777714e-01
4.283157037169716963e-01
6.677025688375712864e-01
6.214438563353487099e-01
5.427862915816353828e-01
6.044649775707890971e-01
5.732952626099960813e-01
4.940096081534721684e-01
5.375648113765536529e-01
6.143213175277151272e-01
6.146326916576344557e-01
6.560951567480245439e-01
6.540689167228872503e-01
6.651429354373520342e-01
5.007302686083024978e-01
5.142439326859231663e-01
5.624222074906107816e-01
6.964659064960252444e-01
5.208826941525721566e-01
7.911600440007038326e-01
5.948134962268037951e-01
5.715814781387337229e-01
6.770570228949177594e-01
7.046467187713655322e-01
7.247037028913971834e-01
6.469057536783585638e-01
5.499080621768732691e-01
8.021808586971698185e-01
5.567276175468653943e-01
5.650782652449568566e-01
6.496721183851278392e-01
5.622293804838714992e-01
4.541519830714544348e-01
5.646097278216576365e-01
6.096000249193836984e-01
6.292072379253680348e-01
7.181222669056039898e-01
5.643038076052336871e-01
5.116635783345766519e-01
6.982335377384830677e-01
6.529637100911461767e-01
6.461828482912032046e-01
7.444210377788386124e-01
7.177501157239205565e-01
7.147921198834121803e-01
6.990935747532698308e-01
6.685101588646615856e-01
6.532351080310863090e-01
6.729990566057271195e-01
6.608943167305988409e-01
7.379229967452699546e-01
7.129297282132538438e-01
7.379123841029263664e-01
7.572713277186248204e-01
6.170773366683397487e-01
7.556266895305900899e-01
7.379651620928803224e-01
6.640945405337712604e-01
7.003117567087628892e-01
7.250679260964418837e-01
7.855300942359747518e-01
7.641968802434885299e-01
9.198849866322863500e-01
5.205375252458911417e-01
6.478575197251549289e-01
7.328767957823926205e-01
7.260618593699220691e-01
7.134371725165020717e-01
6.900840638128585836e-01
5.192251075200298160e-01
7.114868532981730720e-01
8.168945613708951115e-01
8.062887752085047266e-01
6.994412190565083565e-01
7.159988818815803402e-01
7.581031199088853478e-01
6.532782429753449804e-01
6.939128238472083154e-01
7.410031203774102293e-01
7.357255141853222824e-01
6.097309792611715906e-01
7.358584404425274617e-01
7.060970324417243926e-01
7.084556280790271776e-01
8.646984197843200493e-01
7.441032896435598731e-01
6.609167680668720513e-01
7.956951616927416815e-01
8.548889755224845510e-01
8.498153557404866110e-01
6.849659953798656886e-01
8.567802698116622206e-01
8.440105088222629171e-01
7.612956825903085534e-01
7.023604206764639812e-01
6.295347097041937845e-01
7.730780814470245010e-01
7.154470480028781720e-01
7.704464028397168818e-01
7.943695482907708882e-01
7.658504672844230754e-01
6.763395786200320225e-01
8.586421859765948073e-01
7.843809153318074268e-01
9.272443604303195475e-01
8.240024038758617664e-01
7.334206090949205725e-01
7.370263207546997597e-01
7.930737577820085038e-01
8.134195202856255857e-01
7.609410183754815593e-01
8.851264188122922594e-01
7.849660434732721459e-01
8.150013475892156078e-01
8.870577747551232628e-01
9.165307246503666683e-01
8.112635789505546757e-01
7.429171406504844200e-01
8.713924404141601965e-01
9.071848376337280362e-01
8.394059869322866296e-01
9.506977831419018976e-01
7.980815492695018110e-01
1.095378510393430815e+00
1.003518681764600906e+00
8.251129804523466005e-01
9.898834843902356573e-01
7.877706055185748069e-01
7.371705273964818117e-01
9.020297545456144039e-01
8.655302112840983497e-01
8.528675921009081229e-01
9.044460501758562199e-01
8.041343329269821094e-01
9.320668681435057001e-01
8.870821566684130577e-01
7.675984875201340429e-01
8.697811421413094157e-01
8.723214653879458602e-01
9.361674451603420044e-01
8.385680419479606407e-01
8.217866227138249657e-01
9.487261555291088833e-01
8.931511128080740214e-01
8.724028065133858645e-01
8.895887993404953953e-01
9.433837918158689551e-01
9.239611413817147012e-01
9.250457448970933472e-01
8.933284447295880559e-01
9.158581920254955655e-01
9.034908857628897172e-01
9.880916847416385540e-01
1.105444810781243570e+00
9.507925750028464185e-01
9.633038237757639566e-01
9.017951109300306189e-01
1.010617236638631899e+00
8.327993597153769967e-01
8.185833999564283703e-01
8.067600527937384136e-01
1.057996719693466758e+00
8.440587483770054522e-01
9.275563444330208185e-01
8.663894602663496647e-01
7.576161491926065583e-01
8.607445639388607850e-01
8.019195949022328573e-01
9.227893830896863880e-01
8.943212370988462556e-01
1.093977906042858272e+00
1.042883070036074056e+00
1.003871229288538336e+00
1.104615043303090127e+00
9.592435358954833902e-01
1.038238260093861554e+00
8.651151702723088865e-01
8.527098340313045144e-01
8.657159087579365808e-01
8.823601093079046498e-01
9.827418497030349087e-01
1.064460178095466558e+00
1.073066271427792318e+00
9.270694814983831966e-01
9.601962126691055976e-01
1.019033344525828833e+00
9.083222060392701636e-01
9.855235335841215916e-01
8.396216794376830661e-01
7.637431918467362246e-01
9.682835874285760092e-01
8.051624622463553482e-01
9.379601657503466861e-01
1.071585582114522150e+00
8.790356232360125865e-01
1.045796478511776595e+00
9.458260214103673125e-01
1.046399886223199127e+00
1.039263521653499334e+00
9.869150275342237766e-01
1.084938288975830778e+00
1.026208907300693696e+00
9.568236915858795433e-01
1.095699418438588424e+00
9.774738438067943624e-01
9.843935281274914795e-01
1.009244647860217503e+00
8.800264567265976279e-01
1.093027916093104457e+00
1.072521264966760812e+00
1.015063528997486753e+00
