-1.016888382195255680e+00
-9.810498912938986349e-01
-1.166285988943712937e+00
-7.537679126717086175e-01
-8.269788373782646085e-01
-1.092862834968258090e+00
-1.102351571080248949e+00
-1.184205580423536297e+00
-1.093002610112209450e+00
-8.774646961414382940e-01
-9.826309888338736753e-01
-9.877108891246266786e-01
-8.693720666989162016e-01
-8.854852824708306924e-01
-1.122809633595257317e+00
-9.593633608299482196e-01
-9.889726139167400731e-01
-9.822251878542294090e-01
-1.102657891768861864e+00
-9.226409534275897828e-01
-8.933710355654975732e-01
-8.861577560248649066e-01
-1.063404235606949522e+00
-8.978302357944649703e-01
-1.084633000749315457e+00
-9.450268013098225284e-01
-8.958754215813917732e-01
-1.066919884575813660e+00
-9.357504619331850071e-01
-9.731169938963795119e-01
-1.022919264399021699e+00
-9.996608496366430341e-01
-8.086916174660587764e-01
-9.104597872299365902e-01
-8.555098083300011202e-01
-7.979143222133098234e-01
-8.118671332239297822e-01
-9.004474932759893857e-01
-7.988703908300722745e-01
-9.168156533907290129e-01
-9.104319355637049416e-01
-1.088202117070757646e+00
-9.378810253024116861e-01
-1.042087504049737490e+00
-9.527189884033219203e-01
-9.815344238370813379e-01
-1.031989348655209415e+00
-7.402834389196302212e-01
-8.796635610121505966e-01
-1.007731139343839954e+00
-1.005584165229868487e+00
-9.558956906445048585e-01
-7.891681682218163463e-01
-8.384890039195619371e-01
-9.492995186825207155e-01
-9.587764613670103353e-01
-9.622835204948242405e-01
-8.922125140576345759e-01
-8.685002025514352297e-01
-9.694870528897501227e-01
-7.934585955984780892e-01
-9.349839094968329656e-01
-8.846848017611831372e-01
-8.479369505680874886e-01
-8.759866208295838952e-01
-1.002331494776008247e+00
-7.404772787341439289e-01
-8.987047853867572433e-01
-9.672305463591157615e-01
-7.465367273021061845e-01
-8.560449657746042051e-01
-8.549669334989578040e-01
-7.272459353772671165e-01
-8.202018410033388163e-01
-7.427476894824538434e-01
-8.241750862525989429e-01
-9.240745463381547786e-01
-8.489380337055579817e-01
-8.510843568155845862e-01
-8.863719240958265466e-01
-9.332483759920024990e-01
-9.167880635650540455e-01
-8.358988337113631983e-01
-7.500919848261919931e-01
-8.156932323069930879e-01
-9.504341028881324593e-01
-8.347489569675815568e-01
-1.027324145715452719e+00
-8.703906297582847396e-01
-9.228192119294967855e-01
-9.236269784673802885e-01
-8.672977195378942517e-01
-8.051587225863168218e-01
-9.963259251139698902e-01
-7.254776648790665083e-01
-7.534054106039292931e-01
-9.274469871746076066e-01
-8.176586663476851369e-01
-7.111409552420459024e-01
-9.488266175807569258e-01
-8.194089648262256054e-01
-8.175383142441314810e-01
-8.261332765125499744e-01
-8.106631536770773083e-01
-8.696233877352693709e-01
-7.646283176214372368e-01
-7.422446342266482144e-01
-6.973483482215282470e-01
-8.809984165082134222e-01
-7.679746818235475558e-01
-7.793542617025378538e-01
-6.814458009917783166e-01
-7.026836847938958686e-01
-7.311678572161669498e-01
-7.901606230866089486e-01
-8.509951926188638049e-01
-7.795994910514699727e-01
-8.454694824294979316e-01
-8.357866239050889545e-01
-7.177116463722306161e-01
-7.252012265678177139e-01
-8.007033833694640057e-01
-6.937888871171568050e-01
-6.196382792913908144e-01
-6.708776198451796846e-01
-6.824724070713723556e-01
-7.293004495169963519e-01
-6.026700731597033345e-01
-6.709635349697080642e-01
-5.528833561068656755e-01
-7.295986629350541541e-01
-5.926368105193435820e-01
-6.633602158822236028e-01
-7.992519722041877550e-01
-6.668455687037166957e-01
-7.346284866201946429e-01
-7.167198574785220710e-01
-6.465682990329185698e-01
-7.082365537417315560e-01
-7.412085965494804585e-01
-6.563791538139343018e-01
-8.930081895864124819e-01
-7.761060036724660716e-01
-7.709545729461722008e-01
-6.873394250407873773e-01
-6.647662420027521391e-01
-6.456616614993249126e-01
-6.897622353784252924e-01
-7.690592173758209471e-01
-8.496130166940945028e-01
-7.168142421053824709e-01
-6.938249617632851196e-01
-6.409839018423585388e-01
-8.110406447352689341e-01
-6.731671485699703972e-01
-5.150519815817016234e-01
-6.931561868353949274e-01
-6.437125814148606517e-01
-5.303020938230815773e-01
-7.472450872631520857e-01
-6.270556944312929426e-01
-5.928142714607814723e-01
-5.223988779416864903e-01
-8.194027522060292057e-01
-6.912972383296777101e-01
-5.624987024699761307e-01
-6.748015548833951049e-01
-6.894172984255014791e-01
-6.812799571694544420e-01
-6.215807104983773757e-01
-5.400352723136574440e-01
-5.916428988605819672e-01
-7.770181207375050914e-01
-6.311317823411870531e-01
-6.883853445867982312e-01
-6.178988457598223460e-01
-5.173062449752250380e-01
-6.442902436045936376e-01
-6.993828632426096759e-01
-6.068287087799960622e-01
-6.274469858975127989e-01
-7.262613607521122283e-01
-6.421013727544273575e-01
-6.973829516653683447e-01
-4.360118339749127769e-01
-5.352221823026512837e-01
-5.694266502517207895e-01
-7.704113076313442443e-01
-7.442643619231847918e-01
-6.321436053792869325e-01
-6.284474482254218675e-01
-7.562460403982710355e-01
-5.437113214365686398e-01
-7.191891810485263603e-01
-5.753996543696050514e-01
-6.901644039586073420e-01
-6.082532921856640407e-01
-6.555753900381690036e-01
-7.246732188673665753e-01
-5.091075946038764455e-01
-6.446739851782555819e-01
-5.601308014482302422e-01
-5.353718723959675074e-01
-6.328637078060577181e-01
-5.463564979871331495e-01
-7.249923234032897845e-01
-6.589381774852176576e-01
-7.001153382486511312e-01
-6.007440297153114894e-01
-7.001584166494321249e-01
-6.292753932450383392e-01
-4.526235245612447722e-01
-6.975657181715001487e-01
-5.368684763647818547e-01
-6.552772492712929386e-01
-3.822833330448417999e-01
-6.757279892095358065e-01
-5.992691021484555236e-01
-5.220643456915216030e-01
-6.427432260940760811e-01
-5.909719029322236805e-01
-5.250913301996805727e-01
-6.116125344205762815e-01
-5.655219414439126568e-01
-4.886762609862811968e-01
-5.056407001289938696e-01
-5.495982109011087191e-01
-5.719449064166897134e-01
-4.376591522651721577e-01
-5.636966172809102504e-01
-6.627696535204790074e-01
-3.714578496480179792e-01
-4.398789889980859180e-01
-7.237148621594494680e-01
-5.927778288435339160e-01
-5.702752978836459485e-01
-6.017188993376459960e-01
-5.474211912569219018e-01
-4.910960141367440857e-01
-4.012324163731457727e-01
-3.914673723452400389e-01
-3.197749549041979389e-01
-5.253424647912854351e-01
-4.632624071632591156e-01
-4.411479569804690470e-01
-5.571269937986539356e-01
-4.967942188114504720e-01
-4.530262795330099457e-01
-4.111303712567914714e-01
-6.301961805884467305e-01
-3.661299957127469584e-01
-4.763523981099712645e-01
-4.871571676677777241e-01
-5.174949409698333946e-01
-5.162970170057510355e-01
-5.623292882219822486e-01
-6.256162505683531272e-01
-4.648119209599305690e-01
-3.232936341655003321e-01
-5.305503048711229797e-01
-3.826274362591223221e-01
-3.676375232489345057e-01
-6.348643939563194394e-01
-3.816684922324008467e-01
-4.349057504229313920e-01
-4.181111662252522398e-01
-4.887960649228157428e-01
-4.386605833101061558e-01
-4.196559263851464272e-01
-4.962715037541244323e-01
-3.642111964314255212e-01
-4.415939659880493973e-01
-3.014431189543683165e-01
-5.337738641560937358e-01
-4.098507773132752940e-01
-4.261097534061267234e-01
-3.334425617324513480e-01
-4.634302731623708427e-01
-4.213892245168607831e-01
-4.278307435149447668e-01
-3.821280397137832296e-01
-4.568728521732502434e-01
-4.975873936571511003e-01
-4.095765877240182817e-01
-4.064163823279937082e-01
-3.698351414692609418e-01
-2.744667916635900040e-01
-3.139304728374316400e-01
-3.241327232746192277e-01
-4.441901212319714909e-01
-3.483199595016946426e-01
-4.409793397754049882e-01
-3.207190358790684703e-01
-5.201871893827836324e-01
-4.159140008200460370e-01
-3.610649494894375144e-01
-4.191715895868153297e-01
-2.296657178594999626e-01
-2.982310668688017419e-01
-4.679934019609200413e-01
-5.169112159428038700e-01
-3.078493485551062059e-01
-4.724501480352458205e-01
-4.915512432224989903e-01
-3.479001926870016748e-01
-4.356902537299207623e-01
-3.050487337382182806e-01
-4.346260854220210801e-01
-5.623855187666650934e-01
-3.748660597048871224e-01
-3.920377578333698598e-01
-3.400599016136925945e-01
-2.914898367106767973e-01
-3.440480845808976951e-01
-3.717801441971885779e-01
-4.028864741767257396e-01
-5.112010510678833830e-01
-3.370436150153043875e-01
-2.178927489767070180e-01
-4.070947627543693437e-01
-4.544284344041538692e-01
-2.530544037696991211e-01
-4.315026193349786876e-01
-4.048082662772746754e-01
-3.389612664480272097e-01
-5.665022517330042806e-01
-3.717279885505681003e-01
-3.295580360346855864e-01
-3.894472230285746517e-01
-2.755593693639690200e-01
-3.435725842830609778e-01
-2.913485124362044099e-01
-3.342964418916105074e-01
-3.571338831933726365e-01
-2.495761303402062870e-01
-1.933294349237762999e-01
-4.867738769848191371e-02
-5.319730029258649129e-01
-1.822915657072451678e-01
-3.327377240338343367e-01
-2.879292753602900046e-01
-2.214796483279862782e-01
-3.045406170260004930e-01
-3.764211044120582828e-01
-4.734996523394717216e-01
-4.009489503313561354e-01
-4.167312324596957884e-01
-3.827526557994250234e-01
-2.568566253617602380e-01
-3.220239146860740531e-01
-3.843854325094120949e-01
-2.836646475082669205e-01
-3.082552857616649433e-01
-2.619746190597295743e-01
-2.770835641021247020e-01
-2.176661122786835434e-01
-5.032028432807191809e-01
-1.626311305329092294e-01
-2.442862463786235061e-01
-3.424292719621857550e-01
-3.983255907678519003e-01
-3.122435773581965224e-01
-1.891086758876661666e-01
-4.815974707840886548e-01
-1.516584164872237517e-01
-1.707712111942405186e-01
-1.451999510310837682e-02
-3.338670335410762746e-01
-1.879948655844372318e-01
-2.939050942360402208e-01
-2.030788606197191093e-01
-3.297594314399234783e-01
-3.173809200327600277e-01
-2.067522147336256499e-01
-3.141699721933872702e-01
-3.452679584160348591e-01
-3.536589059206385333e-01
-1.564002778947578554e-01
-3.273911918036251367e-01
-2.524934061517499773e-01
-3.353691509025091277e-01
-2.973446858427956085e-01
-1.591168959619720102e-01
-2.463599850051877149e-01
-1.713847572099876371e-01
-2.574538110477027075e-01
-7.597367367818558259e-02
-2.801531771759874778e-01
-2.933187836152897909e-01
-1.368177545573636966e-01
-9.168438295072246780e-02
-4.081556837991694442e-01
-2.231580598859941589e-01
-4.083694392416692964e-01
-9.259846604506909162e-02
-1.788949219847583427e-01
-2.757845558234781058e-01
-2.080591987089324690e-01
-1.677053803708362378e-01
-1.611627063786033043e-01
-1.074563671104488832e-01
-2.880642642142420273e-01
-3.271218179283335026e-01
-2.492048454911002242e-01
-1.683449855128138217e-01
-2.001818083889363720e-01
-2.154242463964733956e-01
-2.650017444451108761e-01
-2.086367169869707550e-01
-2.106145558943226248e-01
-2.056456281979344713e-01
-1.909879070069940565e-01
-1.792081906761995302e-01
-2.138248023263115971e-01
-2.177578795108916221e-01
-1.071673561287291299e-01
-1.841292750655018629e-01
-2.762420001019318949e-01
-3.315437683399941049e-01
-2.648976602449188977e-01
-2.484009726763524162e-01
-1.382082165504773530e-01
-7.269946668854219973e-02
-2.906643867521053748e-01
-1.125101833923197736e-01
-1.540380457284630522e-01
-1.064855841917335816e-01
-1.122428176964470753e-01
-1.354127726889416683e-01
-1.162820094291942413e-01
-1.711672302606978557e-01
-2.639533020514311379e-01
-3.661141236204658034e-01
-1.986862128168764008e-01
-1.185739735046360821e-01
-2.415085168212442734e-01
-2.830338868382473172e-01
-2.650433535849037181e-01
-1.872541073131708256e-01
-2.228733831637106089e-01
-1.128146549647411623e-01
-1.330322826649444901e-01
-2.019348209169694597e-01
-1.921895203991421386e-01
-3.435336704510569966e-02
9.997890214773225148e-02
-1.736128421310844938e-01
-1.347794056808673258e-01
-1.369050825123134529e-01
-9.367026406689110685e-02
-2.779434575202451851e-01
-1.498121640113753324e-02
-2.361349413097082670e-02
-2.022133963661294775e-01
-1.758882506520824118e-01
-1.588377900779999186e-01
-5.490567547342092847e-02
-5.363322876954572382e-02
-2.979478454973749028e-03
-1.623941999822483828e-01
-1.036875073510170426e-03
5.516029567456443711e-02
-2.061810958600034382e-01
-6.995131955476976970e-02
-5.244303884640927338e-02
4.997440256377515266e-02
5.383844560750590535e-02
-6.944897850638041825e-02
-5.884361206691683666e-02
-7.768877850831820697e-02
-1.337361312643299202e-02
-7.557487677128919834e-02
-9.944319022608441583e-02
-2.365934037708358403e-02
-1.822795831492783625e-01
-8.357535861384407516e-02
-9.112844662419999214e-03
-1.389678034738178053e-02
-1.300414172468994101e-01
2.491270249081459567e-02
-1.330856868543327798e-01
1.586912149342453119e-03
-3.917891688266639250e-02
-7.919404754913669450e-03
9.353320069931783665e-02
5.301397900809754621e-02
-7.425774730517488431e-02
3.548003988010366150e-02
9.407655653096065607e-02
2.317025691004251028e-02
-5.465045403258873141e-02
2.251328018103376447e-02
1.136428756064442464e-01
-1.561241872802580088e-01
1.183985648577194905e-01
1.306009536743434410e-02
-6.118165799552152673e-02
-1.399902539682666529e-02
-1.192914275672844471e-01
-2.552999366676945298e-02
-1.165442323643224448e-01
-8.165084808024580809e-02
4.834662951472998987e-02
-7.098918680150310967e-02
-5.994149528798466131e-02
-1.169422707624394146e-02
1.176464626688739773e-01
-5.356895277012676225e-03
1.728351346376603981e-01
1.055818628843485513e-01
-1.415394700637091774e-02
-2.625754250852731925e-02
7.743245203298960988e-02
-1.861251935035407659e-02
9.418744348278213288e-03
-1.009220470894359456e-01
-7.792760959933171284e-03
-6.061154404338152391e-03
-2.430021235338204050e-02
2.247787426870056504e-01
-3.178886296828533232e-03
-8.352950260969170537e-02
6.223359802513850000e-03
3.401587418171043986e-02
2.375211403993222198e-02
1.016414920565422153e-01
-7.406708854325654186e-03
1.787397955168930075e-01
-6.102216643348259278e-02
1.107288237846488221e-01
6.778810227618649320e-02
9.662672374161879185e-02
7.443445937622031328e-02
2.287569875665163843e-01
2.402238903532843695e-01
-3.178367948298761042e-02
1.035660948723722968e-01
7.557431650471711782e-02
-3.579658058899896911e-02
1.236199194064715040e-01
1.788183260402172459e-01
1.300135991109264699e-01
7.241125737554796049e-02
1.688679640897781387e-01
1.771159738600508460e-01
2.108788514788980384e-01
1.430009945274769156e-01
1.617588835511735434e-01
1.154499738954779114e-01
7.827371802090250796e-02
1.155461974649411722e-01
1.294606634461464671e-02
-6.085943297683533287e-02
1.487765026470938556e-01
8.558210802204657686e-02
1.610128680989793282e-01
2.388489705593591084e-01
9.810774623762029412e-02
1.954255911949237257e-01
3.300192707587817215e-02
3.623703570862343848e-02
8.403951921350279186e-02
1.432251110933454863e-01
2.534981345351886017e-01
1.487501488885175360e-01
4.113339931206486805e-02
-1.353390064115815583e-02
1.318840051629233956e-01
1.098003344264776027e-01
1.212655535485803182e-01
-4.091322221397468428e-02
2.183616323080644073e-01
9.779192206911285767e-02
1.285111237642182491e-01
1.324280381856637878e-01
1.891858956241588285e-01
1.742292254540529217e-01
8.552083257515248615e-02
1.697396375166563276e-01
2.368706079666211828e-01
1.268559297282004505e-01
2.469078473691656284e-01
1.571610614903012626e-01
2.168004994822609610e-01
1.396539049689522471e-01
1.175803471069919448e-01
2.431357601820456904e-01
1.386271489551738623e-01
2.547538884502540957e-01
9.066762426737039193e-02
1.691497246372357655e-01
1.704176012742880941e-01
2.739352647941996066e-01
3.120921985032796275e-01
4.212976620554962498e-02
1.666104935480860194e-01
2.608712046675817353e-01
3.098232280237818159e-01
3.307162058757923129e-01
5.469365300235847632e-02
2.020318833035248118e-01
1.649751931060297605e-01
2.071957853830663221e-01
3.212480928256826740e-01
2.739667052574041306e-01
2.178783103289320400e-01
1.030092881980592540e-01
3.228210317670218155e-01
6.221685600768066260e-02
2.881921294990852922e-01
1.165931244276433854e-01
2.127636178490218410e-01
6.837050578523060085e-02
1.711772789212710200e-01
1.953266443265519181e-01
2.827615001748034484e-01
1.879470531027480074e-01
1.093830832676755543e-01
7.193320904700988005e-02
2.968281826786417499e-01
1.403765784878179546e-01
2.609100300905795589e-01
2.602273509609006608e-01
2.543858222179538053e-01
2.814122177031310179e-01
3.770568445660083534e-01
2.889164438062412632e-01
2.723534107251206482e-01
2.732187149359451839e-01
2.368946070580072172e-01
2.317117736509704540e-01
1.828293535028619188e-01
2.916738348402529990e-01
3.525932393442846036e-01
2.167653904867809789e-01
1.361507057303348034e-01
4.044424944053705007e-01
2.040080253040017777e-01
1.602314948929864924e-01
1.759082393636705599e-01
3.639258976923859801e-01
4.750273375686824284e-01
2.669091255993241152e-01
1.093277402727318576e-01
3.030619446248326021e-01
3.331956653432283089e-01
2.108624510103596639e-01
2.322165452986366396e-01
2.294016373212997839e-01
4.729711314678021750e-01
3.191700353339623764e-01
3.118574606183113773e-01
1.600864346632048796e-01
4.008324000920832630e-01
3.472229782735249404e-01
2.889841849273158680e-01
3.200209986537819185e-01
1.760683353819007813e-01
3.234597696676202450e-01
2.421691226373728356e-01
3.187639811377476207e-01
2.502830272099600961e-01
2.090188364932742959e-01
4.886608851960064226e-01
3.298774540331817495e-01
2.025108861119057357e-01
3.600917995382857950e-01
2.756580497101130400e-01
2.843533271776897409e-01
2.394287499404755271e-01
2.566910157225699152e-01
2.233466252610573355e-01
3.833468734497328945e-01
3.848055223545540637e-01
4.818389084917772403e-01
4.759052690201794888e-01
4.233114500916776990e-01
3.250336526108226765e-01
3.804276826606773909e-01
4.300336276850864614e-01
3.158687073628265174e-01
3.404409364611873934e-01
3.835784252088255131e-01
3.614753629128536483e-01
4.454537910722197736e-01
3.503969983348635964e-01
3.125990184081750556e-01
1.348527733846330290e-01
3.932901258960778135e-01
3.988747758904974128e-01
4.290698186803728609e-01
2.953411004042958976e-01
4.971526340096441010e-01
3.733950297261485751e-01
3.778175646607516147e-01
3.597718935206288271e-01
3.832866264324559791e-01
3.614541712789944294e-01
3.294024359348703412e-01
2.442569916651441131e-01
5.540197999331301082e-01
3.151417828480319594e-01
4.808725138239751673e-01
3.557087839632060988e-01
3.321679173714023880e-01
3.558768420918764774e-01
4.884004877055096450e-01
2.878616486920541062e-01
5.293365968118277642e-01
4.123346326392525740e-01
3.331599854055173338e-01
3.759886384795604886e-01
4.704413758917801447e-01
3.746780072817487706e-01
3.572992256192061289e-01
5.221211611623495230e-01
5.109399179387240642e-01
4.357013916378923435e-01
3.195268902607809047e-01
4.753017641592878761e-01
4.448968981622588581e-01
3.449344765484760322e-01
3.341503195030791629e-01
4.108868066210999981e-01
4.556227171343211757e-01
4.047659983510445980e-01
3.386312556876872604e-01
2.803075272922823657e-01
5.577431956285010539e-01
5.243558524317545322e-01
4.631578213624207851e-01
5.361071507532343405e-01
4.598512610222452168e-01
4.364469348612927124e-01
4.664825348741484246e-01
4.798895307328591153e-01
5.125111661984587119e-01
5.807329665426731458e-01
3.473668996139977483e-01
5.203014015369847867e-01
4.787953158771326434e-01
5.830917239637766203e-01
4.500571707682116673e-01
4.094329823400378321e-01
3.885786209342410036e-01
4.852570712732963143e-01
4.001643780800290817e-01
4.089771248076148336e-01
4.433009516268102135e-01
5.534984423724852443e-01
5.542139700717479966e-01
6.093311577176037108e-01
6.241496928994253457e-01
4.979287059834722196e-01
4.895881122194982171e-01
4.826480463017734923e-01
5.149595734862589813e-01
5.234309299585693243e-01
4.442015177188726738e-01
5.674870901305659743e-01
5.456537643289719464e-01
5.481775202680909675e-01
5.878521528409802466e-01
6.406504810598638855e-01
6.534441668304156181e-01
6.546086044756070921e-01
5.096769361259465558e-01
5.192340554443034550e-01
5.430823718638043696e-01
6.106978769743581781e-01
5.499014938440078826e-01
5.187393248279292823e-01
4.402949304574653167e-01
5.363529768446171353e-01
6.012153610776903578e-01
5.560913071644002503e-01
4.658771522204725457e-01
5.715044862717449936e-01
4.086270208457818964e-01
5.472475686700111197e-01
6.103372348886210164e-01
5.110633166020931428e-01
5.747876017074324828e-01
4.978957896814512618e-01
4.478350566345550288e-01
7.272017810700783791e-01
5.458337945287015103e-01
5.157178241000391905e-01
5.508848586190648877e-01
7.760890515570358916e-01
4.262340756180376111e-01
6.641484017239801529e-01
6.312321778775391579e-01
5.591560828612704981e-01
6.144135616577471870e-01
5.801419535911380709e-01
4.970870204098613021e-01
5.420648450915207528e-01
6.094626211060822918e-01
6.436470319670891671e-01
6.472172861372448294e-01
6.711504093206305255e-01
6.759851973576552764e-01
5.054803637129458016e-01
4.951770685483922185e-01
5.758244589956627024e-01
7.100505404155660338e-01
5.173209674187968510e-01
7.878760269077883516e-01
6.372423596154662695e-01
5.678274553616267095e-01
6.455123716787850574e-01
7.127570573164072609e-01
7.296506249264264055e-01
6.396868118318347340e-01
5.379385076233267338e-01
7.898639357846162223e-01
5.403003005761695121e-01
5.719180313932034077e-01
6.557559975765953064e-01
5.757226846461427350e-01
4.651936932087898935e-01
5.587390747903034915e-01
6.090742991374000770e-01
6.538377651521929401e-01
7.340872310066081097e-01
5.398645505470403005e-01
5.108935863067414207e-01
6.964795455673626901e-01
6.818025799695880407e-01
6.507950698439640691e-01
7.335025966103007056e-01
7.163242842495756157e-01
7.188230845089146337e-01
7.399791823086498965e-01
6.553328581262394259e-01
6.654550224039320616e-01
6.685243879189315397e-01
6.553594620086747868e-01
7.263189551999967852e-01
7.280014547864765984e-01
7.439931115234128534e-01
7.646864372852069103e-01
6.038511559175613330e-01
7.451653477444297735e-01
7.322560147823444776e-01
6.548793039559306361e-01
6.876264523344053359e-01
7.140669825506508195e-01
7.621293185380842994e-01
7.408303921908028222e-01
9.163887498153281408e-01
5.255353097004539231e-01
6.384617198042350505e-01
7.289567562539257528e-01
7.158724545004042650e-01
7.258944641397095943e-01
7.104592834841620963e-01
5.338837267919619434e-01
7.044225744184912097e-01
7.881374355945384158e-01
7.752952534382238081e-01
7.268756624518032394e-01
6.913824973011993835e-01
7.681189491144845283e-01
6.402425991969995511e-01
7.174654993616295107e-01
7.505889818715218986e-01
7.006165504864891869e-01
6.184460949452325051e-01
7.353354246116620141e-01
6.760549038307034353e-01
7.052438466897430480e-01
8.735259840781618434e-01
7.578874942439485229e-01
6.489900346209781512e-01
7.955461410779012255e-01
8.764813941453584167e-01
8.347584422680072169e-01
6.685436457401463528e-01
8.698666273377578806e-01
8.279603945742356474e-01
7.694511998545944254e-01
6.938050417987592366e-01
6.381242103094184603e-01
7.502791822087215845e-01
7.154502964719857694e-01
7.560697351350664785e-01
7.884114023542757588e-01
7.638115967523407823e-01
6.497296845813919086e-01
8.411626344726890192e-01
7.859865024030880942e-01
9.072786854462727701e-01
8.125965139940005688e-01
7.178891145026935483e-01
7.368983282653261968e-01
7.856707448054494058e-01
7.779771856442476707e-01
7.169455318872332006e-01
8.941724236380562685e-01
7.710112326729805510e-01
7.760549599026573819e-01
8.857127551323273895e-01
9.114612303466171905e-01
8.545023526239047262e-01
7.597462474710808822e-01
8.711242589220283827e-01
9.259025361832178280e-01
8.476348591337580229e-01
9.637538509939488351e-01
7.957319956347393974e-01
1.081904026512229944e+00
9.861776409691658252e-01
8.172727442104430473e-01
9.577919828116272516e-01
7.985466524780407971e-01
7.372644122155782576e-01
9.185598812103159538e-01
8.752763002481858123e-01
8.515289227456663834e-01
9.007578645450761146e-01
7.985443813184021078e-01
9.339489599396223474e-01
8.841264506570907233e-01
7.467022105219879302e-01
8.821779636045333772e-01
8.705272227353089143e-01
9.269709516216296796e-01
8.530402640339427300e-01
8.117756182996630487e-01
9.423056722263952745e-01
8.891905130871954333e-01
9.089580371256662517e-01
8.861217174043219957e-01
9.271883752593731431e-01
9.228821596459818588e-01
9.326915019899244541e-01
8.907972770136609597e-01
8.912110540690973970e-01
9.099780853791924473e-01
1.023644399268415439e+00
1.075298608384775534e+00
9.672351734036001014e-01
9.906471387808498674e-01
8.678208356142478319e-01
1.011235795015048566e+00
8.339667323822074207e-01
7.972034944112860178e-01
7.966883796998587286e-01
1.053162562414173165e+00
8.433712470296178543e-01
9.216503207906101558e-01
8.563840936383837477e-01
7.849544977822363601e-01
8.813876996962985988e-01
7.941799826651807503e-01
9.105532889091227933e-01
8.816814521916116476e-01
1.079134717085150852e+00
1.034378328402355773e+00
1.024861299596447006e+00
1.094838194990499725e+00
9.593470032769293443e-01
1.028769474824697383e+00
8.600741887341458725e-01
8.600972319617172790e-01
8.685351090024652221e-01
8.733294923065860749e-01
9.719059818966655495e-01
1.053530057842925638e+00
1.051433631027554050e+00
9.332802582454056139e-01
9.208825741838280177e-01
1.002346532446537486e+00
9.159096273960491974e-01
9.782041489968074099e-01
8.452154734410051162e-01
7.764379768315480268e-01
9.618658372846717874e-01
8.007299678516228703e-01
9.623695833035806890e-01
1.078206365305892867e+00
9.021398362453864062e-01
1.063123958916713629e+00
9.297017950041973622e-01
1.051339243548710778e+00
1.039283607028251621e+00
9.639296753600327117e-01
1.099444766098637505e+00
1.020469225395017165e+00
9.684333534249470743e-01
1.097487122763362688e+00
9.766676892417087696e-01
9.903879415278293852e-01
9.977423892896327695e-01
8.602234190499790101e-01
1.103086123294610754e+00
1.079288998911840602e+00
1.026217496303303056e+00
