x
0.00967702649240732
0.00965055913231175
0.0102795102491262
0.0101886025933059
0.00965472146084178
0.0114206029643299
0.0105161235650721
0.00971222240194673
0.0104341623644835
0.00907274249655491
0.0107388617092162
0.0100041160750366
0.0101391795367409
0.00940689149473587
0.0114964698821103
0.0103170004673237
0.00975834562171769
0.0107990366113246
0.0100128051878349
0.0107500816158415
0.0112941034131892
0.0100029767296977
0.0098438537119975
0.010900736269559
0.00913341327159022
0.0101944921811791
0.0101589829174088
0.00987934479451143
0.0100337381129566
0.0111317811449355
0.0106655914610227
0.00965822764893154
0.00997663696754101
0.0101705992710211
0.0105958009564477
0.0100637531203687
0.00975714846417181
0.00981623299963499
0.00974255137730534
0.0110368603333801
0.0106009340978611
0.0101734385521135
0.0104488172342108
0.00968699980579721
0.00987040367064262
0.00900996172570194
0.0100610098587438
0.0101059433388383
0.00949038451874879
0.0109577708306801
0.0114638198153088
0.0105058965463423
0.0101640134270755
0.0106490757646321
0.00969825798060231
0.0105538078913523
0.0100460608685517
0.0101788369789026
0.0107371382030399
0.00979721244710501
0.0107940304274004
0.010254408315061
0.00955696025323178
0.00961828350985846
0.0106932170704345
0.0102383590973462
0.00989563882964075
0.0101549105321867
0.00987969749724969
0.0102868079699472
0.0102707350442846
0.0102980409221817
0.010504000669286
0.0108066386059398
0.0103805354321909
0.0101229532309115
0.0101522206363893
0.00979117947802353
0.00969765043941122
0.0103553476357338
0.0104336727411382
0.00980150588036588
0.00992921870360923
0.0102457519327789
0.0115976100654745
0.0102338612584733
0.0102147661407889
0.00976952359036479
0.0103848546609737
0.0107513372757497
0.01022632487195
0.0098056233174165
0.0106687760598927
0.0106385491163763
0.0104437340705377
0.0100490361091766
0.0101125380524937
0.0102782966375528
0.0103687400869093
0.0103913858439661
0.0109496225197505
0.0100544309111817
0.00995027596872418
0.00953538018789353
0.0100774007229519
0.010147531229164
0.00998491642717874
0.0107523580826566
0.0104541123353736
0.0100498686115502
0.0100084767343018
0.0102828929628659
0.0100437942287242
0.0108568393947452
0.00967002581706622
0.00972306441979722
0.0106654222198033
0.00950901718278684
0.0106339327114984
0.0106922826836263
0.010088667256001
0.0102615316919676
0.00983650045468452
0.010062809432799
0.0100554628760705
0.010538308287202
0.00907666441846229
0.0102685185338781
0.0100022445484649
0.010162517309611
0.010761167706154
0.0103843117605608
0.0104393382252217
0.00992033049231461
0.0100771513177519
0.00947362181252864
0.0109324342523984
0.0107042166860236
0.00945045520590396
0.0104602803796064
0.0108521163140597
0.0100296104086347
0.00965305095772012
0.0100900531968543
0.0109936223123705
0.0104980917173156
0.0100540752125147
0.0103454750703269
0.0108547965542296
0.0107513437659647
0.0100175404576654
0.0101567967501885
0.0106919398346607
0.0104327341575307
0.0113873296697463
0.00976147238485822
0.0106280891499023
0.0103084305360364
0.00959733311136509
0.0109186621353501
0.010388712898416
0.0104012808374612
0.0097616709442706
0.010797356719854
0.0108438440229032
0.0104213152643824
0.0107080311177205
0.0104569769764803
0.0102060721044243
0.0106870260786778
0.0103778869778651
0.010179053298136
0.0109164635392692
0.00972802831950808
0.0105327442176681
0.0103674465191275
0.0111945917445933
0.0102096922448403
0.0106371799886382
0.0106568621823836
0.0102455995796499
0.0103933149078957
0.0101283222532517
0.0103939738321769
0.0101154905408442
0.00992110715044114
0.010668545210029
0.010675997457422
0.0101485173273386
0.010045436554461
0.00999927748716372
0.0101375481840855
0.00972269037012171
0.010301474280107
0.0101429598459926
0.00867708714815646
0.00995071114269746
0.00989146263616588
0.010393395571002
0.0106432986504239
0.0107442645320908
0.00989551427689884
0.0102422411431504
0.0100629972158654
0.0103447948276448
0.0101054053380893
0.0114897371985597
0.01056007606181
0.0101743061850475
0.00985420910647868
0.0102286333303656
0.0099959095909163
0.00983519003804844
0.00982376002719111
0.0101800856845019
0.0101248130178701
0.0100294046648067
0.0100480717722749
0.0100652824679667
0.0101747939641504
0.0107364632863052
0.00979202886655008
0.00995401535842472
0.00991323319902758
0.010277564931381
0.0105708738156831
0.00979988392054049
0.0103252368893482
0.0109024529306009
0.0104246300789269
0.0102254101367153
0.0102629641477295
0.010192050006604
0.00984058814128964
0.0103830533742388
0.00952327373461681
0.00991824490444334
0.0103966196591501
0.00956267846537232
0.00987992001327841
0.0109691319298452
0.0106024461443379
0.0100625477095281
0.00989423326149877
0.0105565423471449
0.0105288613422793
0.0105236553952476
0.0112943482046412
0.0101223785829822
0.00965688776094147
0.010204494557199
0.0103104840366551
0.00977667887466297
0.00922866230787198
0.0101598585755018
0.0109503544328776
0.0100153306701126
0.00969198314298392
0.0101636852441497
0.010574466162855
0.0100342379756491
0.0101514245473173
0.00961233006134129
0.010404678430184
0.0102870602543135
0.0105782394223907
0.0107152019319563
0.0105802354255527
0.00969029061671653
0.010757843413963
0.0101292926576072
0.0107421515652914
0.00990791093004178
0.0111256682879057
0.0110884717358905
0.0102243864375204
0.0101560685121795
0.0100543692187629
0.00992522906452802
0.00976170823733869
0.0100344539695603
0.010323967460455
0.00985599642446025
0.0103199407378519
0.0106295820434706
0.0108367004755286
0.010557140928306
0.00956394760220891
0.00965542989142841
0.0105504065246159
0.010204096119913
0.0109895366193627
0.00994311704061296
0.0103446406636967
0.0108216172996153
0.0108740230613058
0.0112391262255112
0.0114947746953734
0.0110896480675828
0.00981158120350859
0.0100969372704224
0.0101455386236332
0.0106589943659646
0.0102832104487391
0.0099413892372669
0.0101918010460477
0.0101422208378929
0.0103455839454356
0.00936682753320886
0.00943319340189725
0.0101193485236309
0.0109114663428999
0.0110491009367671
0.0100758305456597
0.0102772421760551
0.0101505007206677
0.0105984801243616
0.0107662589298405
0.0110842436095515
0.0106828562118857
0.0106112115827942
0.00991098434676983
0.0102885423817983
0.00935231070310346
0.0103866741599683
0.0108540725126751
0.0104528796937743
0.0102909222268913
0.00979596529529722
0.0112348134428084
0.0103189120073895
0.0100247709641737
0.0102492306958853
0.0100644183721149
0.0104513193124327
0.0100347955981467
0.0102077350057867
0.0105797161707306
0.0106732194048443
0.0103922976046187
0.0100479018363647
0.00994195122808895
0.0102331179712269
0.010062057483215
0.0100081719670642
0.0104163407243472
0.00967595797247323
0.0100425323858445
0.0100826614607619
0.0110967509641447
0.0109366359431229
0.0100859132654189
0.0115483119577595
0.00987086500225954
0.00973933801058263
0.0102327006852106
0.0101346759221368
0.0100383229699816
0.0102320333718084
0.00989322138785984
0.0110618876706659
0.0103176476940115
0.0104154038876842
0.0103382587597962
0.0106639504723998
0.0105696868199327
0.00950474421048911
0.00959123496176929
0.00951184129892122
0.0100903049268973
0.00917077443544084
0.00989622278906376
0.0104954838048078
0.00994765531784607
0.0106143174775678
0.0106488459976638
0.00963764131710529
0.0111285902126438
0.0101165889891575
0.0103851581184991
0.011995291151668
0.00993558790990418
0.00977419680389799
0.0103459584619729
0.00996428912507894
0.0107688366101127
0.00993850188136548
0.0103337940525491
0.00937681613866513
0.0104893673126472
0.0108317950949375
0.0102588238100339
0.00940675008359939
0.0104744460548439
0.00979612422582198
0.0102035191351296
0.0104955487525823
0.00982517222566327
0.0102211888143019
0.00965742955786381
0.00922891986267934
0.010481467548743
0.0100236572366856
0.0106693996812864
0.0101425869916965
0.00972164662389184
0.0104803779639518
0.010437319737472
0.0108516288710012
0.00998276557468157
0.00970121810189321
0.0104494220993541
0.00939268718347007
0.0104534636190236
0.0100154034300478
0.0103446870334875
0.00996778930114118
0.0104440468116882
0.00965347805083055
0.0108807841488966
0.00959399339081483
0.0104110737812323
0.00996791197019083
0.010911401655993
0.0100175007935432
0.0104508825469082
0.0110790099464684
0.0105602104659554
0.0102198515575542
0.0100292178106369
0.00997923515798038
0.0102253244569277
0.0115254917768029
0.0101377355190279
0.0100148120459828
0.00982646321548365
0.0110242458508341
0.00963516268889864
0.00955581268324188
0.0103494895420656
0.0100961957840951
0.00998237888365433
0.0098793632874253
0.0103252144198161
0.0097406448048626
0.0101909281453032
0.0101483058279522
0.0106304169336215
0.00994662929767422
0.00961530492685382
0.0109003722714842
0.0098844138859097
0.0100706698873555
0.0101068419319332
0.0103243662413187
0.0112071561647754
0.0105244725489244
0.00953404900356244
0.00999916572904276
0.0103711278175378
0.0100409440878135
0.0102245670288889
0.010131634567976
0.0106377531994864
0.0101394967597443
0.00956428291807461
0.010030924855976
0.0097242040378115
0.01082278525049
0.0105329500648098
0.0107927005784948
0.0108830063449621
0.0107545754859287
0.0107493618013304
0.00957835843156156
0.00990109399369504
0.0105244954900856
0.010659317845798
0.0102483117548621
0.0102701989617638
0.00994027190920647
0.0105397913506388
0.0107067240789575
0.00985158199896289
0.0104708064645112
0.0107855093957492
0.0099046495047828
0.0105760362682538
0.0105934266997542
0.00989618709256614
0.00978687182900248
0.0106313322390723
0.00966372715851346
0.0108844850163742
0.00972001211615383
0.0104783505081616
0.0105149237316857
0.0101006222290152
0.0101264101253815
0.0102903388080256
0.0101479789438294
0.0113745763073928
0.00939506528144975
0.0103081761580327
0.0108062664549589
0.00995694236996373
0.0109220643694076
0.0102368979926449
0.0101573679522586
0.0107096682302303
0.00982850051599052
0.0100342616169177
0.0106822604697643
0.0100221972533298
0.0101212818700985
0.0100184316412602
0.0109919506273643
0.0107440317466885
0.0106770368245403
0.0100142687241348
0.0103027734845462
0.0100766101862732
0.0100621806940028
0.0098390830393373
0.0101393694305294
0.00976760986051788
0.00997452883213241
0.0106945319891144
0.00972499711451882
0.010027504780857
0.00973699098737023
0.0101645284610248
0.0101632449472553
0.0100648416545105
0.00988767891222975
0.0103164280303314
0.00987411155135611
0.0105009660970183
0.0101192231390521
0.00991762320184166
0.00980367962073542
0.0102226410626994
0.0096318166694388
0.009447062805491
0.00933271641313688
0.00941482445770647
0.0104896258484089
0.010026514550686
0.0104529936810936
0.0100932995241497
0.00977866043580717
0.0103770491501661
0.00913115270044437
0.00996910457590515
0.00951408522969438
0.0106866395205008
0.010480801540013
0.0100797119329876
0.00980587041339018
0.0105333181712387
0.0102823407144147
0.0107230710011803
0.0101363915132885
0.0103703779271782
0.0103656570293919
0.0100658368456348
0.0111325747670486
0.0102762425153185
0.0110570360217018
0.0101342003171522
0.0112242862760747
0.011221324094452
0.0106397419805273
0.0106418698080616
0.0104842730946666
0.0103986191361312
0.0100261032460452
0.0107343806017089
0.00985460089984823
0.0103826966541514
0.0107689986106212
0.0100520753922486
0.0103781897978507
0.00960602519871321
0.0100631277263284
0.00998546418959016
0.0103576252139027
0.0103645213483941
0.0110407472710439
0.0102173006035592
0.0105961623688282
0.0100009841948442
0.010558347405949
0.010496155622024
0.01032361441926
0.0105040261523518
0.0106687552512367
0.00977529114133482
0.0107517434486596
0.0100693916486604
0.00929213307985991
0.00981984902666006
0.00966076393157281
0.0104991722687301
0.0103173648918328
0.0100747700438137
0.0101707637942943
0.0112749036773611
0.0106077675122524
0.00991115786320079
0.00959417164777396
0.0102327950358139
0.00964901430041675
0.0101961935560648
0.00998842198581252
0.0098238129184847
0.00958246741887629
0.0101081371775046
0.0097445135815521
0.0104137866417921
0.0100709821493676
0.0103102387404822
0.00994109621861076
0.00949227720018487
0.0102721731017602
0.0108480941497322
0.0100002875650608
0.0102022836640698
0.00989494747072559
0.0108850164043874
0.0107114964795103
0.0102256852484796
0.0107688106809886
0.0105304305671471
0.0101615247171748
0.00986273609363288
0.0101894821861256
0.00959331822752865
0.00989409957755546
0.010792229899513
0.00941415028147777
0.0102073631642583
0.0104867032474595
0.00974549622306182
0.0108012366979657
0.0109621546793162
0.0101889019495754
0.0098997749129253
0.00965239698234095
0.00997298880301752
0.0102392830148628
0.0104351845278064
0.010868237135124
0.0105803352809834
0.00934635422160294
0.0110023699975419
0.0102043249865376
0.0106543144214078
0.00993708300906225
0.00980138522911801
0.0100934515335819
0.0106889983984708
0.00975394139719323
0.0101515749258733
0.00935933637186205
0.00922771528262749
0.010742251379072
0.00995017037656086
0.00946106101410027
0.0104240230183755
0.0105004302257878
0.0100669825327735
0.00970430992121218
0.0103932420259712
0.010062063968235
0.0104276923453826
0.0101329469938825
0.00984289721292651
0.0104695241868279
0.0107442399207403
0.0104732358655793
0.009562330565818
0.00998651610229274
0.00989737205486824
0.00997130779369808
0.00942820509678158
0.00940437539916872
0.0100865025460507
0.00992104746426232
0.0107218126776273
0.00978600808007544
0.0109641438537654
0.0105940364981296
0.0106969141062109
0.0107986392885995
0.0105394104462395
0.0105068071623495
0.0112965525216944
0.0104709816348269
0.00967700664666441
0.00981262931867273
0.0100696650206273
0.0102650703386631
0.0102693714291882
0.00961733726681248
0.0106352813410034
0.0109357079429535
0.0101195115617948
0.010138158704295
0.0105677659618038
0.0106616414554967
0.00977408766779675
0.0104085482108857
0.0104477613276043
0.00978286699075773
0.010417057215356
0.0107023492461889
0.00981041027987276
0.010564012554927
0.0104108859952546
0.01017716707567
0.0101592788001445
0.0104560576003578
0.0113287705754922
0.0102059053914284
0.00937530442451646
0.00990512021165835
0.0106557814096674
0.0109412130660467
0.00967868602320595
0.0104278626873582
0.0105022338033711
0.0102781910695692
0.0102015727242629
0.00954739635529224
0.010011031727916
0.010905965079955
0.0100250226939218
0.00995999317690634
0.00956591615642001
0.0103415578659178
0.0104219737026627
0.00996957521093348
0.00921330805199395
0.0100969736400467
0.00969247004441275
0.0110354584866805
0.0104170075494112
0.0103400327613277
0.0106406935795248
0.00973806011205445
0.0102582360561898
0.0100072919957828
0.0107969780375138
0.0110855091776282
0.0108937984376211
0.0102423391604013
0.0102581087287966
0.00990365972369387
0.0100656713265422
0.01099575502215
0.0104714792780973
0.00965727875262896
0.00979585207408102
0.00992542924688995
0.00994036188537472
0.0104524151327955
0.0101425144114604
0.00957932535390555
0.0103907249505626
0.0101355106876481
0.0103726335340064
0.00969233366507809
0.00948742532462223
0.00978968370968622
0.010240513248577
0.0103223260481279
0.0102262949545903
0.00985973267240859
0.00981428204230454
0.0106941494998236
0.0104941406469566
0.00957321257976447
0.0100236783722695
0.0104262325369943
0.010161194443533
0.0102371206867741
0.0105276787923418
0.00939676795640461
0.00918117856250957
0.0100229558612372
0.0111150502089062
0.010623443896317
0.0104010715454461
0.0105427628332418
0.00987951671688651
0.00965663319156653
0.0103584633157157
0.00960484073206029
0.00949803486973006
0.0104446617419716
0.0101967729346872
0.0103464507137947
0.0106539764876663
0.0104958353106744
0.0106475053152918
0.0104800712493003
0.010150791264376
0.0106060803631685
0.00943257349652898
0.0102053439446583
0.0107421029525834
0.0111866168479292
0.0106568606569719
0.0106610449798228
0.0105530996960174
0.0106229822935002
0.0106080843780547
0.010893419851568
0.0104811961315959
0.0105003488057697
0.00928632781776232
0.0104233811303241
0.0106527574669867
0.0104421343840295
0.0105787216720627
0.00990944020501424
0.00987537375536981
0.0102074691701246
0.00976363302194277
0.0114289672553705
0.0105635282038687
0.0103182942864708
0.0100061756263963
0.010137599297672
0.010886151731206
0.0101819494668602
0.00912195521077491
0.0103572985318765
0.00999262804740674
0.00961554084969522
0.010317878347593
0.0100101013268904
0.0101822113282189
0.0101252409996276
0.0104113441544024
0.010082178406621
0.0102235323256263
0.0100784168592811
0.010621479139261
0.0094465548260338
0.0105478409715031
0.01049361500142
0.0104044591861864
0.0103296079167741
0.0104047301456142
0.0106288793902617
0.0108529619855954
0.0104412706929154
0.0103695552662743
0.0101050897191967
0.0101304952615067
0.0104074564924732
0.00981063003083327
0.0100814871195132
0.0105809988011587
0.0104376102894172
0.0101751946902334
0.0108588706361778
0.0105373232388035
0.0104946383337623
0.010792555850623
0.00969316886739899
0.010009545625711
0.00991402489421152
0.0104009802261668
0.0103013165365061
0.0104181307285318
0.00976673370659736
0.0104103464057781
0.0104449355416178
0.0103038650208376
0.00895984044710866
0.0100892333170976
0.010826639883549
0.0102978001804629
0.0103244812894853
0.0102868575991288
0.0104421953044664
0.0106655431401079
0.0100727891417844
0.0102383074495894
0.0109075840923662
0.0114063384690912
0.010242542361851
0.010892398041052
0.010460281818888
0.0109397279291806
0.0105706424838941
0.0108026229679154
0.00991218806670523
0.0101592868635197
0.0102230923767234
0.0105280149539766
0.00998610519508216
0.0103746321510643
0.00977408805177295
0.0109403675395318
0.0100524312925041
0.0106308346381893
0.00976607880978019
0.010870400214108
0.0101627661943251
0.0109222808733245
0.0109750782164096
0.0106121426284258
0.0102237949403663
0.0108441052648931
0.00934946035572337
0.0102830596100604
0.0097014810604702
0.010411764095373
0.00977487273811826
0.00949486950445257
0.0105882697322978
0.0104692850224731
0.00998158531225168
0.00999206824061897
0.0106200824625224
0.00975360175057587
0.0101512731515826
0.0100167085636607
0.0104980634394369
0.00981052023262569
0.010639435634976
0.0107845935610165
0.00978200375740777
0.0103397845863199
0.0103455090092645
0.010602518973295
0.0099652530470753
0.0105456061787978
0.0116705953684364
0.0106435153383826
0.0104508783323289
0.0109201946598838
0.00996884701892406
0.0116199515140531
0.0104719408640817
0.010154999705891
0.00997609341127079
0.010190362996963
0.0110060963778443
0.0107484404917921
0.010909718596768
0.0107327259553975
0.00954871561199664
0.00998212154684647
0.0107150347891804
0.010218841264118
0.0104896924078672
0.0100315134048027
0.00917983705371844
0.0102715529641434
0.0102505064621156
0.010622421174823
0.00979762580419337
0.0101873322880199
0.00911512015450433
0.0104074793802382
0.0102884537755341
0.00999416990576798
0.0101995181039757
0.0104409999908021
0.0105152249598798
0.00949742210796915
0.00980853475103415
0.0101954207173042
0.00995074209255911
0.0107652959056143
0.0107532352479198
0.00988465587500815
0.00993956388623243
0.0108606927290931
0.0105184835883206
0.00994870055055831
0.0106915938728239
0.0102069757789503
0.00982694761020368
0.00984819431071937
0.00986640586562885
0.0104096910011764
0.00975282977544969
0.00932904771558522
0.00956196124738796
0.0100697135358811
0.0105217522552261
0.0094693169688925
0.0104827622097518
0.00979132576256317
