x
-0.954961580162035
-1.00777404976105
-1.07377521063697
-0.984692244544823
-0.963730224363842
-1.01861410985357
-1.00644833158398
-1.04030683427137
-1.00586715613654
-0.892283540220001
-0.998879393493379
-0.953159647317521
-0.953590134349272
-0.889633851821043
-1.02590037044705
-0.883200346425973
-0.97012126802461
-0.96772098868429
-0.965998657976351
-1.01046937816549
-0.915516966048484
-0.964540401809386
-1.02093434311116
-0.945175408577718
-0.947660487647116
-0.947282347891434
-0.956631477030474
-0.956066205327499
-0.947879731264833
-0.98681330884138
-0.991859002546729
-0.947808218174221
-0.907200514007381
-0.952404792018489
-0.931064020939997
-0.881222959762374
-0.884600369521834
-0.906640641094513
-0.837902773713851
-0.849911700409591
-0.952669895938538
-0.963161615484771
-0.858553996366502
-0.944212717304887
-0.860913692609709
-0.881634272443542
-1.02841144516058
-0.910080509155533
-0.899548497000874
-0.890170538786442
-0.905802169106301
-0.945831638420944
-0.855695983053798
-0.897351491628113
-0.941570248131266
-0.964918300027098
-0.978678370230392
-0.858324848488661
-0.875751177781833
-0.875500961363209
-0.903125824789584
-0.887692247573987
-0.92934149036862
-0.839409052179506
-0.918142923823176
-0.916121334753908
-0.832834273920128
-0.913463708712687
-0.85979975399331
-0.830848441091089
-0.866609703920484
-0.818899032877822
-0.822082021523636
-0.830737309254342
-0.805901999545344
-0.82298374831648
-0.915544344783894
-0.841932665487337
-0.845126697249062
-0.808007948045769
-0.795085257296641
-0.87680281439396
-0.79666251709692
-0.830662798700551
-0.879960122371516
-0.792688103925247
-0.803078761702655
-0.891619173174075
-0.811800352157045
-0.866827014340892
-0.800695699890958
-0.78871473234458
-0.812218371005857
-0.820846031235945
-0.769640297454489
-0.784362494466567
-0.850549291743959
-0.820223769888134
-0.854879636985258
-0.799034962686854
-0.870111674973256
-0.795104628618908
-0.848921981348802
-0.806940303673337
-0.802180591139056
-0.755317202374613
-0.790035907273076
-0.769199277213883
-0.784772064454788
-0.777376221661369
-0.838203007207567
-0.734154243129208
-0.765105053515205
-0.799385110388045
-0.749744173275028
-0.807485075868477
-0.780722273370554
-0.746380880912241
-0.779610063977594
-0.747743453600213
-0.734608588411841
-0.827847421662927
-0.758372352695287
-0.701432308389834
-0.721657313521031
-0.786220927066766
-0.730522743372889
-0.715822269502816
-0.744169858410298
-0.695474728133582
-0.740419558335962
-0.736332186991701
-0.706306930855688
-0.782715850423698
-0.740675499821469
-0.742769390213099
-0.770983260466523
-0.652823288103346
-0.693551272245665
-0.654624628818136
-0.743701084923377
-0.727017909282671
-0.722430575847345
-0.761924326342565
-0.70888757888592
-0.642516071547946
-0.656117271781753
-0.698122424042885
-0.689014401079054
-0.740574592116981
-0.705617077317652
-0.680803320481074
-0.691398025972412
-0.72172678403128
-0.713257715344356
-0.609632728581125
-0.631111016994862
-0.701891023738866
-0.629229291280518
-0.732675407820989
-0.633002504919556
-0.636123130242667
-0.636418109753317
-0.714320861877173
-0.681646701528901
-0.660089809681676
-0.660745295419386
-0.663369271474299
-0.66263892773788
-0.666621877799217
-0.651865246192644
-0.602194474665564
-0.740403799618211
-0.638785263009636
-0.665166584505679
-0.605594213741879
-0.60742999132501
-0.615786547823246
-0.708804875144208
-0.663474746086766
-0.658436417945432
-0.632769817054313
-0.641549351843518
-0.588955208351694
-0.591770494648854
-0.626676606296082
-0.589693495523981
-0.663392821769726
-0.656339206221777
-0.643053480702879
-0.647449065318767
-0.579272427200548
-0.596895895153458
-0.642579917749201
-0.607646528424624
-0.5982906795832
-0.66158010767042
-0.546547394798328
-0.607813980288492
-0.582372587551914
-0.60313565601507
-0.612431824035504
-0.628283369382657
-0.557947520928272
-0.540487114856447
-0.668190564139927
-0.583049490121663
-0.572425368957851
-0.611617412659686
-0.617495093014576
-0.646366972006509
-0.598544276467404
-0.608484432687866
-0.581246556158697
-0.645327306701839
-0.603146585663095
-0.592556994312383
-0.557374766247907
-0.557089004627823
-0.559732972244008
-0.599094099836013
-0.529012804205895
-0.557076364046055
-0.54238149390858
-0.530205269220718
-0.522193857283821
-0.625079405413316
-0.508112302609684
-0.525784647083941
-0.573275402022199
-0.565544630530998
-0.53112521536561
-0.53901488564722
-0.542052490635695
-0.574739155163407
-0.505319999938802
-0.471836007421275
-0.573228212166966
-0.502814468074267
-0.543812435795461
-0.47649039465395
-0.530235229920296
-0.479097710634414
-0.517305870597504
-0.52774281085031
-0.487151498239863
-0.482573654971681
-0.477921804069555
-0.431847530163405
-0.550571950837624
-0.494086183834436
-0.426887716422379
-0.456858105654437
-0.483563683893395
-0.488746024907797
-0.536528754961478
-0.515665968611502
-0.472770761232625
-0.490935874363727
-0.521548408548262
-0.418338716546142
-0.430122678699422
-0.524219844335271
-0.521160409407895
-0.469197663282303
-0.434179242070847
-0.547771641728782
-0.393593507610499
-0.460788311004416
-0.420963798295563
-0.491392373341864
-0.436878096063156
-0.381488807298044
-0.447668274394403
-0.410242798671303
-0.442798635754571
-0.469785495081309
-0.450089443301752
-0.418391989370018
-0.454809739752996
-0.389550033202644
-0.416887282355659
-0.433849686223806
-0.444600136569029
-0.408788554423826
-0.41715336753706
-0.421041649151433
-0.29864578230817
-0.462763381039857
-0.433582661410945
-0.439559592820763
-0.414464107155876
-0.42227372667689
-0.410186448570601
-0.382198320886421
-0.409677629570776
-0.369816117742523
-0.371971866166654
-0.426377920037205
-0.419209245224706
-0.38591842565658
-0.332973362399601
-0.441735662228389
-0.466207440091122
-0.452617771085077
-0.386166491915375
-0.411926540459641
-0.422075162617785
-0.436491287816757
-0.343668800989255
-0.415285382896853
-0.373221028223495
-0.388606231796024
-0.380280050129332
-0.310449102640633
-0.359606955704322
-0.365827182545975
-0.344139454862
-0.345599237490839
-0.372216332585349
-0.344106809655905
-0.337764585908781
-0.351871292955996
-0.3245532770041
-0.395088027921346
-0.464729888417445
-0.416640971958059
-0.338110324805249
-0.351047437506818
-0.335149310661286
-0.389714004862021
-0.349854773022849
-0.352022704103454
-0.380053658800051
-0.245964454893732
-0.345590730302211
-0.276798381400361
-0.395361807571784
-0.27197157688076
-0.295422040604837
-0.302552520643831
-0.340045059177062
-0.275768190089145
-0.363657619181746
-0.379514873701052
-0.291808265414935
-0.288276814305563
-0.37447078991475
-0.295524655517872
-0.337613844433138
-0.29212142659235
-0.341184122905609
-0.266282348447961
-0.257351343763206
-0.322841897157175
-0.228573495945974
-0.276810781108367
-0.266906980036238
-0.280215348424644
-0.312692133021469
-0.285164505868049
-0.231699061983368
-0.267937635853798
-0.34443494306148
-0.254331364966128
-0.283336474903039
-0.243356360544958
-0.314468034015646
-0.278043382060835
-0.294593182702465
-0.198054516036371
-0.274377774640182
-0.292422144878101
-0.168709137516844
-0.272048093571806
-0.208007574449414
-0.268874743883345
-0.222978957831329
-0.275384350418794
-0.295245157550598
-0.277224041656827
-0.281142651348841
-0.198164073802097
-0.280641510561742
-0.205389053186478
-0.24516091676609
-0.229677926535283
-0.214622502380818
-0.2014265392787
-0.227135971802184
-0.172509779243399
-0.248197506812681
-0.180890148121241
-0.247637614263833
-0.130924608795341
-0.163303730790257
-0.167332604492333
-0.188598226417861
-0.166637076186763
-0.200811741376664
-0.15908643039142
-0.206157724670797
-0.207812625220196
-0.226283509655745
-0.16281517839119
-0.264094715782184
-0.171036982845196
-0.162368876411871
-0.143139435867982
-0.119173078559763
-0.224977785245243
-0.180285280183178
-0.209873765895037
-0.19025368873808
-0.170744077127323
-0.213739464761978
-0.163914762747252
-0.155020158072858
-0.229941995333361
-0.247029252246117
-0.200202311868007
-0.135249723686872
-0.119904004707456
-0.171450956606083
-0.111406701306492
-0.162937029797489
-0.102460501284649
-0.180797338503791
-0.110894191705234
-0.122791349374645
-0.173835521333109
-0.120380409103379
-0.213537216313501
-0.147519516138034
-0.0558981701575711
-0.162330222396947
-0.137838673831575
-0.160393268741825
-0.116896920848529
-0.0808659851349899
-0.113773410869791
-0.119110832005322
-0.140646062528899
-0.177943735231097
-0.14806956058382
-0.134621296023472
-0.0736330400884584
-0.113382635545592
-0.101558022650779
-0.147888841050861
-0.0711734439425311
-0.044455508104917
-0.084892289831439
-0.12559925210265
-0.10161718460396
-0.135573467491082
-0.141053221537634
-0.0905980015471873
-0.0674771499810881
-0.108989810078105
-0.0823868336110604
-0.0754591433674817
-0.0623987670026264
-0.06415934390374
-0.107782841526237
-0.0195487947198046
-0.0720742517768006
-0.0737815497984992
-0.0813627406858517
-0.0138274857234812
-0.0626463532404804
-0.0729765973918876
-0.0870666477651054
-0.0757208570577661
-0.116142526987792
-0.07503335803939
-0.0696648574678697
-0.010707506409805
-0.00308719285848765
-0.0264275289120905
-0.0655257674275022
0.0219579111816473
-0.0924021429849731
-0.0170656096049209
-0.0735176334957259
0.0203365086877813
-0.017984765403017
-0.0297156881936321
-0.00279653815255559
0.0142938122790362
-0.00734674901110503
-0.0373484494026248
-0.0113233625483913
-0.0937154505104092
0.043103387626334
-0.0744484033270072
-0.00968454924270592
0.0126871735807526
-0.0571105233070586
-0.00892278484218385
-0.0555172483708623
0.0646176814491277
-0.00901657842877183
0.0138125464469213
0.0282955275864112
0.0145757763912719
0.00628574994659434
0.00923764720406109
0.0789549638179958
-0.00943096153891031
0.0683251326361328
0.00213192269158663
0.0323185601387608
0.0135920738856495
0.031502098910775
0.00870217870537977
0.051681237318509
0.00230775855144617
-0.00592907363742017
0.0393517680524975
-0.0286371691178009
-0.0375323926312579
0.0741959360505781
0.0482797326454465
0.0334742981042569
0.0577861548576096
0.0274250014843962
0.0644836954244546
0.069697229071573
0.105045821402224
0.0656127880355987
0.0911222982825663
0.0312866235768322
0.133445714318195
0.128073594590164
0.108151121050527
0.0708914835015708
0.0755316801157268
0.0652110485165999
0.0689754070669301
0.0697060910404441
0.111518851464974
0.0433605328377013
0.0890277188209104
0.0948783708359618
0.134338218061765
0.0974573533347625
0.112614959761097
0.0646430000825726
0.107870908458337
0.0749069572193654
0.107767555560537
0.144004336619631
0.0746624515184886
0.0836040786104045
0.115272838749534
0.115280034538136
0.156251740578592
0.132407373052049
0.0843803753274977
0.111219880067708
0.0864942746015235
0.157968483121717
0.157169525669886
0.146110395307628
0.172402711983646
0.107983549116337
0.103406954811267
0.133761023344241
0.172049465028806
0.104247385787437
0.152346960630896
0.141946257788368
0.104323126644895
0.114232768049981
0.136512508781378
0.149743408016726
0.133932266028206
0.206655194030925
0.180060617024712
0.14484068353801
0.203636014683864
0.123174159845038
0.148754582615055
0.13184511801174
0.126965387304616
0.153681883485696
0.191424040452588
0.168005730919614
0.131500570243088
0.199766028036004
0.193353575679872
0.178987835433271
0.231306526179175
0.110902497067957
0.166275585735956
0.215730381501243
0.232862809900539
0.213922515143177
0.161407386075477
0.181476728809254
0.168445261830994
0.179475225054225
0.238437279044529
0.255293627294093
0.206543057458141
0.139795802279475
0.215305014879308
0.172691588066936
0.239005776655466
0.181709047632795
0.215954535848032
0.173320679753738
0.214470562516421
0.231414303846901
0.238766049708756
0.203149099086361
0.259792798430513
0.214640718222529
0.244983398070329
0.172658220699027
0.21396692162917
0.277577353287665
0.222544227905936
0.252699741558665
0.289242426771894
0.286963018989023
0.316059079687494
0.294056961821185
0.198196475335546
0.285381979040242
0.252696298492528
0.283631971401119
0.301333663704401
0.310228672096422
0.217982044590453
0.266659307563062
0.201581233510112
0.227064553616466
0.253898793710375
0.345578032037084
0.274461903628564
0.350797165597879
0.251565408268565
0.278268102900325
0.355355659137574
0.213023144514154
0.312636103798104
0.315785625425764
0.294886119321233
0.241223676353895
0.29009845685781
0.245397688208217
0.330088929287132
0.33613821557648
0.31113153987235
0.286134194162457
0.306224869805706
0.348386179409971
0.313956729076389
0.310930708746914
0.337486729066284
0.365490554618238
0.421550995967734
0.33239479121503
0.299223939691213
0.329721936833757
0.352466601481906
0.331622659156681
0.320627252407834
0.346496384498952
0.294658025212562
0.330512594946112
0.364782354497881
0.386838814137364
0.395041485703171
0.358812995440248
0.369292759446143
0.354206254814199
0.355524580161366
0.391718125824772
0.308872787048474
0.36148552789298
0.328442121636144
0.377577719172893
0.435616919021137
0.375119748378987
0.357579179680864
0.342477797242836
0.429554752755527
0.4030472738504
0.289267181675411
0.400930666008812
0.398225422589723
0.404852638723658
0.37685455870868
0.374568226923634
0.41714053635126
0.400483369819667
0.318504889826809
0.415911705846033
0.368992342693716
0.372869480424147
0.367605009378558
0.341047466697227
0.370587958163307
0.4483527450888
0.414854206673883
0.425496110310942
0.421967244626667
0.39203785521111
0.454722817771464
0.410299210337828
0.455945383478475
0.411102102163163
0.469977750601875
0.43963101081589
0.443513667886308
0.427500732524363
0.441867471006766
0.4315925403872
0.389784874885824
0.425250716176035
0.431267987069831
0.485330245795188
0.39216478441041
0.437892243386695
0.385492617096617
0.50598354496047
0.508653885355382
0.440480067440031
0.463455992954986
0.457854331584533
0.399377373410122
0.421223867333823
0.494237990034775
0.51993273285432
0.441765185601855
0.390068077070922
0.531453029991252
0.523543127838956
0.558955065688806
0.495283673889453
0.47356606156914
0.475271440338256
0.450098556617278
0.458000943051236
0.442204162019596
0.550797574561094
0.542463893333308
0.551013064768524
0.557384061911186
0.564366307522941
0.487974046371775
0.55412574588834
0.515299706326688
0.515917158767743
0.536246566680417
0.505416968468609
0.494663472525778
0.594730829052841
0.571595737354216
0.571304627068455
0.519945135337706
0.514595110128517
0.565902288757661
0.506096923873065
0.526287679675668
0.469788469440802
0.545910916921511
0.529766488641354
0.614785733556034
0.508617273320864
0.570771536353444
0.599180715810021
0.542205687769249
0.54855351571155
0.52633503927547
0.55042947162044
0.585386685522753
0.552911822792473
0.610188127654592
0.584597861702759
0.569313101302827
0.567229066078897
0.588227866799306
0.56924926614139
0.561999270017524
0.569914485817752
0.656833574400148
0.573465730666484
0.537904368628814
0.570391934011877
0.554153730537792
0.576559484215312
0.537305162829115
0.561944616757453
0.564888381860632
0.622209612195859
0.683833448760091
0.590039445103143
0.606092856731725
0.636891662397869
0.568296350419012
0.559153403684135
0.657472847578423
0.611145039244641
0.561566179733306
0.613463746778901
0.659895222430117
0.603049987380304
0.594732207124098
0.590436743544212
0.620310129404771
0.555530319836498
0.621109891019785
0.688257709875931
0.597997809729669
0.650884960353257
0.675502232036608
0.567080556795854
0.620409896617111
0.661018142572991
0.659422489322187
0.605257562345951
0.681554718287291
0.597678891146589
0.627670910261706
0.642896878224103
0.659739838324582
0.631731420603264
0.697979800450595
0.650785997617788
0.699090631115097
0.643951439260514
0.696592642938897
0.580242195957199
0.741239088904957
0.659321951012316
0.634887820337113
0.687412428981428
0.710682807840012
0.730503143717977
0.692775418081107
0.666403229544092
0.751022799951518
0.60609927202145
0.704451482087639
0.695424974466152
0.712165454742911
0.736122423418081
0.787539352111027
0.642961747194909
0.714325564031266
0.772355384145118
0.66803095682375
0.691929327600113
0.777740964306048
0.629684396726661
0.723186401637569
0.770031521812467
0.727109160469525
0.690267091681318
0.636428953056082
0.717881355131317
0.671797242202865
0.738896376045675
0.720418878881612
0.751304751935354
0.716708248750937
0.756272679081122
0.755702441890426
0.750374669794143
0.772010699623614
0.782018201816476
0.702850523017119
0.757340504520104
0.716358108138901
0.777560168800208
0.703379930499891
0.777037618692645
0.772864312516667
0.787424071126675
0.737228298581328
0.718906380155646
0.748962962639587
0.780658501047448
0.761426090527562
0.793506596818902
0.780033703564463
0.67887244876896
0.821464655549441
0.758866343084296
0.803622304957003
0.813018492992996
0.783097769316183
0.75860027662753
0.839736757077027
0.75978781795735
0.843376637360495
0.817631522975778
0.778465337616303
0.788569155368058
0.808927473903157
0.803649386641438
0.843080930909801
0.74790180331626
0.828859739212894
0.8427225753098
0.821155320097355
0.909296496712657
0.770329194743803
0.895948505976401
0.822615110844756
0.85593520268889
0.812262586126259
0.741507734452929
0.767037137433868
0.852065445571638
0.853083418278646
0.80259857433444
0.887344655247989
0.836554076846914
0.857684918504479
0.830774103726892
0.853037739329799
0.831400457267406
0.872381922228074
0.849599404086053
0.882663892983708
0.847815608772357
0.894184588101918
0.845567696155901
0.800434818771597
0.86916555441829
0.902344973327505
0.912331866753344
0.912135665370442
0.892374463347869
0.8767030257618
0.90829872597352
0.92310739666307
0.930528160835597
0.86239591569131
0.910885009580435
0.879354318945169
0.938450386238518
0.853022762831492
0.856437465898039
0.909418851701545
0.995481375400059
0.904249496017887
0.946483877444845
0.881083143853653
0.874413807613689
0.826468441032823
0.895031990336864
0.955755379234997
0.862066673994106
1.00555652501741
0.930038582652338
0.943188381086181
0.923763004855306
0.95414293441198
0.957180952992454
0.879463696570661
0.902647982884523
0.93805949960451
0.904344512724255
0.978188805700027
0.93353882747422
0.967633551643492
0.947195178450346
0.886298218135368
0.963721801306667
0.87525488461966
0.937523132832564
0.890051370588221
0.935933135183564
0.940868122652301
0.899461314142183
0.971880136271396
0.984833289932129
0.919533467232192
1.02582421616078
0.989784705685638
0.937549753002511
0.982658504779538
0.970981322251515
1.03159511078164
0.990154622858283
1.02175229535555
1.03919055207371
1.00108841131906
0.914100510996123
0.991401378931556
0.972948977846948
1.05026033175191
0.99002057247683
1.01216660485981
